0.6365272404625024
0.3748197977083274
0.36729048063291075
0.966459995233221
0.32351220677815073
-0.7137498914227433
-0.9193164035828431
-0.25820064502807527
0.13508681115082807
0.26362866084751957
-0.8512896211553084
0.2209673116500604
-0.35195531885218895
0.7801677103781992
0.42164618953803734
-0.9021294322052651
0.7677853197488397
-0.4674664760614977
0.5711439167341162
0.1782979140083658
-0.6895614821095406
-0.30160911377961536
-0.41408912500353506
0.31219212306770555
0.43923874822445336
-0.2749579664071517
-0.22234638182721045
-0.45606331194490785
-0.6369391113441
-0.2914792330759415
-0.16501804392804484
-0.760123550591001
0.576810076417776
0.2887598485409641
0.7063772375500427
-0.11249392901428223
0.29235338621166324
-0.0955972872919819
-0.8111591515957032
-0.32482924198849994
0.5645779764579746
0.2555887985189497
0.5786860610431686
-0.16693725904608647
0.23624283791740425
-0.08488254842715658
-0.2123542163275001
-0.018303600167541637
0.08069342022411916
0.6643857052122291
-0.28762685334114974
-0.8858833059238542
-0.6674543976862567
0.867815378589806
0.9642633077016947
-0.15878293093556037
-0.74888659955899
0.6201708335800666
0.9300443145443038
0.24596864979074665
0.9403503101681293
0.5912640208822323
-0.11372584655634314
0.4714861041991634
-0.03642407812289306
-0.8457719524412803
-0.9907814787991943
-0.8844289293986979
0.5201569568574536
-0.46105617873205296
0.007435015501918749
0.804211209682637
-0.4579152564422495
-0.1576682843153308
-0.0613851852933357
0.8245334931982566
0.18225198016602304
-0.36141956626098226
-0.5505675351983017
-0.3321457189600011
-0.5200217661114784
-0.08326368615575828
0.18950688857938516
-0.15440206813835725
0.8271892782780161
0.20472001328721734
0.8252900740197895
0.1347847887656688
-0.7519260126209791
-0.8448228933675066
0.5325084784353187
0.9102382735388327
0.03754472565972156
-0.5866656705366129
-0.8854632404382924
0.5492365290830091
-0.2535500424915794
0.9015424894333706
-0.5965874070066228
0.3373382568160169
0.7706419565435216
0.17640725162397164
0.047981832653625774
0.5039756928066154
-0.4978165590674063
0.4487567624956586
-0.4425260022486705
-0.7292564553646597
-0.959055838551519
-0.3213735262710324
0.9455858286324436
0.3805028362334721
-0.8070648802292592
-0.8441832993437689
0.5969255599466186
-0.36081347466508207
0.42626038991885523
-0.5323091626424489
0.8981266040049866
-0.31045842637176657
0.39366810727236423
-0.24688442580545109
-0.6083950140176181
0.016079345318781964
0.7373560864839005
0.7835494802880572
-0.2988111561400084
0.47374485446372216
-0.8610083800632866
-0.5514212995682993
0.033119340026235566
-0.3291451260263511
-0.12211393724047598
-0.0011143882955429027
-0.4426295052084469
-0.2560214440558797
0.4983239705109075
0.7915540716537347
0.42855275029552864
-0.15872351851263933
-0.3762963655186319
-0.9639681356425579
-0.4971618249422867
-0.03047246270474343
0.8202142279643228
-0.9432082530178864
-0.22863070415234535
0.7406667156824629
-0.4725960895420707
0.9596413006112159
-0.45171042725170296
-0.2780202055557841
0.721954483495443
-0.7602356447722681
-0.4691313716788825
-0.6871158839995513
0.9489295732943915
-0.5044624250768105
0.322767772379692
-0.44094416974575557
0.06618743917232958
-0.4538540517889455
0.3356977322394317
-0.12583545275418492
0.9656874830763529
0.35603283319311274
-0.009439442587404413
-0.4641925871304246
0.3705609293232227
0.029138364343247073
-0.11226167190043275
-0.275209763531807
0.586613939903883
0.014337654610034072
0.7068870969275983
0.6231363993251038
0.43760496803056803
-0.24038174513191868
0.5214325689715033
-0.8108851351154935
-0.31688118782319563
-0.38704162043083035
-0.48152692139434855
-0.35508073964838255
-0.9251610076316544
-0.4646196311662521
-0.551596794710123
0.12793198916659446
0.8923634819102252
0.08750638814958621
0.8874371274902966
-0.8001126134914597
-0.2991626748026834
-0.28239512059003014
0.15129059875892525
-0.1387223089013362
-0.6174241483901168
-0.1842596302341037
0.2852350113769093
0.014886976582133747
-0.19572295763852357
-0.4774745509189144
0.08669207053330677
-0.8600209031960699
0.31174591699298637
-0.28845628676406
-0.05678166039375924
-0.5901208259305684
0.195782825583369
0.32274292742555655
0.9441027008335182
0.6619446761726491
0.9277798407467469
-0.7336926259921523
-0.6236599605688895
-0.7591620704986904
-0.5807386325369618
-0.9809791625764087
0.02842672134992902
-0.24551818893873345
-0.19212927395484888
-0.7715892616176826
-0.8510009232959017
-0.45061785477311056
0.4002483033939141
0.12901155772472445
0.6932566167921819
-0.5004548350338284
0.6567320071929427
0.31386084543351295
-0.14639591993984388
0.020199189631578865
0.5047438254772691
0.29240842500897896
-0.27031450101430216
0.863914796995377
-0.9551427532991614
0.493170635299517
-0.20121702834213437
0.29106285356209666
0.16211355103702665
0.9435258771185128
-0.8004529054563112
-0.47351562132758784
0.6550848563198793
0.2632249991042418
0.4037165340061694
0.47388338741443276
0.7569657261839113
0.3360001781909062
0.08077277246815269
0.29071678990282707
0.43728025543736576
0.0018876842119645559
0.33944371514285687
-0.08971270483226941
-0.2788348552360349
-0.2583427215249788
-0.09351571960255972
-0.7035728794470364
0.3782768632473431
-0.3292004118631949
-0.899943122354411
0.7861540561801353
0.7543618438487658
0.09176468911434307
-0.2573063569394404
0.8828605078501607
-0.6347497091820111
-0.8058827043929575
0.353081454844617
-0.2155829112351933
0.7119437652283375
-0.1221642492445267
0.8405527687728283
0.23416555980667902
-0.2622756352855142
-0.3186861368702328
-0.7822594712751809
-0.11462063303118443
0.09182848508863799
0.6108228106691895
0.2166508949884156
-0.24194830855388996
0.05377090357518145
-0.5423811951953361
0.1680771852392541
-0.6161913261060542
0.37096109392079935
0.5427235775257285
-0.22427701835778174
-0.3631410474961662
0.2951851727238099
-0.48198352331479777
-0.08418364092448734
-0.030810895800913483
-0.43575899674022095
0.7622501847922769
-0.030270370432159157
-0.36362427660663493
0.45303579759649426
-0.8893615580083027
0.3544339410829133
-0.31183285920894704
0.10852384342577337
0.9156275101035215
0.7027153153789629
-0.2468248117639957
-0.8956246520709183
-0.0959699984458167
0.6183787119339886
0.6813810392522468
0.5949550357702679
-0.5975498398693838
-0.5058136975062075
-0.9380687331629398
-0.6518410062964581
0.1474284966714191
-0.1925270898081373
0.06815732354574966
0.07400294626372138
0.3816785436635912
-0.7336065139504108
-0.9821119575773543
-0.7873415026606677
-0.22941070862902688
0.12145897469609906
0.8512744554743483
-0.967884568700572
-0.7151341196340528
-0.08570729945766556
-0.349290148179664
0.29173862742280554
0.10607577273694489
-0.10538383957528144
-0.648579878880064
-0.10900643641554932
0.5519788446713164
-0.6907319845058568
-0.18735220683407683
-0.17567411821944068
-0.30072660374355337
0.2546781639935389
-0.23093309647165364
0.08544609756071596
0.655575830982685
-0.5780858187613798
0.5145547228646805
0.21754727819384095
0.9170403857076811
0.3416909184808981
0.8936511165971194
-0.7826364502289838
0.9348052531393621
0.7276718466085168
-0.42906922735210673
0.47455287671021684
0.08132013849003294
0.6824291223932214
0.8392502047896444
-0.19809887072321578
-0.20974870831520676
-0.37393842819499207
0.6273073820559917
0.02813509234640225
-0.8647564308528131
-0.7432600952909069
0.3941363526649273
-0.0134540631473218
-0.589084166029364
0.6370052106599384
0.7791127348823441
0.051325858213130245
-0.09829099566325855
0.6486490526367946
-0.4437955832365104
-0.8600804960891547
0.22502870164996258
-0.964645989558514
0.9380448049718072
0.3640202765322638
0.13543821023600114
-0.7072817067470627
-0.2962870126523628
0.861403316123787
0.6714030955899085
0.04148833065107589
0.13203540078282164
-0.8132078648582399
-0.4454324629259884
0.9808575728366893
-0.8895659305319047
0.28310738077566705
0.17942665679382286
0.6451959168465534
0.41343088533826705
0.44614286011115156
-0.47424077305107
-0.7851794845912448
0.7213916841648809
-0.9508321620528164
0.36739116602306493
-0.8305124529392691
0.12516302615422673
0.07703293620909794
-0.8605435672475812
-0.8766821949671637
0.11596756078332329
-0.5517262544734053
0.30162504954680147
0.2517923441866324
-0.6529192770068387
0.6579341175954845
-0.5922698961578005
0.4702140510903613
0.7013963793410041
-0.6100917959659488
-0.1709081371327222
0.6912552783545712
0.080516607873935
-0.7564189547140793
-0.1511238938867752
-0.37793599325287264
-0.06079234707565619
0.593436377141378
0.7280146542167333
0.3896247973965898
0.6443806402135318
-0.26033570158151237
-0.5991992551340275
0.8557911686097913
0.877690072483929
-0.49449867951329085
0.5183470639259979
-0.8799462952276474
0.9524760038713349
-0.013910260150742437
-0.3798473205267952
0.7137068049653862
0.09773595280591371
-0.25803022138883197
0.429093332031226
0.781820508844222
-0.7816671914966261
-0.21950477105715335
-0.5512103808037724
-0.007709976583509519
-0.5904007022151201
-0.24604574031878915
-0.8662351872911775
-0.3244538996756821
0.4781490781563351
-0.30278341079231996
-0.279703734572139
-0.17243077729400488
-0.3809002495920063
-0.564504471638461
-0.32038747039713944
0.07342704891486455
0.2504358008102868
-0.48421601595855934
0.9155513078224817
-0.5474244196052952
-0.7838489799905324
-0.7748037248542462
0.42824521391229214
0.41256427101553705
-0.08840314617757641
-0.01572193648656994
-0.8102831244298433
-0.8844914293275848
0.14205604944200742
-0.41135138128376597
-0.5882489351281307
-0.7122114800220816
0.4805097256904179
-0.6609605646303943
-0.8953271799789007
0.542212228662592
-0.10848384267563028
-0.6795137082777426
0.8787754287229449
-0.3526799000901282
0.4531582823889165
0.5165653377782919
0.8683553600545906
-0.3006027769108353
-0.01063975299556838
0.6965820154229155
0.291662866788602
0.04405692533112386
-0.5590483008523434
-0.5327227522009429
0.7670352166110396
0.7006590827435539
-0.2674238162435602
-0.9169538609897694
-0.07110592241408335
0.46199515490595233
0.0465934051401316
0.05028185732762584
0.2763304862743227
0.7890376567806929
0.7026763763521644
-0.33933664003629466
0.7980684348329757
-0.18457445306788678
-0.586594666035591
0.8169034928705831
0.13941096827590282
-0.124254854016334
0.22266243390412127
0.5159790026451088
-0.5087644081775198
0.93192990690145
0.021389722896126354
-0.5833669101253333
0.6964036803588475
-0.8451924045381396
0.7938508449802415
-0.8827507214776636
-0.3130898509118618
-0.3021808853986407
-0.7224403542502424
-0.6135784162304448
-0.9991201654363302
-0.06649172220595162
0.025447141358012085
-0.5115186580280847
0.7707102761917971
0.3417913926778474
-1
0.8975142053435963
0.932849979540511
0.18126614604716207
-0.18382598698634944
0.35236963395872956
-0.22710394463940164
0.3771886023177365
-0.21597189052431415
0.8072594845327111
0.0251420416742443
0.549266482148047
-0.1017525055385426
-0.589230730038014
-0.8707221087064948
-0.6951002211973101
0.5647057475245155
0.5288929736330934
-0.402278328710781
0.5732666946783653
0.495419796082167
-0.3672625113418355
0.0015498680091272825
-0.18331169398420583
0.7489165811271727
0.8867002234482237
-0.3720008245327233
-0.29021966799054366
0.43014278611636797
-0.24685490098679033
0.9859492237644634
-0.22216046358543523
-0.4424051541399345
0.7165881484929707
-0.8500525104754192
-0.3553444642804302
-0.8606167729227998
-0.6547387617269637
0.4846620337312294
-0.28594442471055376
0.565737220139583
-0.07272176862210461
-0.5607742657588456
-0.5264053417640073
0.3144426675875741
0.4213393039842762
-0.37474447252227944
0.3362211381562462
-0.5033369706155297
0.8164390653126804
-0.22704691508575905
-0.03477636255969442
0.6946579446865403
0.550314658863341
-0.5878642606417761
0.842826042917429
-0.2903137955290168
0.4251637825825287
0.6063768936258587
-0.9280322182166185
-0.09887358065084481
-0.24378387762776235
-0.13630691745628087
0.5412952730711239
0.4056831327236786
-0.5145540980394934
0.6876096306601309
-0.14689879946796808
0.45616556270933556
0.6451526591894686
-0.4904953388911914
-0.7405219889632727
0.17169444907045403
0.10829985382877129
0.3486920010379705
-0.5551535196259092
0.519600139518679
0.37944015141548565
0.6971613520822235
-0.3631064778828182
0.6276813237130027
-0.570099425781634
-0.6809770981379213
0.86082151746023
-0.9430196665132246
-0.6852311482732076
-0.1463378551442433
0.25048847701252813
-0.3048011597692544
0.27062724350649314
0.2083157324085904
-0.4419629746847176
0.9832445743454609
-0.6275920024298403
-0.1261486773197915
-0.3190915812558848
0.7470020304620214
-0.21844485557499718
0.9722169447929946
0.5416869783211995
0.17375166838692457
0.8649985624860523
0.1683586680901297
-0.6414609164474531
0.2959818308437479
-0.6243531124406023
0.7327368216833521
-0.014557151118300991
0.9304488826908129
0.7409741128259137
0.19180023896569942
0.989453989500254
-0.25959513041401805
0.3023753243455173
0.6281093402228715
0.9902806029744328
-0.6421656945544716
0.21092096284310394
-0.07294627878974214
0.37378418941750147
-0.3439391773494817
-0.29027328200982694
-0.9789836840914884
-0.16684111041387245
0.9654623953523379
-0.8064504852732349
0.5377825909739888
-0.37955345484299136
-0.9552287479119458
0.4163491125695386
0.7576596549121027
-0.7895334776613286
0.033429672940414504
0.9687081515583624
0.2909358392331882
-0.9749642389518011
-0.7071067766997854
0.961291094279803
-0.9451618329584651
-0.713278213129585
-0.22108652579012983
0.6311794295804242
0.438913304559661
-0.813854849479989
-0.5654056392195679
0.05693474391307645
0.5881522972691182
0.4163823360672576
-0.1649878503989759
0.5064804745615646
0.05606660643656936
0.49625978103473356
-0.8056348788277377
0.39380631638726354
-0.4026734412208658
0.5753916409942988
-0.313390841285158
-0.22216530239093696
-0.31284341862379567
0.21741183656479235
0.9750500662008812
0.703047692033536
-0.0037262924697073325
0.7564710163123826
0.39072042043961314
-0.7244066713965454
-0.5100218107256023
-0.9723506181169146
0.17276616625324612
-0.03590526053758444
-0.35470113026317457
-0.7927131850978187
-0.46846646241523743
0.6663799557799583
0.8474357270125118
0.3898151045716851
0.758390521615697
-0.5923097430390855
0.6995432848827782
-0.8504238184002325
0.9181184781291761
0.4941654228345326
0.6687245792344507
-0.5477767739439469
-0.32642302721740457
0.5799755581628165
0.4340715574009295
0.040006336434617505
-0.3458186187089224
-0.7111039668773601
-0.5666962316047522
-0.165740823281302
-0.08922725916329442
0.6915130663748923
-0.29762828974421207
-0.8166559434061543
-0.2969236821489298
0.1365912456493691
0.6031138501262165
-0.023215260612836287
-0.33546586948811397
0.3726009590579029
0.6387723152802026
-0.3300811574548445
0.4015203923931029
0.8891077776742355
0.5949239381151439
0.8516638671424581
-0.2632573641319355
-0.6112519059994522
-0.9091218044391218
0.8941945843315696
0.47596609358321296
0.06804926548738159
-0.09155488189267964
0.7144617077023252
0.21580444863701173
0.09851318623867071
-0.5063328213945163
-0.09907670325932585
-0.5219123289564838
0.5623832935833302
-0.7521041433788143
0.817289291468849
0.46634045547856234
-0.9666472705300191
0.00986878986231728
0.9695971042524875
-0.4597717712957597
-0.6536759889582697
-0.43530477189212213
0.729839507986583
0.1177618512651873
-0.9720198305474242
-0.24743105686902073
-0.2773347694309852
0.6995730639005141
-0.9893850853412918
-0.9265679014700536
-0.09299767600016322
-0.3505678417205121
0.0004798367158401406
0.18755710841752016
-0.6911141486535199
-0.36219448698234447
0.4589414101793837
-0.21029477337886576
0.8902056306999563
0.8386620452401807
-0.8412460964006669
-0.5930158551892691
0.7354112053680472
-0.3216805840388234
0.9105342048982643
0.36684512774359596
0.6203216021910841
-0.9639972801090442
-0.6533063546563213
-0.7019914011798735
0.9684529710697549
-0.9903760116664396
0.5104919421043259
0.26147704868462623
-0.7236317996750619
0.7765842924955814
0.6336154373313946
-0.2840474190139239
-0.29560026704174425
-0.9221570089590961
0.4697928318934698
-0.22144014083009864
0.7734700616029448
-0.41441095890806134
-0.7717991277499161
-0.1639553304092412
0.024004909960184957
0.011476410649038508
-0.859606975730122
0.8941964144813218
-0.14798615729487577
-0.2086297184734005
-0.14992827345430124
0.4843681900536223
0.7706846139532599
0.5107833442971021
0.9589013073192012
0.21124471214826426
-0.8438148494381883
0.6496221953117649
-0.6354581413312018
0.4995757796192559
-0.8626833305123095
0.3914824349495668
-0.02962467278538047
-0.682165070688376
-0.2103100048221821
0.5257398358736914
-0.35542729549403523
-0.824908342328331
-0.05011968941875103
-0.3073951288416566
0.921744325150083
-0.24632585193858444
-0.36660222967333483
0.17847602327899525
0.5135386380695786
0.9771486974030108
-0.14219863019033033
-0.29407943711457674
-0.12674249153512432
-0.9368008795970251
0.4147420157250615
0.21770389629862197
-0.891753476676241
0.9606673672645539
-0.27684172668754403
-0.6110490532635887
-0.33880037997717777
0.0994730340255761
0.7931495331910098
0.8696588275245707
0.1950784490216592
-0.28824792301546986
0.5280113366074992
0.7353287973227709
0.9788017914875403
-0.21262573080352554
0.7215931225181407
-0.8068175569764856
0.7533469328330304
0.9528502162038925
0.8315242413892925
0.9053446779666301
-0.7604771827953426
-0.1593152528998759
0.032159453677721744
0.3924519192230976
0.4373015767113401
-0.4149316070088941
0.8643997864396263
-0.363009748974044
0.4351773908711565
0.3470694757578464
0.4322707042781404
0.12228969198985436
-0.7713781139685671
-0.9190153902578178
-0.15665783734371885
-0.2128766679127149
0.6885611019241717
0.016363344117199877
-0.08678160058807549
0.5151586826881018
-0.07370012450909083
0.623438751940796
0.4134990263471689
-0.004627424981099115
-0.6048943890927311
-0.40359508838034425
-0.4810742124189668
0.2472111245754054
0.010825840431421539
-0.29319894648738276
0.07538057105863022
-0.575294867166725
-0.47361322645906173
0.6524586483375215
0.15530528102463403
0.9023011634269319
0.6708949750673122
0.7039239436202545
-0.2854937800459632
0.02105643440442472
-0.7868957286674124
0.19518882264235954
0.7988807385658976
-0.09125094996314956
-0.10768694684682208
0.8900238676863353
-0.774267316080996
0.9592048010934838
-0.07068963463913235
0.0694663326893719
-0.40991961248668646
0.31718506146498504
0.3427433829147005
0.10091172960326526
0.1550620717322719
0.7506324273245799
-0.6768393972050706
0.8189868303337602
-0.22345888121446525
0.7503687572648002
0.5466113005002396
-0.39139855115011113
0.8046869051188155
-0.4834462754873821
-0.9291302910240203
-0.008934200236923213
0.634089423860402
-0.9088988198680517
-0.64057308018672
0.0566532085444848
-0.8190328742187106
0.1829745298666531
-0.03981606250257005
-0.9186571218078659
-0.515609356827375
-0.6519304783089497
0.5670697562683291
-0.2840540808079211
-0.8768995550027325
0.2920275491639335
0.4612064394302261
-0.16943041004180232
0.7166802828629465
-0.06407308376212272
0.798968314040633
-0.5658943808633233
0.3695386229484413
0.794393151772988
-0.2740270054245924
-0.9833805297717442
-0.17220914143274496
-0.6355641729873944
0.7635094325301658
0.8514144050216987
-0.7047509970750946
0.6044521131985511
-0.11444308099027656
0.9749591721252503
-0.09015862960553223
-0.38522486567612035
-1
-0.5142588547243988
0.27540551503640415
0.015640073449732988
0.648075548972616
0.6966738681186739
-0.07459633922658042
0.30058451467911945
-0.39812590030826084
0.06486900508971664
0.006447064651725668
-0.7632547878815563
-0.4007969166760737
0.8983438161918986
-0.8095035516879282
0.8785039230531084
0.27465645411243395
0.3870349373416833
-0.6344977142131782
-0.13796531857452737
0.2619010794500056
-0.7270576218126988
0.5413969043703581
0.5477391026560579
0.9413903654517387
0.024022926691776796
-0.286168540027614
0.6904248723851963
0.3375978535133119
-0.9190055785029184
0.45777501275135973
-0.6244941299208179
-0.2889383754115153
-0.7121196309525205
-0.7698678180776137
-0.9295425922419207
0.9632871222963064
-0.6243610174387545
-0.8292756434499992
-0.46439143682944106
-0.21320995748698324
0.5409046290171197
0.32662365737010407
-0.6223191952396858
-0.26949207224404553
0.7323165861528786
0.9722369679385067
0.6717032269881785
-0.05357514476961004
-0.8713961696958737
0.36155241463119125
-0.3553275459991787
-0.6090231068000644
-0.033130279965198725
-0.5852688490411794
-0.20496474207645193
-0.7419785368377904
0.4650837994202151
0.3798347018850457
-0.04538194211463893
0.7744011228373804
-0.9823869819553477
0.4997908349132011
-0.50651156534069
0.3190645218816492
0.5361508992047505
0.19457739399040283
-0.34666440148539296
0.28399634199419765
-0.10097030845021161
-0.8867888932431403
-0.5013816950646133
1
-0.14220647347032178
-1
-0.6423693850219355
-1
-0.20003460154711347
-0.2907547844082994
-0.8446089717195107
0.5477508551913393
-0.86380370492565
0.44994569922258265
-0.3504864008514472
-0.7228058361796286
0.8819832768604018
-0.36540444925444815
-0.20005004032142032
0.512413010536276
-0.84071273978715
0.4651901113819433
0.2837110470186663
0.02189681766682287
0.3924249543000751
-0.07768831934636582
0.5464878942043142
-0.9761811911573184
0.4436665570809259
0.025323213684962112
0.11976930674103366
-0.10982491756612807
-0.13935333626756868
-1
-0.9245529876722445
0.0482986307610719
0.01200053094985027
0.5065345098768056
0.9599975368574657
-0.5058280484997656
0.727007373610332
0.471131234064745
-0.058740013844110706
-0.7635627356424792
-0.5348893512845025
0.1829604005499554
-0.2633362583756687
-0.9829386589193952
0.8880863948695921
0.3258562079310388
0.699656721742724
-0.9934515470513323
0.6233385005645322
-0.018224309770681922
-0.20582353493521785
0.017774291611217394
0.6277641470325653
-0.18359745324933427
-0.25297046169456017
0.2681582408118696
0.8701117175923109
0.4609349642555987
0.37196628901397205
0.5194063012585383
-0.4407991564484751
0.3308523328327147
-0.32520642791055615
-0.30340527354885716
0.26974726530248905
0.9292633948956464
0.0629136346257766
0.12725780591919578
0.4971751489841207
0.33642015376624906
0.39581580026045815
0.4524909624953823
-0.33862944788221927
-0.05800097623645734
-0.8735294225339704
0.07114137066431181
-0.7050836398888075
0.7550563761646674
-0.6254679473466835
-0.41366438689914564
-0.7045698239925069
0.6757443823969366
-0.5723458368579705
-0.6044263122062339
0.17287643371750405
0.26777257260799836
-0.7349506312323756
-0.5728615427692207
-0.45254941206634686
0.3863630481974737
-0.4777188249752875
-0.24063913906323134
0.27117678422604974
0.25836554919374455
-0.1302246753862551
-0.13427717417228932
-0.6836865651754962
-0.33249705289287884
0.21445069888635676
-0.24940068346938335
0.2728809679886344
0.07156246506676778
-0.07651618159754066
-0.3348528332583261
0.5294592295918567
3.0102123569554495e-05
-0.0469626312245364
-0.9106208573802149
0.9543859996633367
-0.8686470003858927
-0.3001466194081531
-0.8026330079861821
-0.3968942373941599
-0.7417932281271762
-0.7862467161363781
-0.4788272796586921
-0.3122971178961831
-0.9056663672887332
0.008869724923998266
-0.8256217623782985
-0.41281313232167777
0.0999443721317774
-0.6848588081387355
0.19621081703536508
-0.45920633732526245
0.8326950681055764
0.6342436944662496
0.7508863806402285
-0.9780252071378754
-0.6550462850508526
-0.9939986345612626
0.8161524847138231
-0.34484788747709705
0.22603447475428018
0.8549194560779267
-0.6755602279701913
-0.7796808266511694
0.4299544331923643
0.8809230980911097
0.15410969261250915
-0.20269015436930962
0.27760469312846303
0.03861398869986838
0.21238658933830626
-0.7572991568136864
0.21160632140627994
-0.8269929891461699
-0.8642421320127408
0.0849177270985213
0.9269286395813965
0.6150536030252026
0.10090581161162829
0.8543086219438157
0.15140554885499427
-0.34488247522690985
0.40983260425502027
-0.27820541944772126
-0.13803101303938742
-0.4944568505038777
0.42805348993052955
-0.8219441521947585
-0.38180165477259087
0.4801174129218356
0.4754554318566811
-0.648083301535214
0.9401969979634254
-0.7081087328081964
-0.3525406289651568
-0.1035229820813901
0.3271604781286551
0.05683241264882306
0.49800320559515343
0.41364479940258464
0.8417888718170589
0.43474951282891167
0.8477634792942614
-0.6609476604014086
-0.37160407554333574
-0.21831830969425678
0.9403255933907404
-0.6946552297594436
-0.7339588823471559
-0.6961145216916462
-0.04763145929884787
0.6969467647310794
-0.552427848781174
-0.22257342122293175
-0.6908413097754007
-0.8577417791448431
-0.11051418142088691
-0.5603571567489198
-0.3503226320097528
0.2803772414934124
0.942817812005509
0.9476223519978426
0.298237394449401
0.4202893892486293
0.9782609358026932
-0.03975718395440284
0.5907881069003779
-0.6381949526651535
0.26106062508729655
-0.06076097626202058
-0.08144872476680141
-0.9966708946144276
-0.9233877323296107
-0.11133957701962968
0.322491618664261
0.23885196299887623
0.9996097141179934
0.8928586919712899
-0.7358891962209769
-0.9870408806884093
-0.1052072551978667
0.2032403742699074
-0.8232552949466818
0.721685058314002
-0.7676823013069026
0.6646670654735858
-0.36009631665045194
-0.24105306232298016
0.2937945681361135
0.8006880880655292
0.7285650443975339
-0.3571466733083919
-0.03685324340336303
0.30759951628742105
0.16146686875006047
0.5784149350692877
0.1361558134520415
0.9725577983808598
0.726078634411414
0.08433197488033285
0.3779560660075264
0.13652361348909234
0.626341757014244
0.7041734356237799
-0.6997360120358825
-0.5579957543339252
0.17294866801192152
-1
0.6881139220232476
0.8362925061250394
0.04228481455662433
0.6354650357924883
-0.08370121084832963
0.5261338878893167
0.27156708529785745
-0.49124345552832155
-0.49350014471542814
-0.2189304658742566
0.14251892883985506
0.7443534888994264
-0.7061766972625202
0.5990625678320005
0.07200911484626536
-0.88861437248219
0.041297783618582634
-0.6028187105328148
-0.13543792751464115
0.7715953666238077
-0.370551331002006
-0.08145676992850366
-0.27419840904836146
0.27690686673549986
-0.9629304336042805
0.6833584949225203
-0.08736113571156608
-0.11033134752858886
-0.12521217062157125
0.13013173457180488
0.38133030560735703
0.5234001553797674
0.6628056509976403
-0.23792751116077532
-0.08243474389720726
-0.7767024614885827
-0.4161063555156173
-0.3090201462981367
0.5166529409163335
-0.719952782070552
-0.38381075871502074
0.4967664452007219
0.15939165929664842
0.03861978033177704
-0.8552714037943518
0.3873026581358366
-0.3775841828011162
-0.6690740879914938
-0.7618820567761135
0.3153009154576358
-0.34117606677677287
0.6017742527705752
0.059521896785608736
-0.6004987084709107
-0.6857382176589714
-0.40364860745029835
-0.4035760503769452
-0.20020058660248474
0.3412811038592124
-0.8428544074922835
-0.471592253855233
-0.5362732682463647
0.03755849420724877
0.05584975436376205
0.4566012204913424
-0.7047562221594696
-0.12716399612387577
0.1493261990303624
0.35562175412546376
0.9405677733291938
-0.5570665374988971
0.8142749929902453
-0.45168370440978517
0.9877202557730247
0.7769730565894128
0.7467535468757168
-1
-0.17699911159231038
-0.9038965174051773
0.42864294206943
-0.20498668357040611
0.9442248269223785
0.7369872224999481
-0.7123937215843046
-0.22773156692714497
-0.1645966667356374
-0.8541210732282875
-0.5720303376866887
-0.39287486474719013
-0.11110836284753578
-0.33774851234242903
-0.5106234934896533
0.47285781462021126
0.5316976510279449
-0.3863049002540688
0.9042361943549788
-0.006549857495718094
-0.6169256136506166
0.018700649588132563
-0.4027207232855189
-0.8301542094331863
-0.4772241684452204
-0.0034642682411941215
-0.6791801193687723
-0.33980630370777937
0.9809291187720552
-0.47953677476703455
0.4856731985366661
-0.9567739521822568
-0.6621097628215531
0.10621889327035275
-0.5871526482810953
-0.008581387317827135
0.5612585845603967
-0.22152571351202058
0.4131451033124249
-0.48173818082010317
0.8492215290514352
0.16637900886875107
-0.35167431565267554
-0.25191377334166026
0.28576811657174506
-0.8844569021278869
-0.5830597840937517
-0.8021225295639286
0.8586166596267055
-0.22922411173390486
-0.18157883449549694
-0.5889682443763427
0.7057726260930753
0.6949325375192351
0.6632464519910912
0.6491127258765664
0.9255109769560943
0.32378354266726617
-0.6829176209696587
-0.662798617211311
-0.5196797795565106
-0.4897749107811901
0.18100552088563066
-0.07481377286761048
0.2979023518532934
-0.5814126193636422
0.9280627893357208
0.8240375917555102
-0.990063787344612
-0.3974434043667419
0.883558073031076
-0.015000862181330787
0.9222785129741707
-0.26969156634806746
0.8016892862430322
-0.4746703531763297
-0.10833333533053216
0.25923906061837837
0.1510074853722883
-0.24035485754302086
0.7606034554284031
-0.2754262965891003
0.7407192530078166
-0.7743238824641278
0.4067873942595623
0.6915729657808612
-0.845893760747977
0.8337007122770294
0.07370749587097443
0.7155874851660958
-0.0008656306187584417
0.6030474061621958
0.4222320358500614
-0.573949627621061
-0.9635225575371139
0.3383588997306478
-0.6496867541740668
-0.11674314785623328
0.27429757623171197
-0.5593726014871304
0.09808309901866975
0.6576495203220595
-0.24746844376551358
0.8304318366856552
-0.45475808246448524
0.6067594634738441
0.43675250109110625
0.22542944594190473
-0.8509734318658392
0.8500716252951064
-0.8130844410066937
-0.49564416285991303
0.8230665875491346
0.06824518282068626
0.2771169498307972
0.9882206774236797
0.0758994135630933
-0.3183725225877584
-0.4616061955187251
0.3885724739909192
-0.07411767122809552
0.299890442253976
-0.5673329534117021
0.7194740294972451
0.8825793539029865
-0.1980254129296758
-0.22474492963545753
0.07027864194377893
0.87562038590695
-0.47135525995096084
0.6861436890802253
-0.8990693638123873
-0.21604471800070474
-0.9217895349311905
0.49727451378810034
0.14194732758353368
-0.8187734966848886
0.5673091588586583
0.2265528090033242
-0.6690850973134657
0.8979710570066979
-0.5398677957675688
0.46964768574200466
-0.15854708378973184
-0.6565112300756032
0.35015183508347403
0.5308054357615682
-0.8954702980968604
-0.05414772458262438
0.9022215108737628
0.19763981858181232
0.11410159417518603
-0.11878763576520572
0.8082036145126069
0.9940447083252778
-0.48846129221578166
0.14807670681794938
-0.6843515715457256
0.5082530365366822
-0.271911413615063
-0.30935631001525765
-0.9597076147094352
0.9675147786843915
-0.5104268135244332
0.45678030480639326
-0.42972095129821203
-0.49454131939551266
0.7072534108128681
-0.9578076670649993
-0.0015205287336760524
-0.11867016709502119
0.34475590098056524
0.30833005748289255
0.1190992252319409
-0.8650529626137322
0.6047425994153142
0.5021432484759358
0.7909682531853572
-0.48433423381227136
0.017808744833693997
0.8929105046543924
-0.47782284155555205
0.5693461225663682
-0.4805215152260684
-0.7913406567092304
-0.9990911987149982
-0.3451267315429545
-0.8658015049322074
-0.12179323996111312
0.2571049745819642
-0.6526019172193583
0.6559716925508103
0.6969405607423413
0.3977349299540507
0.19963787458908733
0.9285703335728338
0.7696493577966514
0.18135469156777356
0.1444325480163387
0.7519539817417441
-0.7327758056912007
0.6430388135305807
-0.41943008215876554
0.9549400624157507
1
0.7964378678543755
-0.8318515620353512
-0.9465507683788006
-0.8902963554674993
-0.9267678799651425
0.41371551648017313
0.8843771859690303
-0.703756375554528
-0.2935303920507427
-0.3134576859806764
0.8686188091246468
-0.7573486373780467
-0.08640047629505278
0.9811182439293773
-0.8690036623040206
-0.43777323791593986
-0.26051391544501606
0.14835235328358906
-0.9781642249224353
-0.3614860635210829
-0.5975720295815478
0.3798016483996508
-0.12972231698227027
-0.12679014247983023
0.8331482083950975
-0.642246708075558
-0.032725083160757354
-0.13428097251197393
0.005202456990446995
0.19963552582045885
-0.2950284281206949
0.6983579210962999
-0.7187885448907194
-0.28732003603647815
0.05569788738714415
0.9155318165760222
0.5271932021804299
-0.7202854101356512
-0.3950636897582741
-0.6982105133880206
0.8329804571287852
0.4832750549482346
-0.8926852609921717
-0.8640086095189659
-0.46905177961924016
-0.710192697355202
-0.5178008267054001
0.26559454624426254
0.24297429564543843
0.5704174578143865
0.6191791882951246
0.792570568453308
-0.273229695975081
0.6588458516294448
0.6613101779030477
-0.8177261242850443
0.22985080907334865
0.3510092584712806
-0.6680389965085719
0.9733451568522955
0.01721626570823071
0.2186832548371683
0.5127392542768173
-0.9351094377990881
-0.8968515297077303
0.056562339640136836
0.29042558837707494
-0.26716823130086453
-0.492826059769116
-0.10207260030088475
0.8867149088803749
0.3994700455504111
0.2526823965469539
-0.4578031503289861
0.7813974240718715
0.32134831217783827
0.08793092293891011
-0.46878403203357616
0.28873401749075783
0.1271104348272413
-0.7486461608484895
0.40422941446962674
-0.30873202442118963
-0.2935817596160016
-0.5342278725194126
-0.36400722487147447
-0.30371704791189236
0.3497492926482413
-0.09505430247091161
-0.6857355806663492
-0.5616950749453572
-0.024503189441081607
0.44890788546042126
-0.8340001106956947
0.6886509235533483
0.2946294736025853
0.6542688312948847
0.7369717787586106
0.48223002739411813
-0.328638862309931
-0.5721358221383488
-0.44771903127005186
0.8120469639480021
-0.6254317622475386
0.6561185165552418
0.3832979071849412
-0.6430464240307631
-0.05367412761542819
0.8698643834562683
-0.024940449938629435
-0.21738674902441932
0.8310892325943721
0.7182553278681355
0.8974857391113358
-0.07090513418793506
-0.4776246135093313
-0.48281848875229616
-0.686022062674033
-0.3200349778377386
0.2592497347130874
0.3544434309197535
-0.7532129868893476
-0.20620605481313545
-0.06755165931891643
-0.32538915867697105
-0.7211134164043459
-0.8911543184141449
0.41138751327488854
0.24593825811027023
0.04171381083778702
-0.3762800757773997
0.20990679477981825
-0.9723017358675671
0.9099315440551498
-0.9527163635719985
-0.5631535579066349
-0.6444780417455824
-0.5150801513840781
-0.029966123324882528
0.7316654124262109
0.1555148448665328
-0.5688849241396994
-0.8065903125077872
0.011398852672724814
-0.3602485042553704
-0.9923091061935205
0.04299115628909945
-0.8230671628711318
0.6740338862570179
-0.2017844356758898
-0.6643492731958396
-0.3699700621804074
-0.8210837124330485
-0.9929767318309666
0.4548749742737613
0.6702221318131051
-0.27526851049239015
-0.32194152936515524
-0.05661757735232689
0.2631733694160367
-0.22483546654770956
0.3039507670023547
0.9081673957007764
0.3150860388125838
-0.242325944200574
0.8537264578350143
-0.568018638441921
-0.7774609903105872
-0.21974011773486732
-0.4789225007462939
-0.5949376001576924
-0.9038182698330627
0.19960614760258658
-0.15044525533404457
0.13374783330063436
0.6766713245617817
-0.5993161680851177
-0.13133857382250205
0.7409063659088357
-0.11214324378279415
-0.40106185501653646
-0.8261326602345523
0.6386331169540416
-0.8232469557760946
-0.5532083472327967
0.41101398948320544
-0.403778387961926
-0.94260028937973
-0.5923219721935847
0.15176343546768667
0.5871515944332312
-0.6275402070137571
-0.4754195164956813
1
0.7052586895553501
0.6632832485206478
0.9162620463586473
-0.9099354558029928
0.2754419749573632
-0.6994239392698268
-0.5623371171675506
-0.5793398493629657
0.5201713689493364
-0.6292437719740034
-0.0585091348694533
-0.47597645191515714
0.022118995203096473
0.9729947901066149
-0.3795743423288532
0.4035665284368564
-0.7210430777696987
0.48982115714556673
0.7066244078204843
-0.9215638431561193
0.5354789147474868
-0.8095307539071644
0.7312360284967625
-0.10596579085066983
0.6826065993451326
-0.21012788651869257
-0.10822745335655672
0.4984476147404921
0.8735566945050427
-0.9810940935268174
0.911594531354325
-0.4030717260656627
0.9822048461648286
-0.5183507036123195
-0.4889911395138997
-0.7044978519717779
0.8880627110068146
0.3915018006793212
0.6574943915834723
-0.8181737562674049
0.23714539181800262
0.7794482256098099
-0.7192123444176092
0.49455991842582114
0.16016867539832155
0.5303919118149265
-0.2867153246397906
-0.33157039187035164
-0.6963816328527893
-0.39754975028378836
0.33120811782115883
-0.036827396194032254
0.5626822818020141
0.056466903367012794
-0.36000687199844045
0.910257220745385
0.48601365459949436
0.3694501247329159
-0.023319563563302257
-0.1655631639137453
-0.44548137142402844
-0.5582800223345108
0.4129077239024321
0.6901770521661653
0.908984403675356
0.9956053807952845
0.7125902597751813
-0.8956610917488517
0.4370847906858273
0.44320443717936153
0.7940682812235623
0.4964504375979725
-0.35672045935727376
0.6052650510778007
0.9966650744254512
-0.6345806475813413
-0.461990052036874
0.615410069305394
0.14881935181149442
-0.8181517570343018
-0.8387508414237834
0.6943817366639439
-0.2727556484744182
0.3926329555392486
-0.07321007759689996
0.8290666369899216
0.6269783176164992
-0.03610994434582509
-0.016315514976916565
0.9299407155864841
0.171058971550877
0.8574053166809268
-0.5477131563112133
-0.3669907383264687
0.4280616599697634
-0.6405659159030541
-0.4596379934575275
0.2304420747635338
0.8182412197055503
-0.6860441888043571
-0.4982218620385856
0.14345838521763948
-0.7480961396339381
-0.128633937267879
-0.5963832006075536
0.8373318020663071
-0.13868945567222812
-0.9576525562086298
0.2526023292675555
0.509818428084732
0.39746125983825964
0.023843680907835084
0.8174448618153528
0.7018683400892056
-0.36432660767125696
0.5927449863910524
0.9712204187062135
0.001706694111167926
0.8130136416057333
0.12194930671662473
0.9846130225308076
-0.7868237130779783
-0.9275294139375669
-0.350666138550758
-0.6137972823645292
0.0937328103819157
0.28981831568203265
-0.985762668705504
0.18679247843839497
-0.49875598429044427
-0.6420952191375858
0.7733609919225153
0.5071837234267578
-0.671561058739675
0.4981770626954852
0.9219274253648045
-0.4465295067532343
0.2371334046592295
0.5464825236772809
0.4524149548349202
-0.5264674791713481
0.18560813188807146
-0.7498703228722838
-0.4011971294277665
-0.5391058554894526
-0.9044098437682851
0.48301747280297647
-0.4316610950259474
-0.8027059288539161
-0.17322840464753234
-0.8326059586452492
-0.15103153473520387
-0.052304634099693784
0.003826385887335737
0.48336270032523304
-0.9897264460399584
0.3234990557443667
0.2767766815714389
-0.11201984363934325
-0.42826730954982817
-0.7582919660877739
0.41693509883558316
0.6773011934438861
0.020425031604113207
0.6359713892138982
-0.8885908642924885
0.3892334239280344
0.9122453921418308
-0.4775552477375156
0.609536083329704
0.3855770085562865
-0.18930379267160555
-0.7059227530101431
0.22510155299302867
-0.24166223623988423
-0.9928632809234617
-0.6206893233633616
-0.32054434557010286
0.8106127680704707
0.29395040278298706
0.9040430554118186
-0.26610454722738336
0.20024831337376514
-0.7003117177602345
-0.4742228887430243
-0.4527296893348128
0.9377971519975518
0.6809446666544019
-0.3313072898968288
0.6534631095956366
0.9462015193894691
-0.8707782821952368
0.3949843183686579
0.023741067194428207
-0.935356435197338
-0.6100896211344472
0.7661139282500511
0.5944789604867817
-0.4455273692114601
0.3698698086696332
-0.2231628600262984
0.9629287523318001
-0.12076186364117777
-0.6426126286135205
-0.2311741307701685
1
0.42948118774176297
-0.3801833655119258
-0.21191763425838397
-0.8696236232980796
-0.08161980340586059
0.6307986930981643
0.7723630314010104
0.12369602026270783
-0.6047617308328568
0.23608732203974792
-0.3168741747083329
0.8126170417445574
-0.07797718599275714
0.0926676575265583
0.48559596711516856
-0.8607420614833727
-0.17468799096041918
-0.2771485755807496
0.7782736382572643
-0.5850893283602564
0.06313608015860799
-0.7099526251208128
-0.8986503597085049
0.38364673660709425
-0.40784811315936603
0.18081502516969591
-0.050308903572186585
0.24212299905064583
-0.3836535125028863
-0.3016927815682095
0.7694917284953784
-0.12440429416618552
0.9300328095812322
-0.5549472829960481
0.7436105800794752
-0.27670818023744004
-0.14291281887229013
0.629360820190502
-0.009805976225570301
0.5135112265847497
-0.6778982437907136
0.7222401014980341
-0.9445458144714458
-0.08496716106410565
-0.7065794365734428
0.06953912952795377
-0.17837383907110954
0.6965238914824831
0.3680699360569081
-0.5005841903482774
-0.32946047071494877
0.5561079782857303
-0.0773366994888892
-0.322802444895455
-0.7952433860451101
-0.45112546603938786
-0.5847723801351544
0.157883714560515
-0.4453201734114488
0.5580145490743806
-0.4931361300538779
-0.7018635341168216
-0.31973957582185414
0.5124753725922563
-0.8605892677792762
-0.594027736739513
0.894064238359091
-0.8256752955932554
-0.011854008285510271
-0.7085626298239638
0.7539128910257885
-0.16857267609387516
0.28629465195281845
-0.729545926213283
-0.07525811366564135
-0.779415816754952
-0.8086268824019318
0.6220089397936763
-0.6038426693475293
0.06217005641457957
0.040843233542847315
0.32858503124507527
0.2352810349957315
0.36975604331004697
-0.5381433941069395
-0.6657510886935231
0.6756654116399335
-0.08649053636018342
-0.7663705498380451
-0.03481857192544428
0.002646353089540159
0.629669206692072
0.354829167625586
0.3321921767189313
0.9822922354451894
0.3780584024191782
0.3974565294469972
0.2824263128291863
0.8747853192981592
0.7247964839900154
-0.29767220429494007
-0.6434700800506439
-0.2758521732652824
0.5564035025198536
-0.5633706681453977
-0.5910407191465122
-0.5690683226284048
-0.217633280349773
-0.8190593585708869
0.23021627662208324
-0.5568720236565203
0.5708550639472442
-0.8222525874421543
0.9234290871574282
-0.7188535397876927
-0.8204889860191573
-0.38101447067514704
0.4306702440457406
0.6569539532112797
0.2236004239372721
0.5528131050577052
-0.7654448137641126
0.3118804896931065
-0.705813425942716
-0.8635599273340621
-0.4870155593573491
0.48284984791946045
-0.7170502560520778
-0.770562291935584
-0.21577012052870753
-0.5762037792268668
0.9739634621637807
0.8862083629289057
0.08539168738078916
-0.6936120945941814
0.8886704690599431
-0.8238294761010023
-0.4985545753615875
0.3428140109252104
-0.8866493549885748
0.9250850447914432
0.6634171351681843
-0.3144262797916316
0.10812493040525921
-0.6275038646160139
-0.25386682949891015
-0.678201977926238
-0.12788172316161217
-0.9618073164238802
-0.09387133201288712
-0.89253520742577
0.9571322800571322
0.8292664156977826
-0.33146124474204125
-0.9164780727363605
-0.10532890891726997
-0.7685251921351687
-0.1586803496640681
0.2642748319841656
-0.24408338083922548
0.3113513590812099
0.13577225403101978
0.5333328523009125
-0.9579396891482036
-0.9818685012776941
0.5779365552696358
-0.26525331147655506
-0.25918694987586427
-0.01675459798617864
-0.15723205452138728
-0.09519328640487093
-0.21926902155076988
-0.213670491980155
-0.7513470461381979
0.9643017180363592
0.8718448117923172
0.886389077733932
-0.8242405623752469
0.39322767661186464
0.1747301696533064
0.8206711633068557
0.04099781540666869
0.3384475965527088
-0.29657614813552235
-0.4392182050186995
-0.9642886466145804
0.6467719851631947
0.21032656739860334
-0.6332171100496115
0.9101295348206684
-0.9120369114568134
0.38652428307507086
0.513363311095446
-0.7838196461576764
0.07451363187164918
-0.12648371790397311
-0.6456326704888393
-0.5481345774617925
-0.6268290479912916
0.7790843314672657
0.9397637298733964
0.6131090863363601
-0.10009194105344763
0.4013344437468154
-0.3895022519597796
-0.7448531955499555
-0.24033012307008353
0.6965927971872256
0.2300169995007906
0.5658144111502275
0.6545501956889802
-0.35008825383341485
-0.134302199445306
0.3608541732148634
-0.18986074388867238
-0.16878812971071488
0.15899713132165466
0.5792434987874637
-0.11545337882684299
-0.7152816128995038
0.8206045732231784
-0.11468243693110215
0.3244678320824738
-0.8376626772880484
-0.5674512156988077
0.18817124610875113
-0.6288042142386241
0.6767987320379406
0.08675353815681633
0.26855659945185933
-0.982421478636281
0.4718664192912979
0.7819920926444361
0.09734252909277373
-0.34845655859737695
-0.755289546747958
-0.3225494553376412
-0.8904472738157607
1
0.21677848002280023
0.588078725403652
0.11494378470443933
-0.08183195763395151
0.09867987064531669
-0.48019868364803747
0.22357080122202833
-0.8254789376616876
0.4217594637050115
0.46275684016536384
0.8962743246550935
-0.0671917056074299
0.14024073104681137
-0.15552471075061178
-0.8991608356591994
-0.07243697761959912
-0.5291576516733929
0.3020051678385297
-0.7512212756612442
-0.6634004862661989
-0.22353571934026037
-0.6646561627347986
-0.7791768346131744
-0.01277635266762561
0.40959909193284066
-0.27280476180696683
-0.869373505927734
-0.7830153009296855
0.3426158948966406
0.88342530751958
-0.246527757002252
-0.6427066273374599
0.7384322908662556
-0.6624476683846674
0.023131841402652918
0.48646430126505624
0.3428225728521216
0.6322830966989718
0.9912299466617275
-0.18023945665182545
-0.4669939257103852
0.1686859528114935
-0.29082005965643987
-0.31620892305093573
-0.9830025301589885
0.31988309900101397
0.9128917077631661
0.2173133293156067
-0.4725596966520803
0.7461497719952063
0.09318701506894171
-0.5777439866051671
0.79085617516712
-0.722793880429032
-0.17684797736928098
-0.145168971263044
0.1625215971705024
0.4334866058650731
0.6123339747593536
0.07529465790519527
0.366257288448779
0.585893321040297
-0.7738374278408379
-0.25944411844741666
-0.9223503468092227
-0.8557716698639897
0.17916296558946698
-0.1851619884932
0.8042861191017695
0.166855408265717
-0.8240537507882743
0.35674035842760504
0.6822222313225078
-0.2795081399690854
-0.6484539148276581
0.813654301569528
0.09546535328699068
-0.6700643386664066
-0.9432443328692613
0.45725577213081275
-0.35799636862359024
-0.4183600437430657
-0.1900654619152978
0.7570881363803409
0.4889761570314148
-0.5887028037670736
0.5892440735647713
-0.38659984716074963
-0.46125316381118076
-0.36437545905859164
0.900202760996491
0.9537670805392675
0.4197149686204942
-0.8138444275658475
1
0.26928785170914593
0.23319305819479808
0.8303532386255005
-0.9583431491447754
0.9099354950252658
-0.9100785009897387
0.5266188828529104
0.003543809269905763
0.4839023510084696
-0.9510045568427047
-0.15995195025499936
0.10190354642924625
-0.9676383046542353
-0.5716057276719966
-0.5391513583605245
-0.672026368923296
0.32484295394249296
0.6485608880486208
-0.8045155245080474
0.8991853023847843
-0.1998645169310015
-0.4553706456691839
0.17008070490632748
-0.7920114204765358
0.8558633384453318
0.5139847491676083
0.98882403514823
0.24969934119167306
0.8406378773513655
0.263746016468532
-0.1965396371203927
-0.7490837777823486
0.6173538193439956
-0.8570446029749461
0.3551598301107688
0.5362673064386437
-0.7433221554760379
0.12368898350643476
-0.3461568226220333
0.8153712931303625
0.6312182700835797
-0.456942461707838
0.6727631450459854
0.7194427735287144
-0.8114138483299456
0.4814599462746535
-0.4978653057804122
-0.11340469492314328
0.7250986289208129
-0.16717165296950662
0.03914251085898389
0.9250660081894166
-0.18833422447724682
0.18570023743145664
0.7671079911813221
-0.962853939511403
0.6763499799730993
0.022171234106241326
-0.07127944176230025
0.7971308501352496
0.7273219071897452
-0.7596783243994825
0.5306422316990594
-0.19403324023677102
0.055586448992331096
0.21441456276730678
0.21968487547658078
-0.9332277058031819
0.06928832333447879
0.9960058504537453
-0.11825005997962645
-0.6057277617939512
0.11966985176628099
0.6079776323894108
0.5549874417882568
-0.9069149724080136
0.6988324797456194
-0.204290737066171
0.43837190507883067
-0.008180563784707683
-0.9136915066045551
-0.518881477548183
0.12864622246905164
0.5848836585654373
-0.3816077580791583
0.508205094794984
0.2530883938697637
-0.26689005448213277
0.5348381482077292
0.7585195964785596
-0.22365123201485967
0.6836105352714087
-0.6990848199202605
-0.01059075768342628
-0.6458574184227869
-0.9390919902633731
-0.018935876165538122
0.8074255325637538
0.46059437303006845
-0.887178859918806
-0.6312883049395783
-0.5841454709618943
0.32142850204651646
0.534181382419292
0.49492132932923383
-0.7395213809119681
0.7069874386889774
-0.29919185703953105
0.919378190907308
0.9005935657875098
0.6847431802397622
0.37244106126873594
-0.8589593160378125
-0.0957169572881848
-0.12052728084624216
0.8853554490704296
0.8305756454991033
0.08967529619038403
0.03179877652825418
0.5017377010211473
0.90258119556031
-0.3891299732355856
-0.8569457278402117
0.19534288777499095
