0.6612398681503107
0.35841926962207155
0.3279071187706201
1
0.305461455825642
-0.7255880180449069
-0.9256596766972052
-0.23058415354886136
0.14662151311536534
0.2323141448707456
-0.7678044102601544
0.2068076638265157
-0.34431149056444293
0.7505403718475587
0.43504849607132584
-0.9234145902862146
0.80933565423572
-0.46760765878981675
0.6244291301619
0.15538678608859632
-0.6929220350455331
-0.30898135055621173
-0.4238110585389417
0.312303545351495
0.4793909921348024
-0.2801275864007675
-0.21338342128814816
-0.456964438315924
-0.599379219297206
-0.26526399104918347
-0.14909924627515003
-0.7822976256766923
0.5704969452001245
0.32804586694787047
0.6933903985410733
-0.07473028642066092
0.30756519019100487
-0.1213162309744532
-0.7676053055187727
-0.345540201716908
0.6020429043239875
0.23379402469168376
0.5822777092089035
-0.21682569039021596
0.18639940869442304
-0.03854472265283811
-0.1882896998294874
-0.05377625356728462
0.12835940751147376
0.7214519074899131
-0.29564982798437
-0.8728730043845428
-0.6580193144456202
0.8715918989856168
0.9226038579575663
-0.22003586983252607
-0.7929791888613845
0.6163179712686474
0.8462164251606948
0.24703955259168164
0.8686230571206872
0.5704841478755216
-0.047374281663773485
0.470360840990997
-0.033931492155806764
-0.8475021746455121
-0.9533948440381924
-0.8760017843964844
0.5630429478655421
-0.4585928600491982
-0.0450217921763011
0.7743761799508908
-0.4576140104404523
-0.12391081300366094
-0.06446980246005249
0.7866446007865305
0.2208305901188183
-0.36412051067878026
-0.5359334855243504
-0.29300689607288855
-0.47184812884129945
-0.07916103194388738
0.1965006215874989
-0.1709401332793738
0.8143455578850636
0.22347929186672907
0.9118965859848899
0.19044675890269666
-0.7412178417288092
-0.8268270864614756
0.5251465878739491
0.9221062471739004
-0.053899990364724655
-0.5772364835225228
-0.8804464000978134
0.5045625966359009
-0.27715925865498114
0.9120889223911623
-0.6096920424228692
0.3379314493850278
0.7090739646898648
0.16343930234530443
0.058333518494949055
0.465006733831941
-0.5203318118266175
0.46021880546634936
-0.45187346155152536
-0.6964355708997588
-0.9146611341934805
-0.348604306570114
0.923483413253945
0.3830915316767573
-0.7754760716522394
-0.8062779629838391
0.6203565713781869
-0.45279613687871745
0.49590514286354825
-0.5439234799914222
0.9110068251506358
-0.3557118557511506
0.4024168453177725
-0.24106885265436193
-0.6313163169280164
0.01873061210495377
0.7452134081245481
0.8007519176260778
-0.26222752737685334
0.47774398126431894
-0.8447858525235941
-0.5407219845733717
0.05742757086556716
-0.30168922059700526
-0.1219349144704573
0.05354051109520841
-0.4213878713170023
-0.25029062329365365
0.484944925311425
0.7816974581725732
0.4101839148671241
-0.17239929685143096
-0.44953119516661233
-0.9556162292997489
-0.4570009924729275
-0.03535707442640472
0.8454217555875455
-0.8987908226292287
-0.19531712859736836
0.6883869711133008
-0.5153320130106721
0.9630423628958391
-0.45715997289456706
-0.2561898799667716
0.7433174063059794
-0.7700392558862457
-0.4167339449777546
-0.7119056885013539
0.9576913019002321
-0.5505816466928147
0.36764239309212027
-0.436675414353841
0.03051575624045659
-0.4623694079182819
0.3639158612716226
-0.10614386892484755
1
0.4394372497270781
0.026167217762665528
-0.4451628556925861
0.34591063201071515
0.08564306023144697
-0.14794604200896244
-0.31709729803899994
0.5527757793953616
0.030456773236532193
0.7077531884688503
0.6083770636299494
0.4153592210831831
-0.27382006161180517
0.5073369615487782
-0.8292188000933
-0.3226512632892451
-0.38460422850725073
-0.5299418029096288
-0.39770424948900385
-0.9428033794200509
-0.45044831849337535
-0.5214687129356699
0.15157387658738292
0.8681388509229472
0.15732268313899528
0.9046862518738611
-0.7466496166920892
-0.3057919736221212
-0.22108476608340272
0.16423630151887073
-0.16841030582572417
-0.6200594116989095
-0.18452597962883052
0.3045749406718913
-0.008345283831772044
-0.22960461539726043
-0.5263002830977034
0.12592086507533343
-0.8533565300468648
0.35227257227190834
-0.26624182297717197
0.039406730230610844
-0.5350255026228763
0.17978000790556986
0.3129890189457402
0.9117462649629923
0.6347419049253735
0.9349783427244734
-0.7845848890646618
-0.5866130499989612
-0.7691341367616067
-0.649369324384635
-0.9848828284115706
-0.0034832784923220636
-0.2458823681079554
-0.14642831848523136
-0.7537211849465859
-0.8367497390477951
-0.4682486490413845
0.41859047955153783
0.034545813215117
0.693264668843485
-0.5202708583521145
0.680971745590722
0.32301195465599547
-0.1835911127899311
0.05268096116977495
0.5383797982028231
0.29782534929652316
-0.22748912091040538
0.8276413523849252
-0.9911513384701497
0.544521114682249
-0.18167784537502926
0.2790516428901739
0.17998858108054966
0.937148479983378
-0.8184560387222296
-0.46989613842276046
0.6548171975042965
0.28890219630708264
0.4100039527653335
0.49062781928147936
0.7325243252618849
0.3488668347019594
0.11246611111091306
0.35479421902138486
0.4690836581451182
-0.03962922090003536
0.38911333805436643
-0.0451708923975784
-0.2286307644628788
-0.1870236379943442
-0.07027906177204962
-0.6668781110726274
0.38432946492907866
-0.35621232021342586
-0.9010783056394639
0.723468122035308
0.8054099984216874
0.08761900581852702
-0.28357323031645587
0.8931081050933213
-0.6581638101591456
-0.7973138284420979
0.3236951857433578
-0.1818429493621818
0.609030775111322
-0.15739833988797233
0.8195461375883607
0.19056397328661848
-0.3035434874816542
-0.3279773013889069
-0.7349360587925944
-0.1449928403099282
0.0912915523532019
0.6224274144742699
0.1948859847812292
-0.17383064205206053
0.031791665822453886
-0.5373870738684434
0.17948034815990735
-0.6041875646943433
0.33400763714356047
0.5712396490672405
-0.19724230454570119
-0.3930309948130157
0.27236037945544495
-0.482319769350427
-0.08025609136318376
-0.040348568696173856
-0.3849112220358742
0.7400469009774564
-0.07649351847290048
-0.33169271442058634
0.500890709103911
-0.8821666417825605
0.27980654105037117
-0.2824807387226654
0.05241623903816813
0.9159652779360206
0.7427831430408626
-0.23804306300386052
-0.9698408816807602
-0.08121456143809867
0.5969397963540566
0.6712536012231902
0.6088480217026823
-0.5682391074972493
-0.5492511076044879
-0.9445972562230112
-0.6319877301542881
0.1286537659831433
-0.15166260761632003
0.07820490514763252
0.06334639111217547
0.36248647218874724
-0.7782119713761118
-0.9628537711026078
-0.7715002965513088
-0.16939900280947778
0.1343272840169028
0.8684594390654183
-0.9643166763615593
-0.6915608395995589
-0.05155406772791383
-0.35236217573260736
0.24724397082052163
0.16712109923353133
-0.09182626711682909
-0.6941570239345108
-0.0711384366690568
0.547678879973556
-0.7282026605455263
-0.12767174160270878
-0.16371009685649587
-0.339831516273227
0.2730245300419834
-0.22095433186770866
0.09577853516626486
0.6330928280734701
-0.5649020159256105
0.47074093711359705
0.2021588010134555
0.956417224003091
0.3666385872193928
0.9115076342776967
-0.728133289444039
0.9485303744839291
0.6852566749848675
-0.4647569669800608
0.5040048203810585
0.10869119446401902
0.7181420967986059
0.8548158793752899
-0.23794635597574615
-0.18764658336758683
-0.3892068223876072
0.618226564330216
0.05936749612764699
-0.8425792358133147
-0.7894112390665645
0.42035722251132285
0.011942851233209806
-0.5741898606355862
0.683717678639184
0.7976084592055062
0.06575130846426805
-0.1172075480815432
0.6177861325370458
-0.39947817842670413
-0.8510780607755969
0.260731254170782
-0.9414374291437062
0.9363760520242354
0.32385178844206675
0.09466187276002047
-0.6188676273419629
-0.28570906327827095
0.8900670695920391
0.6370569454651852
0.06426803225648019
0.11353215147255262
-0.8639293292146156
-0.48833836560061933
0.9301727538500317
-0.9286560832771278
0.3118940918490509
0.2079341727845898
0.5729541143267343
0.47486014819930383
0.408538658410813
-0.4728953391695928
-0.8202644045862582
0.781847992259829
-0.9633283754392375
0.40500756174059155
-0.7852701053422708
0.1514599902595958
0.013670203705500296
-0.8448431053909385
-0.8432554176859494
0.13489750337725406
-0.5568453976681241
0.36894961340427007
0.2541301276329417
-0.6666698940606417
0.65538245572961
-0.5425759097843821
0.4897481678981933
0.6786772365901681
-0.6273089971029362
-0.1610483114405283
0.6999966151703522
0.06705795845955301
-0.7651471750823077
-0.10888022807530139
-0.4223200315362288
-0.08769354702500115
0.5462857685928902
0.7525025580284902
0.39799579091219894
0.6568389074218819
-0.22768675783941908
-0.6422688194944075
0.883128548766906
0.8152476081789463
-0.545925265115104
0.4572910155506678
-0.848889491636823
0.9223830095220147
0.019872467233722928
-0.3739135621519905
0.759067047271012
0.0450659102436666
-0.22661514179177772
0.3854028321152748
0.8070730571442128
-0.7814627287393158
-0.21410777624374216
-0.5657619792745646
0.08048655769479926
-0.6017141258214529
-0.2068762741569875
-0.8628835326989989
-0.3596765989680727
0.4861837880800863
-0.29087469753590955
-0.30552986805578825
-0.16828868561091617
-0.398072917791042
-0.5773869473070941
-0.36384897607908623
0.08986727797699227
0.24059792648857073
-0.41466020767736417
0.9422604248918701
-0.5503827335638717
-0.8080318063527129
-0.7852089374904062
0.4875483897470598
0.45908894416545637
-0.043729275910265264
0.011860818273290805
-0.8207761232738763
-0.8523525805381447
0.15894747702418327
-0.43970011811689896
-0.5820300170498497
-0.71387833105196
0.530383093458567
-0.7139752704664125
-0.8760157431715518
0.5815816347629527
-0.16745458195482366
-0.6971795618065456
0.8841909946785778
-0.3808602604991706
0.40024509518479406
0.5958320555674879
0.8187660779457607
-0.24796205486775233
0.0458692629191432
0.685163864282238
0.3184084262978701
0.030296788781937017
-0.5760217985406362
-0.6007671900238915
0.7368726333482715
0.7158117118165082
-0.23047557663004392
-0.8815673622727069
-0.03523000622292863
0.42682189700144885
-0.00010876824658998668
0.09325373453729499
0.3226745768055137
0.7891619091953614
0.6639765760912458
-0.3335396107373671
0.7602214534770846
-0.11576437426712152
-0.6447249410306549
0.8567629148757567
0.06975237633784397
-0.08122676907020698
0.2412815342486198
0.5188016222630795
-0.5537610874677031
0.9818903751603457
-0.023715835756875196
-0.5737071391719005
0.6759664037731418
-0.7940188810680024
0.8617252909719967
-0.9299110213022366
-0.2906971847677078
-0.27979985120498785
-0.7070995574131341
-0.6457918984940559
-0.984774866509333
-0.09881502413046961
0.025029772618304892
-0.5271268443561726
0.7706629523879066
0.37420936147269535
-0.9938590831723652
0.8899508768016903
0.9373259972040838
0.15045379935967615
-0.18728715795282797
0.3786106096162401
-0.20901230272731355
0.4276368887469136
-0.2045104883723875
0.8190747258970917
0.03955417212135643
0.5152951161621616
-0.03364778017721402
-0.6387780210459416
-0.823718033631103
-0.6909995243218875
0.5733665378661329
0.4992554168931087
-0.41002375864846197
0.562387290140607
0.5371715537475946
-0.3507235946351819
0.027351485992756455
-0.13101644784346017
0.7888779148932272
0.9139606165904618
-0.4192852659152372
-0.3408965381829239
0.4509095857821411
-0.25229969862621154
0.9520561723659943
-0.24268921372496358
-0.42298856242783694
0.6923874316107725
-0.8863716648560347
-0.3311575744203282
-0.8743013523429638
-0.7153837700430554
0.4599320582047423
-0.31516698385096714
0.6056568340113676
-0.14754350662289856
-0.5789977632904112
-0.5486347192610129
0.3020318388501901
0.41109170227567843
-0.3781972987156721
0.29061046558769865
-0.48147380333028944
0.8187644570953734
-0.2751451687739836
-0.05144746535130509
0.6845371806357835
0.5592903958440528
-0.5178713607637906
0.848049200773659
-0.30002030161671794
0.40298479979613927
0.6414123474160934
-0.9090338661604819
-0.08435064288928126
-0.25042769196215603
-0.15686042984877085
0.5829072716266361
0.5075792868641511
-0.4996299183694953
0.6903643485596368
-0.14148288576773385
0.49161067792570873
0.6419313579383723
-0.47432240347814275
-0.6985992171016959
0.1905596490018277
0.20495077380384027
0.3534438148843098
-0.5490675563040742
0.5342290143406891
0.41244671212560047
0.6701234727653861
-0.3388533367326787
0.623519235001778
-0.5486192411614866
-0.6659348709125776
0.8289777791182698
-0.9376625111565726
-0.6664722066130248
-0.1590953513484273
0.31035880153726836
-0.3054766190548896
0.26551116635677846
0.18801944721206768
-0.4571233012152939
0.9304426496099013
-0.6541185506233059
-0.09595316859891113
-0.3331578279471292
0.7859717378343739
-0.26917522838386115
0.9454767205262817
0.5227586368689686
0.15573661614756185
0.8637629884746028
0.19340256311558804
-0.6280625449597189
0.26452341622961817
-0.5868678800317015
0.7794113287988297
-0.009337183443925461
0.9316665688762679
0.6952421999786282
0.20564831343503528
0.9870977918193082
-0.2670211522336782
0.3486435353838453
0.6162795624932624
0.969803082601043
-0.651801569334073
0.18453676559763402
-0.10028254880022539
0.3679542872204129
-0.3069042139369974
-0.2343756463231499
-0.9917164340767051
-0.18941467959648947
0.9657325674708015
-0.8209594131945753
0.529397775265915
-0.43243216953010283
-0.9938977583246419
0.48247675596875444
0.7298371461030584
-0.8252953672368377
0.0645350053171534
0.9852541433637242
0.280726022117594
-0.9669765062795809
-0.6645948943438532
0.9824856546472828
-0.9345850917442181
-0.7506012030472369
-0.1763976937166188
0.6239271101482385
0.4779475279465957
-0.8009014234725939
-0.5607727422061239
0.05656293176931066
0.6070493526676506
0.4571908713854093
-0.12972829309889525
0.5031964995510383
0.06085713772136714
0.5229457322441651
-0.8169706196873415
0.4696031363601206
-0.41765336232980244
0.5513870564261423
-0.2713781199634455
-0.2038026056721554
-0.3156594885494087
0.1963017819363013
0.9757445248496529
0.6837447024005807
-0.0385705284898869
0.7209762328506126
0.35698989940301246
-0.7078628650169375
-0.4965408130718789
-0.9573962627037207
0.13701934597877716
-0.053350268551985915
-0.4080605613639409
-0.7553362009708648
-0.4797109973889388
0.6791518058865851
0.8301729992242113
0.40581704065152896
0.7391831304856181
-0.6106585607343948
0.6577526366354616
-0.8635783094722498
0.8670334377528753
0.4972524893356481
0.6404157800917105
-0.5498083520081096
-0.32381221695462126
0.600444531617869
0.45360759123747246
0.013974017234735051
-0.3223186599861001
-0.6931122893394064
-0.6384973790739814
-0.2021477650308568
-0.06790793972780972
0.6648617869263735
-0.3235377767864213
-0.8211034576690488
-0.2959853487923415
0.12762289279880015
0.5310312109862148
0.023132631452064345
-0.328049096999166
0.376338626839781
0.5908958102662893
-0.31941857178731653
0.4187615785601634
0.8927104655344905
0.5792104133560477
0.8448725532169273
-0.28091412936106874
-0.5681063175721578
-0.9097851849343793
0.8798806606181779
0.51368135728577
0.09384872585661949
-0.08519430664189574
0.7147060340433636
0.27887347098611504
0.1573670140288412
-0.5415384388144963
-0.06104187002329841
-0.5200199936923401
0.5304066014636702
-0.7538048884839513
0.8470680144978866
0.5155883767982665
-0.9437216708241798
0.07176674320868054
0.9721579502651339
-0.4912234471748033
-0.6855144688302923
-0.4302651317061624
0.7364368016816729
0.15284097369864533
-0.9768349056347684
-0.2844310071723313
-0.31133867455557807
0.7958437249023931
-0.973992174614564
-0.9002023505328046
-0.0457398089763787
-0.3498319904209779
0.017841801211182052
0.2121873873707043
-0.6746759418331773
-0.3746798399251579
0.45155626355060463
-0.1824316711234185
0.8848416055484613
0.9324998410857326
-0.8184512719133782
-0.6257957261358549
0.729754120102422
-0.36042885524568496
0.9286422413572938
0.3567071921135557
0.597535304672255
-0.9828883094109949
-0.6422676252396714
-0.714248186683637
0.8592787863201671
-1
0.5103504705266589
0.2547319723388444
-0.7760169448332481
0.8095334161853794
0.6700588758510941
-0.26778590762456755
-0.3427543631423087
-0.9330804584414647
0.5127277615413065
-0.1966142295543559
0.7547745596731562
-0.4039679171054163
-0.7087291873971602
-0.12155871973033862
0.04849694232793213
0.01806431752166496
-0.8465962778311233
0.9239752941612098
-0.17805458812032612
-0.1630973970545309
-0.15840147057631485
0.4988885476671866
0.7325993822370847
0.4979423689586018
0.9451257088813177
0.14443282063769286
-0.8232378043389615
0.6241354422121982
-0.6345183935013787
0.5321962679902074
-0.9099221728725032
0.4118777165048217
-0.07624042404065362
-0.6834832247240146
-0.2183996196863861
0.5515591833371605
-0.36471654375788004
-0.7655512951843795
-0.0295315958317906
-0.2865462823011137
0.9270446169984293
-0.23498326970103656
-0.36453332537979827
0.19772117738745332
0.5518153721922614
0.9442567864707229
-0.12449150890265716
-0.26447122075473906
-0.11830404749802699
-0.9779562021598877
0.44392939811049303
0.2236701919580316
-0.9115064736048893
0.9540801213427839
-0.2601063786752254
-0.6110042158002102
-0.30073305010638784
0.14293144640854968
0.7678320587747369
0.8735528266336064
0.21144403803044892
-0.24481779688201633
0.4787593820473105
0.7153067637916185
0.9534307294422342
-0.12665643486489075
0.776936653633129
-0.7837897432936782
0.7653978232872252
0.9535876408986813
0.8263007172059583
0.8891589766186747
-0.7818458832454948
-0.17104326626461208
-0.04761121115069499
0.456329716651989
0.425803168921613
-0.38362920023910724
0.8480383461514011
-0.32625432953580924
0.4285224683169257
0.34805091795516857
0.4521708767838907
0.16469171793347614
-0.8013988470584243
-0.8955181686740661
-0.11512398215014562
-0.2169453646651693
0.6989049829387616
-0.012753705859165906
-0.12282869461307097
0.5535245875718756
-0.0506351058106726
0.692449665205164
0.3897212583198886
0.009994946700306958
-0.6495794387082692
-0.35273799758433166
-0.46088428132864695
0.30461448856402845
-0.01166780270773385
-0.3186571418893261
0.09532726266933104
-0.6137365929522547
-0.47361363728913775
0.6561981426754869
0.10553487773766618
0.8215551012329553
0.7052989350106331
0.7465926640214268
-0.2686088701362963
0.061861751178658504
-0.7849360659547774
0.31170146504714574
0.8741909250428574
-0.10998387117595905
-0.1531630560239216
0.8646503623700822
-0.70205525963997
0.9774100014667444
-0.046921203960059985
0.07178053683697208
-0.3941047370896594
0.30668128043201165
0.3347168469756685
0.1259758678236423
0.14400195532142082
0.7346738787286424
-0.6946105695615373
0.7915032537601255
-0.27696956327760247
0.7567633317245844
0.5673336749490865
-0.4498592947240718
0.8386522517758924
-0.46229698845630124
-0.908789761525609
0.044919714979745645
0.6382402885007872
-0.9847895904161321
-0.6450810773574553
0.06478015931626088
-0.799317047721628
0.17935715117286813
-0.0851320219674026
-0.9436946269180034
-0.5116772067318833
-0.6489055430360197
0.5941096669644762
-0.327333421076097
-0.8921386974696572
0.2981801259475713
0.44250083881178087
-0.13964762493735164
0.7305710221902666
-0.05796187708743214
0.7896582223941024
-0.5299465067008089
0.3697948344379128
0.7962886025781013
-0.2702781221123812
-0.9710001952911571
-0.20549224685671008
-0.6210742604098473
0.8062169555348323
0.8453771339467552
-0.678595951790217
0.5637841499210665
-0.16748801579444142
0.9009831443718318
-0.1308858168985252
-0.3675106994765235
-0.9890460499122121
-0.550000811041439
0.2655506042847856
0.016678414710809514
0.6313285973389517
0.6706312004469588
-0.06378149749647856
0.3119405321689633
-0.44742526400144733
0.06402525480569944
0.015396114179205098
-0.724191808035705
-0.3764622581970335
0.8853005415537423
-0.8782501536756487
0.8114991868390822
0.30782042184598035
0.4062169322855698
-0.5678205696142958
-0.07792052584266061
0.23668599579905164
-0.6275565777725276
0.5259991989160722
0.5669471074784361
0.9484035303487889
0.043584723344595615
-0.3095612512827121
0.6687918396040013
0.3294452904508131
-0.9409584656539847
0.469758889859986
-0.6669010801547436
-0.3272975512978645
-0.7155314401762102
-0.7785670197042689
-0.94610071958797
0.9007502288933662
-0.6099124126542693
-0.7838512556435356
-0.42279543133510006
-0.2520081049855852
0.5216101186559565
0.33342087964506767
-0.6026669705753327
-0.27370202824924633
0.7074230426304409
0.9133154987560462
0.7020866088805575
-0.03458709395253422
-0.8512312605905811
0.33265128696321766
-0.4132298801617855
-0.6820462598843872
-0.038346709761331
-0.5724013111211501
-0.15011696538717778
-0.7284112878701517
0.4493776802573114
0.3840009273315394
-0.08040112542505788
0.7787609090399507
-0.9466415931596487
0.5404725979227291
-0.5113013500809518
0.36086384116822884
0.5171264468524135
0.25231972189766905
-0.3662797279754714
0.2921904745665908
-0.13255775835688932
-0.9070050038552714
-0.5513566671992438
0.9911939771910687
-0.1258817734807666
-0.9525379484719274
-0.5985489756840263
-0.9595353849773681
-0.22208293512637325
-0.328986644159536
-0.8203784745481103
0.5261980667639992
-0.8991285856600432
0.42934627790430413
-0.29988288671095087
-0.731255192516066
0.8534739696873774
-0.37848477027266014
-0.21753839490632298
0.5022223219598025
-0.8371581153656719
0.45328818852567726
0.2910668611434758
-0.017651791947193553
0.35400723629732717
-0.11868187196249373
0.5859989647353698
-0.9622555822647727
0.47088642008934095
-0.035814939659336895
0.10525269108222188
-0.12471385529790521
-0.1477419144843055
-0.9863260696136347
-0.9938564695963739
0.025936529279320556
0.010077919303687621
0.4642478304808319
1
-0.49969616801474914
0.7596909512761697
0.43901544902013206
-0.113064661254107
-0.702692502515642
-0.5566530707337237
0.14464239880589513
-0.273340809223936
-0.9374819382293025
0.8967640235621624
0.35234288261748725
0.7105841530242225
-0.9946411401796053
0.6384734328978535
-0.03806527111802486
-0.2310549677326089
-0.022962427132600858
0.585958817350444
-0.21203646417686245
-0.2571339230269837
0.20667227462129606
0.8638869012534274
0.48902896128230366
0.41487013155733543
0.4482167107488711
-0.4101443408954595
0.33526993489245566
-0.3437337473928204
-0.3998737123485758
0.2527269577756867
0.9196314448205918
-0.035507905694116285
0.12525750783202985
0.45063063548229276
0.31035939708025356
0.38445913939172843
0.4782199004771669
-0.37034584935541504
-0.05098990495095516
-0.8949223668180126
0.03259294323178985
-0.7194559130997876
0.7252994362323234
-0.5904018595589872
-0.4340921457422421
-0.719747249743785
0.7007501468704544
-0.6112518077680711
-0.6270293576310251
0.21499886014515363
0.3097147715167305
-0.7100374392044557
-0.5790925763956232
-0.4512123020071725
0.45145126950779957
-0.4702713320204982
-0.1599230596482998
0.2611872619845469
0.2567429033411154
-0.10401404031158011
-0.1910481569612093
-0.7131487529029856
-0.41075229759182064
0.19054997760032696
-0.2804638542973063
0.24987871077701646
0.10614529287309354
-0.12893262997702978
-0.2823168450698303
0.5046220126333439
0.07885215184494072
-0.06368430624406578
-0.8961642299175131
0.9475279819808113
-0.8366979997921955
-0.3606466361018827
-0.8411325996926502
-0.4144117667345048
-0.6959428802376266
-0.8774564558273513
-0.5206269253970858
-0.26397215258914913
-0.9052675451132105
-0.013739444526411425
-0.7616400514721964
-0.41186924441013606
0.03902232043392833
-0.6773673110566243
0.16588323979031025
-0.4017934219049747
0.8673286251743282
0.6306087138222769
0.725444752544966
-0.963618315970661
-0.6285957158812137
-0.9708988300776237
0.8266382034043899
-0.359054233245186
0.1765105320705756
0.8419821361260935
-0.6779990364773042
-0.7786780392786999
0.3916246750445713
0.8565696892582024
0.1115043444689704
-0.17412813439393104
0.2672366607693994
0.06364072537343562
0.1554158931934622
-0.7546012240095867
0.2475933067076781
-0.8642736465109019
-0.807370932209243
0.09525788981341735
0.9512001431697911
0.5679272654034474
0.09805168537050121
0.8686627812902177
0.14207831390234008
-0.35632049761449114
0.42764175517625047
-0.27194362018976986
-0.20797151383274917
-0.5083601000542872
0.46299628289214556
-0.7833952419608649
-0.39435556734930505
0.4436830475221903
0.49056363697469735
-0.6664821645638188
0.9350980022568588
-0.6860474051970469
-0.3650882893564928
-0.1116958366013592
0.3393673093580153
0.04716586119219978
0.4776796380132246
0.4097944927597008
0.8940003938520721
0.41659679981132686
0.7797473834380648
-0.6125554869887239
-0.3781966679754618
-0.18210147121428993
0.9453776278732066
-0.6906898533991499
-0.7872938353071103
-0.6545976310420181
-0.06321400416933369
0.6904547860797201
-0.5628632653710999
-0.22383410767074083
-0.6641853302874782
-0.8773092354402273
-0.0991805162957679
-0.584534426791232
-0.37431111550413065
0.2693164533311416
0.9255354021471237
0.9213231391057192
0.22554810215678964
0.383058314775525
0.9608692761450419
-0.08515221976219224
0.6296311881995478
-0.6767769567349243
0.23123199971882014
-0.06428029986066328
-0.08939933650332663
-0.9906343171386829
-0.9094100720866839
-0.08617647271494176
0.38651658361232066
0.25508153450711957
0.9881277879192134
0.8929662053261525
-0.739562571256042
-0.9678825868807861
-0.08645359242210543
0.11621850837895058
-0.8317497860772268
0.7431609091554537
-0.7543945478113511
0.5707874619442825
-0.32362017628028134
-0.2621704247744189
0.28593225820263013
0.7846073016104403
0.739706962619795
-0.3300359063499726
-0.010062313192108487
0.1892475461136059
0.12875778265549567
0.602821121608093
0.1736828772986409
0.9191489462558532
0.762600011249591
0.10396393326240809
0.40751397455765204
0.15446056991134494
0.7104114361455651
0.7267376724271077
-0.7224102863588269
-0.6007514906850968
0.17485442385785982
-0.9913680355883795
0.6842768613808234
0.8363496005922471
0.029459785610822027
0.6095010183524279
-0.14112157306213421
0.4952104224811549
0.3016966611098789
-0.5105019320972268
-0.5162191101531849
-0.21586141555659455
0.09726910489050375
0.7883575454716529
-0.6304301175211375
0.605310071639154
0.049916214712483024
-0.9283779093363518
0.060268205901304106
-0.6669972899581466
-0.13706699096818095
0.7658404031698198
-0.3478726643250587
-0.16679354870756602
-0.28180329422837125
0.2732188951335868
-0.9797270949382635
0.643844863792075
-0.056505548412645
-0.10136260642924343
-0.14203860303221455
0.16441846315747274
0.37860316205640976
0.5546260573104144
0.6283190041445559
-0.2204345235353652
-0.03437563336707343
-0.7962401824151718
-0.43346325802485247
-0.24914882706501934
0.49856016533955855
-0.7438887168499638
-0.41961104632451407
0.5351836039120005
0.14241609789240728
0.035747348188469384
-0.8616012527881736
0.35666684695923073
-0.3821665310079217
-0.6733429446783801
-0.7773002246235167
0.2915747120112134
-0.28991489933961745
0.5375681447280578
0.0085155420890064
-0.6258463562129474
-0.6612183621328386
-0.37544026833098487
-0.32719781677721005
-0.20212308203079832
0.3462410419556099
-0.8182390633838051
-0.426800385610458
-0.5403586965247071
0.031185221043892604
0.09461577571235225
0.44954610839411013
-0.7134239240508203
-0.11046613758394541
0.20878195252291795
0.3659751278595348
0.9858022199824561
-0.5801111121576075
0.8437583102741106
-0.4697428809377845
0.9628183548069006
0.7333904281131476
0.7902154513557337
-0.9901474091756483
-0.16073303346352338
-0.9196136997512729
0.43806406814297394
-0.19030945046486414
0.9308043787777992
0.7359217881893446
-0.7154333413770051
-0.27138519847981296
-0.19688820580699323
-0.854301185038802
-0.5546037935788225
-0.3523303824813038
-0.11064678139773536
-0.34453210095714076
-0.5942353284546612
0.45340577216419126
0.5827483754089287
-0.4048763593392329
0.9153199784264728
-0.04941236807973527
-0.636128282923217
0.035358370250153565
-0.40540736386171533
-0.8298192508872252
-0.45667187820929733
0.04877221564754708
-0.6569421930635432
-0.3572590970795454
0.9886065070423242
-0.45751142726318034
0.5368943380034569
-0.9027137281123656
-0.6791925001130822
0.09136551082211507
-0.5790452930673986
0.031005951140038287
0.5917256618434912
-0.27188461513826917
0.3987072255353224
-0.5678346456129737
0.8996865134231237
0.16297630441303398
-0.361143075417301
-0.313769441786872
0.3037529932566461
-0.886733963522296
-0.49402114798385527
-0.8271529328928126
0.8987091560389018
-0.21068302480489165
-0.18844438603077796
-0.5897198986719824
0.6486289291870725
0.6818579162801036
0.6081099867850165
0.64964770620101
0.9603415159373762
0.3001804264314018
-0.6955120659795505
-0.6797104885546524
-0.4998130185469316
-0.49834715415829295
0.1753911624111158
-0.042562962016060246
0.28922906562854506
-0.6077132772370527
0.9678185417996339
0.788852434359561
-1
-0.2656982055209364
0.8575103107435654
-0.033703221291136176
0.9298331164161099
-0.3007044870201396
0.8240719049459212
-0.5114971066365182
-0.1937210602961211
0.2074859831501788
0.17918767899304103
-0.28227160349330277
0.7466906401617274
-0.33545042418257276
0.7751585609356374
-0.7618622418252988
0.3764623874629456
0.6897574291390833
-0.8537396081906197
0.8341562650644182
0.05472695945323685
0.750701507557988
-0.057789906425611284
0.5891369767640962
0.3997579415097539
-0.48396838345398163
-0.9734889635152914
0.39870358348540935
-0.6476448466375074
-0.08963492323456881
0.29319857892282664
-0.5018766884012079
0.09319393678909978
0.6441434504622212
-0.2641883241475633
0.8230951139463725
-0.4683040917125673
0.5858408679190736
0.45718061890952594
0.2620402713393257
-0.8716009155303115
0.7967799732024029
-0.8527320306592422
-0.5316017813046592
0.8129399085982859
0.04272528642229194
0.2561678791810001
0.9993252136677908
0.08064054516441446
-0.3163131831509235
-0.47707760811025635
0.35026245635714454
-0.08317428246758858
0.32460439720020506
-0.5447173071966525
0.7191568596413305
0.8739442529591318
-0.17331658398221375
-0.2438441320452528
0.07266866503177764
0.8774964041492265
-0.4558862754490548
0.7044950156046902
-0.9196110575821547
-0.20899756825986984
-0.8959403032160822
0.5327273482619991
0.1431572331983614
-0.8817999367026469
0.6093438187016689
0.260147284393397
-0.7233674246649057
0.8805141891173024
-0.4980044519090487
0.5418413027511337
-0.14687610940509374
-0.5932505287798647
0.40974952444339335
0.5589078075227858
-0.9153164231884028
-0.0917694009688833
0.9666656591985151
0.2083716035495291
0.10969322337822371
-0.09786318711924301
0.7399071927246675
1
-0.5420088319015437
0.15163470822530542
-0.7267036760575512
0.4851049119848064
-0.28672083494254136
-0.3324700529899797
-0.9919784223167499
0.9961876904492203
-0.502701639957385
0.42878521819013193
-0.471717538395262
-0.49834479926444664
0.6976219622357552
-0.9715325109474434
-0.013498478292415347
-0.17679432144231705
0.37336810290536004
0.3110574437757911
0.12157104256006024
-0.7903282236546793
0.527107703092802
0.46898573073762106
0.793207134934836
-0.5287670345246245
0.08361687431067406
0.9163533119332068
-0.5070703041680629
0.5953144184444046
-0.4599398700694403
-0.7740351534296953
-0.9907514976612534
-0.40670916513418626
-0.8801320542734049
-0.10091637635326191
0.25536703782515474
-0.6032570806876437
0.6899562833127639
0.6429431939960524
0.35626049989722847
0.17520003292472855
0.922868288208564
0.7757389690921703
0.13943959768672606
0.17967065772496757
0.8050440732868699
-0.7256327926631401
0.6082991802990836
-0.45391345249171894
0.931338302405414
0.9389905682502784
0.8025897919892754
-0.811529530844099
-0.9717993725285399
-0.8726300504292172
-0.9686070295542109
0.4213183080842693
0.889179605718487
-0.6882625183310921
-0.3071270929463428
-0.2957198011518148
0.9198475983513276
-0.7623229237010105
-0.060131486478996396
0.9991338422661794
-0.8107008834776591
-0.4528220240191022
-0.23012374274293165
0.1924393516585647
-1
-0.36097840245554724
-0.5824090310763966
0.3840526786612584
-0.16601897873048205
-0.18513598635058096
0.8629390075059122
-0.6529050446088626
-0.046693179602794094
-0.15030369839959357
-0.015540961824082218
0.24602825771545045
-0.32362388307995255
0.6873287550606463
-0.7115216610625912
-0.31108650855574005
0.012521482728733872
0.9127358205865092
0.5602457078904356
-0.732747696303306
-0.3277817276008982
-0.6514172133503031
0.8279743076536418
0.43648280615166574
-0.9248187656487473
-0.8372198978539819
-0.49115671342558836
-0.7578887791100908
-0.5619943773851613
0.2376852580365942
0.16084345927261737
0.6088994168639071
0.5318087271105092
0.8412348023451663
-0.32379992784677936
0.6326630431690854
0.6593529413473401
-0.8373325151883023
0.22118636533257705
0.3627934269732509
-0.6942287227612487
0.9584304460017736
-0.007166418920032036
0.2620638851657376
0.49419318011156
-0.9198677840671738
-0.8791783913854261
0.011340862691530083
0.26526254757756157
-0.3574553594381732
-0.4597103909731753
-0.06561505133616727
0.9153727151269891
0.4142126525013189
0.256919993121886
-0.41199185497431684
0.7621197087588423
0.27432154343812665
0.06541003842838872
-0.44907868703969606
0.2638011789520253
0.13695142019542167
-0.7501553000687535
0.36170753434864567
-0.2895359381268771
-0.2715975687612768
-0.5714260042294645
-0.30958455657382106
-0.238073147242863
0.32673591746404035
-0.09598077577675687
-0.6711908970516497
-0.5353224159525592
0.0001739646302560691
0.4596581505156985
-0.9083745815325334
0.6596602475262149
0.259318387790934
0.5919396527721587
0.6999538152145091
0.5080919346812836
-0.28556297412237835
-0.5780952770130988
-0.4773561681883366
0.791102076189393
-0.5821185474071875
0.6503201318964058
0.3434530416436489
-0.6812180834662354
-0.05358161029798143
0.8363826966224542
-0.008241169259094034
-0.20579815877497978
0.8314685481577183
0.7363408539341504
0.9110153903206257
-0.057493076798385334
-0.48172624066248293
-0.5385282470447185
-0.7557760074848777
-0.3466225797953214
0.24275276382703506
0.3808450471877571
-0.7839770423102852
-0.22051264115522573
-0.106373378564162
-0.2999190289640826
-0.720130330005535
-0.8925242950201173
0.3751247722965962
0.3072509817467775
0.07398944040476542
-0.38299521516670026
0.23848820388845368
-0.9863597865898993
0.9270768783443692
-0.9291621487662809
-0.618982573700074
-0.5934237778615609
-0.4693169284736454
-0.025355704405823756
0.7436763246419248
0.1279217112210336
-0.5499080003106365
-0.8720701545567857
0.021415988630966953
-0.3651651821334146
-0.9926778629261236
0.08923856085134872
-0.8357097812920954
0.6508786793224686
-0.2235486885580999
-0.6996055062208066
-0.41860213209822805
-0.8337159104238842
-0.9902184157871764
0.4526562445238187
0.6544376638355106
-0.29299481514670334
-0.3538401185898101
-0.027396086655679996
0.2623107255998887
-0.18747370264456067
0.329957671282335
0.9535891814801519
0.3580646362401633
-0.22986008458001805
0.8428096985533792
-0.5987143030510005
-0.761572586891808
-0.20361295558594453
-0.55687688073092
-0.5370609040674843
-0.8825310114991235
0.14381057448792317
-0.15368677856120536
0.12956244513907147
0.6930324425863855
-0.5580127420812808
-0.10460757263267187
0.6922624060448138
-0.1214448546457297
-0.44300837916447716
-0.8006443565395488
0.6438819487168643
-0.7916605120540832
-0.5862385635670143
0.3670071169621942
-0.41154075947599233
-0.9602003810476647
-0.5697158714248886
0.1554912931902348
0.5804927500657708
-0.6507923236060927
-0.5370647242521499
0.9971904848893298
0.6914223172072477
0.6738338364726829
0.9078166954815338
-0.8779408562591947
0.22377248575050268
-0.6964034130465492
-0.5405953766067074
-0.5727075464375104
0.49911039977318994
-0.6396309848052192
-0.06868795863177649
-0.47460741714835686
0.029965509892615545
0.9782460848830402
-0.4399376815497617
0.40540435986943163
-0.7080396125286982
0.5528786344998825
0.7322645275078467
-0.9309104464208827
0.5808921650461393
-0.7564247319080832
0.6861157866882687
-0.10834255064712663
0.7449023099501816
-0.2397502618978422
-0.11720910065268637
0.4444437338740075
0.8834747423258095
-0.9333439170603186
0.9307297082519488
-0.395572171442665
0.9386448333699046
-0.5396390610296388
-0.495056711684657
-0.688142047944326
0.8800305668572296
0.39394297568920356
0.6565849060138935
-0.7863049261866157
0.27155960400431894
0.7418100286406956
-0.6535832848058478
0.5537267449375514
0.14661144951322677
0.5392804100193463
-0.32789936908648254
-0.327462704334271
-0.6847939770364306
-0.42081774269987693
0.3146915700879145
-0.10135195752522747
0.5902112471318923
0.1270630284262541
-0.38971435328352666
0.9318135010761477
0.5220205004572621
0.4130554852509105
-0.05309151079024018
-0.2319976943244448
-0.4493618328716548
-0.5393736412500968
0.3724191388839409
0.6626502589783787
0.9634705712928692
0.9945350427835427
0.6909191835462839
-0.8911634239552791
0.4203252211888401
0.43494337908394937
0.7698684549149207
0.49292363401957007
-0.36519884264589203
0.6202820844556324
0.996681256991579
-0.647374636019242
-0.45897789154352864
0.6181797346863029
0.10147162347865571
-0.8063652511022571
-0.8846790026764214
0.7100259513857737
-0.3183991528722995
0.40888002623104563
-0.14808352773941155
0.805149682121648
0.6581265617290111
-0.0630746392481885
-0.08996877501261918
0.9577979599956306
0.1868381172280589
0.8509564672158589
-0.5539414294879826
-0.3783200628042523
0.412242248610829
-0.6286868817969876
-0.42698180805509917
0.22553977332942957
0.8304185475749413
-0.6808392362645715
-0.5313153405388961
0.1393702761446171
-0.6941400951290708
-0.11202430659954221
-0.5880406148028058
0.8375742681308105
-0.13567931138850767
-0.946400412354917
0.23419770155501174
0.5262508620808997
0.35961446458251384
0.03883332761758122
0.8253055538557337
0.7307542620043765
-0.42226133328548093
0.6199291902539772
0.9374737858198467
-0.04324830207683414
0.802212694688991
0.17776900999068762
0.9482580430232432
-0.7237307495091733
-0.913139392107502
-0.3292540893823647
-0.6663894792898776
0.10435823136145858
0.2723324545882196
-0.9695487619333079
0.19662575689833675
-0.5148766348945734
-0.642194230910613
0.8248297290152886
0.5099210736837713
-0.6978526452855282
0.4787303914310591
0.9151384417108114
-0.45671581889719476
0.25763231737658
0.5900569257643514
0.4544119316557376
-0.5551072105356696
0.15408173329003905
-0.7715698317169364
-0.396707419631284
-0.5696651253708155
-0.8722930547212239
0.475911440738133
-0.41581041149023534
-0.7923293160783137
-0.15815234495146557
-0.7544118945954826
-0.17656993274892732
-0.046609866487095086
0.010246108464100099
0.4955195304010077
-0.9670495382858935
0.343289266350277
0.3413278427420599
-0.10533325039863742
-0.4119517159428853
-0.7614721819890413
0.4121826319660778
0.6424716849627475
0.0094368488131924
0.6041801777525978
-0.8851500860839453
0.40939644241278167
0.9274968543389026
-0.4527508885123909
0.596811626384448
0.3390328112336419
-0.22734409488296348
-0.729651093950174
0.1859835879754883
-0.24180032379645916
-0.9797928964125964
-0.6582308815221417
-0.27198951964344065
0.7917303831224864
0.31373320464332793
0.8717399580392001
-0.2842723794364949
0.20345115229152813
-0.6408921825632412
-0.4229725138205187
-0.4028461380321086
0.9442327362437659
0.7058292558822608
-0.32124362059504086
0.6477200689481555
0.9698917816529974
-0.8361990722656342
0.3568817455634746
0.047664097093683626
-0.9707588055139456
-0.6758521265058771
0.7781638790072396
0.6101361150144038
-0.46699001383427763
0.3404155432821726
-0.2316837932188284
0.9688152259468346
-0.089281133708461
-0.598896440001387
-0.1607406511814085
0.9867300809207374
0.44476425347307635
-0.38280680132842193
-0.24502469169612492
-0.8673782511404422
-0.11415250340593909
0.6734528407430732
0.7826898098839741
0.15168283782965522
-0.561619056688451
0.2672623868847968
-0.3200502231711016
0.8526779225344746
-0.11501417279468792
0.07532747721100025
0.45390976660531196
-0.8641379193221832
-0.195736595470976
-0.31372508563763396
0.7489322362614926
-0.6224326851998632
0.05865295219302085
-0.6700158717180443
-0.9545217021999454
0.42472994888062465
-0.4102634745618716
0.19585077348943375
-0.049050714668421716
0.253586643660191
-0.42496170707384784
-0.30088055309501616
0.7540221186032413
-0.17304664260758598
0.9136149174181823
-0.5988471359976725
0.7697631330975203
-0.3109793565049191
-0.1719584059186952
0.6730020672958816
-0.02345498742983319
0.46304133842979694
-0.6842810140422099
0.670748415099488
-0.9245204613616183
-0.11004926724136915
-0.6497514489018014
0.10150407719613164
-0.17823077920899885
0.7164066590515682
0.3858315209129673
-0.5425857367038434
-0.2961144714824396
0.5379901111259626
-0.09840080184352114
-0.3610597663566957
-0.8037045342295284
-0.4171174617940139
-0.5261151373071891
0.20332631816295993
-0.4263526475829776
0.6016096880632489
-0.5462243782943406
-0.7341853116811838
-0.31702229879048827
0.502325230177097
-0.822973866256052
-0.5976883687511023
0.9638959764271281
-0.8466049223166585
0.03248384001990132
-0.7576829419385738
0.7582573071168821
-0.17241905684397824
0.28281036696779
-0.6437796510097511
-0.0689108911487646
-0.7520428812659868
-0.8081524272501944
0.6528503235034782
-0.5225769373813907
0.09827377879275558
0.08158357687016989
0.30545957533587936
0.20344524223105392
0.3014199782518094
-0.47630557867044765
-0.705614988019863
0.6917694139552883
-0.14416305748804556
-0.7948298417710372
-0.005711917430732384
0.04797003341043078
0.5843536549107926
0.34091048386641837
0.3540347052478957
0.9975135363281831
0.3310507866763887
0.43395790455454814
0.2903019644915726
0.8563916307810759
0.7122818384794181
-0.2961751609093074
-0.5948751670078263
-0.2340387933499163
0.581533441247994
-0.530541459506303
-0.648611257861494
-0.5633089148746329
-0.24665274565039863
-0.859097186020897
0.14777411573813215
-0.5075613327445108
0.5582165528825092
-0.7635434518884436
0.9487818092315653
-0.6719724698361991
-0.807268321392291
-0.3301628882146027
0.4026122178867861
0.6432859128448826
0.21607971924684305
0.5951909250131341
-0.7425127673557818
0.37383591741411293
-0.6749213911563904
-0.9239617969566913
-0.5394363689630689
0.4479167524861355
-0.7229704990806367
-0.8109805969922446
-0.24915763205109306
-0.6302915168730154
0.8907420172148234
0.8629717216585004
0.12163983356812527
-0.616362213212454
0.9153078589634174
-0.8558086166605033
-0.4783799995125232
0.35500239880573975
-0.9770573520207554
0.9524481157097924
0.7024399475618822
-0.32180451555748174
0.13513503630067472
-0.679669435030243
-0.24692810518202823
-0.7118528336641445
-0.08896414714382901
-0.9562470318306371
-0.07753718087402338
-0.9209420470974226
0.9618280351589227
0.8199925529114108
-0.35871753798100997
-0.9362991837081717
-0.08247848461091217
-0.7717985966542228
-0.20508277331904604
0.2755734559566517
-0.2845597546975765
0.24466791501628923
0.1763996470246311
0.5090485759925522
-0.9395786414304835
-0.9339438991842277
0.5338289785921009
-0.2681865784033301
-0.3146338479163239
-0.03190686558314953
-0.13624167181406388
-0.1075352404477572
-0.20894960000714116
-0.2246070995188234
-0.7359417575922227
0.9937711992333254
0.8357248379296114
0.8998523811083197
-0.8002328581812579
0.36857880486636796
0.21847151098233494
0.8269753797159729
0.02674630025176956
0.38103339982977263
-0.22477435424193914
-0.4210361419668339
-0.9703593975577698
0.654656905862723
0.2677390598375775
-0.6377440088702047
0.8842392297322481
-0.9429243169930114
0.3906649146906832
0.564531247432921
-0.7335078554384602
0.09534652479063863
-0.10681485894672918
-0.6702550439868155
-0.556030034525877
-0.5902711874229074
0.7733566679744078
0.9475157112959751
0.6203227512204142
-0.09134644928924812
0.41595733076588204
-0.37967657206509475
-0.7795066686998305
-0.2650944788434541
0.6602979218229952
0.24531098672077492
0.5768675442027795
0.6635857463552264
-0.37573113257332486
-0.1503039499371773
0.4328307079677577
-0.17353048657726916
-0.18905254923036288
0.19793957677083704
0.6086845164625914
-0.11836168752723461
-0.6695952278493369
0.7942693613660032
-0.09428413599903285
0.32053235389378165
-0.8225685837957869
-0.553503922751328
0.19898397870918677
-0.6019426012802168
0.7152604552792855
0.09163204956968393
0.2616796349295258
-0.9679102890762888
0.5029487261648236
0.797091623839774
0.11650396111980724
-0.3184318395434777
-0.750238391419555
-0.3102563023095583
-0.8307386378389333
0.9963393086530068
0.23379974707235573
0.5816689791603668
0.18523410745013494
-0.10600769557936503
0.07331998616197136
-0.49229330995740894
0.27022375750061073
-0.775615798967689
0.38286699004307245
0.46910053575772004
0.9164803752509093
-0.0923261037490858
0.09024670399121731
-0.1328188555127739
-0.8937118855340511
-0.04425752275597639
-0.5844138140233215
0.31811287343663247
-0.7694938913834779
-0.6315564940742413
-0.20442307766848292
-0.7060062659663628
-0.8110952476186007
-0.020881225602865913
0.47515674700233657
-0.28027816001505806
-0.8490569711901466
-0.7617017238715865
0.35089029742358485
0.81900309305856
-0.21821677674083909
-0.6585440266262602
0.7429582418376786
-0.6349702139155355
-0.03564692957409485
0.4727697932398211
0.34814117491547836
0.5919524351673866
0.9536222636534991
-0.12022013404074279
-0.4532185592171226
0.24148558356696243
-0.3054672667735188
-0.31850237734797937
-0.9721762023932408
0.3579633713906842
0.9154360970666937
0.21184223037636613
-0.514776006359143
0.6933428156954481
0.09721572666028597
-0.5350350671621675
0.7789393561941429
-0.7340891218751499
-0.12798065175592319
-0.13402842233578804
0.2035043726460325
0.4511281760571417
0.5891263762446455
0.09766496109868458
0.4490031166807002
0.6073540677468512
-0.8051254198930574
-0.26494677874551614
-0.9432430360206905
-0.8608645537792265
0.15144893057363476
-0.18148107410211375
0.8681715359323815
0.16020064424372973
-0.829349434019241
0.3719678507762737
0.7166958239249138
-0.25125617237175785
-0.6646118355671875
0.8657146303879689
0.0866483991109935
-0.6907208767758145
-0.9310317327657823
0.43196262880845804
-0.39456337387059986
-0.4757036050019067
-0.2030472595957208
0.7373866036924546
0.49960048733980794
-0.6306732618389915
0.5862586373197529
-0.3816604679640574
-0.45027898977121056
-0.33883148440791233
0.8844569031733838
1
0.4034023036592439
-0.8586443588908571
0.9565568460191396
0.3141340416020526
0.257565729250111
0.837351295669603
-0.9303214236622095
0.9783310458956872
-0.913547471645264
0.5953880827960878
-0.00849445369702792
0.4893270992881325
-0.925325534072864
-0.11572207885128959
0.12103518823970014
-0.9592498287206673
-0.5801767625107294
-0.5982405420289247
-0.6794318742804163
0.3401056989662161
0.675673151048859
-0.7773991441095542
0.8812987549897412
-0.19717805755427964
-0.417807296648086
0.1516212411076445
-0.8358983086072459
0.8537864577414784
0.5058488415538799
0.9736485048674626
0.31595840170971873
0.8636086083313989
0.2618448352675947
-0.1893129635960265
-0.7173485785763233
0.641803675036542
-0.8231318765566749
0.36215561360435833
0.49618703913562273
-0.8017198262047043
0.18243743631525788
-0.2609608287845876
0.8005563047035921
0.6276291552442111
-0.4381235259619922
0.7497296745810481
0.7299012103678081
-0.7566610571667998
0.44914248951407915
-0.4782710401546247
-0.11836719562879243
0.7168706001987355
-0.1992721658537002
0.024240572440427648
0.90137617009364
-0.20623497752830514
0.11930265242507565
0.7183487086888993
-0.9928354332659824
0.6659210013916
0.05310101900535354
-0.04060348519796056
0.8438479597672341
0.7860845412685902
-0.7316927939639174
0.5272135172189661
-0.1702157850852607
0.025063516846100836
0.21110628614138205
0.19156370434711212
-0.9886593330851802
0.10826744484846557
1
-0.03827699930305378
-0.5753668942934718
0.10144577153681288
0.6193850593141316
0.5764060603448007
-0.8351384806279739
0.768065850828103
-0.20537431609671372
0.4528913506403482
0.017538232362572063
-0.8981290252382463
-0.6020982112985371
0.11738555777326155
0.6288294487243924
-0.3969012199416913
0.5516422409455154
0.22693411674446312
-0.3043563871861215
0.490818114292963
0.7856428680892166
-0.20001126805560518
0.6757112825651292
-0.6382727857525897
-0.03024406892464292
-0.6573113801723021
-0.9232077262637125
-0.021192059714073435
0.8154887718689362
0.49415467595990836
-0.8298693484788435
-0.600508748373975
-0.6157631580483678
0.2959947808416328
0.5355049484996309
0.4828443804215164
-0.738982199872117
0.6946344085947137
-0.35569339620270624
0.8940181108383948
0.9400310339827102
0.7316370508460396
0.3513841271510217
-0.8849536985652402
-0.07885547901866956
-0.14014261050381538
0.8851587225335187
0.8153424283026652
0.11525383294238754
0.05965570070689088
0.47449826421072155
0.9211864471920079
-0.39060499527133313
-0.8576489821095994
0.20101680944486833
