0.7063796198580572
0.4300257532864901
0.4117555270830811
0.9191332718041103
0.3727712371213695
-0.5739637312581805
-0.9908528355098415
-0.24202180804336715
0.19688574875884135
0.26711374838332413
-0.7745480989775332
0.33925404160761863
-0.543585744926841
0.8193955880063513
0.41365936716291823
-0.8941235308837285
0.6879306721454417
-0.49682667793009583
0.6023152342763356
0.1423694558484302
-0.8584024215674527
-0.33800842360120953
-0.37547689365455644
0.4085825882412202
0.48330508185632715
-0.2222590797747541
-0.13873133587834227
-0.4792084158888714
-0.5802420613092868
-0.30588891951893094
-0.09126510826860351
-0.7807649891135904
0.5683321746675886
0.3837546341334272
0.6507239106605563
-0.06567847481768752
0.22960605655318683
-0.14068672656979786
-0.8184999427051979
-0.34172206985376047
0.6420788555077865
0.29384627545090847
0.5249913967755307
-0.20540885222120853
0.18183131264228264
-0.12918743445179962
-0.32261595977426066
-0.13964693187182892
0.10795554253446109
0.815444794420425
-0.17304812688906496
-0.9463054899988083
-0.700752405135683
0.8590784650614127
0.9577604489145367
-0.14891466682547397
-0.6586700188269988
0.7204359363556712
0.818977559610175
0.11026668145627067
0.8851515043333847
0.6567038778559297
0.054866408188861036
0.5753025009175046
-0.035177773582579196
-1
-0.8318278722685436
-0.8309932521810011
0.5556935982750474
-0.2800181137555443
-0.0804874070297624
0.8490363168242161
-0.41494207868985195
-0.09833855168301049
-0.03244366673821963
0.8963078191005471
0.2565683782052316
-0.327386226271112
-0.505277275158114
-0.2825661045356558
-0.47805435595089035
-0.06536215857290553
0.22057627256074935
-0.2748170225524003
0.9189374581058222
0.21713431907184713
0.8852089844481578
0.2150825899921604
-0.7695425488068052
-0.7796612357665091
0.6504917140075046
0.8642891363292347
-0.005154850071325831
-0.5295930261082471
-0.7269695604518668
0.5262854996921885
-0.3038745071357226
0.9788102740166521
-0.7633304098007452
0.4814160506922045
0.7009623454071428
0.16090103729691596
0.02561689007170584
0.4916329831317391
-0.5757078151818127
0.4564939046617552
-0.5123125557983923
-0.6095201951556776
-0.9676094348465916
-0.3492046638321568
0.9819928056606085
0.355079151029156
-0.8149376127083818
-0.8894511571501013
0.7432135913683068
-0.4171888693142563
0.4017323990365197
-0.5218123157296657
0.9345751560969069
-0.20974957455504872
0.3200721533051986
-0.20024669718665744
-0.5986804622372478
0.003965634395896115
0.6642880943623214
0.740168066084733
-0.20458172358829269
0.6250743600195972
-0.7969138270608942
-0.6209310895537729
0.0023941813895032834
-0.47157894908978293
0.06996488351795416
0.08438747974567311
-0.3963453379228559
-0.1812544881123542
0.4317802685160808
0.7883217423261291
0.3650754150941611
-0.023786090362228878
-0.4225869406059994
-0.8841580562083896
-0.4903772951429509
0.1375443011593043
0.9028695744711885
-0.8463315983275531
-0.21484130736200271
0.7358134042798964
-0.4878388787517313
0.9918146680025037
-0.39701570559662674
-0.2326408453637639
0.7102576043875515
-0.7430458377250186
-0.5004311650962476
-0.6842003384426971
0.987293439292039
-0.4592509827965386
0.38089189076278096
-0.4451576975775709
0.04209193404896316
-0.36826643037554885
0.5161757454781757
-0.2416418906995083
1
0.37785794429769726
0.04029878274415508
-0.5297886651821055
0.32142264559174555
0.05625359337565123
-0.06292022823204581
-0.34028526261503744
0.6002465588515841
0.01838043045983756
0.6629538095588725
0.648431983146522
0.2833617090787892
-0.35225625318448733
0.49270156599233483
-0.8320424134574395
-0.3209712446848371
-0.4495170545455336
-0.5946293079476399
-0.4390366922941712
-0.8196619625366649
-0.46837848505427643
-0.5304793028365004
0.2552289556748316
0.9914760267957609
0.19222505614220842
0.974518873558361
-0.6949719830570128
-0.21253726546430315
-0.3339495645821635
-0.06582223542220741
-0.10320931347285396
-0.5685825479344214
-0.23370762192756822
0.36209188438940837
-0.001409414600257123
-0.05945269618730268
-0.45879614562069937
-0.053020452819577485
-0.9849641955185382
0.3068557319907353
-0.19144683122492542
0.07397637658303667
-0.5919173887224747
0.20082974065212614
0.36274155454129314
0.8282616383667074
0.7391684483253721
0.9001205744993853
-0.7412050297184896
-0.5646714974185663
-0.794976898387723
-0.7579954112402797
-0.9711202423742559
0.11836162066535448
-0.0707643785036544
-0.09575499130388027
-0.7743545266436207
-0.9921316936576923
-0.5010726680596852
0.4526885418688274
0.12840777488499855
0.7068934024927372
-0.61597792276662
0.5093004853944436
0.3552034184731746
-0.06431317841911754
0.049721049125163
0.46368143633931524
0.3604991555932237
-0.23416936991274623
0.6662733664015049
-0.9544002996098667
0.58010629319085
-0.1683733287200641
0.461747204687379
0.25812355511449286
0.9926549956444691
-0.7514463651501972
-0.43314451753454
0.6245497080632137
0.28393976372471647
0.4109184806134335
0.4570083652844085
0.6017214811615808
0.18556190396860864
0.08591176878228071
0.22122985762308842
0.5726053803644735
-0.1634811741692423
0.3680459446844183
-0.05280838215154503
-0.32348965894102255
-0.2915136489464842
-0.004541542976875041
-0.6116016103234133
0.28958869887187016
-0.27576306507073195
-0.9186068990497981
0.7213417278372597
0.9090112477975525
0.08147847368275371
-0.29723478292403943
0.9169525892219799
-0.7976935719080056
-0.7630576219550841
0.44246728722746337
-0.09272998636277827
0.6480064877388998
-0.18987417600592543
0.8343356450409061
0.13731729133880027
-0.3983275181799885
-0.41547375572851164
-0.7542117266386591
-0.1310480642790265
0.018535613687305923
0.5882455792372236
0.32849200286556374
-0.2398597381800494
-0.07140596933297724
-0.42951488578492847
0.24652598676883913
-0.5080365440782095
0.4484464879100613
0.5859009971754852
-0.1553954851005445
-0.4461442930895957
0.2696035474384672
-0.506313577332009
-0.15126627986735863
-0.16425923557153477
-0.2529223413090099
0.700969641658088
-0.1402303702429945
-0.26924708989050483
0.5458967839738567
-0.827018176317572
0.4250574554303731
-0.23479120742609463
0.10550527320404614
0.971197902212363
0.575819659149861
-0.3374971429639372
-0.9419817726930952
-0.06924663659952618
0.5803469591423552
0.5465229221251853
0.5652767080678816
-0.6086653054106943
-0.6438673414614873
-0.8648257295807419
-0.7432744185500423
0.022539826011156817
-0.28091014980378404
0.1624341724995842
0.17309632211516654
0.37868470805444515
-0.7149846791821135
-0.9858802382625571
-0.7822452652125647
-0.10364929683336661
0.14622561615738897
0.9012962206714916
-0.9907439581607042
-0.6398793125988166
-0.016029591466123483
-0.3643660046728709
0.23577661212005602
-0.023623067007441233
-0.10197588746575961
-0.5856181250033013
-0.0244401824303906
0.48180936477278064
-0.8288551482666743
-0.1538690259781487
-0.08377984286761903
-0.2718995111691774
0.3582902897288193
-0.1983418119670106
0.20087362979100015
0.7122704469238531
-0.6262417780350208
0.5437891461189793
0.09786887877495218
0.9461987675512945
0.38680730521346085
0.941960960151347
-0.7054179269426583
0.9641825609262311
0.5068228557666842
-0.523369059483299
0.43140157399766144
0.0615121973639344
0.6300860315800306
0.9041957375248865
-0.20461042700938942
-0.18558586599651525
-0.3241382784312905
0.7491662805944169
0.1452437041332745
-0.9642109664156389
-0.8361174285236493
0.38317894642933487
0.012904279434027431
-0.5797458319166586
0.7286930820754519
0.8732840649741275
-0.14220815346086024
-0.14353876732492088
0.6135228852784873
-0.3739314589865608
-0.8129991660171854
0.10391489517678969
-1
0.9574902000039452
0.32136609250885595
0.11731576433496668
-0.7673742581673243
-0.13853440847674234
0.9634339627635806
0.5252720328983007
-0.017485524295384795
0.03729856298173988
-0.8830595770054906
-0.43265966661532906
0.9975312560637416
-0.9634193246216757
0.09636525387055393
0.07205599976465737
0.7497345894402907
0.4604099752536309
0.6724874059458771
-0.4368385703807673
-0.7589617903617881
0.9190939124991642
-0.8976328036439516
0.41851621454991
-0.7764526607202074
0.18208206060435078
0.11960171894224397
-1
-0.8262071380129824
0.1271079407526644
-0.532635945539322
0.396205252249948
0.3276595477348287
-0.5836253194417553
0.5434849788538761
-0.5301537746109747
0.5132384547792929
0.6831425372946772
-0.7457430767357542
-0.19983139789560342
0.7536948830669716
-0.08043923948692164
-0.8151205019511022
-0.17346443030620964
-0.5361279575600197
0.0630241608350565
0.5799773566206614
0.4942737905744183
0.3866374734991095
0.6374500789157651
-0.2763959739340905
-0.6728806415720322
0.9499642386691939
0.7889662755687435
-0.625393950554493
0.4571545697364786
-0.916449787588142
0.8318943753379345
-0.027963739740166773
-0.4021836020466009
0.7416709955146206
0.06780404607299305
-0.3323466257464194
0.39619301613744523
0.7990127011620104
-0.781655028790558
-0.281876835112424
-0.5235240913833824
0.16870530263171662
-0.5589314672225157
-0.21699497834633313
-0.8006671793360791
-0.29897899859810717
0.3900739867421033
-0.21009290908675446
-0.1944939504953525
-0.25734315153724047
-0.4478402852676038
-0.5320207116725656
-0.3221694474213738
0.11512209719035288
0.16213165177778346
-0.48425507389749434
0.9778507864873073
-0.5022688289362788
-0.7880256813040454
-0.983140142670033
0.5255432179703801
0.4943117643145296
-0.030209687705179532
0.08630288963651177
-0.7320606948506675
-0.8646387130718368
0.22362284241811728
-0.4587416027654795
-0.5235147077882807
-0.6424132419498094
0.49739816591429525
-0.7930489237402027
-0.930398111841054
0.6684314387454879
-0.2032553824569885
-0.6780740222089443
0.8166517292656508
-0.30849936227873515
0.5242610278164943
0.5937726993872061
0.7865062049960891
-0.26479912239186876
0.07664979797340084
0.5991297741781734
0.27614567448927746
0.12608243205778172
-0.6127867575105687
-0.5972868558633027
0.6388994374923632
0.6597129663496776
-0.11152690198612163
-0.9543363168215728
0.02562055853974724
0.3494030953951473
0.029594893167154655
-0.03179665684002259
0.21501473512160052
0.9613553937673232
0.5901724583181014
-0.2729198947596236
0.6998752462310298
-0.2268199337538785
-0.6005279895203466
0.8076194543110126
0.16170171563160385
-0.07200149279404543
0.2984597411844081
0.4566657468878584
-0.6243697334364389
0.9927633249259809
-0.0335138763232839
-0.5872324483261484
0.6315983412191288
-0.9039285431330881
0.7540063388215932
-0.9636898828783568
-0.26559575927628387
-0.09166660637494237
-0.6646363364891075
-0.6757124961740751
-0.9393001465588002
-0.14648752993808037
-0.03659305962597325
-0.5681748495051775
0.8868137023299366
0.5026863958618806
-0.9664555778377737
0.8232475082223548
0.8871894790863913
0.047613862917865374
-0.15372221764834026
0.4086509628053109
-0.27287559610184325
0.4738168488874795
-0.2251054775859569
0.848729242598043
0.05906348167770746
0.6518798200222863
-0.030730881619048113
-0.6689471019338961
-0.8470350707911458
-0.6097054201692382
0.5510996579720006
0.5441117857168901
-0.23693966672868422
0.690770249177047
0.7284032922151017
-0.24905492517354
0.15103073130098685
-0.20440759600258435
0.8522611540088474
0.9666224591214727
-0.3888769400896092
-0.29076087835894004
0.3705724534803384
-0.24859242663954817
0.9839846657558746
-0.3462843341020178
-0.35240029809690127
0.6417254290761121
-0.9353848314828821
-0.4164677100968131
-0.813349526445827
-0.5575276049720808
0.45238474105532606
-0.3175751190824966
0.6230949734438028
0.00977278063853626
-0.6408468000922665
-0.5921858445729097
0.37604136748323075
0.37238884351982876
-0.3374464683378806
0.33150063882813363
-0.5887186522220353
0.8565800937857402
-0.13267480054879213
-0.04731716385040684
0.6671344132460305
0.4770648357815025
-0.7214358714920839
0.9027810322748838
-0.2563929874467267
0.39624601281881894
0.70846768627242
-0.7944483497189825
-0.014162045094444527
-0.31694546396944856
-0.1711954177898785
0.774284986849905
0.38488968138880114
-0.5026772870371408
0.7484806685248618
-0.14512355616175976
0.503710319286862
0.6698343481332444
-0.49772205190439284
-0.7968277807465071
0.2553418633609809
0.28008184283985965
0.3494425223482449
-0.5130359818804393
0.45600972470923273
0.34384474700579026
0.5815151013631569
-0.3140112732988584
0.6064359043086793
-0.5124245584906839
-0.6530787904506229
0.9294019435995066
-0.9807099608255887
-0.5165616688678079
-0.14985513397670838
0.27884495353364
-0.24525900776470774
0.3912714563579214
0.2840972642539136
-0.6290145927613009
0.9870120218062215
-0.6617951857116524
-0.13840079605561953
-0.39122207344602666
0.6935509889585543
-0.3031286993709789
0.8119275431693604
0.6121043651943139
0.2382561554010615
0.6577280329575841
0.2423802541560434
-0.6787883739086252
0.30929744213863886
-0.5313761690231387
0.7153398478420757
-0.05010216495007803
1
0.769651892430491
0.41373010990865766
0.9629007209572985
-0.3208095658900152
0.44190974917505327
0.6238573908855566
0.9037092257594538
-0.7445801965751576
0.2519364076328028
0.13384842700196062
0.3390257682548792
-0.15503132219995255
-0.31707481643222196
-0.8277972157967624
-0.09732168978762193
0.939637351700636
-0.7768386666733078
0.4997525634880085
-0.558457870834627
-0.9500575853750365
0.48400932302807986
0.5470149854843096
-0.8979607775913662
0.1443598716527328
0.9956050971522158
0.173694708643265
-0.9404461741023324
-0.7219244169913276
0.8424369597545331
-0.9744104039902446
-0.8167491127175162
-0.2670723773618562
0.5552269116229437
0.4141922413470661
-0.7788023650352472
-0.5360946560247226
0.0817501634437129
0.6778162108962775
0.5037063804431956
-0.052454328352479054
0.4924262260776921
0.08383122503572504
0.5267740072449938
-0.7715234389424327
0.37471408541111106
-0.3838384786198721
0.5889245958877529
-0.3168275254305703
-0.2771472518495688
-0.2511314193418616
0.12565352337447847
0.9686808560279178
0.6486380051366527
-0.11798368289965107
0.9004996068200775
0.38359228139672147
-0.8219799252205654
-0.503833837101138
-0.9970467411283481
0.14916466608952803
-0.11541819600790282
-0.36003236842379055
-0.7671028748953949
-0.5138089848038796
0.6320144314710617
0.9084966875932236
0.4058837032895075
0.8614189496818107
-0.5847984398785872
0.5675248131899387
-0.8008210694803672
0.747427444526936
0.4458967843187688
0.7949352384297377
-0.5338359943516995
-0.2508434396853661
0.5789750525200962
0.3318046554596422
-0.046327249455065375
-0.368406132233504
-0.7921011442125828
-0.6714030291277752
-0.3052462253151777
-0.09564452462732563
0.655935354936097
-0.36341534132332215
-0.7928137902064499
-0.23276689993499303
0.09563711032089119
0.5716916888784466
-0.014531767375368536
-0.23087726076473286
0.34842951829317803
0.6919413529145101
-0.26831117332684956
0.48345160964407813
0.8842654223995837
0.5023202822461695
0.8321417087845326
-0.29382246117352434
-0.5826589010059363
-0.6874593822428992
0.8104542135124254
0.5642804980400888
0.11695097721875493
-0.2137303484764803
0.7308118785183993
0.1637570106505654
0.036856438946873696
-0.6367366229582023
-0.0391471912853832
-0.4823872925362216
0.4855179358475906
-0.8308513897259825
0.8594072095220888
0.4492168854836747
-0.9436935695814066
0.10272171041493335
0.9614373980357575
-0.4197012093449871
-0.7035772416072894
-0.4635114344745377
0.6779011103142686
0.0793063794859452
-0.9912362703852424
-0.24693255724285748
-0.3283264829104663
0.732579572094564
-0.9742686858833802
-0.9278519407710571
-0.1210675551500934
-0.3022328733840039
0.14882310025611473
0.260141272384256
-0.6841140465190032
-0.36801588059706775
0.5657797740230607
-0.21063226913115984
0.8187300971510555
0.9250506478854283
-0.7468474608016062
-0.667429324778907
0.5668923309487927
-0.28181463690087344
0.8315253713494111
0.29382463176981294
0.5993824143650986
-0.9355080802922805
-0.6008168937615354
-0.7406372322143718
0.9889384856721866
-0.963768998952344
0.4727305655050013
0.2685901752322044
-0.8081486842082951
0.6676764262779156
0.6177817966507952
-0.21288578575284495
-0.3557985865477207
-0.9037091632292339
0.6761485372042902
-0.12960731287631216
0.7553501370737364
-0.39785576882725066
-0.8047911928527818
-0.13893198001642354
-0.04688103791905147
-0.014463416009708713
-0.8500658408136232
0.770318359844677
-0.23653265194150191
-0.12166585494153388
-0.08392117309462581
0.5177526604283822
0.7660173711584751
0.5458989355748611
0.907492863417764
0.00792173430505599
-0.9301926079558923
0.7330530936701375
-0.5995917181569177
0.6147508765536919
-0.7792264081049033
0.48920849444585396
0.006407559305517917
-0.7381369881399695
-0.17458077812228412
0.46713344965788595
-0.36829973935016047
-0.7782526354132014
0.010030592098766522
-0.20108162864314472
0.9356281766981249
-0.14609319143275779
-0.36539134627001696
0.08368656564586528
0.48527830791502685
0.8982306424661052
-0.032242830527028504
-0.3608331944609051
-0.19347360065252314
-0.9607377447326646
0.25650206739964976
0.18572768558611819
-0.7963350914869588
0.8577642884335863
-0.33309774605436254
-0.5876272222809328
-0.2791754994152503
0.2205863247876497
0.7520965271897446
0.9024598389540305
0.1794479682912507
-0.14222861886631424
0.468632327914379
0.6153201251897074
0.9816204481573334
-0.10076048862954544
0.678461614311709
-0.8242858144324711
0.7683308065971689
0.960070701964943
0.8754088179036116
0.8697522706763284
-0.7955169757083704
-0.11089089200970521
-0.11712073767248415
0.46775810193810013
0.33310783358655804
-0.35269262216247976
0.7100874893646185
-0.4093345042369518
0.5363517733649145
0.38937853185143895
0.39646726181601577
0.20063748555996733
-0.6557703972604975
-0.8694452015571037
-0.09723476678556706
-0.3223016916963644
0.6446341371776436
0.00897557968499342
-0.32414058692609243
0.4519139718664488
0.15676327180374372
0.5598397450577322
0.34697053499255837
-0.018654268456096166
-0.5178081321036262
-0.3649360423594934
-0.4735556832511142
0.24846586177691998
0.044083200558013194
-0.4433831400485495
0.17125842145834974
-0.4030685999175077
-0.663280147179342
0.7398119127091385
0.06800098104437519
0.8986746362182852
0.7016832661407572
0.7003988420552651
-0.294526416377087
-0.026578383074707862
-0.8291270868537846
0.2979768457569254
0.891660231317467
-0.25379041974226935
-0.2837656076936309
0.7691747535081138
-0.8471699622305232
0.9056690829084136
-0.06884908075469756
-0.012346951500182508
-0.5113403723424819
0.3970382318314478
0.3732682875755166
0.13997094197530024
0.215489094063457
0.7073057497779699
-0.743791251664145
0.7741182019910824
-0.2732528632708867
0.7634602494999011
0.6058756435848722
-0.46893376066760556
0.7729307017670856
-0.49363700257524934
-0.8758264644192305
-0.09039232223994273
0.7122973235554055
-0.9631834435359531
-0.8022465009583682
0.04397455671120927
-0.8329286793983696
0.250975147483641
-0.026264275662816625
-0.8135533161423193
-0.5555873576809999
-0.757213182526839
0.4074926332119341
-0.37533196545278774
-0.7936971397248686
0.14154481176370867
0.4096642702827948
-0.17533743645717792
0.7810889661345505
-0.11371486355021619
0.7961767196137647
-0.4796798583410153
0.4146037909044626
0.7657019529147819
-0.26367033610652046
-0.895807560328064
-0.2943504630083711
-0.6636961473464636
0.8620260189770415
0.8678267704487518
-0.619576211621371
0.5876887374984244
-0.05483636639807876
0.9848998159031165
0.03766427386559328
-0.3899292357248617
-0.9880304336191144
-0.6114068848124039
0.1982902893722803
0.13265671553611
0.47200758904049595
0.6609352829596681
0.014110098034023348
0.3251240944904294
-0.3761586487275721
0.06303531964592057
-0.07663904323961938
-0.745581563825773
-0.47343745740702553
0.8515558381561504
-0.8767318360100772
0.8450364186681812
0.1996122294640803
0.4190658013115249
-0.49845886324972216
-0.17436855071813923
0.290545155109667
-0.6552321411324284
0.5344391635576268
0.6468740483568334
1
0.015542617780528858
-0.29178397068337647
0.6120905404183724
0.20917812560497304
-0.9194713980019272
0.337155751980619
-0.6452958887540527
-0.22481521589395792
-0.7659331275465499
-0.8361402012996701
-0.9567776819928423
0.8490815797877854
-0.6413536458531865
-0.905036322364538
-0.38893845208124717
-0.2198526138934343
0.4680704966123372
0.27904084897337095
-0.6921852924430408
-0.34854024714457943
0.7714421262166623
0.9711286202345596
0.7698113830208708
-0.0938574504546844
-0.7738128169713718
0.42554416687521857
-0.46413577132821837
-0.565526242693196
-0.15737291572957754
-0.5507518178078831
-0.16216328169249392
-0.7616270637544479
0.41665887479940344
0.35218392570763496
-0.06914590769645122
0.7371157898016097
-0.94541981864641
0.5850686055214042
-0.5093824915961687
0.2652088785755648
0.5174869226247265
0.16148484539845057
-0.45920053074617284
0.3211895261086872
-0.18386015573691653
-0.8996644628507254
-0.4138149236172933
0.9764506236645716
-0.13814186409480353
-0.932645717885128
-0.629128386063586
-0.9181813913826963
-0.27968532657228234
-0.33236125801587213
-0.7364987928871899
0.6295981732696656
-0.8334908712535217
0.4033901030023477
-0.34856105353400835
-0.6985032661886728
0.8239005372983325
-0.35029029218263785
-0.18515077004726951
0.5311176342337428
-0.767192522651191
0.358112865583289
0.5010135459354271
-0.04109346306391846
0.4549019600840671
0.014195869547244784
0.5329604915073186
-0.9499978037051904
0.4646979386281168
0.1445093862306952
0.2305724085595459
-0.27422634010019364
-0.10144183784057371
-0.9639300183254498
-0.780092809894752
-0.018843653363446133
0.01722815658247034
0.41926041514128704
0.9898951416070401
-0.5448323029388572
0.7416870556556081
0.5520611299074364
-0.051814801589592084
-0.6844148062831569
-0.6724168328016839
0.04050788459405105
-0.23277786435415188
-0.9727468308176703
0.9791091244279421
0.25120504404642136
0.5887017651485117
-0.921201685225953
0.602641777183602
-0.049984159991893214
-0.21086344968154772
-0.028972987709971733
0.5006589980981931
-0.22744463134033976
-0.15126644347734386
0.19545166245433157
0.8587092129019214
0.4612718323221248
0.4478678908083819
0.5501230057460303
-0.45800171077439356
0.2335859791981746
-0.34653248572916895
-0.4826879810346547
0.16671819400002688
0.8898124470753853
0.016043066917633395
0.0510207679198206
0.5320098848547719
0.47283497555279547
0.4899438880681414
0.5139254915780578
-0.20091522615179144
0.018078288522209027
-0.9613022604465881
0.018574834461548152
-0.5635955327316003
0.6667965045044421
-0.5916611043584487
-0.4855312447237733
-0.6955983763841613
0.706154203217519
-0.5145021773610313
-0.6568076388941543
0.23615206867817878
0.18163639961641906
-0.7657053866202261
-0.5111434660361251
-0.526079472102748
0.5124934953370771
-0.4190499385394175
-0.2168222175513396
0.08049661552281365
0.2604927699482378
-0.09652448215210634
-0.1507046846245572
-0.6914135295539836
-0.3054323924387715
0.16145206861631742
-0.46532456405498746
0.26923349343121805
0.11920708162098324
-0.09961958279326626
-0.44023741856632465
0.5222260392770116
0.13046921688132115
-0.00350071012743506
-0.9802580879498866
0.9716543603276977
-0.7381625300138235
-0.33948834256622795
-0.6679727970189707
-0.2103127797059504
-0.7148543553179284
-0.8604745648603214
-0.5306392093533299
-0.23899849863565706
-0.9196103161912615
-0.006893058151316713
-0.7472318121464563
-0.46272941561937847
0.11493913547258733
-0.6414652781426465
0.1276352841950349
-0.47405511025380875
0.7966495108298616
0.6176364939543266
0.6464829646209872
-0.9609795604400083
-0.708200115322095
-0.9609650380453316
0.6959310458486716
-0.40290795397790097
0.18157017820112664
0.8653652486244061
-0.8005986879633633
-0.6187003874471955
0.30903874324662245
0.8438883526151145
0.1797659573845275
-0.2693890186374424
0.35384255728559555
-0.015306532255563186
0.2423047161666845
-0.8168851352398475
0.1913180035698783
-0.9641517901053215
-0.8091909197183534
0.11017673586206396
0.7732927673867096
0.5910654523881576
0.2102789901365641
0.8437804857651037
0.07011367768206542
-0.461520809372844
0.3505306870503796
-0.2594850083941041
-0.3287087372497862
-0.6031118361550554
0.35840356900459047
-0.7930543535277668
-0.31929360669906526
0.42963475027338976
0.5001806945126867
-0.6183692389506275
0.9840374504536787
-0.671444362768809
-0.395027036630822
-0.07300398597377197
0.14270674006927894
-0.07662359030557798
0.3631174234589059
0.3199351425648361
0.7136367088664577
0.3510274038688065
0.8984058749791102
-0.7682004817106007
-0.38837648490413496
-0.24056802355500334
0.9934579797001709
-0.7220317287938173
-0.5651761356651657
-0.7166451627454045
-0.028077490151057937
0.7256219698350699
-0.6004713521312635
-0.2542171736278804
-0.7810986375343513
-0.8796456404956504
-0.13921830558718573
-0.5922105302705736
-0.2008569021331064
0.14081215846262038
0.8148534239732415
0.9658761850438571
0.34066446561742886
0.3859777334865933
0.8891922670290612
-0.10941552746125256
0.558856092761629
-0.6496777078621162
0.20076412713260822
-0.033941777390954164
-0.051743885995676225
-0.9263276173980072
-0.9270562627363517
-0.08023658824834667
0.36773056627986445
0.14634176998303303
0.9389249305124545
0.8514199001534063
-0.686298858010803
-0.8983136471929319
-0.06333476797815328
0.27184769333927666
-0.8304165956695935
0.7484221142318565
-0.8831911505772208
0.44062961467656003
-0.3573157016675285
-0.1783943878725412
0.2855033971943443
0.8945149927097582
0.864320118918309
-0.3416918753466556
-0.0565634072493276
0.2531712182404408
0.18780013120351788
0.5836044999202847
0.2640412596658739
0.8679796625715174
0.7763599362347063
0.052270148694645906
0.32858216109421506
0.21101451625221543
0.6965374272649191
0.6231356328952077
-0.6731469580500715
-0.545537638977784
0.071901467810684
-0.9611258331105598
0.7455192128713055
0.7972298994127981
-0.013259322235806812
0.5844858844038429
-0.001159773647613398
0.5360733310750289
0.2681816980432283
-0.48273854546980316
-0.5534545539215083
-0.2811815167310496
0.09337330509573699
0.7372472924269877
-0.6125351870326926
0.618343757373801
0.0835516760365735
-0.9784958635386369
-0.00802869957556373
-0.7776366995241426
-0.10952647471022885
0.8044667669511485
-0.41044446480462754
-0.1937083068071723
-0.21735119150737875
0.26560233499260466
-0.9461493120776198
0.5723953631310028
-0.07017806395049046
-0.16289566238453118
-0.10289725819182084
0.16156522161175266
0.2709479450008444
0.5643372959101733
0.7664996798195309
-0.2597779649259109
-0.017114683864785138
-0.6682249824239749
-0.4526793919460504
-0.35470273616468406
0.5657712654991099
-0.7529513478468746
-0.2478483269697007
0.41041285065933036
0.24189371993476685
0.1364761096063956
-0.977087803292591
0.31872437347196547
-0.4254851660125453
-0.6597418930033817
-0.7356051078592564
0.4437725304382954
-0.21596524763911704
0.5780270182424372
0.14117896944849032
-0.8419798826944837
-0.6466679304364117
-0.5428385192774812
-0.3227227522691687
-0.22227583034377157
0.26462705896684385
-0.7823212706449698
-0.4979048016098853
-0.5493868133934963
0.11555974059425189
0.09773039581873179
0.49405786208307484
-0.5839472861398428
-0.1149820121359016
0.10126863154126368
0.384069134794754
0.8941120028770495
-0.6056355356006184
0.8622960627918452
-0.5207443015317526
0.9769234519124157
0.7546926087029807
0.9454590871438274
-0.9458581257449032
-0.21747072058467418
-0.8033707957486699
0.37113818014100236
-0.27726491005876924
0.9799197998401021
0.6761414154333788
-0.6959540690866508
-0.0818279051266522
-0.10292266800688646
-0.7830978113103415
-0.7565976487496271
-0.25139912907952144
-0.11849933943176717
-0.2662545529349645
-0.5782235379467056
0.4208428788840199
0.45855251512634004
-0.4787972193528347
0.7538703655444964
0.04985808372841275
-0.6865793859057271
-0.06745802899546591
-0.5608126485343666
-0.8257407340113577
-0.3928076492820575
0.06037377532910746
-0.7482082790980029
-0.39430487074221293
0.9731459002852233
-0.5074304161859781
0.5818404479331507
-0.9202326960426458
-0.5967467427396814
0.010650540461807063
-0.5727888213637153
-0.035561533103239784
0.4805339852343285
-0.22312450994014077
0.35025220608034635
-0.58511150984835
0.8598190191054039
0.0686480021400722
-0.4062620176040919
-0.20967200773763434
0.311553160639857
-0.8747052797952208
-0.48793423571597183
-0.8017535096991701
0.9846019727479112
-0.17547356651714913
-0.1722924347291676
-0.7376553300418826
0.6815451607569722
0.5993544954242261
0.7265899137662756
0.8639606012165031
0.9477583895737453
0.3986679362339502
-0.7242870926594273
-0.8738953701796782
-0.548033333288185
-0.20225868724787474
0.27391480621562053
-0.12472432231330026
0.18356484243153526
-0.5532731432153492
0.869714126575219
0.832215549762336
-0.9956165176756347
-0.4366536174893949
0.8175484190676107
-0.05865818070638311
0.9873604461352387
-0.15293264114917887
0.8367313819678703
-0.4713309025629636
-0.28565049174483415
0.11757310520465354
0.06755155395732748
-0.24499133668030368
0.6735311776152394
-0.34966670708322806
0.7469405232396195
-0.7913310477876037
0.3319538772120276
0.5916849955715349
-0.8694820339493347
0.8117407826556211
0.17343877717388118
0.7170834451378817
0.008223228706124075
0.7151114779242156
0.4627570298207263
-0.6224574235256881
-0.8439573505990613
0.165435589659147
-0.7452089027448793
-0.23909325525075728
0.13240927789207166
-0.573182325829501
0.08979602465929162
0.7987838685807284
-0.19311222748344334
0.8933289711578581
-0.36050701506822774
0.6377280618669344
0.3880714331237721
0.30799630149357965
-0.8957009170051239
0.8706126567315602
-0.8206030845229255
-0.5434670079256053
0.9413497574033108
0.03764533520237127
0.17030248782403742
0.963408963119991
0.04808812628655492
-0.36794913879481517
-0.4862940653903939
0.24058494513938786
-0.141280630291715
0.30238501318433647
-0.5809750674661047
0.8846577060514687
0.9046348250825852
-0.10272315800118223
-0.39544375412068283
0.20735901748449692
0.9400363518137305
-0.5544023487875843
0.6443646631367541
-0.8828618661653866
-0.11904905399214814
-0.9308265249482401
0.5018507720823984
0.22859549926249925
-0.8321923792501645
0.5222569677879405
0.08402189951840552
-0.5898856194613611
0.8598470301470691
-0.5203311431019407
0.4719814506588973
-0.11461340245959427
-0.6720586414783642
0.37198281175307035
0.5348953229621456
-0.8891155682880765
-0.21976224768085995
0.9691130672634122
0.27009218076109515
0.02655052193261067
-0.03147019429736099
0.7191595768567309
0.9737422564660284
-0.5311513805515193
0.23034154998957193
-0.7169712845018081
0.5714938932308552
-0.26431889101220285
-0.2904809909562983
-0.9926159845669529
0.9220525676307234
-0.4025624448270261
0.30907937749242764
-0.3807291050266647
-0.5510202624456727
0.7745931277937336
-0.9476533055898988
0.10405625512196712
-0.16918082434297252
0.21377083432395594
0.2847885796435724
0.07691776619151179
-0.8844692871046219
0.5791448268737507
0.5015724089085645
0.865026042406446
-0.4460066019530925
0.11166530080026614
0.9124705805217597
-0.44364648623104513
0.4521734528459105
-0.5091982583830597
-0.9010606925771836
-0.8622618359268424
-0.40740897328423115
-0.8811779369333145
-0.1754768757965748
0.2874057813510912
-0.6204206712273833
0.7487509983453576
0.6794368949382028
0.3891764398959459
0.05124434557966227
0.7336426782043216
0.8150717134208505
0.15076177178111055
0.24042528618159667
0.8798016793840528
-0.9233745843081534
0.6646014284785051
-0.3273648236498157
0.8719874108450256
0.9112646581663243
0.7938990175822278
-0.9338089878831947
-0.9368326931684348
-0.8918502263451559
-0.946552956667455
0.5748799456648012
0.8168958974796903
-0.7437631456134289
-0.18324486120596112
-0.43332194752359915
0.8099423525038058
-0.80667717445591
-0.00023225065525273297
0.854565463050371
-0.8214418257218815
-0.5123926883140868
-0.39185680510492454
0.34102072464884714
-0.9083759310571727
-0.263643592957235
-0.5763248101840742
0.3913825340089036
-0.17907827221777958
-0.323557498912578
0.7561650785298177
-0.7105809946291423
0.0506726730366452
-0.2705100475908126
0.08653433666378552
0.22663778257661646
-0.35013512528702057
0.7175646408040631
-0.8029728901655686
-0.4122651489676239
-0.04628197150062664
0.9225636325964185
0.6491769594955809
-0.7696710020679071
-0.2806928487511438
-0.7424893387799163
0.8386136924690384
0.47610148947049336
-0.8733224975484364
-0.8124418263973968
-0.49039415792509183
-0.7124359158021184
-0.48368005413655246
0.13878480379466307
0.21280899426205896
0.524366429764949
0.7111622947198846
0.816326802429521
-0.29363506872787726
0.4416194894625817
0.7681782811209701
-0.9048979997948555
0.3264267922138807
0.4311164309110722
-0.7054801043934151
0.9572108511007743
0.08311533976715368
0.2814176023973921
0.545606707844261
-0.9364335602075065
-0.7936916842299306
0.12188750060414871
0.19383740801023236
-0.16003599912258948
-0.4418773652786176
-0.0752526424493572
0.9198120743063651
0.3856173538724152
0.19592475154756991
-0.3452627653387573
0.7208600516663081
0.3438284190595349
0.14103778894845093
-0.4014484728401861
0.1962166610379514
0.18192093323392367
-0.7243970093382013
0.3129768346405731
-0.3342615897989327
-0.1538724964660368
-0.5754528026678922
-0.3231295049149573
-0.30243467175180105
0.4445445159992116
-0.15579653776245062
-0.6932827648567975
-0.6267189742555346
-0.10528550169776242
0.4171952480523065
-0.8836350545458808
0.5816308144360575
0.2664530373408729
0.6363991021021967
0.832804074585181
0.6373925169362158
-0.2340850812660125
-0.5923083655971222
-0.5085672884386001
0.9846908037929577
-0.47330796632566025
0.5845009532406583
0.4070567270845394
-0.5932416341736216
-0.029688121303540344
0.9113791720131464
-0.03613281048333837
-0.23278083954005582
0.8737912839329387
0.7423374922207224
0.8772207403383492
0.05598045428864914
-0.5009775494557519
-0.42743135110167585
-0.8444842205160066
-0.2936190331101709
0.19206627764123568
0.2285730490918132
-0.7485845376554005
-0.16068025072129535
-0.12607984564344216
-0.2612061609838693
-0.800829658893983
-0.9379370776405815
0.3706959271689409
0.44366563103876383
-0.037250689430785106
-0.36516770440925234
0.14706673175950463
-0.9077185945898938
0.9154940991703019
-0.86437877768158
-0.651507781366354
-0.5386497190776929
-0.6107412165298839
-0.12213631376878481
0.6553720758463044
0.07718982711813392
-0.6375847341980503
-0.8890206902145629
-0.018551602723933237
-0.3669956257939691
-0.9937737309071418
0.08548409996086048
-0.8897873623152158
0.8056394948114635
-0.06057617631656958
-0.6802190474671047
-0.4250669887040958
-0.8997934703944093
-0.9425785525486813
0.43354309911378197
0.6342720497847522
-0.12383098815545729
-0.3832864429542679
-0.04229270417433127
0.1706082049094891
-0.26672805350562856
0.41987059185074666
0.9435519092662324
0.32293537941681655
-0.2758694667378713
0.8864779457195937
-0.39755376493068967
-0.6443063465457799
-0.13975945574427512
-0.43342369282137444
-0.49966879711086104
-0.8516421502152981
0.24387584862036416
-0.22670844847164529
0.14543015078271057
0.7014321211339994
-0.7539185561159873
-0.04448764986992578
0.6730386700914073
-0.14554829836871855
-0.5548939517512731
-0.8357958704267228
0.6015979228488304
-0.7577011399934299
-0.6127417521199677
0.4384355419333917
-0.45599295090421693
-0.8476086799792065
-0.7189364658931706
0.16235414245854296
0.7505641878143415
-0.8051415384879349
-0.5755697504601237
0.8509926369614305
0.6038907645602202
0.6839484826003386
0.7865990580034977
-0.9909642453376637
0.2708729971153473
-0.6902957238879102
-0.6683499927014112
-0.5457784811837532
0.4517434901881316
-0.7598055033734855
-0.08159290714352152
-0.6138077290176125
0.1165252806538932
0.924502156948205
-0.5382027972589548
0.39927887675475443
-0.6514151755417502
0.5924661333086039
0.7994050247432353
-0.9293976172828037
0.46489142476364226
-0.8893077990470676
0.6179836522280213
-0.1460165983018408
0.7868270131071875
-0.24463232974579643
-0.19215037187010592
0.5279658030854927
0.8580911787548041
-0.9360644417445219
0.8299283111734894
-0.4428203070630435
0.8771398825690977
-0.48064856390092137
-0.6959862987564951
-0.7840898250037454
0.9798400956343274
0.3140341801372347
0.7937743035455544
-0.7584373249587407
0.33352920892601085
0.7515754289392653
-0.6903494548501203
0.5760910780166029
0.11922124411760635
0.5135985553366509
-0.2960606905321896
-0.22585342171928469
-0.6104049832638284
-0.4508810495049597
0.24598296957964103
0.016035486841766422
0.6002357035044652
0.11031252273082832
-0.37335112052469943
0.9712681702863328
0.565690464048005
0.43140439107751605
0.05835276582177393
-0.21412410668762402
-0.5444319808919168
-0.5404013501872412
0.39554606789853886
0.6549761124604923
0.8767119542314887
0.996837692993248
0.7211696844319313
-0.8166310178615767
0.4903667886342507
0.4275175305138347
0.6258480869030102
0.49586220947306736
-0.3636538844435568
0.7404524147142579
0.9770362708464168
-0.6813739031196866
-0.4588308738041391
0.7532167332291665
0.0632211397162986
-0.8016149729998656
-0.9862017523135406
0.6222515584029898
-0.501162102393107
0.37105991610754085
-0.1434599244687461
0.941555311143343
0.6520780210760161
-0.04961463003321674
-0.07805076043168814
0.9488811730537501
0.1640521356351963
0.9662132883995991
-0.6248039346564225
-0.2716073847699606
0.3489802551184468
-0.6772528728034115
-0.4478851264282473
0.20297678243467318
0.8309636210226741
-0.6562225270904781
-0.5911464819307296
0.11666206838570142
-0.754949517941337
-0.0301367623606183
-0.554800269554916
0.9458054417483435
-0.13482354216671988
-0.9590200348316832
0.22543402461955048
0.615426718467891
0.38010075951431016
0.02855222339154956
0.7816676617623521
0.8400538727271846
-0.4169724661153087
0.6862969177519054
0.9612921083401129
-0.12742150103516628
0.7046719961319543
0.2768261909669703
0.9506338849888756
-0.7730790568639405
-0.890534548463721
-0.28422264557277394
-0.6287043358900298
0.03649311126599827
0.2693408053830855
-0.8685249866692353
0.17622795482645406
-0.5567183804182966
-0.7011651029739088
0.7797957097687893
0.3486610660645672
-0.7323198419075921
0.5528519217463074
0.9688593165229915
-0.38868679995509814
0.2878056859303981
0.5146700767234689
0.494997713891101
-0.6372179260994325
0.1375243488143381
-0.7498902135569052
-0.4162543494473944
-0.5188392711978873
-0.8527656770040997
0.38656681629585865
-0.38836458230525195
-0.6438473045418392
-0.18510072705132807
-0.9125514698408121
-0.15384671609874198
-0.1719776563590258
-0.0478446018764916
0.6407122350891395
-0.950925171158514
0.29940847814318433
0.2992633810205555
-0.06721150551591812
-0.4127713989512929
-0.7668560576772079
0.413165149502198
0.5905326037933639
-0.04998441038518289
0.6802866740468745
-0.8911191872808031
0.3693460597396878
0.7791440796709791
-0.535450957170946
0.7215167941559099
0.2729969740954854
-0.2625656206914431
-0.6569940166561644
0.2214390869875486
-0.3682564777567934
-0.9469341831088212
-0.4528758184251567
-0.2651324495297175
0.7708686963913374
0.2556614935272874
0.9913173274500957
-0.18440915528739657
0.2844538715865554
-0.7309575712246363
-0.27629027111486326
-0.510844828103121
0.9422652835566909
0.5615562886377468
-0.26572387914433676
0.7011168922159987
0.9231782627016061
-0.8694779655955195
0.3226494800030587
-0.08029880653489015
-0.988758548572796
-0.6375619857731195
0.7634047106616391
0.7313568506638733
-0.5251787494631496
0.2526772480160417
-0.18740363014616426
0.8747470852396486
-0.10711175831883918
-0.607379435452737
-0.17226960189962764
0.8413168294353608
0.3777435172903581
-0.4180080135088367
-0.30327074625433
-0.9096976821898279
-0.08908057223921066
0.4604702448091356
0.702209970735665
0.18423231056052267
-0.4342916885713603
0.3197439030949603
-0.2660102276821098
0.8043615726273712
-0.26488435691843953
0.060188674040329
0.5039839357043527
-0.8756257961849933
-0.18973897841359924
-0.21425746645724733
0.7240771009415126
-0.55334935250697
0.1370421658544196
-0.7644086919951055
-0.986772289761387
0.39817444655137735
-0.4554062121057661
0.2766373401487294
-0.02178407971655831
0.2635049977336793
-0.5977808022998831
-0.24907744630314593
0.849974917475287
-0.1657622567163194
0.9867255331006961
-0.5601759586335435
0.8476580107160873
-0.26205676204693795
-0.2035659056892903
0.5744186332335445
0.05000646852801088
0.4931147861919215
-0.7653449284095042
0.802128896865335
-0.8846768631100026
-0.11466044324238112
-0.7583301269710804
0.14783741292860164
-0.16456211522293884
0.7593262469248642
0.24992468572752527
-0.595700800890951
-0.327692261171915
0.7628432954672121
0.1259625021718101
-0.19787755977938015
-0.8495851712787815
-0.4273464970220755
-0.5744740778753613
0.13080989148813832
-0.45953520994546826
0.44544969479249025
-0.47520054619437035
-0.6635398891496221
-0.2875055639813769
0.5804997003871379
-0.7387225456250626
-0.4868806353394189
0.9237314817650303
-0.8923196851317804
-0.20713806342013158
-0.6450166077952467
0.8446316517536759
-0.14175365727249495
0.39671664376899696
-0.6546859411922176
0.014446955100101567
-0.8142464483466013
-0.8104169494075117
0.6026041371147417
-0.7320424098753201
0.13886016237521112
-0.08525652623444797
0.29757800599092865
0.16737150884017502
0.30657151149465783
-0.7581455934567846
-0.9386914706522486
0.7632077105050086
-0.05577221861831624
-0.6765659201709346
0.086061415082226
0.07472115610762353
0.6028954299981953
0.3584716625589123
0.47075881447605983
0.9277775934606083
0.37808452572394163
0.49837253155653616
0.323214648394225
0.9531196396277469
0.6738864710519523
-0.3593461399465604
-0.5614545450720754
-0.24763604640802409
0.723670521262813
-0.3906639895180779
-0.5968547318428697
-0.5665085420187695
-0.24165414584462577
-1
0.1561574077829825
-0.5943904351976537
0.6367154865113032
-0.7052119649129901
0.9931477865393415
-0.5631494265588464
-0.846164839625128
-0.337758794326689
0.43910045266868525
0.6341206186995315
0.210448123149466
0.47577244923582496
-0.7164833698228891
0.4323477399590285
-0.7070222239986259
-0.8657647695809502
-0.32537938599986477
0.5726102218893839
-0.6620410407018189
-0.9358669544777111
-0.18917064583158358
-0.6086864383099901
0.8692738832491725
0.9666374170733276
0.02276162060558173
-0.698995836351474
0.9719021737692473
-0.8632341620914347
-0.42541412732234396
0.4021023697901706
-0.8979314910027987
0.8979776083871659
0.6322030909407239
-0.33945279114826926
0.09048091850589952
-0.6231532302141379
-0.41571231343525555
-0.75260298258131
-0.11984697524220331
-0.9279872284496431
0.07816490435781061
-0.9541200580047754
0.9867216154862029
0.7246744082470323
-0.2701881589228007
-0.9363816441800267
0.045244172524567014
-0.654382777432748
-0.12174955936952662
0.2837508383658106
-0.1952337812842565
0.1739905627573825
0.16834734967558057
0.5005100578148097
-0.9747358547958872
-0.9224607638211587
0.49259157519837443
-0.32353419761721247
-0.2470234833832171
0.013100527956728125
-0.10998542964292564
-0.011720431962380451
-0.10056600137021096
-0.191827184935808
-0.6991124680693795
0.8910760656096478
0.7925890496803446
0.834176704435456
-0.8390500894020058
0.34185010760913986
0.1296760253251971
0.8408404548711437
-0.011410970698556058
0.4535474929666439
-0.09888777723692022
-0.4189689648360844
-0.9958432343058958
0.4600092798532177
0.32752175019800445
-0.6366194622658827
0.8200876381223805
-0.7885902295202178
0.41999182633745985
0.4001968767685028
-0.9206544398516792
0.024863708123803424
-0.16206062927853285
-0.6824252997991749
-0.49454534290121926
-0.7373016548223543
0.8685343023894584
0.7546256283412804
0.4676058244168684
-0.19317102089674593
0.401796081546199
-0.4289293266526165
-0.7159101154156369
-0.1799403716658883
0.6538871898330938
0.22551139790029617
0.5015274767471448
0.7037556015019578
-0.27555927840316125
-0.09201519945021419
0.4683222292777276
0.06172324617495482
-0.22376294211576375
0.14749695224083975
0.5405050316341387
-0.16499083434237274
-0.6721076450939143
0.8723685365998141
-0.1464150413695074
0.4174564550715937
-0.9262480712547057
-0.5864080382319368
0.18832343136925359
-0.6136049429448116
0.751711604778714
0.04204046204274412
0.29479285444970754
-0.9755963571232159
0.6468315901284702
0.8684746714466964
0.08740049583833064
-0.22548905114273798
-0.7485098677630414
-0.26413316714900226
-0.8792244836120118
0.9629392324657466
0.2527401869139318
0.6279302924662922
0.23426193376865323
-0.13393165641980476
0.09483585872636682
-0.4679989553029481
0.3919290774402555
-0.8933367715503435
0.4604181501555896
0.48343858930815664
0.7839689429191125
0.04464063503605144
0.10442389923832783
-0.10306978171473387
-0.9500608603156788
-0.13414694365734306
-0.495701828496766
0.38592039244957843
-0.8093405351384838
-0.7696703091292184
-0.13849508264401417
-0.7824542373345327
-0.8516785655840649
-0.04657571494869924
0.5166203792830969
-0.31659728482233435
-0.8311210297738088
-0.8340978092572651
0.28402591331033467
0.779645085363047
-0.25144120729404673
-0.6216642753484147
0.5946937095589936
-0.4289537520333892
0.07429537775699668
0.5363453049278528
0.27964482717532974
0.6235107234228766
0.959005948885988
-0.09221100550952442
-0.5079591029999825
0.2773247890020148
-0.4012540133498332
-0.35539977170270104
-0.9598591743669448
0.3743595542509147
0.8858254033173741
0.15332854490930176
-0.4025836622415412
0.7262898388562663
0.09716735178285385
-0.3954020936101222
0.7339603119673199
-0.8292755120034235
-0.0753746591723786
-0.22169786557542046
0.13116069113752346
0.4881825201207312
0.5443584236331117
0.2515111223226013
0.47349622918761786
0.6771979733730872
-0.7141308376351772
-0.31201967330151564
-0.7760661022787586
-0.9693358755970869
0.008269002407985754
-0.1372372763999014
0.998444971367696
0.257759405512002
-0.7667776360030369
0.3418225921696193
0.7785882881106484
-0.17965170869674654
-0.6891677197736675
0.8696440409083557
0.14573130934201997
-0.6396624280658691
-0.9814462678572138
0.3133789093311012
-0.18863938536915642
-0.398828335141254
-0.19568649094207047
0.8904359704508873
0.4717271447501231
-0.6094097507998232
0.620230199274669
-0.5026865379255165
-0.2895238868037441
-0.5930116628406644
0.8741226592483363
1
0.42274395989903
-0.8348324719434426
0.946735433021691
0.4381683715279793
0.2993173137848021
0.6857058246012414
-0.9377295805700879
0.8730118831515038
-0.8977382181760889
0.3601597390587348
-0.1488477806353233
0.4723741794142815
-0.926067848419279
-0.08297029526875595
0.11766045581050578
-0.8994164987785624
-0.6642358651843498
-0.5995297714377608
-0.6978934786208641
0.45116630907182004
0.6085397486782976
-0.8536925096493492
0.8883270284363892
-0.031242218897344458
-0.31187155756062945
0.13695052325768564
-0.8009410827475373
0.883026172119889
0.5523599846451116
0.9923868468902586
0.4465374911240542
0.9455368019275401
0.20589671114130412
-0.034966403976283186
-0.745412512072096
0.719763605976291
-0.6029144962079235
0.40855624424086456
0.5295730688263898
-0.6956921024794103
0.07558805367326245
-0.2580956684011063
0.7977204207325848
0.7184549118692762
-0.27036631305614905
0.608989290224361
0.8021045128256076
-0.8368730780234582
0.5035543338655718
-0.606044172108154
-0.14262506439389067
0.7180768848289187
-0.20833176087105237
0.05585827984379932
0.87031123531322
-0.1838728633585115
0.028808837375953876
0.6342869947351454
-0.842458168401646
0.7451967005138245
0.05340877572178936
-0.10752323603488784
0.776711194452831
0.7612972517025735
-0.7649116750765963
0.6011407245500919
-0.2152280023318675
0.1123310749815668
0.06986670021170902
0.1299449002670156
-0.9406514863015222
-0.030054662396147742
0.892471952766838
-0.17996062325989617
-0.6089297636957509
0.19078386886668383
0.5193776375775953
0.5630286163647861
-0.8883620678627444
0.7190778909757464
-0.2237343986325647
0.3368273120275683
-0.09523820488339028
-0.8725192681465642
-0.46831698889440904
0.03346695870787907
0.6962810796194914
-0.42333199667942156
0.41925403540377687
0.3514371197762637
-0.3833346402844028
0.4534612558284623
0.7229807744980656
-0.17948223924909207
0.6387369100682769
-0.7552286758006537
0.09035676524373042
-0.7345296060513236
-0.9538640957568247
0.04994957982245562
0.8014562827787921
0.6326261114808873
-0.9009640064207115
-0.5301037165564362
-0.6292686575135437
0.2774174399466834
0.6497215597410102
0.36935367642251343
-0.7582908824839926
0.6834881325435647
-0.3295614704900099
0.929604046002955
0.9855059505026905
0.7052564270756443
0.3926290562959074
-0.8605544918455357
-0.2247869364688615
-0.14510549157775882
0.9907788963470536
0.8898010167126972
0.037019775967546846
-0.04213846624705734
0.44595675833407283
0.9870524349612823
-0.40470957566070975
-0.8492855651397146
0.30700893049171923
