0.6640555290463134
0.3844588729065852
0.34383849048394843
0.976192224728765
0.32439533719346164
-0.7186711554704251
-0.9306121427582935
-0.23837738873532552
0.1456815512984211
0.2580248828290999
-0.7793996705260148
0.2310404480559708
-0.34580809420306613
0.7663963359691259
0.4201553396624232
-0.8894451117530073
0.8333665949155142
-0.4675972129571449
0.5865806910612039
0.19441677917497835
-0.7225818163867874
-0.32448241826753427
-0.44932290267608344
0.3121244047979166
0.4782231972358094
-0.2522941663037939
-0.23257599000516696
-0.5027123033004625
-0.6455929509943279
-0.271132910134205
-0.12170221238917613
-0.7988810859644208
0.5814787007179579
0.2922140942323218
0.6975985527190812
-0.13396168432206626
0.2712119096069964
-0.1045474460022985
-0.7640091604369312
-0.2969320492295382
0.5552608505161915
0.2219861947203848
0.552250886375087
-0.24154899429704185
0.28701608161220216
-0.10692983994026761
-0.16634143730634965
-0.04168308193900581
0.12076054076181596
0.7016055581172999
-0.24295522987679172
-0.956760341525753
-0.6891006885928783
0.8666062857045217
0.9438618346612968
-0.20288890686123143
-0.7335635959991127
0.6936785145734728
0.8596776082712634
0.20570339255910158
0.9346129653494117
0.5772879354649972
-0.08044491560903118
0.46656732090773484
-0.03734382420662381
-0.8666740371558848
-0.9333362406253403
-0.9139533162993483
0.6014599189242497
-0.48525864093362725
-0.021211226132687472
0.7495413921720655
-0.44264930367656335
-0.09569750736791224
-0.09806703986136894
0.8307948269804767
0.1898135545870314
-0.3919856832328355
-0.5297547864909967
-0.2533803658164543
-0.5009398094289138
-0.094748519771689
0.12817521947416086
-0.20575025317726117
0.8299889963355009
0.2587558688239084
0.9176266226639772
0.17542661767334328
-0.7229429010241137
-0.7898531095967393
0.5453758234240291
0.9131722528650791
-0.004903917777525611
-0.5608336157254499
-0.8609835709405756
0.5156200227692432
-0.27653296687411805
0.939765090580233
-0.6327045731488746
0.38039763283254036
0.6790982446098728
0.1855833873355519
0.036757284473963654
0.5550342850354449
-0.4861356926594907
0.475370158091941
-0.46121596049721875
-0.681273103605885
-0.9546214049996784
-0.3168695628390042
0.9485646982233032
0.37478954767945283
-0.7916308688090765
-0.7804103878621056
0.5891740870053471
-0.35615000631513344
0.48885841563343757
-0.6038252872378661
0.8558159496161788
-0.2961077547827172
0.33340056952694397
-0.2764471318055532
-0.7294193132245546
-0.02379621673461078
0.7853349990557233
0.7499324181145391
-0.2643906283020121
0.4658575501106245
-0.8791087232934057
-0.5091130092745061
0.0006058560945877076
-0.36584795541963355
-0.1230700032762545
-0.03903855316408841
-0.3968745314234523
-0.2693152683705155
0.4810872302763996
0.7902451051509535
0.35465165352217837
-0.19302257180689514
-0.4068890751163893
-0.9921865948879012
-0.45710493483060904
-0.042980999169651764
0.8085626865516102
-0.9279949036534841
-0.20047237981017602
0.6846389792367688
-0.4548559833735908
0.9677979377865846
-0.4149151100033277
-0.2540203438677338
0.7311551668921638
-0.7639712461319347
-0.41945681686648617
-0.7013788352864013
0.9789730877796318
-0.5153791189864841
0.3393640102300473
-0.4196602653785805
0.05606593237519044
-0.4653003567710124
0.39287657855070585
-0.13083615263262205
0.9603175216326384
0.4053560867554296
0.010301814053916614
-0.40872293068329546
0.34198293785335454
0.06678011088454701
-0.10763435838200697
-0.29260724574467956
0.5552978538223897
0.07275049876663009
0.6905558965926814
0.6900813802046005
0.43100356194713924
-0.3319972836489469
0.5622062818445085
-0.7797294195364302
-0.4035689928162522
-0.4356612324937813
-0.49006767321290123
-0.3548222090858379
-0.8885926162906382
-0.40357453404178034
-0.541004844226665
0.20878187937972664
0.8118627986389083
0.11031197313095807
0.9783018428030451
-0.7313589444223987
-0.2611898847535362
-0.18786012482681694
0.15088146263212704
-0.1765008695624591
-0.6014468318248878
-0.15191651252993
0.25460220365794245
-0.028314725522187473
-0.17128950214656843
-0.5210360407554961
0.15486258049309354
-0.8336434151391637
0.3273738619566024
-0.2833869001365855
-0.03768064357169336
-0.5860098341833384
0.21929529077350055
0.3186039720843448
0.8818478948400721
0.5557411915593578
0.9256979446728545
-0.7587838565293602
-0.6375370979726057
-0.8013085207940269
-0.6409602579455865
-0.9667625961475429
0.0692714263192104
-0.2218045134249179
-0.15708236207204723
-0.7823314661237477
-0.7962701881336209
-0.5240452132704343
0.42328510428650784
0.0954072168179751
0.7303617856726018
-0.5067846130912396
0.6692301027948563
0.2962150941301109
-0.14247562588292662
0.014006089787286864
0.5282336867757357
0.31323647451521586
-0.220359765134557
0.78294792886253
-0.9898641597021122
0.5788571820920371
-0.23149407376816347
0.344492825959622
0.1899696751740779
0.9028922360050614
-0.8036440573555675
-0.4336617226885713
0.6534611089815444
0.23733983809926426
0.42672620772238384
0.4196008975962122
0.7050896363349617
0.3178669859010354
0.11573886673638567
0.2888454107924389
0.4177702263725978
-0.02203036237284206
0.3243985759169288
-0.029376638775834758
-0.2617694906705589
-0.30459780736143366
-0.043624309668445646
-0.6583432606083001
0.3749178435318047
-0.4005692105700427
-0.9287465792060084
0.7379360715004697
0.8115612320905191
0.0623739336696749
-0.2840324753327981
0.8938001136660969
-0.6621087737925371
-0.7413791782994708
0.35963773737137894
-0.21442395524270663
0.6501000615638904
-0.11739906406785325
0.8299646003251435
0.1989752805241899
-0.2647406551351785
-0.3009364305207178
-0.7768515137604676
-0.08835004688988257
0.08748511590557698
0.6496655130492842
0.19931523613474048
-0.2143198968374982
0.05575532694688273
-0.5586792945877633
0.20851858739010337
-0.640728004868414
0.3755358394874814
0.6340446674843422
-0.15095935495042756
-0.3873721387300293
0.2937157560151265
-0.4746517464615229
-0.09471720514477565
-0.009061449256270875
-0.3821830546975019
0.7153194155592331
-0.07816065117317718
-0.34347864313768406
0.4293787573966096
-0.8605388775483953
0.32376247047374235
-0.2954688357869541
0.031167953651962923
0.96477655773068
0.7361764308379077
-0.19927778693551365
-0.919631698124808
-0.10771569664906992
0.6462603080536226
0.7166878420363032
0.5600078215901195
-0.5008661495424988
-0.5287840811158276
-0.9813509654620501
-0.672107971297703
0.08901268251199247
-0.1788804217864879
0.04262066314400726
0.1366476069990235
0.32619797428205416
-0.726277729068177
-0.9662031712306258
-0.7921684422546867
-0.12172087801128677
0.09578812118737162
0.9007603437601189
-0.9733365571211791
-0.7110584548767748
-0.04715174694942012
-0.3710469148304505
0.309870469588695
0.12361650098242263
-0.11387460613234551
-0.6486525562494374
-0.07786694173502998
0.5524331056444334
-0.7815763147771911
-0.16502176001099492
-0.15558171621259678
-0.2871010504725167
0.25516567964292647
-0.16070751368525082
0.14665487019477075
0.6299766366348728
-0.6113129807366238
0.5098035189293408
0.18128234688396913
0.9126864307399819
0.3555876857111444
0.896152503597381
-0.7099348383959428
0.9408425290337757
0.7105250999983646
-0.38805750795613
0.47833839477618156
0.11773500519963448
0.723587677528013
0.9031544857764037
-0.173450065125226
-0.20506572376239024
-0.4126059729079898
0.6495915116275902
0.032474670584239654
-0.834632516917836
-0.770911732406588
0.4334952324045223
-0.019876580192416286
-0.5851534179329116
0.6614498894444195
0.7670549047128903
0.04492909126807604
-0.11514163129063519
0.6037181361937907
-0.4054832398795993
-0.9138423594078375
0.28147645606263877
-0.9240335046676709
0.9498337694574026
0.2998578401236252
0.1469253214986442
-0.6872369656226531
-0.2806454807223673
0.874906553550295
0.6898235070911043
0.04016255994678207
0.14531472859493189
-0.815238909759814
-0.4261476678647204
0.9722813068444697
-0.9038261870994151
0.2920813055872764
0.18465190852190405
0.6171689812618892
0.43984307072062606
0.46248305577800153
-0.46435697118566793
-0.8168684393275484
0.7093267961281421
-0.9888017805459712
0.3509380295092044
-0.799748451651675
0.1713066153184734
0.008878632143878715
-0.8993419600676045
-0.844973732586736
0.12013110986861755
-0.5207663427030127
0.39847800241057585
0.24920780312394278
-0.6702855363422779
0.6377104911112824
-0.5466383133645064
0.5185486695507185
0.6918430876881266
-0.6239493158007846
-0.22830813789454915
0.6989772906563798
0.05762967938538923
-0.7887398146393314
-0.14601320874463045
-0.4018110159440935
-0.10901714425035419
0.5288665580971623
0.760196998475463
0.4514147913121049
0.5780704040623645
-0.26416077658785886
-0.6245302046352779
0.8557866746118721
0.8143278126499689
-0.5775390632671332
0.49377895633075114
-0.8460567935481788
0.9595896292280583
-0.008844339172480389
-0.3538537913254679
0.7411505213731587
0.04313011066969694
-0.22329760826105294
0.40964089468032594
0.7964419085286806
-0.7804637190282431
-0.20468393674262994
-0.5813558638687205
0.07313141327549152
-0.5818395339691556
-0.21488637907296532
-0.8453156754280184
-0.34687832155894677
0.48772473596055516
-0.2429862040311716
-0.25134015963071593
-0.20393322564714514
-0.4072581301175651
-0.5107235040921541
-0.3253321008958154
0.12420797114129833
0.22751242689345483
-0.49542901892400437
0.9272369929566955
-0.5628932304901204
-0.7979607602265429
-0.7862282544510549
0.4025695896056495
0.4811764202164784
-0.057938285797523664
0.01946973212365435
-0.7884518391659193
-0.8068425358593301
0.15999855830023677
-0.41953910874483996
-0.5432690117500161
-0.7622622016357337
0.4976300760573696
-0.7116550843973829
-0.8671513746697717
0.5585066579250626
-0.21480742565757768
-0.6518117697653992
0.859557582643667
-0.344595676437067
0.37348258983343186
0.567275203520001
0.8558338180903773
-0.272187386528421
-0.04185408538757761
0.6422755818259741
0.3024121607223406
0.036793177837240953
-0.5635339465326815
-0.5775045066051239
0.8043048461813891
0.6538851789953496
-0.26076079753763326
-0.9097508897227147
-0.023822503734226383
0.4154004745098696
-0.011247425834527895
0.06523224225888427
0.34285096442827395
0.840038397761204
0.6671764633553404
-0.41713844857892396
0.7608270227920112
-0.16424869407352405
-0.6016477598115679
0.8437853356154436
0.1059920127920006
-0.09643710030031438
0.27220697726418275
0.5542610532206806
-0.5434187626054151
0.9684590296894336
-0.014589862051921917
-0.6167645335218117
0.7359513779492335
-0.8252006861505187
0.8456694568321931
-0.9147128231484509
-0.2827455602990882
-0.29265261029601297
-0.6908352655397679
-0.646396511057605
-0.9847133826579532
-0.06329355596946894
0.015356341585662407
-0.5218739158102847
0.7847826456091382
0.3139452702079219
-0.974729271650418
0.8954282228490771
0.9725037248881057
0.1606409131108497
-0.17658169830577158
0.37100234996071096
-0.22962389839711372
0.4599661466385276
-0.2327345365670483
0.8057083386535249
0.04476025225394648
0.5117913207802085
-0.07275901153304166
-0.6330790323134241
-0.8755568212941317
-0.7222076702910407
0.5753582078066036
0.4735055357455047
-0.3657073281204977
0.5678481904069763
0.5515977310885843
-0.3067034340421341
0.06748321306740775
-0.12393246629656535
0.7516017247763834
0.9138312211813554
-0.45408949170422747
-0.3093825130944208
0.4177386056736443
-0.22568234583689403
0.9409919162267516
-0.2774883267433043
-0.4391549984914615
0.6777585552079186
-0.8744292112020099
-0.34940926764126146
-0.868794512604091
-0.6581266483035867
0.47961678735343044
-0.25947571028065675
0.5982300198680333
-0.15543816254471174
-0.5490013897130095
-0.5729645820990459
0.3764746412041439
0.38502061277702326
-0.3805078971157148
0.3329759199346987
-0.5349577913080966
0.7446264388083856
-0.24083508806408227
-0.00693473112077582
0.721545542788009
0.5535039190299875
-0.5934192690849822
0.8130664537922132
-0.29244810305664026
0.4290769844497707
0.560226413919716
-0.9604139899316005
-0.0812311656004208
-0.2479493543608915
-0.09419770506719072
0.6146633260232583
0.47034582886493154
-0.49652478898183916
0.6875223160519118
-0.17142377493946218
0.46049281592243985
0.6664682408315781
-0.4380209394028802
-0.7459547118034213
0.19178281043055073
0.12450585308808537
0.35487185873351945
-0.5646319851285045
0.5053829968837288
0.3880238375782018
0.6868656751639212
-0.42039565156596786
0.5566512862053793
-0.6019610022048477
-0.6580030240435225
0.8462705051415988
-0.9494370528262163
-0.5865314908072723
-0.12693554763809328
0.24500597854606276
-0.2852149523742764
0.2713618919197404
0.21944656890314074
-0.4491109107080477
0.894345276749655
-0.6051760068564385
-0.08998147281545962
-0.33054130683009453
0.7868274880762847
-0.2103229114882488
0.9537939236686532
0.5333414522764991
0.1350577047253245
0.8587939687968367
0.18154493137804348
-0.5979670775539973
0.31264196039511166
-0.6651819303726471
0.8075923460242778
-0.010969383894383795
0.9142267152747144
0.6923611762399341
0.21680823516444547
0.973463352763174
-0.2297610773907635
0.3385685059302738
0.6228672107581804
0.9729572726070598
-0.6489088189938104
0.2580022602644814
-0.07164991447490615
0.4079260441663078
-0.3138728376460588
-0.2640457754755529
-0.9592358204170287
-0.18756841019148843
0.9379064323556634
-0.8256730206882199
0.5328789591261059
-0.4081544111270988
-0.9461038452081801
0.48929149042319553
0.7203709949115791
-0.7806592043678611
0.06490322719798819
0.9239143626987253
0.27971190556424547
-0.9375731394060349
-0.7060219591722532
0.9892658798596758
-0.9121785448611972
-0.7256374311181676
-0.20624739559776145
0.6648240942470716
0.48577277969413046
-0.7715357369946372
-0.5414869616774373
0.040270689361523275
0.54473112541494
0.47106123433385977
-0.09416252878142492
0.5069667955206274
0.08179854582038375
0.5122105230110005
-0.8361268316822563
0.39921969948718367
-0.3642712619771057
0.5458105992963387
-0.3505289964691134
-0.2566121621327994
-0.2765717770259026
0.2114748550840327
0.9525225213663959
0.711442212971199
-0.05830608164633958
0.7133698780754893
0.388186801389119
-0.7895192009935136
-0.49683262071229667
-0.9686076811008348
0.19845253001785224
-0.014005886819355747
-0.4152450700785137
-0.7733831214680168
-0.47516287193409973
0.6544484578198791
0.8390230833802822
0.38830423859151186
0.786453079648675
-0.5406069356154894
0.712424407539261
-0.8677884375096955
0.8968467403815765
0.4907216909086494
0.7075787908063199
-0.5611252617046674
-0.3126405364856761
0.5962200237402694
0.43309960579885787
-0.0002694147351920624
-0.351519171248596
-0.6445865152092154
-0.6653389919668079
-0.18704478760069806
-0.09237358922867515
0.6759377608782555
-0.3348432866714139
-0.7342219588033709
-0.27008270808694956
0.11000966923305992
0.5401290439902059
7.242902780966141e-05
-0.36340864077678414
0.3387369733423837
0.5634425877689017
-0.3026504151518376
0.3770906148977123
0.8768638807388072
0.6215648985880119
0.830825766331203
-0.2524610935406986
-0.5535151756423188
-0.8810036361747425
0.8579165077451109
0.5463582569739036
0.08502968604467198
-0.05413322820138626
0.7093160333674456
0.2402772699648063
0.12829458221872844
-0.5109066219227301
-0.10708193456360218
-0.5175899554211482
0.5265598952445923
-0.7140503753577623
0.8182473731690778
0.4848267623290083
-0.922323414644503
0.014503021627185319
0.9880349872957396
-0.46698165227526195
-0.7256726201046054
-0.4535364422675354
0.7184987587203834
0.1858010942692954
-0.9948389337070138
-0.3162101280040326
-0.32400049312651213
0.7173570190913843
-0.9789823836118119
-0.9057145390967822
-0.1074168550256498
-0.27417945464210186
-0.00842761163235293
0.2142231569699601
-0.6663225843329612
-0.40394052309122036
0.38487347360608404
-0.23863908445412033
0.9356889767721227
0.8582862098571005
-0.8206636153569654
-0.6171065408950012
0.6648181404992838
-0.3665365770099305
0.8590108322575194
0.35199754015550316
0.598086024028539
-0.9883884990213134
-0.6683314372803546
-0.7220998951687982
0.8757878017032301
-0.9854882858501005
0.5290523252106678
0.2811561222192508
-0.8038850429680164
0.7966967348595523
0.6647806687909493
-0.23285536925408357
-0.3461614568774135
-0.8870745513177389
0.5240953601239421
-0.15902620360082728
0.7946247530438312
-0.40897205105890005
-0.7112383217507443
-0.10075033156413599
0.006751989972232389
0.05259366856807969
-0.8952582724376632
0.8942732491775273
-0.10312511423928669
-0.15429406230704143
-0.17228882484058436
0.4858926232109133
0.7469057449314396
0.5365966577560239
0.9501160770868894
0.10870524462871968
-0.8280402354133024
0.6137935083346445
-0.613889316498877
0.5251348849213922
-0.912766096455312
0.4178496725154001
-0.0941553300231124
-0.6989846454529254
-0.167660555125084
0.4963704530606628
-0.34392776182342244
-0.7915576637842766
-0.029475641736229224
-0.2905264518841671
0.9364342186925507
-0.22876731181710305
-0.3587490021953673
0.16658085059518377
0.5251105173726848
0.9184063621127249
-0.16701865882993347
-0.2339324776749031
-0.14118343109716885
-0.991880323289571
0.4018053358463786
0.2563237057685107
-0.9404134527742596
0.9737734405410734
-0.3123935577384271
-0.5994716358507517
-0.2687472502636995
0.10689062302911527
0.7357274388669206
0.9221653745146341
0.14608565567316129
-0.25315669469725127
0.511157960591635
0.7560333106558466
0.9419227580047462
-0.15465666943179648
0.7748066309958609
-0.8002411638445805
0.7012699346365676
0.9382649352396212
0.8457182210375042
0.9176711341749056
-0.7731412612866748
-0.17551432764737773
0.011775340155611295
0.42276815736006024
0.4211795340892861
-0.3416269565530273
0.8850052527452951
-0.32664932806666463
0.4498237278714591
0.26624342673001494
0.4192038722251045
0.1655456213958662
-0.8187432846729901
-0.9580431220713532
-0.1988797015839644
-0.15024490225254405
0.699651831613782
0.05331339594883131
-0.12409253475240759
0.5121826911648619
-0.01036269266190518
0.697283314112553
0.41259134443669737
-0.003999326053822914
-0.5809498971868352
-0.3156526391005197
-0.4619285658298729
0.27730412880724076
0.06020069686286508
-0.36595211309730596
0.07740976305671642
-0.5635120171426254
-0.5063381040168269
0.6505110580967003
0.09340227141828207
0.8420966578724592
0.6897714805573488
0.7288271905459934
-0.2970132999393413
0.10807189450573264
-0.8382954460685251
0.2604229233112412
0.8322335976458859
-0.13807583929993622
-0.07177914358359397
0.8637978228282558
-0.7633336830258983
0.9778386617446202
-0.09077504660785711
0.05701904770160123
-0.42712683943672164
0.30111688873924863
0.3647923435331179
0.1472990252632162
0.20431222543964775
0.7959328446535098
-0.7291887621265039
0.7834517521772777
-0.23466586036940182
0.717743860282475
0.5745344208475086
-0.4269149864204114
0.8104362391473501
-0.40979032490125483
-0.9214305467345417
-0.0008686769349200082
0.629656848388028
-0.9475173716980767
-0.622715236420031
0.08983704071452939
-0.8012353779776846
0.1627389250049577
-0.00655333802171319
-0.8691715847306515
-0.5310612734276248
-0.6677908680483879
0.6283561004294085
-0.31044303760281755
-0.8710076074476523
0.31559983445491874
0.48055939104138284
-0.11267722926700707
0.6928383284744699
-0.12028929545294603
0.7569129041835219
-0.5159177031708589
0.3956702684684512
0.7400324111040537
-0.2652189727836682
-0.9709916822508612
-0.21191121825292533
-0.6550019291271649
0.7922993504339758
0.8287644732999945
-0.7557327761924145
0.6187454685156328
-0.17525534482140276
0.9363182124192969
-0.10886734343011853
-0.37502589518370516
-0.9688772798116243
-0.5698085774343796
0.23279203957198424
0.06481777973313063
0.6246813266670385
0.7307808789127734
-0.10570333705282567
0.2996880113323805
-0.5097531594543282
0.03101346497189955
-0.02828949702173243
-0.7578591527711396
-0.40902528980157454
0.9038595440164219
-0.8371578780364539
0.8724810743773949
0.29873456034592394
0.408703965248347
-0.599216930660945
-0.07870306259354837
0.22282539468735485
-0.6822704904031611
0.5173350134659395
0.5298859592670857
0.9776327084643116
0.06418367121667876
-0.33435409887335393
0.6738984493118432
0.31520381046419427
-0.9109535437562354
0.488762472063225
-0.6311105453409389
-0.3645228286572528
-0.6884634686614766
-0.7854270935306061
-0.9369790555784269
0.9391731097245894
-0.6365500882517077
-0.8409395000432133
-0.44233600778711557
-0.2533878014354604
0.5108082719948439
0.31353393079991543
-0.5777558299800961
-0.29332423430717686
0.7256221661919893
0.9196277887673333
0.7158035743496222
-0.12638017881004338
-0.8937698426557192
0.36817397071658986
-0.3720393277345853
-0.6468361099217136
-0.05077856999181656
-0.5520065570636683
-0.13426265546667834
-0.7631854225393326
0.4276326938033657
0.3927620065275569
0.007439599554733407
0.7562992502911042
-0.9518047151883927
0.6158241016994178
-0.5417160468452874
0.3330469958943719
0.5168566751943001
0.2116643580848053
-0.38214614102930133
0.2909324494505334
-0.13921308867965476
-0.921067561164638
-0.5495904656344398
0.9557603209898872
-0.11577767878606963
-0.9815363264415828
-0.5672987600849735
-0.956357024889985
-0.23344911852372363
-0.2785071001097995
-0.8077698850298178
0.5091558532528151
-0.8680170244215275
0.38148370615025723
-0.33436267421837695
-0.6621335469676927
0.8452417308118485
-0.4259567361352079
-0.2282044179085462
0.5215666533265538
-0.8254464222970627
0.5202571993706164
0.30335902279037696
0.008658481749621357
0.41793289738656497
-0.06256118778368343
0.6055435485863777
-0.9281439206780497
0.42393552670365936
0.014239046758870156
0.1583794839564906
-0.10058092091926488
-0.09845595564993208
-0.9906455838522246
-0.9973474453878155
0.024094091643414604
-0.03740671192467905
0.4911715834986187
0.9979575464671078
-0.459445425952183
0.7589408136760297
0.4573512302372297
-0.05554750884908731
-0.7370990354458956
-0.5470277793691395
0.18754898504468986
-0.24989914909560806
-0.9771427071053893
0.8535161980903736
0.3549824538337497
0.726959495036932
-0.9834263422559125
0.6171930858543795
-0.006450102723126095
-0.18355900338951864
0.02320725275488031
0.581469833758974
-0.18486142034454844
-0.2534028337243918
0.19750708412681947
0.8129131992437393
0.4326234515333856
0.39698789330066225
0.5306894127709668
-0.38579692873762744
0.3087817571175564
-0.32263892717766307
-0.3727798519786416
0.22104579446436537
0.9462025526896723
0.049609021281783246
0.07594838440302999
0.47458752780392494
0.35867776375951027
0.4001554650087008
0.4646214421165335
-0.33970085528227856
-0.04693227466857733
-0.8741881360905771
0.10879946566489793
-0.744100203485427
0.7343785912316383
-0.6283539101293228
-0.41935949282481794
-0.6068919089780135
0.6839058698957812
-0.5674475363521606
-0.597087991566591
0.1785406013079558
0.33539948443441475
-0.6425359353005342
-0.607345694563578
-0.4779610938656949
0.46719422600551264
-0.4295557647055335
-0.20058054331482608
0.210136965385193
0.211710083652977
-0.0463634680531059
-0.10560725477718197
-0.6257024626875521
-0.3522161617828415
0.188346723478844
-0.2168004340565649
0.26986275553343386
0.08427429582705763
-0.04943572055228897
-0.3257374807927396
0.5209767297392998
0.04720063390062083
-0.03901391076178401
-0.8886668612754508
0.9489965163841784
-0.8183247978744201
-0.34561710156407854
-0.8422537917266979
-0.4121615080174219
-0.7135550633546858
-0.8631433341284614
-0.5698603025300254
-0.23071948871729256
-0.9375175084996807
-0.048490658566416905
-0.800834752850669
-0.4133690165809983
0.10456992659081113
-0.6428205095051159
0.16609869671415328
-0.45249671313464096
0.8420763683974064
0.6261246833308624
0.7319074771221933
-0.9139492770002088
-0.6659285656239804
-0.9618723049827632
0.824802043966764
-0.40666713609968663
0.2540221899075838
0.8855856081593847
-0.7237473048029972
-0.7344565061949916
0.4102289344918962
0.843951419274247
0.1865674677955905
-0.21537920274771472
0.26813609764754964
0.03549083227617921
0.1815898471295106
-0.8009425965605289
0.18895604058623058
-0.8557014726037643
-0.9079543002881723
0.07617702959184636
0.8841177042823963
0.6516239752575071
0.12952386214887937
0.9022160508344541
0.10456441706340162
-0.3776224769029444
0.38513331642133763
-0.23565795925840335
-0.1229484589191205
-0.4858296822129162
0.5013624863685473
-0.8593318955143745
-0.37447366739279886
0.42150813005188204
0.45645401555177156
-0.6418027539845583
0.940830928649902
-0.7177574409533855
-0.41677599421045464
-0.08472348291438656
0.3833244512438464
0.012273630756673986
0.5066244158768329
0.46847249861848195
0.8916779953258993
0.48220703274924454
0.8011087246483716
-0.6535754930621578
-0.3863073807460299
-0.14077390653910532
0.8972009982274011
-0.6881088287521281
-0.7872274180603569
-0.7099877120010425
-0.10677741373373556
0.7286998669760056
-0.5134985269321669
-0.24872169979294712
-0.6868423226623932
-0.8516256565878155
-0.08982781582025205
-0.5280547967236391
-0.31188241113673104
0.3003004657705201
0.9571935867213361
0.9047044412839865
0.2899023792678824
0.3844248926152826
0.9333370072404126
-0.05964198830388938
0.5542834442768004
-0.665065621506513
0.24632720842826028
-0.019012404895984762
-0.10271983609615142
-0.977772101527132
-0.8801473533031802
-0.0647686091531452
0.28998522894881046
0.2185379028300303
0.9544157931792723
0.8921404395873055
-0.8207314379158998
-0.9864235144569897
-0.06908615037906812
0.1384735744655442
-0.830841423407716
0.6786371261279275
-0.741045362508387
0.5579405121580651
-0.3471550226700092
-0.3011967017743253
0.30098448013679274
0.7973862682833684
0.8073894290627416
-0.35523410148544515
-0.0759601655810239
0.20578367549327942
0.1893267336828336
0.5514114966118943
0.187853279835273
0.9090377405415733
0.7771414700076978
0.09457596940316622
0.39883287970527836
0.21050105792955925
0.6770756972360158
0.730846238338997
-0.7252690042999653
-0.6146869649165835
0.1633285525613508
-1
0.6510805134517275
0.8559544175972685
-0.006346111321916269
0.6320661142590842
-0.12932892291461537
0.5338922334891317
0.3420387694732982
-0.5149100704810952
-0.5699909581016773
-0.20815743772963194
0.12998753925285314
0.7921312237245561
-0.6038895653571744
0.5987395824904971
0.08068832302020451
-0.9155425046904874
0.0792238169113609
-0.6366438487757415
-0.16172983495916987
0.722762200230801
-0.3388622031068154
-0.1468690135419466
-0.28742865542661195
0.2598625836948607
-0.9805101132252968
0.6697020967890596
0.004607401410962486
-0.06471430913746629
-0.14554718011642473
0.19049113377622517
0.3606307616950194
0.569468504394901
0.620485337161187
-0.2307255182639746
-0.05676443216575425
-0.7689887986969803
-0.41747391319489685
-0.25808428493440344
0.5425211064995714
-0.7798873942055665
-0.3922446834148539
0.583769090928
0.18714112818412626
-0.008331312522036779
-0.9415952790943347
0.3458388033165987
-0.388607849853678
-0.7135638817619538
-0.7906585554201434
0.2448358150954173
-0.35727095073418
0.5872077385550996
0.09644936773797277
-0.6057573296988956
-0.6782478281509087
-0.4053164212739114
-0.3503739921723026
-0.23251426827274158
0.3038038433394052
-0.8184433174432432
-0.446677553120947
-0.5922872632390552
0.056028729165429884
0.06440870587741988
0.45302622826826555
-0.701695119914867
-0.08288018129254172
0.1491291887351053
0.37143225828237625
0.9478243767937669
-0.5789744752554504
0.8377872616919234
-0.4905234722618751
1
0.7501481992338066
0.76977518363035
-0.9431932512158803
-0.21042484610116927
-0.8916143571212193
0.4154300280064391
-0.176219718993675
0.950416020597921
0.7267600966766692
-0.7057443442285838
-0.21854574483823042
-0.1477468285469387
-0.8956183470566091
-0.5753043374189611
-0.33698305344621166
-0.13654088283553903
-0.3492221751614824
-0.5746173180981355
0.4509989123153977
0.5313512038637624
-0.3850216618346242
0.9436188339964351
-0.029297686077456066
-0.6194786814247719
0.03801660837789092
-0.3849035051651038
-0.7981678339132307
-0.4580498525635061
-0.011790678940679183
-0.6821991734511207
-0.36832563383794253
0.9844707480696315
-0.4466904229699747
0.5002072928099063
-0.9258376577829253
-0.6965229947243491
0.12619458247948337
-0.6372177430457314
-0.021238513219806285
0.5661988971106292
-0.25627825300350765
0.3919977587967685
-0.5138883962142485
0.8708571837986393
0.15130763317522886
-0.3934789050629774
-0.3117972811082766
0.2591761362727817
-0.8593415104964212
-0.5017700036823196
-0.8478321957781534
0.9273836488904009
-0.2522326035054021
-0.16669564991218502
-0.6133317547562193
0.657970655420334
0.6973674906404046
0.6175797772305214
0.693278616119035
0.9165263291540833
0.30213009596642
-0.7289202831015668
-0.6795602231501514
-0.5236065943464111
-0.49300102132807905
0.1749421797364653
-0.0146319565744217
0.28558183132988013
-0.5882003898618219
0.9105401273981786
0.7923176884364597
-0.9760231289156998
-0.31856439757970106
0.864598768159292
-0.020372152328213416
0.8742900760164107
-0.26439612191087997
0.8336024754720325
-0.48330047434827306
-0.13568037406955827
0.28243630001754316
0.10704137724107499
-0.30495430875436796
0.7324690942974521
-0.32881248053140016
0.7080162883062546
-0.8351733542849064
0.3089622133630677
0.688988379980452
-0.8167891061394085
0.8075522243670699
0.06053169140626298
0.7587451768439437
-0.03172204291033019
0.6113745975749272
0.42372489705814065
-0.5240603563044851
-0.9618175771378
0.31522115234878634
-0.5830649622542403
-0.16549278972354434
0.2303001461972794
-0.5120490435569011
0.09072775227432134
0.6589793711050929
-0.2758296658147958
0.886831101452584
-0.44877057605710435
0.5836160196694795
0.43298650363644287
0.29746557886895264
-0.9326437861935621
0.842982710435289
-0.8385951271903325
-0.5265399561565078
0.8011480491172525
0.0629164288180242
0.24708245374986074
1
0.1617838726047091
-0.31818374108152925
-0.48991111670202786
0.3992227692949682
-0.0804729554081661
0.3624756038228857
-0.5765825611615156
0.6548137054835659
0.8845685994815885
-0.17183422336179735
-0.22043513841246531
0.07484661744850117
0.8081703029163593
-0.49794806375400474
0.7082189536822127
-0.8764635101699748
-0.22526190398731655
-0.9036740325714082
0.5391471744485117
0.1205516837461168
-0.8259904783173119
0.5583713953114521
0.22383350025722398
-0.7261649618836925
0.86375948184029
-0.46996698761356376
0.4726799557698907
-0.1573146038154135
-0.604324823467528
0.3563636165742111
0.5208395041063565
-0.9209779351922474
-0.14987942699718407
0.9319358449647711
0.26641509341083747
0.15456020625280426
-0.12194703105720721
0.7413241613178911
0.9986804137784275
-0.48201839079170455
0.12661224411338654
-0.6152907559332458
0.47173540217365884
-0.2771345792763419
-0.2636118877214052
-0.9508816198175648
0.9925057925487603
-0.4909926474425757
0.3928128106986784
-0.4561213855766179
-0.504869833258684
0.7222970012263866
-0.9967914463267836
0.02901962335545869
-0.17845206283392834
0.32160508576712654
0.2935017163526743
0.10061008719603884
-0.7681276687623805
0.5327789297371278
0.4979819704941858
0.8155649597086645
-0.5573124695261857
0.08577178602160114
0.8539394114019043
-0.5108898492966266
0.49848364278115426
-0.5188097678978755
-0.7418376344132752
-0.9258206744808611
-0.318398273410678
-0.8807917898725087
-0.10006879011780186
0.2701874380990608
-0.6399685849959269
0.7222002901230843
0.6247826410568553
0.3518618070403504
0.12262635196760042
0.9124860774575485
0.793957836841083
0.14093991820617213
0.15838450325874867
0.7827565322305642
-0.7301237526692972
0.6443865387032598
-0.49454706125067327
0.9126650612517171
0.9815275988546999
0.8420510676118537
-0.8802009917655909
-0.943228973681411
-0.8376710611215539
-0.9695755180848634
0.4243474432714451
0.872769303124458
-0.7490175390465821
-0.2734263525601569
-0.33378029674226967
0.8817730240713989
-0.7013756841281639
-0.0863248875624026
0.9950308498140381
-0.8436296400385331
-0.421508801535244
-0.24858998941585866
0.18610257300030192
-0.9999573540388393
-0.3944174772628571
-0.6024533054549056
0.4280585908211597
-0.1560929942592782
-0.14292399357058125
0.8132486291584919
-0.6406362955289068
-0.011921175295116104
-0.15164879895827957
-0.03866804344837802
0.17118294165438927
-0.3925543421254739
0.7128395728665972
-0.7204417417259006
-0.2813939337641791
-0.0240476315395119
0.9291372888795086
0.4923410268448608
-0.7810808657101012
-0.3320054202302503
-0.6828529185533836
0.8638081937760032
0.4850904434055264
-0.9581238622450612
-0.8926284326036501
-0.4619466609588128
-0.7355568521307568
-0.6046192377313196
0.19043785177958522
0.17463303163724897
0.5726289778560759
0.5539662062310586
0.815335100541513
-0.3573843312886952
0.6374849869514644
0.6693675635767409
-0.7389800057355009
0.22058062871346096
0.3319548397186789
-0.6534652917575056
0.945379349869871
0.029596207002293966
0.18154128351214663
0.47793149740549296
-0.9705679950511797
-0.8989465945676769
0.04918750935178144
0.325970566864859
-0.2945953407323494
-0.5098721230978565
-0.054259337035263276
0.9235872723153552
0.4108134603229052
0.2930389486426161
-0.4528348568969753
0.8280156414750055
0.32214993815899035
0.008888680756418257
-0.4207021758077051
0.2950002182354235
0.14043222496154878
-0.737809528059033
0.42554682536642124
-0.2938361642482834
-0.24812123138986894
-0.5692570038449551
-0.2537237391604192
-0.27733390307335787
0.39145025433735403
-0.06355140061412669
-0.6809000975668701
-0.5559890130678494
-0.03709517863545478
0.4840121060777227
-0.9182465547168739
0.693561752324247
0.35182624044059424
0.6044144380431477
0.698874481795712
0.4567928439337193
-0.28062718012258303
-0.5134320756237771
-0.4215306258235842
0.8422928388819994
-0.6182992401045391
0.6201646772278199
0.4104651957834923
-0.6916739050567375
-0.08764302644158874
0.8739253937854409
0.075157316477094
-0.19815223271137875
0.8187813174046047
0.6441849359801859
0.8314876654716252
-0.07877932073484188
-0.5265929970267521
-0.4667252244052239
-0.7690615881225406
-0.32127754716115625
0.3076259466821785
0.3465790415709046
-0.6981352164489021
-0.22790387035146017
-0.06924983388916488
-0.24140022605236977
-0.7641802404830853
-0.9351732933040454
0.4380214140708782
0.32325412409483434
0.028768380759969552
-0.3936764118503024
0.16454401683974343
-0.9404394256830138
0.98902196304688
-0.906172771993508
-0.5838687374096845
-0.6264683732474187
-0.48849978065127625
-0.05392756934106141
0.6989658276117942
0.1819701221561175
-0.6095107130630364
-0.8332945510909646
0.048999314408527374
-0.378639078543533
-0.9717167611555564
0.02285229893945949
-0.8387330629604288
0.6302252419257688
-0.19507903540352298
-0.6753634080705084
-0.4544957159201432
-0.847040636660433
-0.9946265333386767
0.46727858789644905
0.6286860567066475
-0.2954128701508676
-0.3548679291342933
-0.008961232523368582
0.20039487105276027
-0.13594545461364796
0.2728506875623558
0.9554450912378545
0.37903462799359144
-0.24229228944249845
0.8520007151167216
-0.5678226524835711
-0.777884170222585
-0.18693610964965415
-0.4794676075871541
-0.509592742509487
-0.9228275612100456
0.19762438899741494
-0.14868606014061092
0.13186268180997035
0.7644483226402982
-0.5689973489399138
-0.1318628512442879
0.7410708188703652
-0.10268672614073336
-0.48355763401946267
-0.7870843232953639
0.5955362868740018
-0.8301684603081289
-0.6180049490875261
0.40284478540882696
-0.43750679018841343
-0.9950021367615918
-0.5903700621524433
0.17098614706055587
0.5700897297817822
-0.6237992285545231
-0.48248936561584954
0.9543518150295707
0.7062811647811065
0.6535670968430645
0.9144838612647599
-0.842922329914773
0.24340568748442673
-0.7112125330761891
-0.5525127447462186
-0.56466388936893
0.4596875056756537
-0.6450742996435984
-0.08199139306712001
-0.515067516206089
-0.0176762140075873
0.9830291399558024
-0.42884073100288383
0.34911774982131355
-0.7443111511262529
0.6095370686140622
0.7285423750352672
-0.9269689266983134
0.5840362029197044
-0.7667119797395556
0.6934239341651216
-0.11450021085899917
0.7265398925400952
-0.23553743591692866
-0.10879715570875671
0.4401546606057604
0.8371025749714973
-0.9720053618498441
0.9386103830745707
-0.411091764235706
0.9297937777206478
-0.5458114984307376
-0.4900295883971147
-0.6664889810782567
0.8986419203462572
0.4186530500243265
0.6701446022216576
-0.8152755365881275
0.2927385630808766
0.7673916397560263
-0.686021622476812
0.5298313538757624
0.06093676109832151
0.5605787691158339
-0.29947002677421247
-0.3337685085589229
-0.6730409945236885
-0.4065408171815495
0.2985179279569499
-0.07069212634812083
0.5715847511248302
0.04602008901687216
-0.4000358317493469
0.9397224640714378
0.44922063963928055
0.3642995343824713
-0.027422414063908218
-0.1470961093589261
-0.4430643443858382
-0.5452003678651065
0.3636947617253634
0.6722663221119209
0.9072621090649508
0.9805116862777468
0.6966098888803806
-0.9322560670560588
0.4520650320237114
0.45524951143523207
0.7599421448585978
0.5249626103058846
-0.3609090999458445
0.5551387363621683
0.9910505561954533
-0.6434728979821249
-0.4213502449438684
0.6600923663755313
0.10664811117828202
-0.7450515561666686
-0.8603246860805674
0.689859449551895
-0.40797979207635454
0.42861500169819516
-0.09146550251271479
0.8443640172961003
0.6432473041250508
-0.0748587164774183
-0.10478545065746436
0.9574223559189173
0.20224361324232154
0.8478454306377844
-0.5482370938776129
-0.40544840962499523
0.37434503582827494
-0.578705023625946
-0.45261666171834114
0.21486608832815163
0.8112749564664832
-0.6791711393596593
-0.49444572996327313
0.10087187027434133
-0.7637910155138617
-0.11865161924669637
-0.5853234797813814
0.7662183315477409
-0.08124066253550306
-0.90845381623395
0.23194917370127996
0.5598441321814067
0.3899596319872184
-0.04401351699454807
0.7654972267735134
0.732498581640098
-0.3853392227012357
0.6187228578103214
0.9197239099007224
-0.08904384830886504
0.794353804824042
0.22586342955234168
0.9690712279291962
-0.7214021306879798
-0.9076893743345477
-0.36545799460017214
-0.596208189550484
0.058600540083596844
0.328344714857157
-0.9689639277503157
0.2243018987730067
-0.5403142028159476
-0.6908464389794848
0.7368837595365331
0.46865801671333457
-0.6839430257639484
0.48705341583815437
0.8663859877346147
-0.44553965736535056
0.23877388312638237
0.5849227865720581
0.48125851595489183
-0.5033968484847984
0.18969713293515297
-0.7378047274990652
-0.4172892498022276
-0.5307980510420219
-0.9099218227168601
0.49640925753809856
-0.430948734861409
-0.7923406039589873
-0.13241001639414637
-0.8398927203788549
-0.16486375974524664
-0.04655892534994702
0.026142496745431225
0.48235155393406837
-0.9811071232956945
0.35320568305330885
0.31211352672351567
-0.10458276585160728
-0.3722372058970624
-0.7429880278294362
0.46773453635861284
0.6787893404401062
-0.0456582424273938
0.717220709091525
-0.8415731163788055
0.36098469073009226
0.9650119500406468
-0.46538145801891667
0.6231647515336998
0.3602505131237969
-0.21720615078231542
-0.7597778791570164
0.16308981753009708
-0.20075220971017577
-0.9995608825329814
-0.5994790302463544
-0.2502685503007182
0.7948511578684608
0.3442571247409977
0.9163153003160396
-0.2891364515135906
0.2876115456599697
-0.686286922628306
-0.38521179749569484
-0.4251522486610286
0.9687375614065897
0.7373811846781251
-0.3408387094373795
0.6534626035574109
0.990511558466814
-0.9482128954895146
0.4263858191310476
0.02578885646546172
-0.9937877026402596
-0.6505432869633159
0.7840878513527736
0.5474282250287232
-0.4647618225532678
0.3183068992518959
-0.23493717935929553
0.9824883231267378
-0.07823254928871247
-0.5838064125443765
-0.2122429880954233
1
0.46319483610801765
-0.3289756641824956
-0.16506870675407487
-0.9239561296652872
-0.16304205684892023
0.6643320847267289
0.7467087025922459
0.15802655585200753
-0.5513832236540496
0.22742148672563722
-0.23174176748530012
0.8667301877915203
-0.09351988726828506
0.06471915878470241
0.4942730175025724
-0.923388054421721
-0.16662881549561026
-0.334271719566677
0.7277472872747743
-0.6491796094947531
0.010898102383134713
-0.6961137223385551
-0.9594579344875535
0.41202178364802966
-0.4387673177084518
0.1785022716938052
-0.04119785384195275
0.24984650325491772
-0.40451428768170794
-0.38141809244506325
0.7495361223542365
-0.22490686409199007
0.9234818774083284
-0.5767060656893618
0.7248094917654051
-0.28584761060895697
-0.14832704776348837
0.670298248243217
0.0011898353662218829
0.4499086494522081
-0.6875027657469636
0.72045025400754
-0.9342658995081444
-0.10122871752225059
-0.7269360695137068
0.12071201792285684
-0.24314961062188362
0.7344451686376549
0.3819068504887133
-0.5473023293816542
-0.31569850794717297
0.5348457373264897
-0.10496993280378633
-0.33266778718060613
-0.8210181191764871
-0.4361602157396903
-0.553280512811654
0.21355829011068445
-0.4418508972695875
0.5400335161810367
-0.48342564881367167
-0.6916422152793404
-0.3239265430082692
0.5158428775443205
-0.8404935974986545
-0.6774799459378334
0.952679504413821
-0.8042138420082349
-0.05826711879892011
-0.6939472555951476
0.7971834521678431
-0.15907307817574196
0.3197950822221127
-0.7167372881923082
-0.09337787337515167
-0.8310250243117171
-0.8296296286846321
0.6549423086783341
-0.5043466700402061
0.07407076279729846
0.049334883036086
0.28543895651979734
0.2474299713305277
0.3219349878877398
-0.5029575989790335
-0.6497550531187855
0.7024356712517764
-0.07794639455948407
-0.8137461286346812
-0.043954324514836024
0.04565394996940849
0.6165431966656105
0.33864878417497035
0.38749468632351486
0.9770004355691041
0.3864062664134177
0.4021311951910679
0.3150412164002653
0.8353106862530264
0.6794925407042613
-0.2886345309874456
-0.6005809399300823
-0.2540880488257974
0.5174002980765122
-0.567104352138535
-0.6316939037356164
-0.5928551390805649
-0.2365322201714181
-0.8389624028954974
0.1964468369423832
-0.5506321077199329
0.5623296271052887
-0.7410060398450735
0.9496462320945145
-0.665368453244313
-0.85230203769123
-0.36958559267946356
0.4157403819103613
0.6071977952001893
0.2182562572922276
0.6021626212627043
-0.7811237467260658
0.3340779111225355
-0.694331004720903
-0.938566839978215
-0.5677506773620674
0.4006301463652415
-0.7238015234993559
-0.8121739269618039
-0.2215814217350426
-0.6443336900722972
0.9174302391789539
0.8884306093869355
0.08856091328831962
-0.6070007065545915
0.9378764688956295
-0.8282085069748423
-0.4412726975085906
0.31106601347491597
-0.9523894826213934
0.9898679248973548
0.6212873784871973
-0.3718143254842351
0.18959193091896298
-0.6011258954076705
-0.226369282576483
-0.6660910454716737
-0.07795364525926617
-1
-0.12332413288490462
-0.9375915295529762
0.9510055064323667
0.8390585675214182
-0.29649004446242805
-0.9409555133325469
-0.13586290692689584
-0.777114363143256
-0.19917465107104398
0.26915772770854957
-0.24315046516301153
0.2692330492723209
0.13591663813595176
0.47695464690231437
-0.9819775804211777
-0.9511752563560832
0.503845053650726
-0.2771140030603275
-0.25691247933773886
-0.026104495643742363
-0.15795527421585326
-0.05129931193254937
-0.17526439987796416
-0.2178577376054525
-0.7278988390703528
0.9396804051931957
0.8786953703260324
0.8915438979493566
-0.8210030471191231
0.3743946950716217
0.20081452502672476
0.8064208290216636
0.05000044144008101
0.3728465596023414
-0.2270215193497879
-0.45847279644561606
-0.9712700097379283
0.6443448547967269
0.29882024379127514
-0.6490748133173496
0.9197047968987149
-0.9395459577312812
0.35889385356932807
0.521228983769372
-0.789540661557975
0.07927418475395279
-0.0949394127390503
-0.656411222328612
-0.5160907680860859
-0.5424848128294775
0.7929917659043291
1
0.5941986474201694
-0.09898196187718317
0.4521562374958652
-0.4049109781880408
-0.8231297577218566
-0.28549678456726396
0.6797822370799845
0.2627820118008694
0.5834337593866381
0.5868279991249644
-0.3879218233141505
-0.1511841265346735
0.4352205783342083
-0.12623808470884068
-0.21414476704635402
0.16823634138554694
0.6049317601402867
-0.09464014709568458
-0.6464143993591723
0.7595782112756717
-0.13540274694645243
0.3823239352153925
-0.8896581358325277
-0.5904556349700759
0.21174307385415103
-0.5418591264223263
0.6490198904143518
0.07501273476085657
0.20950647116453525
-0.9929335481964865
0.4645614136312696
0.8199971012722531
0.11801271034351232
-0.35353996794436243
-0.806645628922771
-0.29429344642974953
-0.8708726196547022
0.9996757925307962
0.14993779495890927
0.5603093041198045
0.1357161877171087
-0.16674164364475977
0.1188730038056109
-0.4487523505735793
0.27877110832837265
-0.8236455492729239
0.4196133608552707
0.469717913638944
0.910685569516055
-0.0639123065070719
0.11547561641369788
-0.1296708890349859
-0.8658331939418812
-0.07417049777917999
-0.5275700866319887
0.39146194335798074
-0.7403455630755575
-0.6577482923345175
-0.23100923241223398
-0.7165504016977795
-0.8488054901741373
-0.05310740420496141
0.4599630923747051
-0.266420219826232
-0.8016456460328989
-0.7578260700861493
0.35006434687844956
0.8531299605470025
-0.2310681682626236
-0.6761693705293437
0.6937053760160079
-0.6658712182331771
0.014691236595013264
0.4922321068228687
0.2961047833894536
0.6412342154935876
0.9353508421017834
-0.2139638826302145
-0.5048801189808046
0.230543185034844
-0.3065279274712779
-0.2632921003244967
-0.9477106650333746
0.4207385486552709
0.8476111276901049
0.17963269691344383
-0.5123421529699308
0.6763129578097626
0.11009106260586218
-0.5439740499930809
0.6671864439840514
-0.7875113358601801
-0.07228562062331233
-0.12513336558273053
0.20078774015023854
0.41495593189501034
0.6426643880418683
0.09514560254332591
0.46716686136121643
0.6099609589662134
-0.7705222183901874
-0.24210232889239944
-0.9529466698640243
-0.8797222552222974
0.1678646995417003
-0.17796368513399538
0.8154774879143095
0.1882099140800349
-0.7971844684318476
0.3548573631422481
0.7178113149290576
-0.2352178313556788
-0.6577489070727536
0.8431783942462477
0.10110472425839102
-0.6620652579777071
-0.9073877952442871
0.40225063541695333
-0.3801119958204721
-0.43758593655832373
-0.16758706818271227
0.7532589138211575
0.4291260026685526
-0.6100142319955939
0.5813809883527824
-0.39633063556967396
-0.409569243526755
-0.3828328539458211
0.9152540390957966
0.9885041640482086
0.37275060950815186
-0.8110715017847241
0.9899226233514846
0.35870848854585785
0.24469746296332046
0.8567376465160816
-0.9780539658679193
0.9264278722017812
-0.9379941635648842
0.5615857524790239
-0.04604357212240608
0.45200614012032087
-0.9534098716101352
-0.11402404946788125
0.05840291986711674
-0.921649718865668
-0.5981249521901686
-0.5285505203557598
-0.718752192494446
0.3429482708997027
0.657553381865219
-0.7940239028023639
0.8746724972851972
-0.201417391899492
-0.3719359714858652
0.16519298438017238
-0.7932723422308896
0.8660900853152652
0.5485843515009853
0.9816937974873859
0.36498688878624913
0.8647714957769675
0.2641680996071162
-0.15022104509912398
-0.7442714315749269
0.6139696494963943
-0.8664221638697391
0.36574660563926353
0.4706587978798011
-0.7419405737792905
0.13100088986724157
-0.2990098984320577
0.8242424681568936
0.6872054170642484
-0.43727677420675554
0.6438107590581121
0.7976003663257141
-0.8027868243234142
0.46552990159985075
-0.4822527764911506
-0.05934085691701911
0.755887368616033
-0.1566468201697849
0.02812916829017425
0.9313391723279479
-0.22916238572986916
0.13160179549112566
0.7108659667050974
-1
0.6468135975906698
0.04852512217433268
-0.012613333717369179
0.8318269583383897
0.7458814779013498
-0.803163860999765
0.5979007188983273
-0.1916168366766787
-0.0034773319531583337
0.16197760468960865
0.217899896458871
-1
0.09204215154986295
1
-0.07906901607593977
-0.5945312317301641
0.1366009404205193
0.6121366032999866
0.5372374176619117
-0.8629832597319267
0.734389868789859
-0.2324254866256105
0.4783570303767686
-0.051095764086452194
-0.9277086728833355
-0.5057919309906727
0.153445068661547
0.6542883697114208
-0.3992724133730586
0.519196136470867
0.27453850719077455
-0.3744328902020986
0.49313039753619253
0.7572828135098151
-0.18891115919361398
0.663078693763337
-0.5829940638263511
-0.002451412210261789
-0.6290491396497719
-0.9874028132002468
-0.01240905674064603
0.8563957667272578
0.5130862081480266
-0.8598455034537186
-0.6094515920396413
-0.668983133568205
0.33387598357753506
0.5216221675070254
0.47692486803003703
-0.7578739991979344
0.6789540043856084
-0.3057017901034253
0.9107215200650746
0.9097344761045794
0.8024127926615066
0.3527033627043406
-0.9075379990828591
-0.10623180304231433
-0.12549185016478243
0.9415310579653632
0.8415911479094714
0.17315944729048455
0.09842583433064016
0.4799720680559977
0.9421167165712305
-0.4274930877769188
-0.815326141126644
0.19122779229090192
