0.6681820869957896
0.3459312729810654
0.29232190857269513
0.9909619917299043
0.4056291831627392
-0.7331466532321174
-0.9618738320162084
-0.3818942743724087
0.1059343455782295
0.20109689175661075
-0.6874549303690697
0.2970038003922178
-0.3082766645115512
0.7889840525098288
0.4354707314252801
-1
0.7734894868999527
-0.5787605164479249
0.5693175729844527
0.1067953126356156
-0.6843842335897768
-0.49308355937550397
-0.39230156169096836
0.3678051371301201
0.5411036771208104
-0.27302086979784396
-0.21041469862909173
-0.4718755912263861
-0.5884011185753037
-0.254067287390573
-0.17909523088039275
-0.819923901157462
0.6382122650677151
0.36947989903808337
0.7202196885306985
-0.08227766039672481
0.31895915269816005
-0.10089349752533185
-0.7143305322341672
-0.32841095267567516
0.528627010836338
0.20627733293935963
0.6019970017658954
-0.14480031743024183
0.18724373310780876
-0.10383611656092626
-0.30647330573277864
-0.05774736785919921
0.10522726889603566
0.6545260160213849
-0.31453503507445335
-0.9737825005870514
-0.8851230647148526
0.9085967058504645
0.976111845980344
-0.21510209335539504
-0.6842441478263896
0.7806509688621087
0.9704283858856927
0.15880099508997772
0.8156337812178034
0.6853184772599108
-0.08479675105185129
0.5768659708691316
-0.02506836887693828
-0.8670350890774143
-0.9807546835886551
-0.9248717664871242
0.631965982200315
-0.3693878193007257
0.0005234863886860114
0.8477274867957156
-0.5168382784759398
-0.0646258671620802
-0.06938627383018264
0.8174486172195059
0.1905694674592936
-0.36920676523683515
-0.5684201624894994
-0.3664392066817945
-0.497648069519902
-0.19769548168524756
0.16454935444270893
-0.16424856938784663
0.8151862411506211
0.19073022407447338
0.9382324718817532
0.15056729807744768
-0.8150636869001789
-0.7564703872009617
0.45378995633491814
0.8540260818211818
-0.027075728436452708
-0.5550449738042987
-0.8710166716077685
0.6239093849758561
-0.27201985545360535
0.9337144663199937
-0.6370450965625487
0.45033905676134645
0.7566084139151134
0.08064575248970565
0.068596034175895
0.5404723294691093
-0.5496302590168587
0.5436720087033199
-0.4358422045772562
-0.720471136412577
-1
-0.38960308394280485
0.9414031011401062
0.32231932769001326
-0.8580581269500671
-0.7393157396443926
0.6005293822913585
-0.4096803996533284
0.6139028171040136
-0.6415015786171931
0.8892739046964411
-0.2632036028999479
0.4102646305502312
-0.35879705647282867
-0.7484848568224468
-0.005985443229930729
0.5978544645020091
0.6856093641723827
-0.3096643749350365
0.538505708994924
-0.8580100260123618
-0.5721200233944022
-0.02128030335797285
-0.46603732506387785
-0.052065502912990363
-0.011016572101851568
-0.43232647584703904
-0.23697557387436832
0.45811680392844406
0.8363530142190042
0.4049674967165211
-0.12454573463615468
-0.3727475346904501
-0.9348294499855812
-0.4335313740898983
-0.017510949667199793
0.8409417439755424
-0.7701959399110112
-0.24669073859397436
0.6281797815326347
-0.5814081004056292
0.9463886291298123
-0.50811791360643
-0.31848971578584945
0.6812671620717723
-0.7449407624502147
-0.5298393636249622
-0.7350320743437943
0.9872854014668273
-0.44348642951945433
0.36477326644128055
-0.33342648519311074
0.015519161336839159
-0.45855725932058433
0.2981306443208592
-0.12059880801886338
0.9050608668052972
0.49210367472881106
0.13274871988026918
-0.443441591080702
0.37234211873170964
0.04104652331859237
-0.04175757648744806
-0.2740335167125648
0.6147249802636462
0.04303318150086319
0.7349506327790304
0.5685850816869191
0.3354090211126887
-0.3629568608608454
0.5159025852843526
-0.7059920166005546
-0.45367344477513444
-0.43279667223066415
-0.5708341623836695
-0.368351066197029
-0.9258131412821435
-0.3950644415628655
-0.4909092605882165
0.2650281957555072
0.8628709730752054
0.15362331227058554
0.9885328728285663
-0.7592699851604943
-0.31748577629452657
-0.17701929901132807
0.06756226245619783
-0.03768305115045766
-0.4132955439027962
-0.145196105726643
0.2631637949583462
-0.025520948128696007
-0.07741298421254082
-0.513424951423183
-0.05797058960062488
-0.9195296199907241
0.41242387532500396
-0.2693667325763297
-0.0800543785111231
-0.6127915286663576
0.22062322445001623
0.3298055503485167
0.8706460409926307
0.6481038937384288
0.8997652514587327
-0.7039337566166317
-0.6085958297890347
-0.7652123444766495
-0.6629541956239771
-0.8360545597730521
0.024811242541608193
-0.11155815763362685
-0.21781799828989432
-0.7936904101189837
-0.7661824752562957
-0.41340575596443596
0.4637376812717092
0.19445267798888477
0.77297850890052
-0.49504192786568446
0.61101709956656
0.3246545389107899
-0.09105526479441986
0.10367556369431072
0.6110589986146139
0.34864149471651473
-0.18884530943490022
0.9225331903914499
-0.9281722076806509
0.6020981102549973
-0.24335188118994147
0.37618214165308694
0.2789170020518952
0.9636920582323845
-0.7726328208064919
-0.54620166488795
0.6913739713005637
0.24673667473746863
0.3789748837248292
0.5580726097923321
0.7071563592483867
0.23366605532437779
0.18031671623304998
0.15947072543534443
0.4594103363846336
-0.1258951687658487
0.3881241062689445
0.09568395144613895
-0.30577796896742604
-0.3080554059941454
0.04679173940221438
-0.6943625115371136
0.4059344960094147
-0.28589347459232856
-0.9252496893951654
0.6083519195290542
0.8244432982524973
0.21258002385807015
-0.28006867999880164
0.8658976991637743
-0.7299855370141847
-0.7071243428978905
0.4543668944666684
-0.09620318414293638
0.6956619100939501
-0.12248049928728987
0.8039446508450592
0.16056157506676677
-0.354739852500185
-0.3735523099259859
-0.7037360201658238
-0.1664595236385749
0.03597391185972024
0.6696347563403983
0.2199721061582931
-0.16844041937774243
0.026946863794774612
-0.4112913212427818
0.13263319752792255
-0.5317435846622482
0.3459133025416979
0.5410867241688672
-0.15071388203416894
-0.38338314684321395
0.3092595996513506
-0.5609432511533636
-0.1845575718595872
-0.08066414045448878
-0.3979712447549619
0.7497051954534593
-0.001381541988875538
-0.39271319036413704
0.5701206426535042
-0.8051449651581762
0.3237163384723696
-0.2920828809729833
0.08029130147996558
0.9574831747525092
0.6875096169354874
-0.21364967391073023
-0.9496540748334791
-0.08964358611224489
0.6136583685011807
0.6349575122378939
0.5182802335873179
-0.5502233024616408
-0.5225334220684635
-0.8814382545579763
-0.7307920086815703
0.053496563946210274
-0.11659557373222164
0.014456260408599982
0.07699483877721011
0.33774856579589296
-0.7317698823713108
-1
-0.6755885941562672
-0.14781249903797158
0.10304215985963797
0.9444612346318809
-0.881772508955756
-0.5826352532123407
-0.11419972495577942
-0.2822778643213893
0.18042121613131826
0.13485796591707538
-0.11924015886794338
-0.5733136730532856
-0.07679075359996555
0.5113253912881538
-0.7802467628109662
-0.11535729960431587
-0.30759615539315693
-0.2654311951660852
0.3425453005381489
-0.1298077706926415
0.06919117430899206
0.6839027898758666
-0.5951881468206501
0.5723130676375278
0.1085593915461322
0.9902149965190618
0.31823868842929925
0.8472327863868244
-0.7564892913812461
0.9523291403387031
0.6024425766346825
-0.5368064751777348
0.49433836269030873
0.03961584701521535
0.7064569832355454
0.8568165908705846
-0.21253934721653384
-0.2308846158636485
-0.5040064966708154
0.73769112017504
-0.010623194360730446
-0.8785618142453439
-0.7836736239590997
0.424641779943915
0.012048040155459456
-0.6122467867374756
0.7520301200841695
0.9273595105076265
0.059682561668717174
-0.15749123760609224
0.6160878026242942
-0.3084715066257187
-0.8591245932122409
0.25033823417450674
-0.9147873057572772
0.9254707168516103
0.21672427134888367
0.16280042427972752
-0.8093983762118689
-0.15547732294725777
0.9785589098332509
0.5259943819151518
0.1357693059079556
0.12526568747572758
-0.7717518603291377
-0.37243554285684455
0.9224170099655356
-0.9138066872309336
0.26476861253821127
0.17582630628833598
0.663921912339775
0.4236254130278954
0.5285277615019619
-0.4909287704237648
-0.8667920862658676
0.7738981272937222
-0.9836584893606869
0.34528065789594564
-0.7982448479112347
0.373417899580158
0.12629718170112128
-0.9122829725846306
-0.828586942079188
0.09762296933914158
-0.57078434929532
0.33669306991019876
0.23746565836037228
-0.6373362255198782
0.6523871131180873
-0.5310602271908021
0.524597281950103
0.6958554087635959
-0.5613814731579804
-0.22627445935894283
0.6876060097078931
0.018221374311573817
-0.8039565507195032
-0.006479805853072737
-0.4222750000007475
-0.1267316248439624
0.5756491092475589
0.806356248809303
0.39227783271980077
0.5926680398067115
-0.2992316325455357
-0.6350413453787745
0.9653079726152938
0.7807509565975372
-0.48669381467625117
0.4458895319477562
-0.9586270315070216
0.8785535352342457
-0.06599505286577938
-0.3706451150249437
0.8155942260973046
0.046286833856312416
-0.2502716026427225
0.37569677899772813
0.8782577847504401
-0.7766369763504729
-0.2116358714667979
-0.5480277798745086
0.10483003399565406
-0.582680864150188
-0.286874704809041
-0.822564054421091
-0.3402231908821562
0.4820306708651522
-0.3880075195152864
-0.2866191092844428
-0.19652663355373864
-0.4089211728969113
-0.4648342039437577
-0.33236555068799395
0.12781383603978286
0.1826846630797496
-0.4408227403046016
1
-0.4511427845936831
-0.7378834663359884
-0.8464600739415956
0.38911204639947394
0.4782828090176589
-0.00253369435140408
-0.03101602702255967
-0.7507228987352986
-0.7875314055291134
0.16632543991173682
-0.5573997145595709
-0.4912451662090221
-0.6886072057592951
0.49629397383084745
-0.6798002155654262
-0.8156386173436078
0.6761236479273692
-0.11977879436226281
-0.7442802519737565
0.8811711428065188
-0.26509396509183547
0.4710734746450566
0.6121947225674048
0.7637247675665895
-0.2858236192934618
0.014983832693031614
0.7437336051370783
0.37661717242899123
0.015143383062318334
-0.5899781824088971
-0.5390706769533917
0.8221305415910608
0.7657379538674334
-0.1800343344020445
-0.9657435657445096
-0.037742317643270656
0.33593516733522183
0.018474929447234233
0.047364894919687414
0.38939034692059965
0.82111795729436
0.6835012302850605
-0.2831424545103672
0.7021325736713818
-0.15830233981838038
-0.5392297488299683
0.7987597300764082
0.15964892624461993
0.006692797975828462
0.27755822820494325
0.5324258725514658
-0.6270896792494963
0.9797918638165403
0.09376760738631988
-0.6058798803649772
0.6465410196157306
-0.885893742234752
0.7572954074814391
-0.852972636395981
-0.4041888445974886
-0.18564515810703278
-0.7405084712875183
-0.7958167838602863
-0.9412224892458787
-0.09637727078450417
0.05856181293009065
-0.6493715739548541
0.8155368224388699
0.36365703541057615
-0.9561852125631792
0.9184510841866141
0.9593250743150772
0.18339660418766449
-0.1351883211562618
0.36844319885123983
-0.32762687654985795
0.5105138003687139
-0.29722771569057305
0.898065052606287
0.03928905042874179
0.5656578957429625
0.012588540876016506
-0.6194631007202307
-0.8687437905118413
-0.753753337588176
0.5903597821740707
0.621684711902468
-0.4100493191787763
0.5790284742388128
0.6818779510700976
-0.2733998127346177
0.02221419567787606
-0.11545658619932964
0.8566501594465658
0.9198933728182179
-0.30669556731391623
-0.3587563303403
0.5718340350033233
-0.268105097205146
1
-0.2293883007769667
-0.43222431452023186
0.6540335429210564
-0.9105332022087269
-0.2992017833235929
-0.8652757367856875
-0.634565044248646
0.45703911470470043
-0.2954593848172964
0.6710272487567805
-0.07791769194926028
-0.597657289441036
-0.5667061929796869
0.24988420317165091
0.4628661701112154
-0.3848661703057759
0.20256872562463224
-0.5555651539448905
0.8129198218052454
-0.21784677116294238
-0.006010311492853755
0.6763582820489735
0.5394262125701641
-0.5936826745121685
0.8708092276000593
-0.2986669947314037
0.41275956572317574
0.7011551479259531
-0.9485054070919324
-0.038051667029206246
-0.3741989352686874
-0.29759629838513574
0.6812759425751062
0.3922708671338337
-0.4660426990114675
0.7264198312106617
-0.19533573055954548
0.46369468681860654
0.592000186753689
-0.4763267070298819
-0.6690179127174225
0.13899120203926751
0.13289169621066446
0.3776238703754556
-0.6448206734127012
0.434357524837195
0.40255853668697184
0.7355647751335539
-0.25032887049895486
0.6771536725190518
-0.5662735150073447
-0.7093693731603263
0.8854872176317244
-0.9167906145488796
-0.6298275797147227
-0.17420533330485186
0.28541827623795246
-0.20114263565150758
0.300936463414788
0.18975308102890115
-0.4842227015169691
0.9721353924837918
-0.6642868155858153
-0.07543219522485511
-0.3355426754511443
0.6512747667423296
-0.2880224784850506
0.9374252326851199
0.4627552747675624
0.19170690055183504
0.7951622016601462
0.3217448698718677
-0.5847090014872095
0.26365290956992077
-0.5816933250812172
0.823415841126653
0.05821087161990487
0.8941730517794535
0.7569275371229284
0.30729177417779285
0.9898354035081313
-0.2270758308489217
0.4102761824623814
0.6542801068589837
0.9634930482316068
-0.709596972179731
0.302906647737972
-0.08529873677044544
0.40991486570657937
-0.4112977521329024
-0.35104747840580375
-0.8960669481022957
-0.1933084887626118
1
-0.7949464911546443
0.5076789473859243
-0.4779445601875988
-0.9335215064992329
0.4509361063277357
0.6422497137754206
-0.8650718691490039
0.04202961961595381
0.9730981154459032
0.21935366051324118
-0.9588814466108272
-0.7590693905456644
0.990704974496429
-0.8789268316737094
-0.7704297304668446
-0.1594617244929428
0.6845758238292955
0.4166487581268252
-0.8113604089536428
-0.6227203825066608
8.003966670638027e-05
0.6162125236591457
0.5013025127181027
-0.18567278141124968
0.4211797441323361
0.05812262194738977
0.5166181085292352
-0.7613634486843175
0.3431111721237854
-0.3749047284112986
0.6369563700448215
-0.43304806361804915
-0.23084792446922517
-0.2896180918299569
0.16516535881333874
0.8905554908238897
0.7697088149256632
-0.0800144002266174
0.7528784771183253
0.4625217588060149
-0.6586880575328284
-0.5657629799335105
-0.9469336076545025
0.19106528759732055
-0.02953374070199452
-0.37900678913202535
-0.7792046805570376
-0.550444676700059
0.8294678750397315
0.6784395815281068
0.4695236141949349
0.8472017775533034
-0.5745133731661254
0.6595247783634404
-0.7718756917971683
0.8354927985563634
0.49325670667544064
0.6708555332226737
-0.5433541407048403
-0.30220776361541574
0.6385329054733607
0.3707214735218832
-0.0016240733417430013
-0.4118317556417042
-0.6274397978155654
-0.5768783634916022
-0.2318047474748136
-0.06893869755195924
0.7389184680643016
-0.4529838078556944
-0.7693913650101114
-0.28131741439432684
0.10434263761868681
0.6535437293395798
0.028909504060050214
-0.3408655307774155
0.41388162971346826
0.48678878949643495
-0.34490362402108315
0.43683882087213793
0.9529969097329436
0.6687912404132046
0.8636118420272637
-0.25616193676864935
-0.5564017134311926
-0.9371730977073969
0.74319874037876
0.6604392579635718
0.11168170217092771
-0.12941608878547792
0.7065875696510986
0.2968227945228455
0.15071421105620367
-0.6314622308128222
-0.004795599915167878
-0.5211131311405425
0.5969859281904677
-0.7275175787258514
0.7667181916873286
0.4827334859800181
-1
0.051376984341327495
0.9619491654309019
-0.4698553934878409
-0.6288781106055779
-0.482855876697874
0.6266797145867529
0.03924176670332664
-1
-0.3456291024424321
-0.4450829963358433
0.6998268162645391
-0.9530036736680141
-0.8181732019098836
-0.15070681561263655
-0.3658219201617878
-0.00024633430104845956
0.22662425238770562
-0.6520340824045382
-0.44683095546268553
0.4274231410567457
-0.3439056153174201
0.8454031077688753
0.8595603450916597
-0.8661081672558965
-0.693142496540023
0.5617728415866042
-0.3715623263555037
0.8963269362133429
0.4175933211245721
0.7130102847155364
-0.9496667047601345
-0.6073597130006626
-0.7647230808767715
0.9724494408000155
-0.918034420533242
0.507448922104581
0.23169995071370028
-0.7808557655935027
0.6407373041451047
0.5864060247863924
-0.1841460449516389
-0.4138434129045631
-0.8274584302331768
0.5406183213121157
-0.15596869543847466
0.7290813598960233
-0.477153424560441
-0.7649365990633389
-0.2292418838647333
-0.0013883848313521452
0.06210675847634309
-0.8374480099567101
1
-0.2614504311998161
-0.16192733587287184
-0.16666402597013996
0.4919576900994098
0.7262697291992972
0.5860675241740877
0.991572192740482
0.10144953225749045
-0.9702065090384144
0.6141951530893665
-0.6692132184360291
0.4545074830952267
-0.9793883221296125
0.4345244193250816
-0.08095946733465251
-0.7998802492589564
-0.23832122009213402
0.6501196068798515
-0.3735042549954693
-0.8249684732204678
0.029029523212402424
-0.28692254860577265
0.932554147092776
-0.22910600927388847
-0.30969452438607936
0.1584067399448198
0.535888489950499
0.9975408840885781
0.048609457609861816
-0.20482346663575063
-0.064978489150375
-0.9721406823278056
0.37686659404092304
0.23305068420390954
-0.9313277924692224
0.875399092359109
-0.3011271811675714
-0.5623100856195695
-0.2823468110347339
0.17807483702337043
0.8296122834778921
0.9413382788924459
0.16373035368034225
-0.27365091177645506
0.43459139873677655
0.7687369083496223
0.8847822104762039
-0.1965610319422551
0.7851043140639534
-0.7821745564603725
0.6989054441579751
0.8761843887078515
0.9037906266707423
0.9324122429958732
-0.7678836600477772
-0.19822708314847529
-0.043906165166102254
0.49560327395533144
0.4323067969423676
-0.46437023374854747
0.8082951560715376
-0.3623394259864995
0.4360000624423115
0.2878348784343976
0.40718508289152633
0.12429576363057931
-0.751697570047108
-0.848296055063465
-0.09835489194975142
-0.21994313130840176
0.6644652049768609
0.026524250684601913
-0.19880928421230173
0.5941044131904555
-0.005058489458971768
0.7086440782966558
0.46816215245707005
-0.08669957312966953
-0.4571594619970368
-0.3619637798271881
-0.43744619711033467
0.281990183407619
0.01968060091006074
-0.35370244104311854
0.11658138071776622
-0.5390726985214801
-0.5632142303907341
0.6286522611133285
0.09081631261145316
0.8280454139532768
0.7343130684752248
0.8062426772437763
-0.26349002995480186
-0.0506636039050176
-0.8267766733515793
0.3059200700733106
0.903647523897661
-0.19762348144369565
-0.19492613802204398
0.8674730047322634
-0.6536555248067522
0.9664030286238127
-0.04485230028702051
-0.031178753875105766
-0.4548392292688728
0.296092001154954
0.2572925385249797
0.030850708981816133
0.2523046201506935
0.7336571680607569
-0.6728006267344697
0.812026242811927
-0.24280028284232955
0.7743337869375386
0.5057696208866341
-0.38002718777601624
0.6503847792735196
-0.5638947371789145
-0.7994322883989472
-0.07028547861158446
0.6547391652268083
-0.8420133026277098
-0.8210707653152648
0.12414556858868385
-0.7928997615479882
0.21325141478696777
-0.06868814276908133
-0.847865206143313
-0.593827266433746
-0.6914786404988003
0.5810397164201061
-0.3322712264586156
-0.8319541248098733
0.2227294861752384
0.457693740159103
-0.11793559000806372
0.7952270990745962
-0.05130239693970064
0.645296983132505
-0.5830984887389944
0.3157439969392121
0.873400549220374
-0.16783767116147486
-1
-0.16152682561052445
-0.6514578357810836
0.7763904946563931
0.8041582453365151
-0.5904527905722715
0.6475120071383211
-0.18704911116794437
0.9307045698683872
-0.13401368890501306
-0.4263297570653471
-0.9765605285760082
-0.5953707687055175
0.2107865926442689
0.04630491099806501
0.43492829048343024
0.7297177605840947
-0.0644514020221088
0.320371798480836
-0.4304648647626692
0.08677949118434862
0.035881379171453336
-0.8066387843888616
-0.31578010329378325
0.925026289019183
-0.7773039454514336
0.711707885312971
0.26908058728941636
0.3623574196059264
-0.40304309073770356
-0.10666333644924131
0.26807617680137286
-0.6812950204898532
0.5157222743176882
0.4597268938109156
0.890886173566457
0.10402711109595565
-0.1824503826019127
0.7067373105951464
0.2300019912763913
-0.8467281829706919
0.44841354474662515
-0.6376391580191759
-0.42272630561538443
-0.7394509041431351
-0.7328796396430691
-0.9111877546960169
0.8851056346058299
-0.5856989608583626
-0.9545811885612328
-0.4803772175773668
-0.23555836396906304
0.59898483140873
0.2895025970658837
-0.7364244998443086
-0.19932806593334082
0.7894484240097
0.9996169604850215
0.6926754374623214
-0.1422560747322868
-0.8374027528637763
0.24956151081317604
-0.4183662118021605
-0.6662997692674224
-0.0982948983497485
-0.6739664597321321
-0.2811403215907097
-0.7271039698124386
0.45919971805418136
0.33853878977412627
-0.07230728731215082
0.6259202802322269
-0.9527831659620596
0.5054339937202728
-0.5203330516907677
0.2991864468361076
0.4633130630139633
0.14406905107779835
-0.33910167107896344
0.4260392033921887
-0.23577513475739062
-0.7796414448720668
-0.4289433085938812
0.9258551366015895
-0.16846820023235487
-0.9313894185765088
-0.6820064355223264
-0.9829596878323843
-0.2561285691465963
-0.3344739078828289
-0.8125393106322052
0.5053641890539785
-0.9446828820752884
0.5107469741640207
-0.35853363219859297
-0.6381658017960598
0.8571308942106143
-0.3787410116681681
-0.23201887870695972
0.4236170373532397
-0.8821493421424101
0.5362436674161424
0.2550368080197961
-0.012898094383471235
0.5114893100803787
-0.20151286570634613
0.5381083083784811
-0.8761876515940179
0.47519592402280675
0.015806625249144283
0.22907344648354694
-0.1620965959831121
-0.16608403377438802
-0.9393500813119695
-0.9705586968801472
0.08763736186460076
0.028489561686298105
0.4996613638288666
0.9267179552346079
-0.4262904321361939
0.7594394465501413
0.44635835557308096
-0.0841824410868833
-0.6132715099820875
-0.522641700501652
0.12263071501326557
-0.18495915639634228
-1
0.9910689393312879
0.1987103416966837
0.6943277201143337
-0.9555819461336209
0.6348527178201476
0.09197364205137229
-0.2736617247033075
0.01810457684581285
0.5400656453955586
-0.13851833393761284
-0.3138863959208132
0.20099717859089813
0.7932368035608668
0.5229257448702105
0.43339170047229975
0.4418585050320137
-0.3534801632745777
0.24626229344883577
-0.34869325627832365
-0.3926444616655258
0.3097088274720419
0.8632899239711511
0.14318115221693495
0.09397281213459757
0.5076409718588646
0.23329296313926207
0.3956401933816258
0.5257472045936238
-0.27779109016558606
0.03651627500838664
-0.9724913457445328
0.011769760241056528
-0.7259746059203823
0.6507641956813819
-0.6338487022295787
-0.43375664215615795
-0.5864887267175365
0.6650216137574189
-0.5041289018692096
-0.5725795670065765
0.15595794729648504
0.28413684536732914
-0.6867688355588175
-0.5339986343303964
-0.46596106881172233
0.43232146661720705
-0.4055017291094476
-0.2920685327696475
0.16801995196306066
0.2145391974644169
-0.13853959647195144
-0.25112399314085315
-0.6550913243374199
-0.39943995417981704
0.24821999221801427
-0.2800315307013358
0.2682500324990399
0.05157280417952302
-0.1860399718550011
-0.426282452712112
0.5056525355006634
0.010596027659844333
0.011524490647747824
-0.8055817738236702
0.9761104567461976
-0.7978771895895965
-0.37959351804116104
-0.7623395547050152
-0.41427962693906856
-0.8175173688053845
-0.9051682826187204
-0.5353435124951728
-0.15249575070973972
-0.8384402496147975
0.04361069137753412
-0.7920242173619882
-0.32798361911486085
0.06049544120716886
-0.6581468390896
0.12781455361614957
-0.4900042785506649
0.7421573946547625
0.607585535451516
0.6690316326734985
-0.9962886948014797
-0.5738660609109664
-0.9151683690968218
0.701967584451874
-0.402108239636198
0.36280881061972003
0.8905313117307985
-0.7813960442129431
-0.6890280802956379
0.3847587273914404
0.8418316229131736
0.0967713672419729
-0.22324329306605614
0.25073827214255623
0.03491029346807442
0.1553653792143369
-0.6963302351865724
0.18752635279983998
-0.9153591874997011
-0.9171679909401538
0.10385763132050087
0.8607416661777944
0.4845315598756973
0.17106321402680436
0.9305758377275163
0.008795287414597102
-0.38639387845238155
0.31825327288615
-0.2014137291523111
-0.08997531183875179
-0.5335196089953399
0.3791226961917973
-0.8146932658346687
-0.34890688340351456
0.4412620570215543
0.5811220125423586
-0.6823897281754919
0.9092265451643519
-0.703474095490203
-0.320382462585788
-0.14706178040477344
0.29372028518018134
0.051308456694199096
0.42618884596410656
0.31636351094724585
0.9335100502650644
0.3570133029220722
0.8824753400801987
-0.542631770079976
-0.43584188596442247
-0.1805627963123356
0.9854316931756112
-0.6479640237430179
-0.7239787955199914
-0.7665231469013198
-0.06366162902051921
0.7467969171389486
-0.6541433231016287
-0.15338483034210737
-0.7551869344656418
-0.8920893627671918
-0.10199640158739662
-0.6039448361891112
-0.2592912843545564
0.18993968010984813
0.8252757414040949
0.9742338904924854
0.3014721866915248
0.33635740903765476
0.9406571423693125
-0.06622805773292997
0.5402844802684202
-0.6566290725231967
0.22423405004415886
0.009586300047727396
-0.08206476026802825
-0.9476416595634619
-0.9542744628840105
-0.1860874160389007
0.30061543283968367
0.23797779880874992
0.9527449654386677
0.862249781032426
-0.7011133954718983
-0.9674069093967256
-0.12557002185773297
0.11572067964974277
-0.8781967072512746
0.7058861794814157
-0.7851252880600008
0.6131747169726314
-0.3313428637593015
-0.17345701501889088
0.31729952702082653
0.9138909461419135
0.8043244231621326
-0.3979232683527683
-0.06431841774920372
0.25753328900935724
0.1939104932858352
0.5353109897584211
0.20544550427320912
0.8496664029103789
0.8631930795361619
0.14318934943401154
0.3494818865505488
0.27032397404660485
0.7421062470314086
0.6212232062125059
-0.764226835630774
-0.6526920742058836
0.1636194723020904
-0.9842388751603385
0.7034246384315405
0.8722586988360946
0.059801650369580836
0.6652965115055411
-0.1367993571958379
0.5516266177105887
0.3220442961432932
-0.5000183521902144
-0.5886553297898558
-0.25199382174938334
0.07084910672488669
0.8002852408316665
-0.6115002743304019
0.6342326770990001
0.12093959889180243
-0.9442456573198938
-0.08019848967297642
-0.6621060562586906
0.005543521177960489
0.7303287511744149
-0.4676951474183852
-0.10046576926612398
-0.16131394291235143
0.29254245918733324
-0.9875376820708415
0.6777249218152399
-0.030247629710294155
-0.05095489491988797
-0.198694118532501
0.1744600137261072
0.40716560553387415
0.6005014324360326
0.6342026470206523
-0.18766823764118148
-0.009402741534322025
-0.8109062366105979
-0.43975787814787803
-0.30391869241407404
0.5815853035275583
-0.7750934772071515
-0.35812702276695824
0.5851642245877008
0.17147896163307036
-0.04013057096081523
-0.8722085590347418
0.3753717417907743
-0.3468228077763887
-0.5965828396328287
-0.7632570632259691
0.3800166631004234
-0.3066203566111473
0.573256973288555
0.011149048087293285
-0.7493225578786866
-0.792273292313098
-0.5043953827615865
-0.35366131254822136
-0.19061095984688928
0.29762238184270196
-0.857704768934638
-0.46960965376779895
-0.672805942842172
0.004962603857205962
0.1893898402892229
0.4683952588916771
-0.6440185985407979
-0.12963320955039923
0.04224967628582082
0.4288528133021899
0.9440675606632443
-0.49237635205493296
0.8350013382694036
-0.427100869659967
0.9438660489163989
0.7795403707451716
0.837652193845237
-0.9854930360315804
-0.22637270713118599
-0.9211398425727132
0.4761641050458888
-0.1921255349725587
0.94556396566453
0.7688476128835212
-0.7597369514945544
-0.19469281675590142
-0.21596635847235926
-0.8333469252584005
-0.6179039426441804
-0.38747606586116684
-0.15427448446884232
-0.2715105495842826
-0.4660795193976755
0.39795041952649646
0.6024997132689326
-0.3187999029743899
0.9387839960324466
-0.020789600079425156
-0.7218626265077812
0.01426721313491652
-0.5365075965851974
-0.778717232555335
-0.419509599233106
0.009093116756903732
-0.7290930000124216
-0.3865106503195922
0.9747772739932721
-0.45475618197282086
0.6182089112117001
-0.9130009806994681
-0.6417713085407725
0.023445192889892056
-0.5040261352312342
0.05087494671501625
0.5153668396768057
-0.30175714759327005
0.38315011092576295
-0.7111785565901435
0.8899704670729263
0.1374580375580696
-0.40671347995184093
-0.26926024270757826
0.2769884376840473
-0.8346305868777933
-0.5687299920425325
-0.7894800458704478
0.9713234963772103
-0.23285147246360666
-0.20764852329686137
-0.7010907655062808
0.6153174731182492
0.6575098195742947
0.7096707237905129
0.7205096818586604
0.8448297104516757
0.26505600519457506
-0.5513335697458507
-0.7246539492037691
-0.46467297099952576
-0.41605228154032825
0.1518197174248878
-0.10505583032496418
0.1613963325650118
-0.5238531456263604
0.9993252246741219
0.8309992729200646
-0.9067141917688881
-0.29991491308767576
0.8024755516283486
-0.0505079652619967
0.8588859798910057
-0.22708967520276055
0.8424335161211315
-0.4457151466954265
-0.24563814963767244
0.15727816732655814
0.2482295296671784
-0.30431209915144053
0.8376116965750607
-0.26098485169830116
0.7247432874583737
-0.9177718719202643
0.3639632999293138
0.6330834046776291
-0.7839921883509237
0.8052063406156675
0.15704746500256725
0.7265322206372484
0.012009091889450273
0.6185093914404932
0.5277328481907819
-0.5242553202916905
-0.902573626567475
0.23546851865103172
-0.6588601883397471
-0.14560594091189402
0.3016054813822207
-0.488492998374737
0.09924831730918514
0.741141919956568
-0.2800011582234397
0.8384116366214404
-0.5505368591300259
0.5706716682655584
0.5387485142438864
0.3252052633760761
-0.8020645507807277
0.8160763965277011
-0.823283106208613
-0.5312989599686911
0.8973405791294959
0.06612205412227537
0.21504024152747267
0.9686347822169836
0.04126374472380678
-0.19660863197772474
-0.524851315148087
0.31441353877772643
0.020976110775310648
0.35170895762246157
-0.6614994240317085
0.7020028220758538
0.8736577720725536
-0.14900312755909736
-0.20228424493544236
0.13885628739962944
0.8711116960311818
-0.5455107243403826
0.6622038435798816
-0.7987027907360038
-0.0913917698439512
-0.9160240452294265
0.5283986727563615
0.18474576889582775
-0.8549476918570366
0.575349722157548
0.2550434818442783
-0.6364004796411884
0.9126295035124521
-0.5674745337654751
0.5437535750297484
-0.08558934350989011
-0.63841535443193
0.4185664222991073
0.5448573414233385
-0.8949721596670651
-0.08316405427369945
0.9201408585094645
0.12753642798026602
0.06429838159716149
-0.06626919890502533
0.7356636537360455
0.9813985209581731
-0.5513890312403096
0.20330604497777777
-0.7208545930113358
0.6323669239302313
-0.23281214456643307
-0.47171984167157666
-0.8496619905364073
0.992181682282788
-0.4437851257800959
0.4034897641136343
-0.3784887710465797
-0.5597727338555611
0.7026770802853294
-0.9107184814993587
0.05356246028416142
-0.13867850626248568
0.3645604139739283
0.39963048962990727
0.15137544228274147
-0.8981342053363961
0.46536593028647466
0.49331788264477155
0.8276959298562974
-0.5573229339918742
0.06636018945413845
0.8492921414462434
-0.5188449284333896
0.4481967051776818
-0.40767843696246914
-0.8724352921877027
-0.9387261998431395
-0.3521314223202845
-0.7508972546293838
-0.12352465928545046
0.23398364600272636
-0.6458649515361112
0.7977716307646654
0.5627560590325271
0.4955325047041236
0.13665936519388402
0.9538655833584244
0.7717900636524347
0.09115501466361686
0.18479151970028623
0.6944514068381957
-0.7064804520355934
0.5733594141402413
-0.49735286862114325
0.9804976538552469
1
0.8526895973866766
-0.8036960367723898
-1
-0.9223006333567928
-0.9882246317514366
0.43379315881419106
0.9624724655156067
-0.7142619711096931
-0.19655641043226102
-0.3200554025201617
0.9019343327027761
-0.6916392639838119
-0.029928559036682165
0.8938892555991065
-0.8528326978940557
-0.43500224309253077
-0.2915047136186341
0.14173425602293918
-0.9499052971281325
-0.4800759336785782
-0.5392324587926148
0.4452441265000767
-0.12283013305025524
-0.2192042890205635
0.7693634306082163
-0.6649095037527281
-0.061389264783614214
-0.16312562070709063
0.006667289496717181
0.18690139311463216
-0.38400264236529713
0.7461457024297783
-0.7846161787141459
-0.40130693007006624
-0.016294180090256086
0.8882185000430992
0.6184641686224364
-0.6945014252988608
-0.35537587263951786
-0.6656999648952533
0.8265389833770246
0.505700277274097
-0.9474878166930232
-0.8379265909274533
-0.5568572099351524
-0.7279870614365795
-0.5326796355132143
0.131854923294965
0.19317368901580262
0.5538384426889928
0.622958257003698
0.8766990935834127
-0.3660483489479342
0.46841959709088715
0.7057318305805702
-0.8082678778249506
0.24233856568001416
0.3164187271134988
-0.7194654173476467
0.9909799407819057
-0.09405361728917278
0.2290264176373309
0.591221433811388
-0.8383203245805169
-0.8548275796251347
0.01935560725680634
0.2655401442060774
-0.29551151757415006
-0.4176388499200804
-0.006539916686160349
0.9709143890503645
0.3690254977212121
0.3072629256395587
-0.34525462300282433
0.6663008585350586
0.36273911390150076
0.04557754815359938
-0.4288684861392299
0.2939736266302434
0.12087163839959819
-0.7922454709281304
0.3921756342970947
-0.3303533021247898
-0.358586086187456
-0.6852253774097732
-0.3760420712056059
-0.24550258812087863
0.33799503686881766
-0.08440213853670558
-0.6334396499452409
-0.6312085948999265
0.012054906694376553
0.4716253248707372
-0.884854819115061
0.7383705509933907
0.25714253527408604
0.6163417459228153
0.7287158091128965
0.5358132498708534
-0.2751797127707068
-0.47889967517565346
-0.4042182765672809
0.8849536459816466
-0.5470055483416194
0.6464441394249002
0.29202715039033644
-0.6192577068850263
-0.12174970497485539
0.9031628044307008
-0.01646803764424081
-0.23106905326246674
0.8928434849945224
0.5911536351825207
1
-0.1492843941199037
-0.5141630709876988
-0.5583830179024833
-0.7403829017394727
-0.3239091891081347
0.2960677872578718
0.2744802674645087
-0.7572435003944491
-0.1995774145431364
-0.0751083465814911
-0.3296652158392893
-0.6841301690085736
-0.9399657126854976
0.46855860508315994
0.35685877660065474
0.0697337385737272
-0.3615729240990342
0.1584357716396765
-0.9322444091919939
0.9782361691789189
-0.8687813700077278
-0.5408871299924917
-0.4981199380322769
-0.5360783316279972
0.02085847376508765
0.7092154136588581
0.2280082733040509
-0.6105320342021587
-0.9404239412009485
0.08388615634520263
-0.3936863279159067
-0.972100691685607
0.010781347779150293
-0.8564763707733546
0.7167364016597257
-0.2155758362726621
-0.7426546557546136
-0.39481611291449387
-0.7695118710947749
-0.9956869612846988
0.4211029754213002
0.607956882738649
-0.23536915352419066
-0.41841277056324616
-0.1651658546907704
0.2776402399107402
-0.28409774190345227
0.3477376629259791
0.8505745570041704
0.44288374884174525
-0.4050038684447846
0.9116635754736258
-0.4545603890708569
-0.7224260034581848
-0.1159451772940828
-0.3645108852437473
-0.4333634166330319
-0.9269029553060101
0.23995225339121723
-0.137125742866676
0.10666632478602864
0.7977738872249721
-0.7414750736677855
-0.1401979485672283
0.7064952808591094
-0.09069408828604776
-0.5526647122788783
-0.741241628243659
0.5640650248835097
-0.7621100789540867
-0.48082382672720636
0.40547583185452657
-0.42413447579724284
-0.957434343333216
-0.6347837420043763
0.022444870552729798
0.5456554391567922
-0.677445968576305
-0.45452548537169857
0.9716098471514282
0.604498952872003
0.6199640771098537
0.7709496914893065
-0.8654192329745097
0.11710513173037218
-0.7346053417141826
-0.5875053701989245
-0.6566275057883681
0.3840100348270108
-0.7533601673277798
-0.11752378959502398
-0.5576745310280209
0.004199535153622924
0.9330981224280563
-0.4956406951035755
0.3462501057563096
-0.706191334338779
0.5455577888405861
0.6387951719897007
-0.9034212715865685
0.4671808107544126
-0.845497369063134
0.670684430064362
-0.14375682436444548
0.7397894280345249
-0.22056409101077096
-0.11851542043478146
0.5015214071287014
0.8009645207705085
-0.9746371795035051
0.8519300151545037
-0.32513605469261847
0.881496269433864
-0.6192278208868793
-0.6189181696724257
-0.7247547244961098
0.9027327493284988
0.40004633312142296
0.7370357570082976
-0.778795066503452
0.19683258510999624
0.7944245516635626
-0.5369941561952282
0.481591310188256
0.12085107427905638
0.588853527197217
-0.2243513658180988
-0.41117986706889625
-0.587850471112901
-0.5391582267917636
0.1959530372131584
-0.055417743312870325
0.6255235292770003
0.08848899083538576
-0.384673188730986
0.9926161463731207
0.5039105132018933
0.3385493107286935
-0.011513333698761785
-0.16774308564427715
-0.35250139172856115
-0.5439799357948248
0.4116557346534725
0.738102049938033
0.8837201994382206
0.9634721789324509
0.7639647791317891
-0.9900297773480373
0.3142320661722176
0.48053302445133034
0.7908828580056328
0.5226138279229078
-0.36253403387402516
0.7024723328200682
0.963017497318438
-0.7622487626814742
-0.4274430190872796
0.7019671513287709
-0.02323787268542015
-0.753110024917585
-0.9263604783801789
0.6622278370004661
-0.3397687542137529
0.38192591150758043
-0.11776416553413663
0.817992486042582
0.6571714590475546
-0.02495166914408878
0.0028556245843904355
0.9943069497803958
0.13843548526485897
0.8764181987248167
-0.5472613827356694
-0.3906451213217239
0.4235931465159934
-0.5819205710458393
-0.4471297294266313
0.21991946225419562
0.909710843193756
-0.7213470282610485
-0.4301899966618752
0.09003715095996291
-0.7504935187973799
-0.04616730887684993
-0.5636309595910748
0.8288451562533679
-0.05223256913199997
-0.8797566918496926
0.2531085256444575
0.49972975901438943
0.2708074471726844
-0.05510243404321871
0.7589467697088166
0.6989054139745668
-0.40508940967196705
0.5586744265845001
0.9707436068541694
0.02061501303138677
0.819763650784079
0.27815580198537343
0.9270721334094025
-0.7253520640894627
-0.8982344615355425
-0.38148244426656386
-0.6056722110542408
-0.002952515654567653
0.26713795586549793
-0.9476630213870729
0.2480996858796124
-0.442884510829357
-0.6602908820715244
0.8366834184654235
0.5047196372899689
-0.7026080701296807
0.5610178433977784
0.9983420473126641
-0.5767966307059345
0.27030314123777766
0.5338949191946546
0.46499144763984324
-0.6741681882435099
0.22078526431643622
-0.7845327842965292
-0.39640539119293283
-0.5877667541140227
-0.8631606501241789
0.5041487906076241
-0.46587191272043865
-0.7678417841094415
-0.3832581683138193
-0.7995387638142765
-0.17489276717520516
-0.16220543688656716
-0.1093531929710615
0.5370565823571741
-0.9530824709980973
0.3133214968279124
0.28327545141437244
-0.084217177466315
-0.3357791935098199
-0.6551280917506094
0.44000327602928957
0.6736204852956067
0.05530302484991145
0.6733921806895828
-0.8317189189790364
0.37367669011070326
0.8313613162502415
-0.5364477154766462
0.7169310313336795
0.5094877321194445
-0.16298752667077135
-0.7199943358877023
0.21928740191092316
-0.2689777721834601
-0.9695825745470682
-0.6313360991332099
-0.40333088967508895
0.7875276598786749
0.4386956304900898
0.9982986700363924
-0.34205066489567215
0.22051833948436858
-0.6998367758975815
-0.3826815210998053
-0.5539590525838136
0.9282366982075246
0.6843353496025233
-0.2903751532393343
0.7638638172752501
0.9779753320338703
-0.8700284289340404
0.31133077324217984
-0.039815911706886004
-0.8741229748363781
-0.6747396635597375
0.7723847127175875
0.6138013571855748
-0.41938780309108875
0.2797624696150441
-0.21884902543187695
0.9908727980257745
-0.11511122540109334
-0.6258323982088723
-0.24248886339660453
0.9574733434208569
0.386011807887651
-0.24771507298081663
-0.2071588094723353
-0.9926322522167882
-0.07777640974829703
0.5756968773584005
0.7753251567522764
0.19995902680644903
-0.4895994632007234
0.2712828007730174
-0.3647967267948627
0.7771719103222509
0.0029167309624978568
0.11639974791020448
0.4793007154828492
-0.9029670460310658
-0.1781364850692685
-0.21189717328303537
0.7239425184988052
-0.5779692723283474
0.10131779135534791
-0.6671169040111808
-0.8536451066789471
0.304126100097247
-0.36437255879517927
0.18298274485424026
-0.1574557955591787
0.253816496121784
-0.5097825588963129
-0.29582604103159127
0.8314228520628576
-0.11916221670004865
0.8756453934250079
-0.5224436507745599
0.7246147174561312
-0.32617314031042743
-0.2854533483992005
0.7338507951213122
0.002914378513450806
0.44789366215656085
-0.6139114837979163
0.7364282079085299
-0.9480900314407581
-0.10779828319092453
-0.6664681666446659
0.055360715566745586
-0.27137476289638335
0.6488511662377021
0.30747755000807425
-0.5988787065555886
-0.30085561411942763
0.5711174714094828
-0.04943614502282183
-0.39756492206420235
-0.827715943055083
-0.4456404915466218
-0.4845520852337732
0.1751436344723945
-0.43364814943529506
0.45352882246709353
-0.4786903908596084
-0.730322295220207
-0.3649025308206998
0.45608327169613466
-0.7895232338200909
-0.6072150516240928
0.9703205812775779
-0.8905618179583255
-0.05757051261136317
-0.8269838820709907
0.8086806291575049
-0.22684322486024763
0.22485529603316556
-0.6371776107991263
-0.14762020575239804
-0.7679287939121505
-0.7745301378861985
0.7300099277133929
-0.5675495584190513
0.21189527108741116
0.06301598308661101
0.2733332653493822
0.1490083553528431
0.3141908997370329
-0.5841756566284168
-0.8208807248665339
0.7143277958637202
-0.03886584906771808
-0.772752950746612
-0.03320535362066005
-0.13046599832947434
0.625674229130816
0.4023006074368331
0.3731797683303808
0.923351235127545
0.3761621002831023
0.4411954285664063
0.3737359406186487
0.8343610654151085
0.7824495629299922
-0.3058631614774107
-0.6181419920176694
-0.27585210538027616
0.528306838093123
-0.48316405651458766
-0.5381893461723193
-0.5995565936576056
-0.2725460223777663
-0.7716783642114617
0.14143808879762398
-0.5153337225444232
0.6289425377577007
-0.7893115124437147
0.8770126400588306
-0.7240822407502259
-0.8794844861448055
-0.3284031122302377
0.445889974853391
0.5464549725244443
0.27678427641552317
0.49223649575805456
-0.7876190815366205
0.47327224072314417
-0.6804942371050887
-0.9555793540141267
-0.6491263892348765
0.3815620397668849
-0.7475214231846873
-0.8179426683015967
-0.22097524970776128
-0.6530707290906838
0.9518348398374844
0.8223353555548211
0.008946262776971137
-0.6489882238667326
0.8945314554976564
-0.8231742199352907
-0.4649738797656467
0.28379123360271297
-0.9272086985589085
0.9718670756358839
0.613609000949715
-0.34410475345508484
0.1300944572292903
-0.6629294060558955
-0.23015175534392926
-0.691181868384991
-0.11667030562639119
-0.9953968437052317
-0.0897646151903441
-0.9431590561725695
0.9344291583966227
0.8101056215675011
-0.2824826036770944
-0.9232651031506105
-0.0298726619283865
-0.7228986212542142
-0.26402628503666603
0.3875687828221339
-0.12862108215654536
0.2184828993000636
0.17312467438296322
0.3893948441797239
-0.8591590583902146
-0.9452955274238383
0.5047903757065583
-0.25215186769162895
-0.27013498767197563
-0.07630352131213443
-0.09613177710691265
-0.016344164460972463
-0.2375701036751165
-0.18963715206476878
-0.7637024243206453
0.9541786129391225
0.8228900475722902
0.9255058898945717
-0.9410075877029515
0.4136473894922587
0.17185459996781277
0.8323190981247878
0.0625034173483706
0.4056369421687133
-0.11148432781736343
-0.441282573327311
-0.939320020801439
0.5490654380967587
0.3633609706557833
-0.6796076519067973
0.8968986076627372
-0.8874686760709
0.3528941226530796
0.6053941061361084
-0.783317353452434
-0.009139042532136089
-0.032017040714912834
-0.6188459889421685
-0.49214249582255953
-0.5148272223926171
0.8120530160082542
0.8721905177448702
0.6154918085108947
-0.12413224853038356
0.4437174568510581
-0.3415041022297138
-0.7267479106249484
-0.23760163044421256
0.6189285207347962
0.13508036266113507
0.5193606728560998
0.6106674397045206
-0.35272377225375656
-0.12382751285939347
0.377841512655636
-0.10880926409490427
-0.15179430181273487
0.14624135152922504
0.7620263587691434
-0.18138839536753096
-0.6684875894711584
0.7482473656726051
-0.10989134788434575
0.4161011284545917
-0.9621827500781494
-0.5213590958747917
0.24864698525725754
-0.64706164928085
0.6173928948630173
0.01139626140264339
0.3166637432352279
-0.9928359255675401
0.5551392399496601
0.7866689493587552
0.19816668394928857
-0.2210818043688515
-0.7302211183683699
-0.3141637006169382
-0.8285676166517013
1
0.11835900534400216
0.5923414731426797
0.1999767984750679
-0.16271955656437254
0.04283902167944339
-0.3257443589970993
0.2824873273588618
-0.7739616305511681
0.3301387021811713
0.5123961033572161
0.8853481263417529
-0.11308626938225123
0.08559594208758746
-0.2041024817654992
-0.930646383934545
0.010959884539514887
-0.5520039039120284
0.43005347935142707
-0.7387487028301873
-0.6339741109067891
-0.2659168106819395
-0.6715648961119592
-0.7697672800972991
-0.1435480674062016
0.45974241357598344
-0.343945801078724
-0.8312781474418237
-0.6633544731885826
0.37836740981230277
0.8399167851370918
-0.26978319216933805
-0.6697322266437877
0.754275698982445
-0.5982354149904957
0.003295424351985459
0.48560186594258736
0.31143379273775784
0.6332061784131711
0.9734701075888328
-0.17465478207485693
-0.45069027078754204
0.22657910550184363
-0.3072880092625685
-0.19602024815472052
-0.8967044694434952
0.41070093392913537
0.8906749473585902
0.3252429720499523
-0.562700721511684
0.6794550243658096
0.01424178345170472
-0.49130571520540767
0.7335817056397415
-0.9050810515042237
-0.08249295439080655
-0.2705583058147041
0.17776003957515019
0.5813146150059546
0.5599250047477791
0.11529279155439
0.5520332328481332
0.6595929065341994
-0.7619844598466533
-0.2338185991902169
-0.9720383105102341
-0.9121472194130685
0.13451558770441957
-0.0846500969679133
0.8277522283226865
0.2717870718541711
-0.7478575715620027
0.21993685390054024
0.6735081219115587
-0.10237981448218104
-0.6848609478758223
0.8030522766492266
0.11533428113664689
-0.6670347507853532
-0.8663232342470204
0.4410515717844908
-0.4254801144401681
-0.4215667169720002
-0.2332675856239339
0.7906467108999621
0.44545953974813635
-0.6432276237509577
0.6507491256955256
-0.47281607181315993
-0.49579129035898806
-0.4091424271507047
0.8991180954854261
0.9520759148649008
0.45745298456957934
-0.7557021075660999
0.9632943009329696
0.3297261508809309
0.40385188488532403
0.8278137816665126
-0.9707837777585904
0.9504460249870142
-0.8473944862315833
0.6087988958104523
-0.013535876377157797
0.5300856636335443
-0.9069929235942545
-0.2136038251881334
0.0850534510363325
-0.9012768411347987
-0.591607864515567
-0.6035055974071079
-0.7532646496619605
0.33267535425302047
0.6237125605945584
-0.6977632833203538
0.8421501595370403
-0.2244215974193906
-0.3998247039095261
0.16562059782871982
-0.8669833716379817
0.9480127222441814
0.5163720392464488
0.9485516957271247
0.34595956319673227
0.8216341541765319
0.23254438004311498
-0.24498707874130865
-0.7419928615636806
0.6907687346034541
-0.8519417501110399
0.26319804737993063
0.4806757712215376
-0.702628520023532
0.08576470899304812
-0.2592285841608312
0.8140400938480297
0.6376205533216746
-0.4480962823048451
0.7754732945037947
0.8009290035755573
-0.8284362291065768
0.5615737098554002
-0.6170093084009177
-0.06442154069844788
0.7021274761535965
-0.20499781823772184
-0.03558797098458526
0.9786672234586984
-0.23585213195868124
0.17555818286239042
0.7600240656767953
-0.9672875458220344
0.7061651890749172
-0.07181041153017106
0.040459544883226936
0.8495515537765963
0.8184094226527535
-0.8980498198769494
0.5618244417416848
-0.0518233233164648
0.06805770821462793
0.2338702761927662
0.17162344619060754
-0.9393371361732389
-0.0693688060201687
0.9947241008696721
-0.13409886181874422
-0.5359123688162049
0.034355248878849366
0.6688615617722168
0.4905880334659357
-0.9001929223172959
0.7332860709530754
-0.1741094987668585
0.33626785826667543
-0.06420382551391554
-0.9374376361487431
-0.5601381314936169
-0.0480169463960303
0.625861863482224
-0.3488506034442847
0.4690893868678253
0.22783527280434285
-0.41578221939288706
0.41491440002381047
0.6897262659470004
-0.16941567972259255
0.6470332672003203
-0.7504683755325599
-0.048192145387219075
-0.6491417035944118
-0.975401207244579
-0.05358655544274226
0.7216699910906118
0.5289939990451601
-0.9055131021311715
-0.5766190887772324
-0.6568764338589754
0.266959968855077
0.6678979224107671
0.400594417016482
-0.7330116260364223
0.6872441946856855
-0.27631594230192946
0.8994450888889094
0.8757649696099301
0.8210451605688027
0.33302878972738614
-0.8684374933078857
-0.18074282287475846
-0.18344387398631612
0.9379250340747085
0.9335864663116235
0.10466199930977094
0.08924300819795342
0.40390175198064465
0.9655703115735222
-0.3511204956762713
-0.8315087430609073
0.26760542915249375
