0.6753628920876258
0.4087925626895934
0.36148816986822346
0.9829362322040305
0.30110577057615423
-0.7030909866307871
-0.9446356551607892
-0.23311166994174867
0.12959059638542028
0.27085916018299405
-0.8004377318520947
0.22856407084926014
-0.353063856271742
0.7665338167306549
0.4020059824620744
-0.8991778822216168
0.8456895084198803
-0.4735269983476853
0.6005742765845513
0.22608223565242222
-0.7485995707901635
-0.32849834664540406
-0.4487008854184502
0.29707291837806044
0.48069860110321744
-0.23841686297073028
-0.21690796119891342
-0.46337955211189513
-0.6337516106191015
-0.2830675258656923
-0.12805698426992515
-0.7991321525495435
0.5923290091790283
0.29037093339381204
0.705722074929804
-0.10997491381776195
0.3009570145445887
-0.10408422057364566
-0.7769950904086342
-0.2905734264678736
0.5526778609627512
0.20132642095980732
0.558490303886371
-0.2583501508216935
0.26394763444940156
-0.1016447224005953
-0.1681656612487976
-0.04329068119441612
0.13215633604568627
0.7293721820600507
-0.2719466281850804
-0.9301206004208786
-0.6900933099720326
0.854899347741658
0.9421264180382546
-0.2027212767665415
-0.7592867783259443
0.7004751864499097
0.8448745625278937
0.23199129752237982
0.9278128110062194
0.5912129819073071
-0.07767076082957414
0.4655079636659405
-0.017384137256514616
-0.8665931080169516
-0.9183889391420336
-0.9067658266992217
0.5862590491091695
-0.4585603925803444
-0.009527478660780981
0.7497056424146804
-0.4437170572521074
-0.08994408660827159
-0.0904908152777962
0.8210811927903339
0.18495799614276526
-0.4187805204779969
-0.5203195414982501
-0.23799898785372897
-0.4979193616733704
-0.09613637228822428
0.12203219532800921
-0.20923666148435366
0.8262436203225052
0.2563907202085191
0.9402068529841362
0.17199340257952006
-0.7211229401973891
-0.7957006344239232
0.5389494703935652
0.9240448124766413
-0.005724107530530669
-0.5680722435762438
-0.8419360601923488
0.5063472193571991
-0.28450007684693435
0.9351573562143921
-0.6617602390217451
0.38409591277320476
0.6849777579297354
0.1706057298185422
0.03731664370447507
0.5460242727648172
-0.4909628558483443
0.4834646126373514
-0.4793076357031469
-0.6890766737367816
-0.9619868578297323
-0.30524771427896824
0.9391969904175911
0.3763791427717165
-0.7851340343893453
-0.8202825071468517
0.5733292148232878
-0.3695914485614178
0.5110340363595853
-0.6214465404055138
0.856254096838431
-0.2747085928875099
0.3469866166405639
-0.27542181982511155
-0.7158361138192684
-0.0376704053560996
0.7769599833120909
0.7689590478020752
-0.2687457183996808
0.4411838191860721
-0.8681803470350552
-0.5166211287851242
0.008669476339466223
-0.3602176263446035
-0.10317115335760339
-0.03860833329112191
-0.39506627814709644
-0.2830550935989004
0.48984715129720474
0.7689813760211466
0.3571820335360145
-0.1833630847063398
-0.41902219849122346
-0.9969252377489329
-0.45085114581351815
-0.04602070300140707
0.8141641076579715
-0.946714510483563
-0.196397552276274
0.6746148092200601
-0.47027135389137154
0.9720881099626113
-0.42511153468732293
-0.26738259318040064
0.715582204094401
-0.7871275322028867
-0.42668231935427936
-0.6959727370966229
0.9761031162831119
-0.48810883907118074
0.3433086504066342
-0.4309707515788136
0.06177479932406228
-0.44964410315598613
0.38853875882624567
-0.11735836653306927
0.9642005131280116
0.40127904265820685
0.038223606345162586
-0.442653516974416
0.33410223551729146
0.08137596676283858
-0.13007315946152484
-0.30530585276968264
0.5802962412402914
0.06719366387758943
0.7007603504051585
0.7003553650946611
0.437917016909284
-0.31050311616772963
0.5435898563750164
-0.7782728572129993
-0.3896823516207383
-0.418314582227588
-0.49278615529998004
-0.36184388521764577
-0.8912231500199694
-0.4059778823296785
-0.5432481370252586
0.2262008032231112
0.8209484081372486
0.1050577102413162
0.9790699419439378
-0.7438687240080826
-0.27244102118995245
-0.18794831301097198
0.13495760389222783
-0.16599251758930847
-0.6086655260634224
-0.15853913387230795
0.2590499564512731
-0.029308581098926777
-0.18540863973969793
-0.501196727491057
0.17585027083607846
-0.83837640003016
0.32430251849729336
-0.2936073286149292
0.0018329667975347562
-0.6004942281678469
0.2306626751298727
0.31188446913938406
0.9120087817939146
0.5511396886880915
0.927636107217623
-0.7634639265141128
-0.656199596468167
-0.8031499849411904
-0.6388782484775654
-0.977570860424819
0.08149548194587436
-0.23810694526566006
-0.1390955974735847
-0.7905299842332351
-0.7977195055098832
-0.5265541400599442
0.41985466474932753
0.11772742461738013
0.7401023921975621
-0.4977973774268656
0.6670779109238447
0.32154356964677144
-0.12277976639197496
-0.008744734374898816
0.5447087786927486
0.30410331251403633
-0.211668560454412
0.7539792005595085
-0.9983695872566886
0.5659523442298581
-0.2312447146708445
0.34777419137720567
0.20950189350497778
0.9074441271091699
-0.7859851463492027
-0.40790120137422337
0.6408981100628133
0.2371708056416231
0.4324882121981081
0.4109107998545015
0.730901859809636
0.2875938433434489
0.12354858031694352
0.2796546081827638
0.40746532564104027
-0.017677767691085717
0.32850895932908397
-0.0352250981445475
-0.2910803608122197
-0.2789255297700045
-0.055868456758920125
-0.6622510345943564
0.37015332819445207
-0.39451253477414944
-0.9272049293797183
0.7280544034081752
0.8463490620866415
0.06809355327330799
-0.2887251003268342
0.8888646154085391
-0.6609116936859724
-0.7407268653529985
0.3701660675374542
-0.21505097773898962
0.6362223890220087
-0.11932055184914583
0.8527521396523507
0.18266554551096756
-0.2651930475599575
-0.32227079358884564
-0.7822166605412134
-0.10282394142391448
0.07516074028325177
0.682690954496208
0.19956461623796337
-0.20081709437267045
0.04382453636020569
-0.5547072766902028
0.21725390152279778
-0.620952424170725
0.38182058276815145
0.6231515356225151
-0.17728269745158995
-0.3923096597020755
0.2978287426275109
-0.47468638652204426
-0.09006387156208676
-0.017820157316494382
-0.3679963382470455
0.733409596172969
-0.06356381354824489
-0.35301212974869556
0.4331530290518981
-0.8519053812615882
0.3177716817728507
-0.2916328388611413
0.02073798793469729
0.9639362545164311
0.74097842293032
-0.1877120781874397
-0.9383230115642187
-0.10372112295215868
0.6212401870407918
0.7021426803584743
0.561975552382964
-0.504761251712418
-0.5230614492431795
-0.9755813404359942
-0.6431273765990566
0.11656983545637029
-0.1826417221690871
0.06351200803951806
0.13620506620841066
0.31221974823950155
-0.7318001060517878
-0.9762492211041273
-0.7832832743663828
-0.12955717885497867
0.10284476321164919
0.8947036514454683
-0.9736343256647462
-0.713319876269752
-0.03807791871215323
-0.366952284216811
0.2839910993437206
0.12476176617437423
-0.11822134958021735
-0.640847390358466
-0.06850083926116449
0.5628530703332745
-0.7853254098506094
-0.1498509143207647
-0.137549949794817
-0.3071141910050177
0.27310582524494
-0.1810937224397418
0.15912816949394262
0.6307723011629114
-0.6004903034709278
0.5294447573890242
0.18965564376243718
0.9237684058150841
0.3376719393050235
0.9074796651234057
-0.7215145971123468
0.947973433969892
0.7069147567052197
-0.4154556043225984
0.49472195229784804
0.1143808399369198
0.7308084383956833
0.9019497578242051
-0.18530330015410457
-0.1789181269529328
-0.3982575378240207
0.6413190789284439
0.010781727329668776
-0.8277771029487242
-0.7435501542795412
0.4437595856786511
-0.00987664535578511
-0.6053233721493444
0.6664599040757546
0.7679916470759607
0.04670541585226105
-0.12236288892727158
0.6337523160661328
-0.387466024689127
-0.914367650358652
0.2527297905410656
-0.9143911989796262
0.9495915719838064
0.3022168932039642
0.1444123516624046
-0.6949873162282334
-0.27674909401406034
0.8773182946636192
0.7032348293133084
0.015320719334454776
0.1295255527620538
-0.8294173270528046
-0.44158217179075093
0.9800259027119953
-0.9088853532887203
0.29141388941008906
0.18232749879238958
0.6129843908402646
0.4522984546181689
0.46648291105640266
-0.4535430495665566
-0.8087112403765195
0.7001880042156224
-0.9787286680892938
0.34073538929855496
-0.7778399879343415
0.1661118696245872
0.038385347344713994
-0.8955677383032382
-0.8565717237945776
0.10200377611229625
-0.5447397356031464
0.3971748990741853
0.2746000998005577
-0.6607029238640856
0.6284124506960644
-0.540444329868334
0.5293584844237731
0.7024451794891647
-0.6330580154605604
-0.19987985068764416
0.7016804032922985
0.046856498711799234
-0.781262503834415
-0.13578908144558546
-0.3946283918621775
-0.12368269596890404
0.5378867599230133
0.7748231924973862
0.452143816874144
0.5813438177983683
-0.2541703673004499
-0.6172748102779473
0.8273317127355355
0.8188674081731095
-0.5859956188771496
0.4841320577728045
-0.8272808816009717
0.9747984606677993
-0.0013688441243577829
-0.35375974842673735
0.7472029532444804
0.03113474952655937
-0.2211027856922222
0.3961635139214398
0.7841389836699839
-0.7727782459253207
-0.24103698034549148
-0.5483213270159394
0.06311448614412161
-0.6096430089785374
-0.22581141477169855
-0.8257664706373573
-0.3567887971603298
0.493388290916739
-0.24988516754882048
-0.2706672944371633
-0.20852581702562833
-0.3878950953386543
-0.5212030471311364
-0.3223895099205609
0.1402428557004291
0.23531586518568454
-0.47123999848547654
0.9559163984013562
-0.56053596079332
-0.805020320695339
-0.7907541789196172
0.4116814276881541
0.48142805313996306
-0.05915020380943102
0.038770642743217176
-0.7794449603791247
-0.8063339332691808
0.14556013666428216
-0.424890119733432
-0.5413441723400135
-0.7896338216177913
0.517137657083684
-0.70232101127583
-0.8882989076804123
0.5474533654274687
-0.19533230435292015
-0.6437784191160105
0.8554633927749198
-0.3521485149518138
0.36955798878215845
0.5724444408626973
0.8785349630524204
-0.29224711127963776
-0.051378154629970786
0.676324967745454
0.3045629122108179
0.05205470887115969
-0.5634430291839677
-0.5753167192277706
0.8056958459130288
0.6610496046159657
-0.25585661000140303
-0.893835470309812
-0.0245008512653963
0.4328654965381162
0.015598075025549253
0.06767332591499015
0.36941781975081195
0.8462689810237949
0.6896405696115151
-0.3995148674903336
0.7692415143475263
-0.17173446103678927
-0.6141132071977492
0.837692032949853
0.08637192757451286
-0.09622833550930199
0.2545657775955878
0.5417396319237688
-0.5263828576236637
0.9568029192800899
-0.010304665261431842
-0.5862534129612414
0.7318627672067552
-0.8093887681303051
0.8572160487437599
-0.943011534592303
-0.29600457452476064
-0.2723857631697971
-0.7029148660080226
-0.6548164547989991
-0.9786485397680554
-0.0830663275482912
0.0015116785964399424
-0.5200709535765053
0.7766769940575479
0.3015099657228428
-0.9898046064694261
0.8969049495575264
0.9572477406276607
0.16594057910143378
-0.15287372455150225
0.3584130916332707
-0.2392903036889706
0.4681141930419562
-0.22367764237751278
0.8054279380548999
0.04644576329286155
0.523782778762802
-0.07035490299029079
-0.626216361495897
-0.866428898618312
-0.713438962339886
0.5757750646271483
0.48524861207115977
-0.3567039810818262
0.5902697656697761
0.5509264648489838
-0.29569022626518354
0.041272792093046365
-0.10739990337835696
0.7420915781262756
0.9194130965231538
-0.43508645217296343
-0.3196280304732784
0.43620981393426905
-0.24054534067591277
0.9289092661701348
-0.26047657268774477
-0.43153085001181674
0.6759295919660335
-0.8703451969542059
-0.35495372560228705
-0.8847875442218602
-0.6581551016413228
0.5018248343566617
-0.2615847752000917
0.5934349066311342
-0.16285334634135168
-0.5570276611734362
-0.5632652595072424
0.36243856522668166
0.3769623608800103
-0.3892376153540792
0.3429694789572666
-0.5245897029286571
0.7335005890580819
-0.23634407166950883
-0.008455044644752854
0.705948164333664
0.5531140212312495
-0.5881715112181765
0.8306647684658203
-0.3006805653555223
0.4390255200135094
0.5777591150941896
-0.9531019252448804
-0.07057635184330459
-0.23628550039767146
-0.07966998117142515
0.5732075345822619
0.45232771185621046
-0.5143032956102466
0.6945108023660743
-0.21043310946997934
0.4636322884232652
0.6635180515677945
-0.43307221336762214
-0.7014026032166526
0.19718401381294562
0.12028241938479722
0.35289712462754275
-0.5366633524674592
0.49873614203135347
0.3894914979088642
0.6895628406361098
-0.42925478831955993
0.5813653609600982
-0.5840982509658296
-0.6582417360057742
0.8607679170479068
-0.9578851215986612
-0.6023988602579081
-0.1331822513920777
0.23185237436530814
-0.2797970487551564
0.2697220934080283
0.20255001423313984
-0.4415393113891305
0.906935186367574
-0.6014654121533282
-0.09875483357206787
-0.3275738065117024
0.786185099633789
-0.21901914766858194
0.9481281074093388
0.5290417585194646
0.15134982974510242
0.8497933665875952
0.1933375490818561
-0.5937226763835888
0.32252257600850565
-0.6350423116530418
0.7934478588423914
-0.03077214652111469
0.907761527960121
0.6980189692849299
0.20158773598323385
0.9782341665984856
-0.2515169869580739
0.3362504841867974
0.6145556875637832
0.9587551387424513
-0.6487937562302707
0.25878185567822903
-0.06499546733312206
0.4132509889811341
-0.3157142666612408
-0.2520005750806271
-0.944266959951464
-0.1993974759046302
0.9509090249756957
-0.8127064534529265
0.5446804495731102
-0.42035378765730297
-0.9209019175119306
0.4814255110592905
0.7253292629488242
-0.8045428444845661
0.05473305245419491
0.937222248303626
0.2735413672727523
-0.9439545953285158
-0.6844568060121149
0.9910694387271067
-0.9318650405084553
-0.7205344241567152
-0.18136899490900152
0.654091637191263
0.4770750278681648
-0.7913370834233031
-0.5424521557375268
0.03280006117256194
0.5568811201008049
0.4876681505368897
-0.11589302661634324
0.5021378981735419
0.09784143321383118
0.5223274732760511
-0.80914063777887
0.4083880543242783
-0.3599179681131847
0.5567769500962708
-0.34777204694931063
-0.2710343605156658
-0.27769682309888705
0.1909136015507314
0.9371708579462796
0.7361654719548868
-0.057959297805604555
0.714354909308114
0.38380602610515946
-0.7744467709478784
-0.4796956523579535
-0.9761334509791766
0.17620866802066892
-0.012775828055335338
-0.4330991690720366
-0.7733868573096078
-0.47440891304781907
0.6412517668953838
0.86159714082934
0.38648467890857424
0.7648026822874425
-0.5314007892610296
0.7280842949017078
-0.8546161069899524
0.9152846776642393
0.48829697586945126
0.6861865322528403
-0.5567141840282457
-0.3170009274144866
0.5740643234104894
0.4518782850237799
-0.002565571898231757
-0.3667039794747536
-0.6691764664090953
-0.6498406872205317
-0.17515525896674797
-0.07655781482899292
0.6741742154435868
-0.3314052395077859
-0.7378272139318104
-0.2833818948529425
0.1306297394595206
0.5422436265377899
0.02371685308706125
-0.34020998422579224
0.3363424312835507
0.549270814573305
-0.3384874646763793
0.38432248742779007
0.8990473636028108
0.616418623274627
0.8422888157851639
-0.2811361000526673
-0.5318902567958353
-0.8566063184154273
0.865042239363009
0.5221060533627268
0.09910652406929478
-0.044667257681055034
0.7077050616188286
0.23803457041358778
0.13511564005170112
-0.4932096724598644
-0.09620056591043957
-0.5285925334519666
0.5217152271103784
-0.7322706088912829
0.824272641651752
0.4596167610079621
-0.913768390001249
0.03540474699232812
1
-0.46385146035796343
-0.7058995936289816
-0.4302556262455895
0.7050912690328731
0.17034214056424116
-0.9925505756099141
-0.30487290218146046
-0.30465630537616195
0.71224542905895
-0.950650786775945
-0.9213535640880252
-0.09304532261904762
-0.27396042050587144
-0.03056564278471847
0.2071178497063795
-0.6629970065988634
-0.3952682106831926
0.38647761796800845
-0.2174409026184887
0.947957346670764
0.8758276189718714
-0.8162033377787661
-0.6291363641779846
0.654606519900484
-0.34981356999578017
0.8563369069888801
0.3377466210344649
0.60593097997006
-0.9878569604994148
-0.6494281101110704
-0.7267623432496404
0.8631344891190611
-0.992705581977074
0.5300030900617295
0.26532292603035623
-0.7779092267213223
0.7881314506154719
0.653783702773797
-0.22698393077996273
-0.3391475410917601
-0.9205932381116956
0.5153865980788203
-0.15795231397013598
0.7849437921697061
-0.3944250007990447
-0.7137125456821399
-0.11572742941009082
-0.005591409940480227
0.060327755738104685
-0.8821409403687572
0.8896380390124369
-0.1156614522130286
-0.13664569172169108
-0.17469559335453338
0.5049522027707505
0.7511983443338571
0.4973083966981164
0.9364203013320879
0.10230943842698433
-0.807569368182199
0.6551830919434383
-0.603680954065335
0.534449363643064
-0.9133444023328229
0.41319782841880337
-0.07199427539523755
-0.7045920588125048
-0.14458976873173776
0.5076948885676389
-0.3464303794237496
-0.8271130489979381
-0.03838569024584182
-0.2713995531155716
0.9282461472019898
-0.25617739176718846
-0.3337585552551518
0.15945704247374673
0.5050263131128594
0.9230365088284299
-0.14392842627230154
-0.2198495512158822
-0.1633020399317287
-1
0.38083614492955087
0.259226583549128
-0.8896763141804772
0.9683650351721684
-0.3064326125715998
-0.5921857640918468
-0.29673616641476774
0.10881499653984923
0.7333014759469219
0.9131675991610063
0.1520865682472465
-0.27907871965937153
0.513760952450676
0.7546408055494507
0.9407696934774714
-0.13525220916465885
0.7612355787696801
-0.8106493241715398
0.7024015771183081
0.9267102418705618
0.8564274856963399
0.9105122764237118
-0.7527164485939891
-0.1979300946697377
-0.0021825668998448084
0.43617365360528326
0.4192390291071358
-0.3436662855397669
0.9110809846374157
-0.3443270789432369
0.43633445728052556
0.29035309222980826
0.4556443905281969
0.1554512738935357
-0.809837238147043
-0.9440522465691241
-0.19095003659968504
-0.16959831177788098
0.7017432254298267
0.04420899586704693
-0.12884428079954593
0.5140912030599339
-0.018078975542537228
0.6916014326871401
0.39647044636470063
-0.01586654034580189
-0.573464455433034
-0.3387223694096975
-0.46872516581618945
0.28134837089256787
0.0824941777282293
-0.34941455511414876
0.09096590155811687
-0.558802197350528
-0.5075540346862096
0.6594449142825383
0.09859975609728985
0.8404799727630637
0.6909029941910131
0.7182540527478838
-0.2894336099489747
0.11663009609263292
-0.8273107734856099
0.2386080509578089
0.8297002460470132
-0.12530223504231366
-0.06356287797593302
0.8427903641725629
-0.7619081371618386
0.9747456284385507
-0.07122434422363906
0.06231509914129184
-0.42699636666319546
0.28488142011684037
0.364599811915509
0.1651001274921435
0.17850107855102945
0.7926838691473704
-0.7093246923007435
0.7719412928183139
-0.22535112133651036
0.712334173351102
0.580254328527432
-0.4118837594535613
0.8180419892454719
-0.3872011391283441
-0.9170104605850564
-0.024718402238424406
0.6280407135787951
-0.939399372933673
-0.6175228585979886
0.08151888128264337
-0.8112400621447994
0.1848265830331183
0.003076978581772562
-0.863247909037553
-0.5323038824948062
-0.6690781471958954
0.6088939865590254
-0.32180294552456135
-0.8705660314655976
0.3003162960210747
0.4945403265718568
-0.10004653552221421
0.720963494838976
-0.11666840619052664
0.7562832054377883
-0.526316954708552
0.3763115418890816
0.7583887570943566
-0.26496837221796676
-0.9792029121557129
-0.22178957602755056
-0.661242899774241
0.7925620249292178
0.8204458333019155
-0.7574231626320069
0.6002448011054515
-0.18415894818640793
0.9427005181026271
-0.09563945188361694
-0.3816707427999653
-0.982840616573078
-0.5563914578216053
0.25260648924936824
0.04799671929084647
0.6308884083184912
0.716628397065612
-0.10392204975353239
0.3034829230663064
-0.5249993825597893
0.054323466192515345
-0.01782700633556681
-0.7561888562183006
-0.3819779092689131
0.9259627447743961
-0.8237943313758239
0.8425794587198934
0.2897246126036653
0.40345635352854975
-0.6154607476398724
-0.0693225938908608
0.20906076221402606
-0.700742659066468
0.5053873789036167
0.5451618980927591
0.9700417656483411
0.06330280791066648
-0.3108043474919452
0.6835896537802774
0.3154339588593007
-0.9047941690093295
0.4743456252837812
-0.6288897887935189
-0.35738783291984955
-0.6950503025078766
-0.7907410935926645
-0.9283959109434403
0.943556397927099
-0.6512028369081985
-0.8401924103586953
-0.45838635463486543
-0.23395480459800064
0.5127175555741466
0.3160666382534631
-0.6008195034815542
-0.28293717703443444
0.7184782578952973
0.9036345880804844
0.6940331626689809
-0.12417469575997682
-0.906451468155485
0.401271154479374
-0.366499550257047
-0.6394345416172816
-0.05489711639019322
-0.5748641814861423
-0.1542500812062702
-0.7372632389968063
0.4158397689848475
0.39044242577728333
-0.00880221253997367
0.73978554315334
-0.9652376672739349
0.6050173575574411
-0.5499239727015198
0.3260591173583123
0.5261743264926692
0.2227658839935965
-0.38596335617478417
0.26908522777870675
-0.13983600096562895
-0.8955232650421101
-0.5207906558187115
0.9558405393450706
-0.1507554943651727
-1
-0.5609816768568475
-0.9580337055966331
-0.2263786421485823
-0.2725246749714757
-0.8198487940779493
0.5028529260747316
-0.8665265288236252
0.38611458784894
-0.3303977500689005
-0.6811411381354362
0.8402885472406225
-0.4148468783320685
-0.22658963152710884
0.5246930956025105
-0.8452788389966236
0.49629771518881666
0.30152748557899106
0.02656980085889477
0.4015120538326946
-0.07121734936993628
0.6098652003643334
-0.9152865308001817
0.42163105933447803
0.023616039101075535
0.1700549026215799
-0.10815520433037305
-0.10432776793327764
-0.9900912615883474
-0.9893221439561614
0.04355913490034789
-0.03447764776310515
0.4920778275155269
0.9939060555108721
-0.44111441487597836
0.757430349363786
0.4661342318424453
-0.036136428945128155
-0.7337430502960689
-0.562319905576999
0.18720688937343397
-0.21710431834789176
-0.9842791259759864
0.8434302009934824
0.36751942186387015
0.727153873691923
-0.9896031833354119
0.6125968315823564
0.0058902768903853295
-0.18530829177656555
0.02484261730182507
0.5818006542185648
-0.20122906334167678
-0.24904212673787554
0.21557917983969746
0.8332601129583052
0.4278944764361856
0.3966166562070595
0.5513526416924566
-0.41208611322084193
0.30707107963464414
-0.2921596372274696
-0.3813154042084911
0.21969919599754636
0.940513560642735
0.03665944326675542
0.06066180609400998
0.47659172931424193
0.37858432171214584
0.3910465180150498
0.47983930991912943
-0.3459302266161152
-0.036754179410702026
-0.8587402235686322
0.11566035727399271
-0.7445323039221378
0.7424317495978983
-0.647076135195946
-0.417645040812331
-0.5965479550662421
0.7000960196431164
-0.5632052085204331
-0.5997417150961613
0.1900787948922655
0.3223505788021169
-0.6818684898102554
-0.6146016732756437
-0.4814634634224682
0.4622582580447248
-0.4242956428249959
-0.1830796274503885
0.20846318912232123
0.21717957166658217
-0.06147456329692167
-0.11129575353293375
-0.6440904879482414
-0.34387341857583276
0.20115938077608891
-0.24483996899102722
0.2543735694068826
0.07080580299542458
-0.05897663950163421
-0.30929748864994244
0.518509250826028
0.033116101487897356
-0.03944769460410288
-0.8809276148912991
0.9357836168141724
-0.7935834919145923
-0.3239238131229912
-0.8115988175550686
-0.43722077781452895
-0.7273504440968209
-0.859193603500913
-0.5654696333415615
-0.22701114834406655
-0.9454466998385694
-0.028387991070604232
-0.8015362937956041
-0.4398932480328332
0.0995383903435194
-0.6695678424407336
0.1564444508102647
-0.45230129607910535
0.8282939330955835
0.6269191849574646
0.7480949938004968
-0.8851929885414395
-0.6400656431328152
-0.9723110095080901
0.8262268977270686
-0.4063790539181455
0.25256204769186547
0.8909997671449809
-0.7090294227956528
-0.7243696794407436
0.40633936049857233
0.8291740342761972
0.1815090724848783
-0.2143134015929339
0.28198004444248725
0.04274045977640733
0.1989990880391664
-0.7963792267306651
0.18500052894109395
-0.85304140412523
-0.9182072409180932
0.07572619068370937
0.8847449052352605
0.6394133787822733
0.16519312504996167
0.8909084491236737
0.10625249229951107
-0.3716609139687794
0.3917201551472016
-0.2165884596431946
-0.10595565603534769
-0.4794075327712051
0.4985498828118246
-0.8391860819887722
-0.38998727037314973
0.4108627361888272
0.4411465550540739
-0.6462804841269215
0.9413894736684182
-0.7295263666331923
-0.40784790318747405
-0.09290993105423599
0.38339305862670403
0.004886768352633077
0.490078692221246
0.46970978367674615
0.8706836099903937
0.48119686627163666
0.7885324435639809
-0.6602537568224623
-0.369111582252329
-0.13286697572395492
0.9196837869439989
-0.6850343916183104
-0.7631950706214039
-0.7076341515102808
-0.12833519929247927
0.7107052933597178
-0.5201399375119179
-0.2179181349013545
-0.6837671517231735
-0.8383615938086766
-0.08865648108235083
-0.5272251664217038
-0.3246929047070226
0.29417844348768096
0.9746639080847049
0.9219980685685374
0.27444247624759166
0.38263170769952515
0.9456295817657353
-0.08244048358054465
0.5783876490927271
-0.6480619341929873
0.24211706653020199
0.018513335122979986
-0.07615204481018964
-0.9579936966887781
-0.8767434867653645
-0.07059760432507414
0.30573414763769247
0.2127762238888626
0.9479405231625861
0.9099112654147583
-0.8345828015143059
-0.9853675582756511
-0.08373259899898547
0.14083360270675455
-0.8363809561952275
0.7045229549060766
-0.7585294909617083
0.5693464868343308
-0.34833339123379414
-0.30535917432947507
0.2912608306863111
0.7660494018308115
0.8109283384065946
-0.35111822364195727
-0.07407465474993263
0.20706201202139385
0.17470118738409726
0.5412846863498951
0.16942694520107518
0.9132680180009138
0.787579957054196
0.08708130518677021
0.3832175554077445
0.20515310182518104
0.6780495086143594
0.7207442288364994
-0.7449338651159563
-0.6302484449775083
0.1555102031590631
-0.9883202627403329
0.6426003637055125
0.859658532821332
-0.006052208223967118
0.6170049210726798
-0.125451178312313
0.5290679656189496
0.3273404174608997
-0.5186863929665662
-0.568914114956573
-0.19087431250019163
0.10617024857186136
0.7684876283515456
-0.5842722181466251
0.5985983614179017
0.06588087643298636
-0.9222325125864795
0.059483894621778104
-0.6397878692023936
-0.1457911231388938
0.7330141966356799
-0.34927708165282095
-0.11607228452351753
-0.3022883811452767
0.24603254877454525
-0.9915935186391748
0.6689526543815499
-0.0220956861828074
-0.06823303570928518
-0.1638813659525363
0.1869097493907602
0.35383763688785386
0.5875394187147299
0.621417015553783
-0.2306797654328076
-0.05122082360562571
-0.7748360258056592
-0.39228203064550177
-0.26050488227971985
0.5407172061106449
-0.781439288437693
-0.3886121264864389
0.5532740270760097
0.17762715361778134
-0.0036473442270332597
-0.93990356494995
0.3629706980669409
-0.376880421117497
-0.6993237717824414
-0.7947056727538488
0.2614897936551714
-0.3461479470033411
0.5803051047566935
0.11165086322227977
-0.6013337480562252
-0.6931523107661535
-0.3828400512069442
-0.351214355047391
-0.24203987455781034
0.31037937500031687
-0.8484416711473127
-0.4537456393077046
-0.5949225123126449
0.04759098976857903
0.06408806273145025
0.4639552345117812
-0.6916870177162854
-0.07943637957193693
0.15064698980992544
0.333487828531955
0.9523975365911255
-0.5806369726360561
0.845856898621449
-0.4933770111781193
1
0.7721063034604461
0.7800420036921116
-0.95868169883033
-0.22446285602679458
-0.8619005769855415
0.42303794182990206
-0.16568462510221899
0.9610232579901042
0.7580260655854316
-0.7023167689411458
-0.24197792405664767
-0.16803747540226116
-0.8784951296824305
-0.5571069469416348
-0.3240508224302969
-0.14501371574975438
-0.3559054501753664
-0.5636474624552379
0.4433675149149339
0.5318752757286175
-0.38008721647541505
0.9406781507608092
-0.000773365201976056
-0.6177195154911854
0.029376759424499473
-0.40126664111222665
-0.7825579590547819
-0.4608014785835319
-0.0036775801992552657
-0.6771107217324733
-0.37626161159895305
0.9941315071009423
-0.4467551782219082
0.4981989533613325
-0.9496786471467766
-0.7214368345363241
0.11652921670120032
-0.6303445155477346
-0.010156514290195994
0.5317959922193223
-0.2603027286924199
0.3592317848679977
-0.5150173211044958
0.88113610482774
0.17364417296576612
-0.39242624939908316
-0.315808761320675
0.2814599509345742
-0.857076477530198
-0.48444914877418194
-0.8388375268357792
0.9300157702352121
-0.25467847941742805
-0.1614662744918225
-0.5926890275733785
0.654263200729329
0.6837953498272641
0.6185863699650576
0.7112450190093812
0.9223356280879288
0.30663040883401615
-0.7106804471692657
-0.6794363932405223
-0.5429630020441326
-0.4987040889446749
0.17115147115056553
-0.013683874266404081
0.2963095610330973
-0.5953359437387369
0.9113681834043884
0.7843578874367412
-0.974009014891014
-0.3279941942235111
0.8791206161646616
-0.034727627103942366
0.8958643154804942
-0.2655385869831099
0.8285599795771935
-0.48590669084715643
-0.1418580874150462
0.2972882387724026
0.11235894768814636
-0.2927532088994453
0.7580857562224578
-0.32795484971478633
0.6867128347572505
-0.8263398024323748
0.3098889572218653
0.7044756682636653
-0.8203964508444921
0.8101595932937784
0.05889548624955698
0.7576726717742452
-0.02940655780520756
0.6360270315179856
0.40851865789978875
-0.49667723397096136
-0.9454791605401702
0.33629419205558037
-0.5596448070511987
-0.1504225299275253
0.25585064765677323
-0.49824351255228316
0.0943306448958503
0.6542631652048531
-0.2663863457760484
0.8997537704950335
-0.45686615957927584
0.5820460403334403
0.44926271613067154
0.30046748909186666
-0.9270870365785087
0.8441056839872105
-0.8507211009259951
-0.5275816942138135
0.7915155358540913
0.08110142149347405
0.23521153710538742
1
0.148039309625178
-0.314093499976207
-0.4956729796220407
0.4087882011479002
-0.09917317927104237
0.3504691942881887
-0.5849102820145659
0.6315251357736871
0.8918723051184851
-0.17480586477331828
-0.24971883869243452
0.06578317906565907
0.8357476098250409
-0.48276049969695284
0.7034632329590716
-0.8796469568338353
-0.23316455230627825
-0.9003665841679548
0.5512936935582272
0.10247702169398969
-0.8111033246861872
0.5482203324996296
0.22433348447988538
-0.728885453051669
0.8733734249318006
-0.4929895185021205
0.4669572646984884
-0.14896966105535542
-0.6154073523955521
0.3633145710908781
0.5154158426657944
-0.9238153587610725
-0.1640410521908302
0.9337384415182663
0.2538476951955326
0.15355754916556102
-0.1283047316165002
0.7661848267809517
0.99047558047204
-0.4968669015055279
0.13171602987995612
-0.6002342910523403
0.4597881030560292
-0.2712767244275401
-0.2672005340343547
-0.9618218155676108
0.9928404268077423
-0.473714895520047
0.38883654032675496
-0.4423730098988414
-0.5051201299531635
0.7132161695152133
-0.9779775022074926
0.023864253983184057
-0.18105906171762734
0.3131679103750392
0.2886629917842692
0.09985640065059977
-0.7695756969598426
0.530663955143932
0.48978701045962547
0.8134065038782206
-0.547051685661967
0.07825777602924788
0.8662223725816643
-0.5235122227360982
0.49178518388840226
-0.5201774347488132
-0.7161490067266872
-0.9343832262618953
-0.3289164601907824
-0.8785159867683258
-0.09881813781783544
0.2670330955582228
-0.6542301821512657
0.7108368107331704
0.627296229278175
0.36071904180368286
0.12071165261462857
0.9293592364806085
0.8094775112039442
0.15199598051102436
0.1851676567751038
0.7829364116787357
-0.7161676746394164
0.660016630342746
-0.4772262081643326
0.9054857925102234
0.971383512571106
0.8155567203327344
-0.8604536023789037
-0.9434174602248471
-0.8332555626518815
-0.9582526807997745
0.3997535645349943
0.8909222436857483
-0.7436305208771972
-0.2704034051780465
-0.32876405853054697
0.880179156077843
-0.6980659939605678
-0.059998989523235485
0.9879623533736811
-0.88427798842032
-0.43946094803233143
-0.23186584119584355
0.186051218219463
-0.958839524426689
-0.4191181718962149
-0.5974185778209754
0.43067976551510484
-0.1758104287288814
-0.1512841992631475
0.7986682653411861
-0.6562682276104773
-0.01538476600998813
-0.15893343632327114
-0.06514940150583952
0.15795078267294582
-0.3710205876287715
0.7238428822489253
-0.7379951907740393
-0.2788569790868503
-0.004999863830160149
0.920071323211135
0.5027498946334794
-0.7810448078627357
-0.3362834273330756
-0.6769943439569308
0.868805204752288
0.4813319778116574
-0.9518858905107767
-0.924964980596276
-0.49215414931984797
-0.7267247194102908
-0.6291148056128588
0.17406622905681263
0.193673873669723
0.594929687466539
0.5464591328940579
0.85090294895086
-0.3397331373841206
0.6711234239903909
0.6472098803176871
-0.7568363272256258
0.22270175633656
0.3311757012307844
-0.658878269530519
0.9628657657280956
0.01648545822224038
0.18905977240615476
0.4766168796249715
-0.9743749774655085
-0.8962092175348115
0.052715356697578285
0.3470140318468529
-0.2988878019787429
-0.5185423775839412
-0.05180582686743501
0.9304951083266049
0.41225770617973073
0.28549116947709263
-0.43538579137408556
0.8150174668439399
0.321834805944593
0.021029904014128305
-0.4228482375157914
0.3168986803978401
0.1484297540049128
-0.7332431072835525
0.42020503213602917
-0.28514148400440925
-0.2488424173894759
-0.5703434346791812
-0.25715257365786864
-0.29480389134274626
0.3929235825846466
-0.07590699896744539
-0.6833537497519094
-0.5625541327210546
-0.014717584226273103
0.4812833938680795
-0.8856444738903877
0.6971623852301722
0.3347464790616768
0.6006642234597596
0.7141492485698462
0.4579965933471311
-0.2874372354615864
-0.5015825111051513
-0.4426769007421136
0.8455541897283589
-0.6033115246479953
0.636192843386492
0.40550964490635355
-0.715883698267701
-0.07577321847979834
0.8695148566457729
0.09055102708234883
-0.19376601161953125
0.8197908952973356
0.6605297908489739
0.8466462142842465
-0.09023636724879588
-0.5253826818148596
-0.4706179494411634
-0.7924258715460711
-0.3191270840396321
0.30344968553218
0.33884754244281184
-0.7046809048175746
-0.20882464818431876
-0.07471380890160316
-0.27387938450690485
-0.7656151543914781
-0.9078552076128122
0.4534740541866661
0.2872792450130412
0.04101183671420335
-0.38880322680801355
0.15819362697791817
-0.9220235574749839
1
-0.8910831255060774
-0.5688840081653712
-0.6210767441068851
-0.48706532059359303
-0.06418994275729588
0.6776434053851734
0.17112812042434838
-0.5889851044305281
-0.8215620412840435
0.0453916158757402
-0.4023684357745598
-0.9761250720333828
0.028170324200955704
-0.8374355666433196
0.6465040986749994
-0.18143586255869923
-0.6677871397828798
-0.46584854456134395
-0.8276529304120968
-0.9977831819066447
0.4869802372688914
0.6415323472361846
-0.2686954789523594
-0.3401511994494502
-0.005504561309070935
0.19197386228202404
-0.15401555570605963
0.2772401879231562
0.9614163156955104
0.37441110660286825
-0.2513863807414862
0.863197176057968
-0.5843011852205126
-0.7951444268434947
-0.17340483826372194
-0.4558034115099297
-0.5081310500419305
-0.9041463413971125
0.18069911838987476
-0.15352709389895816
0.10653128432835476
0.7679034495713322
-0.5830023222332785
-0.1361250735373072
0.7570851670612715
-0.12041758250496032
-0.47659633909376714
-0.764297773714765
0.573283587393196
-0.8522374093731092
-0.6079874833718661
0.4172882569400516
-0.44921832436938874
-0.9734817718437713
-0.5917508579144748
0.12777544757175172
0.5635919344055168
-0.6110962466881099
-0.48883103809109246
0.9724609052761979
0.6974405013841785
0.6641070074188125
0.9192196129170576
-0.8364885865059911
0.2387816832779826
-0.7201131970763193
-0.553811422790406
-0.5648174002981353
0.4445136908680034
-0.6186631619428887
-0.07740588581779632
-0.5183132990127512
0.008059172790370148
0.9678535368657931
-0.43450752733363196
0.36295474943648504
-0.7558788998503253
0.6033985069438875
0.7279360056035968
-0.9196115863495931
0.5815574014462853
-0.769289549173248
0.6968960860504108
-0.10662453353821506
0.7362534546696741
-0.24186515317467425
-0.09792315873208737
0.44143562037559325
0.8380921084833038
-0.9502290186832175
0.9379364629444088
-0.42229755949556236
0.916644805530046
-0.5450180617681113
-0.5083727833910425
-0.6638853620110655
0.9033691354619656
0.4111351441907983
0.6717666896388628
-0.8173064860315182
0.3008902523092076
0.7657852806022843
-0.6729868771109008
0.5308787709578935
0.06315198849378102
0.5619128757760339
-0.315453161595753
-0.3196016480913249
-0.6699862037443864
-0.40355805554366525
0.30854540845191475
-0.05131080285214326
0.5963418977879981
0.044074387467798015
-0.39103287985804475
0.9662356190604825
0.4352434236903883
0.35838647061630713
-0.007336059535541011
-0.16354006647677222
-0.45678636050901966
-0.5377366895693465
0.38371388591850564
0.6761310349965292
0.887330633760884
0.9756002932942759
0.6854180642011604
-0.91841081708229
0.4475109810326664
0.4600192051891629
0.7823076973262568
0.513646281419104
-0.39583541924945137
0.5523735981989443
0.9642932955732565
-0.6271212987523755
-0.4175790735440523
0.6374036872759979
0.1250447750538714
-0.7437405722944747
-0.8540407001392322
0.7086661988478987
-0.39105746416643755
0.4275185115397425
-0.08311936493448184
0.8538643850998218
0.6595145940929801
-0.09389086349824745
-0.09129532580148242
0.9571541715848844
0.20354655119253076
0.8725725700083634
-0.5689544517226045
-0.4062809504853078
0.3762799134732353
-0.582842285483236
-0.43531835658611195
0.22573234111124307
0.8160868234475377
-0.675480172497563
-0.5016903906679133
0.0740003007532789
-0.781261000476563
-0.09926676637867805
-0.6008942356696377
0.7853774290595849
-0.0950148067210145
-0.8965072092046964
0.24374696740366544
0.5600574118253556
0.39553653935876976
-0.0755969086115073
0.7437792839088536
0.7569598978981942
-0.4057678015235656
0.6217806525833641
0.9060603218934383
-0.10641415198963723
0.7914765059518265
0.21903285491711547
0.9820758697160431
-0.7314774585452525
-0.9117133905672352
-0.3568407011070941
-0.6240140712568013
0.07301145409199154
0.3326025577656207
-0.9496537091820015
0.2578563912181112
-0.5355420082161142
-0.68046202726605
0.7700565651103649
0.46727220594814156
-0.680606200550432
0.5023123706600172
0.8743616467481814
-0.4463802574651852
0.2527012151981931
0.5774765476919359
0.5041049985953611
-0.4876877963106392
0.16726968351099905
-0.7531513379863499
-0.39288585223023903
-0.5466184142070072
-0.9141307064682739
0.4891891686817344
-0.42275367004545517
-0.786471887196737
-0.15538628998054388
-0.8530516794449404
-0.16431715168395208
-0.048350448836332605
0.031951167559559214
0.48162608404709134
-0.9812630136999259
0.3743224558019152
0.315265492819981
-0.12185047695815276
-0.3689540761615727
-0.7460696239066357
0.4602274505423506
0.6878062272730116
-0.03296801434950701
0.6965589036259929
-0.8565845710941012
0.3609621516461512
0.9499768944299427
-0.46756979040769003
0.6027993531965802
0.3628936613035624
-0.20671827766154774
-0.7214207017451886
0.15647863769101691
-0.22475249491145985
-1
-0.5961535179502865
-0.26620035981114376
0.8001257820459184
0.3307208978528047
0.9125081613035038
-0.29153267125371407
0.28011368599876246
-0.6647510394626192
-0.37677684226729974
-0.436670756568924
0.9444438366570049
0.7262875477924196
-0.3285906527264385
0.6362412909469145
0.9834792299720483
-0.9388178534271525
0.4008942522884405
0.028850850991700337
-0.9903086325156317
-0.644106369559736
0.7910555303283409
0.5822045158780413
-0.4368690212274788
0.3142586205799654
-0.24121021165823409
0.9807261399215943
-0.07137944516971888
-0.5788912387272519
-0.2202952445856966
0.9989683958838688
0.440491166836137
-0.3392484194022197
-0.1485354229107974
-0.9177525521503135
-0.17591067427174217
0.6912148040963015
0.7743987555041173
0.15786310244784538
-0.5812645558227469
0.2309916940097516
-0.2378205245436985
0.8440779075747742
-0.10570653607940037
0.051151090904375036
0.5047509539539323
-0.9243458201746146
-0.17880396908625493
-0.3357110276311142
0.7304290229214023
-0.6640864970885276
-0.008252043930626257
-0.6740823418411835
-0.9706532859061885
0.4128209977640983
-0.4409678593222583
0.16027670354164256
-0.029813911043760064
0.2560259632135434
-0.3901217992962494
-0.35781962523877286
0.748655796590274
-0.22207420744086415
0.9264093424125692
-0.5984715716815265
0.7178438269244962
-0.28475420051645767
-0.14041613217396612
0.6687550240347145
0.008062592725819242
0.4685497226991192
-0.7029792499300964
0.7144783047913502
-0.9286026284019642
-0.0931750751176817
-0.7236661669282889
0.1193934677485539
-0.24951399745660452
0.7266427711010117
0.3665548398207498
-0.5547167012961476
-0.31505980207156253
0.5559366192907687
-0.09645121645927485
-0.3368641535928487
-0.8446919247278742
-0.4293884124698732
-0.5454873941816188
0.2156498180266046
-0.45513378640004
0.5360467360643546
-0.4973719589298746
-0.7003980406756483
-0.33429484242768237
0.4940207172780781
-0.8486937748171801
-0.6860433297948864
0.9161595350834935
-0.7990731428642837
-0.06842383244718356
-0.6900232737608173
0.8108362948651743
-0.15126388307740782
0.30837178623977773
-0.6851740195932232
-0.07355152768914547
-0.8443243299198734
-0.8211026285207913
0.6226748539160628
-0.5121295959826276
0.07011837850975718
0.0702366699206511
0.2812452320235547
0.23046947628239953
0.32926939220151774
-0.5023205612025006
-0.6677702365160767
0.6940704443859932
-0.054383362595259346
-0.8118960195824496
-0.025743127264713145
0.02080721353104713
0.6288278976543127
0.342765415398068
0.3769707332807767
0.9796383054526726
0.383312109581274
0.416741073113546
0.2830918003360016
0.848142818582339
0.6679124141640634
-0.2943352559445805
-0.6097497125027102
-0.25529988936116715
0.49945100397346126
-0.5696027758418736
-0.6133279072824988
-0.577898697019956
-0.23998473019905064
-0.8396778629232674
0.17868372700533558
-0.5467927880721981
0.6048065816458463
-0.7289310609738291
0.9348830119535315
-0.6556268049519655
-0.8482419420850725
-0.3744035902007268
0.41820763170481723
0.6328941220656142
0.23038338728942767
0.6231459967735701
-0.7895888958389371
0.33719236246251444
-0.6866307420803293
-0.9339540312683922
-0.5652860686067506
0.41642790860414763
-0.7214472275946643
-0.8135640906788619
-0.22160064024935602
-0.6332387464525742
0.9175883627636079
0.8626482784576439
0.08137171475127555
-0.5887016553722185
0.9513528365441513
-0.82117469861768
-0.4555461313418173
0.3204581316338231
-0.9340323139948655
1
0.6186089536074892
-0.3820599171982065
0.16834749429096546
-0.623915955914515
-0.2346612606207552
-0.6770183991170906
-0.06981101989076831
-0.9983561386071931
-0.1126814529530045
-0.9368054864635876
0.9735308282069115
0.8521158061630058
-0.29621521845514626
-0.9506072867185315
-0.1302203939934756
-0.7784863512756321
-0.20932484089790754
0.2667835623325407
-0.23320065786776628
0.26086543554044794
0.10979431550787976
0.4813686128274832
-0.9982794449509119
-0.9415178293675677
0.5269252572707541
-0.28927164895676705
-0.2593335272098624
-0.04496293166616228
-0.16668881729034163
-0.05335741060198641
-0.17249975088667835
-0.1996895813803516
-0.7048094745365793
0.9630017423876722
0.8890122872968179
0.8912978821162754
-0.8006363148701767
0.3641105390377965
0.22450657272288768
0.7986539089085668
0.03517378141066343
0.3764949151450695
-0.21426909905391536
-0.4684236135323551
-0.9944307694815351
0.620896305043803
0.2976136249981885
-0.625042251409786
0.923779444573751
-0.9445318372951962
0.3486938132551744
0.537484631959108
-0.7888212014357696
0.09412374968444254
-0.10945209265325394
-0.6487552482136356
-0.5260699930466823
-0.5487594051019455
0.7576618144585403
0.9952791906905849
0.5813710115707149
-0.08934646416217316
0.43474259990838005
-0.3987893144966481
-0.816368131032701
-0.26910107303905534
0.7083007025264622
0.2484752869152278
0.5725519202741935
0.5848213339552885
-0.3775720678140237
-0.15300446064894554
0.4385157072094827
-0.13035064753099015
-0.21167058805550942
0.16572315496301326
0.6083583252113317
-0.07376542682064287
-0.637212644078229
0.7591329897119966
-0.14568626020838038
0.3966471002840084
-0.8927313434672639
-0.5989006731023936
0.22340239503660206
-0.5607913700662729
0.6645045993598645
0.09033448621604888
0.23614725957509056
-0.9989394778716938
0.4671259234728347
0.8167719030720516
0.11018448810164685
-0.3383479784313772
-0.8125963996097957
-0.3165662011310941
-0.8989621784505636
0.9929551235976108
0.1614875918069506
0.579665594012516
0.10903789313860918
-0.1661894748534691
0.10298078562618397
-0.4556646998226702
0.2626853779155591
-0.8137075313046749
0.4125771907776701
0.45472039245041934
0.9172907913406524
-0.046747453431293884
0.13090452225968516
-0.1378199201962587
-0.887203920817501
-0.049439615645505815
-0.5403488369986771
0.38271294583615323
-0.740052554172103
-0.6702634337517769
-0.2486967801205948
-0.7219747381113212
-0.856807122526064
-0.045733136438481224
0.4449983296656237
-0.2601587009606366
-0.7894281884194677
-0.7429615036043261
0.3416137206182607
0.8399417107310911
-0.23432339168167265
-0.6782131873809731
0.7114818515648644
-0.6547792894215001
0.010313739768460683
0.46989991220815974
0.29718868271310267
0.6497988874435545
0.9394627903129991
-0.20852710614142866
-0.49652627375872427
0.2610223979576318
-0.31147486433712457
-0.25239763299476387
-0.9676093909297665
0.4061184158915599
0.857786690987314
0.17902703122483862
-0.5053075990629441
0.6858677209631835
0.11388341425799438
-0.5299444658591037
0.6854299437663132
-0.7704735145694132
-0.08473808729927197
-0.12408227420539558
0.20343352345727617
0.4124952790837543
0.6562892367629967
0.1114455295372653
0.4530121947142492
0.6199819004477587
-0.7646714179827518
-0.22929156522956953
-0.9403067216475398
-0.861462848973437
0.14565117350003742
-0.1554989336443235
0.796242740311293
0.17269197643069853
-0.7740821122951437
0.34892730233230845
0.7055044461945099
-0.22093722061683932
-0.6507493731718698
0.8320754156176415
0.07442799446102302
-0.6443015137666597
-0.9201581307195842
0.39376730679121624
-0.3733266089155367
-0.4490247028267945
-0.17363282136458244
0.7478296655764287
0.43103025966192654
-0.6178968057110418
0.5819439432843337
-0.3911965733492025
-0.3936257457471356
-0.4127073737312834
0.9000074767808851
0.9919611722473398
0.384642258386417
-0.8054032326706706
0.9943221505821211
0.3741007623241243
0.23019418979224926
0.8341206873090363
-0.9831004882407522
0.9245871048269854
-0.9535329572367142
0.5631168932374885
-0.03656207859952865
0.45446356366894963
-0.9680378618324847
-0.09859551434518976
0.056865563710592655
-0.9278207168442446
-0.6059335827041906
-0.5477936787103318
-0.7229626479814214
0.36121552464242046
0.6444612616005836
-0.7640924344534574
0.8767704767149391
-0.20247098350592932
-0.36337391489286663
0.17013208281708336
-0.7910828733706888
0.8602998043911266
0.5409489751952185
0.9719064792274068
0.34685417994339374
0.8471035355036186
0.26919003049630397
-0.15242465211453032
-0.7375836060120096
0.6328793534808674
-0.8776552544929048
0.36269559618037184
0.4745420277980999
-0.7123555392766597
0.14968624270364084
-0.28511297366500943
0.8282459703539977
0.6889868311836815
-0.4267667806500782
0.655520407787455
0.7732412009533502
-0.8093061961441484
0.48389800238556924
-0.47047253886403145
-0.07282751956946347
0.749738519208742
-0.16675426709792324
0.05133226875755335
0.9686771188200622
-0.2031037077120413
0.12542120754765107
0.7372802395570122
-0.9970569458549481
0.673254502491972
0.057103796189852216
-0.02856176821733533
0.8121195725242936
0.7515189481657697
-0.8001346718190717
0.5795252004295947
-0.19685993349702527
-0.00567569723360006
0.1681622936907637
0.19645125212518083
-0.980176386340286
0.11094984938120939
0.993936492239372
-0.0967384631985749
-0.5941856708247915
0.11714891544818115
0.5864003500025559
0.5658117495154061
-0.8632930687341116
0.713749649631089
-0.24064461971795045
0.4950909431733829
-0.027423635123319332
-0.9093293363666806
-0.4996097988893432
0.1413524134493509
0.6501851089559375
-0.4156179373812202
0.506860228747726
0.2659125989818033
-0.37710689501985806
0.47564347866810086
0.7649691434718439
-0.1857976170294296
0.6821180285727271
-0.5706251386005781
-0.009630357951192462
-0.6501471619817869
-0.9796730180701788
-0.012748697511379543
0.8462493286594016
0.5344844436014305
-0.8653501243871945
-0.6261188053944434
-0.6544062630304815
0.31830603065377383
0.5295932896558297
0.4593477231981332
-0.760094107116281
0.7053269118772206
-0.2876395171152222
0.9035285738768423
0.9151649264881284
0.7944904349449526
0.348486496100995
-0.9014439118560581
-0.12530333922160314
-0.11094718214333397
0.9085575205102269
0.8524526203518027
0.1478778439175848
0.0844331883874645
0.4905644224169963
0.9409754495463803
-0.4270185088401595
-0.8470197197105458
0.21622872928117506
