0.6277254490601599
0.39299852260758944
0.3601901251062972
0.9948594262148885
0.3128277076724646
-0.7244720128539915
-0.9256864181410898
-0.23587449224630383
0.1395975820481429
0.2488946932389083
-0.7827038460792534
0.2253180689292101
-0.3148894471481131
0.7575134740110558
0.41255433436127453
-0.8986239098765398
0.7834980648001897
-0.46655138172144417
0.5826488176813968
0.17147652554738252
-0.6676978329158298
-0.31211216740687636
-0.44727676132137867
0.3113596444958183
0.4536822278761633
-0.2917789279044303
-0.21247350562624434
-0.4717434955073152
-0.6535749335956592
-0.27470787044601674
-0.16329362067523853
-0.7311507693078105
0.5737973081276543
0.30686772309223753
0.6438897607108431
-0.07160275253251658
0.29263433151044765
-0.10901436653958534
-0.7703060654927325
-0.3547298862762794
0.5537432768829569
0.23022595054518472
0.531381242050904
-0.22260480493753565
0.256779851353723
-0.03725668743255398
-0.18710240044932583
-0.04091297180453009
0.08893306271500627
0.7216125742310334
-0.29364242850453226
-0.8608888237694684
-0.6208033905760695
0.9023508155661185
0.9702301957131766
-0.21743452545166192
-0.8087578637959724
0.6357699706438511
0.8704957782851644
0.2599862575094679
0.8738789714547633
0.5984206352979538
-0.004311808593119535
0.5086444611039687
-0.008848290200050136
-0.8657601271299257
-0.9810171200631663
-0.8841587638046091
0.5320481076926011
-0.4883031373375566
-0.05613394106085215
0.7942386452891897
-0.4396574722096428
-0.10412970894106906
-0.08594180762703224
0.8097095174323496
0.2282930900799217
-0.34273255874121983
-0.5491529979263993
-0.3206387591660442
-0.5406620894231028
-0.0746511264110268
0.1836995085115853
-0.18560230478444364
0.8441706446414223
0.2112494485296848
0.8751043937152856
0.17871219161114185
-0.7302189656750133
-0.8625463992248144
0.5254430779428918
0.9141408359494997
-0.018498494138655716
-0.6159126193769866
-0.8882645297096357
0.5535934317278849
-0.28557608265788614
0.9087360868485602
-0.6226247540707407
0.3222168037877895
0.7536203223357155
0.1537511853125912
0.06653353310035892
0.4768158079102302
-0.4963017015276466
0.44149213550291005
-0.4437863547460174
-0.7127628295134524
-0.934650670979292
-0.32136795549132957
0.9468811397548
0.36665164302296294
-0.7872144172037485
-0.8073688952629593
0.6008304323509328
-0.40258295906213665
0.488480077756895
-0.5755084322595536
0.9169280184655783
-0.3693051222730451
0.3929248172813539
-0.2520725989663746
-0.6392267938317322
0.03277664760747086
0.7417541428734585
0.7874552276599233
-0.27229794062776985
0.5027996169405177
-0.8349623932065835
-0.5510300480968844
0.051858105433808345
-0.30792220520769725
-0.1411257008552213
0.03064524687924884
-0.4211358485721694
-0.24819733144957723
0.48703078309907494
0.8065375625862621
0.4142019151285323
-0.15891664894103394
-0.4283551079672757
-1
-0.48943808322324955
-0.016505733877611155
0.8621948532849529
-0.903347168853447
-0.19801029120739547
0.73781320210451
-0.5109420096954876
0.9484890250738195
-0.43367503621459996
-0.28208900886125665
0.7389043669732739
-0.756056348681181
-0.4470252017275954
-0.6870337733623699
0.9359577009333981
-0.5246926586281631
0.34982727556272886
-0.4135733021076966
0.07067831865266401
-0.4306416678604225
0.3459070032333358
-0.07949441886487464
0.9624235208923988
0.42248392222923425
0.02628215906104151
-0.445519626424414
0.3164083383903677
0.07171119348537781
-0.12960571161012926
-0.2948774697185303
0.5705183375281471
-0.00585861379351115
0.6830896251651514
0.6517846519009505
0.407451445267284
-0.28787799006176823
0.5235291429970361
-0.8116246562271381
-0.3308772419615012
-0.38370644881888005
-0.5202693524809341
-0.382305555427266
-0.9423624612393833
-0.43685982471881907
-0.5500815288454413
0.14757101577077536
0.8568102237217409
0.10286033534099259
0.9250166350008732
-0.7419699442691526
-0.31657007263273795
-0.19614482344027936
0.17377513839864445
-0.12912222575194862
-0.5854867765255645
-0.15324578975591413
0.27309186314468303
-0.07240426869755304
-0.1893350754290127
-0.4598836853264761
0.13233134533375132
-0.8742645872053865
0.3669610290278278
-0.27023085870788305
-0.010833700912389532
-0.5525936092383966
0.20753121827385848
0.292473429094034
0.8891270922916497
0.6373309063461416
0.954429782211484
-0.7811542322117142
-0.5814985976028562
-0.748355591656663
-0.6654107980624752
-0.9654206820740716
0.02600556610419395
-0.22238546875419002
-0.14896773558317553
-0.7821405959492446
-0.8443797095988888
-0.5128340467802868
0.41761825172494704
0.06150214265427585
0.6722092515022668
-0.5167173104421388
0.6383066049939647
0.32281478644546124
-0.16855556316165157
0.02535029043038218
0.5676847053408659
0.3106275859730621
-0.21467157438661577
0.8011775848899517
-0.9978637812418385
0.532389719187047
-0.197890670993871
0.31930036210602053
0.17235062322309427
0.9239276312893184
-0.818446274565056
-0.4751451862668611
0.6962005501093879
0.27702338107216906
0.42065329261759116
0.47644848918812904
0.7393942855388499
0.4086533372239518
0.06345090088493134
0.2933733257060845
0.476306975101966
-0.05505899084010033
0.34984320292820054
-0.012281394464177718
-0.21831885802937548
-0.23855512121821687
-0.11179384791660736
-0.6471073387589341
0.3592013089076676
-0.35925560175394095
-0.8893324584630088
0.72428689540955
0.7850225240707909
0.056972713211608975
-0.24372424138688267
0.8909930960034587
-0.6522124778224925
-0.8237779691831539
0.38955860130317316
-0.2194362015144145
0.6420500571011376
-0.16692528422279648
0.817043270377916
0.2003005283762522
-0.32148086522900254
-0.306052396284439
-0.7670812851315029
-0.13775769819171566
0.07434893914689737
0.6322471831320016
0.19435778706484266
-0.23152969738083423
0.03764560147735249
-0.539373718615777
0.2110672323252181
-0.6061408996487382
0.380764757559766
0.5161600036132434
-0.18849874110267625
-0.3979257040901891
0.2917706665897184
-0.510255116547004
-0.050889435336900865
-0.01507639268704268
-0.4025564542301931
0.7117970661794344
-0.06386984629520324
-0.37244904416360974
0.5008924440557883
-0.9268514432415503
0.27299329262842004
-0.31820355805911993
0.07869147006055723
0.9283902499896995
0.7030673442574551
-0.20754478761762205
-0.9146017703781522
-0.03155787342216493
0.6185111204475415
0.6273298862552573
0.6203108359102627
-0.5729000933584458
-0.5014488277007982
-0.9420511712496136
-0.6434861957598916
0.10866976339613814
-0.21100787443004282
0.0886396843610289
0.10328995927926729
0.4104448441403749
-0.7569770235587873
-0.9631220027422923
-0.7740509273280329
-0.16545122079539665
0.12580968453066577
0.9435205434479288
-0.9869902028092824
-0.727257405209186
-0.0673960483986454
-0.340386843419397
0.2721249857719649
0.14791034839616155
-0.11458280408389573
-0.6793551966628313
-0.053188465271264515
0.5428609374719583
-0.7472030361962634
-0.15823114235448407
-0.17872659814212244
-0.3416364267044279
0.2517734311859618
-0.17802020712921726
0.1025916230587439
0.6652556880817717
-0.5764439098566378
0.5203893560467184
0.2430061759663009
0.9324760283590744
0.38067530573014413
0.9409852989774408
-0.7169810938035074
0.9436185373265853
0.7119903594774404
-0.4514680372030858
0.4821080644450089
0.11449961223906877
0.6985571899553675
0.8784245608744705
-0.21412968044530298
-0.19371376972759227
-0.3680834078519648
0.6550749728946907
0.04978382117325934
-0.8176977011862808
-0.76957651043373
0.38013028477534844
-0.01407709867294438
-0.6168569906221523
0.7034344285290232
0.7699505274022745
0.07463997954234508
-0.15373633813223586
0.5844752327382157
-0.4056182259241425
-0.8112443904947688
0.23389330315964282
-0.9651926591874707
0.940452842104914
0.30620135098966084
0.1406999494449792
-0.6657826197404675
-0.2879262740983457
0.8523831138675142
0.6384776633956745
0.07215112849786487
0.12338882189515223
-0.8077525877122846
-0.48189582604067355
0.9856161068697619
-0.9006979737874197
0.2758357505455567
0.21056454664786667
0.5634491292176104
0.4346336469949056
0.41960226352447044
-0.49129675967992464
-0.805490959233665
0.7167740107357664
-0.9679246255587971
0.39025434260869024
-0.8169701344273205
0.1324690913351916
0.015664705446250204
-0.865377712413676
-0.8435057535991174
0.143423204201317
-0.5257068102637452
0.3657044475481827
0.24450162803681658
-0.6793212148008306
0.636929805390275
-0.5657939753182726
0.4889011297087926
0.6658993530035187
-0.6566213093325834
-0.18344793297705161
0.6805809804536362
0.10819003786217361
-0.7960924104779072
-0.19189721930213527
-0.38791043450655677
-0.07210771403873567
0.5679026360624065
0.7559733252489924
0.4129292883824614
0.6476087591455274
-0.2548307043089651
-0.6158201976116999
0.8879660067657301
0.8359009002623973
-0.5411368346301493
0.460926929276249
-0.8256923951560448
0.9320394859528409
-0.022900199138027724
-0.41787893739576204
0.7608659170441828
0.03866158944422214
-0.2556827763974706
0.395701679774614
0.7934177100079942
-0.7723301547004526
-0.21103195477056222
-0.5802134843120753
0.003609577487221758
-0.5786399553772682
-0.19861972734258856
-0.8533014823963719
-0.32686268556331444
0.5031261429754763
-0.27149489965176243
-0.3134113184894812
-0.1825393284800679
-0.3981206381855926
-0.5614253005178027
-0.3715113026460053
0.10752696996113541
0.20033666551366172
-0.4267853427251981
0.9285470219714361
-0.5182710588634679
-0.8056374795391983
-0.7928800407782128
0.45684196900505236
0.44381039911933007
-0.0651597947899403
0.0002573524523502562
-0.798325107819513
-0.8394485928121129
0.16431557275706676
-0.41746819014208647
-0.5654254425773616
-0.7548237927383643
0.5273523643773551
-0.6438174251218435
-0.9146289363735319
0.5439449293604277
-0.17759030543092427
-0.6737323332250437
0.8712122067198756
-0.36721055206203845
0.4144803816777549
0.5667701728176221
0.8314768888750901
-0.2837914286773425
-0.0026112370694690986
0.6927654447290205
0.3123967855789765
0.06802255407387939
-0.5639435725455892
-0.5254933625267678
0.7607592892506556
0.7063002138067663
-0.20834445877829957
-0.9117772679225521
-0.018684556418998025
0.42613947270166747
-0.0017800522852110647
0.06972475092343278
0.3446346288023379
0.8013580063372904
0.673942945362559
-0.3989925512417743
0.7541591100832707
-0.15849043056710896
-0.6185511507337647
0.8428329965867356
0.06558687422534112
-0.08230906247466808
0.23582246568569726
0.5116192280688189
-0.540326009463151
0.9419893671969368
-0.011093426983117691
-0.5474740127804059
0.6731204370826419
-0.8577047144493608
0.8464829143730425
-0.9056203278458148
-0.27545333723351034
-0.2906731404963484
-0.6937058780980123
-0.6414480240613606
-0.9876754305622716
-0.0942304961666356
0.03478237950624342
-0.562284014333415
0.771308593580416
0.3811057304580672
-0.9788884368368008
0.9128447912005823
0.9266978605447326
0.1469965516329249
-0.2067140494833564
0.3414277761162904
-0.23183478753726433
0.46202943408109404
-0.19349144103287938
0.8175444402033104
0.001126335358221527
0.5250349166258992
-0.06959847905391228
-0.6341862577745295
-0.8311896881634546
-0.6590179607537969
0.5892033631191478
0.528652250465325
-0.357038367682033
0.578269982053275
0.5178051404182189
-0.32406864242482764
-0.004181763664891544
-0.16321948260789373
0.8008915580129762
0.8980898973577051
-0.3977790681836945
-0.35433776409695356
0.4344359557036001
-0.2247653617022502
0.9328984902194627
-0.1895504679682309
-0.41465337996023505
0.7249819364963381
-0.8784768409354656
-0.32088483882507024
-0.8846343232520812
-0.6711140290722443
0.47924618308954753
-0.3204493179065626
0.6076232157836357
-0.1775733937348521
-0.5293035424463822
-0.5465647938022467
0.3293038546288768
0.41963572523877385
-0.3662072704928312
0.30852193079866724
-0.46014994424079103
0.8062845258503856
-0.2712111362882993
-0.026038043888815723
0.6801631984236663
0.5809090901708017
-0.5554654239045473
0.842589499246647
-0.3108492305224049
0.4487784738213126
0.617859118134036
-0.9381222723296808
-0.09373778887019074
-0.23488860047460303
-0.17294767496547125
0.5808050352246895
0.482740560764856
-0.4665357679541022
0.7028171111860828
-0.1689387275882526
0.49707599753267584
0.6260550114879081
-0.47107553548395703
-0.6748733952792079
0.20319290371333557
0.16767432522556022
0.3590463678840421
-0.5673585349633246
0.5424286563738753
0.4154287893054914
0.6318131989995447
-0.3649572728714293
0.5864288864395735
-0.5804405397156628
-0.6770452273332829
0.839774702753992
-0.9725560390183384
-0.6825187704625917
-0.1722899577658015
0.27213133577855514
-0.2826912642551433
0.29338307984605483
0.17219903833883854
-0.4413027565438346
0.9261415028748404
-0.6329581674697008
-0.13705320871910842
-0.33189528158177695
0.7617444797916761
-0.24754893989375598
0.9867867704855758
0.5117506143618837
0.18727467025532654
0.8527877851675186
0.20724491532811695
-0.6181222605530391
0.3208186002682967
-0.6179553300776965
0.7474580379429897
-0.02514060271071373
0.9344828576345482
0.7366938584065268
0.2534632161280751
0.9831830732219622
-0.27799367057193697
0.31247015423039004
0.5864381531830807
0.9643170942071836
-0.6654084042105717
0.20483336475009326
-0.07194748319565593
0.35091333266851615
-0.3286307300089675
-0.24374021132045645
-0.9838562713083188
-0.18908980258931352
0.9478455366515249
-0.8448428890975367
0.585518355181369
-0.4332663268221803
-0.9922365673210155
0.4746077691496759
0.7669953675032714
-0.829869081439138
0.046605358626136406
0.942481046653527
0.29534895896411484
-0.963051463351094
-0.7084222724193159
0.9484222374214206
-0.9559409940809717
-0.7173121043470136
-0.2253619773087577
0.587799649636418
0.5344417427285035
-0.7670690621266685
-0.5532095875978897
0.028580592829418817
0.5872192937592982
0.4422765343149446
-0.11460462727494203
0.47077950505214494
0.06687595865744497
0.5274473152290398
-0.8194142552947106
0.48551567427233006
-0.4018969655443602
0.5598022222712946
-0.3047628888249313
-0.21532631826851553
-0.33414752740552095
0.20224220008740318
0.981623965712578
0.6913250955437659
-0.03686058376328592
0.7902034541469758
0.35358739929983446
-0.7245503991779509
-0.5030645407492619
-0.9440294281956041
0.09958242423494994
-0.03672861719477653
-0.4119185672389191
-0.7680423354152719
-0.4887073760678229
0.6608267987951667
0.8232639713984645
0.36793495378351193
0.7202246767688669
-0.5078452264731013
0.677079683528719
-0.8504713409148609
0.878046127902948
0.5439701196239282
0.6983506445698616
-0.5967916205238135
-0.31735571615691116
0.5864733178459616
0.4349234508761942
-0.02258891661152805
-0.3342105923703671
-0.6994703205407342
-0.6148378815163051
-0.18847295685946996
-0.06627103120058811
0.6863273869461872
-0.3315401789333238
-0.8341132324081555
-0.3026174666599047
0.12798791181734334
0.5654563531325578
0.01029554189870351
-0.340460817031062
0.3772525373969445
0.6251039704244321
-0.3464981569544703
0.39533238354130934
0.8761408265813944
0.5714129306494582
0.8331483091984733
-0.2557939674455862
-0.5430298208849136
-0.8733604245959311
0.8610037544021113
0.46715962739788425
0.11047656900866384
-0.08413542680266763
0.7541010634882501
0.2065348960378376
0.14824643449921257
-0.50632000302625
-0.11841992623736146
-0.5188980311418764
0.5387518550465863
-0.7168736315497067
0.8684259947359344
0.4963567234222934
-0.9800618840137697
0.012970795694808114
0.9692680790379359
-0.5014279322114746
-0.6774114686187775
-0.44438295845238357
0.7406619251688681
0.13465900460760294
-0.9919505647835599
-0.2409594646433117
-0.2965687045846837
0.756729138273203
-0.994184950784257
-0.9220367895347052
-0.0495914700389789
-0.32805771173696546
-0.013084540782178517
0.1868636973708989
-0.7145979731371629
-0.34790453720161874
0.42982047697521525
-0.23070814099226625
0.8918554996098746
0.8992964244350954
-0.8949748956255911
-0.61946168754955
0.706539855704
-0.3408409136246772
0.8999219017421867
0.38567536837219474
0.6410122200326914
-0.9811962399470032
-0.6705209923099255
-0.689486232333479
0.8668688209746509
-0.9686659106368861
0.5516292968582188
0.2588591446356658
-0.7389405069467808
0.7981450086834021
0.6798369298210231
-0.29003711538573723
-0.2863591211279601
-0.8823704587354578
0.5019259744440463
-0.1846773390886605
0.8075128867159175
-0.4101133083918187
-0.7281065285288846
-0.10276555013542187
0.008389946735146186
-0.035621130901223784
-0.8344277664801547
0.9335729655993242
-0.15939565145240225
-0.1687709316691264
-0.15838148956034823
0.4878323717127519
0.784671886758672
0.49183466155151995
0.9594872159398946
0.13603365857012253
-0.83051398143733
0.6447946978752178
-0.652536202320813
0.5478445957580194
-0.8475542860634526
0.402119206650771
-0.055810122239921406
-0.6628917982747551
-0.19627434436336016
0.535303281822695
-0.3659814798598437
-0.7786182916318205
-0.013075901107183627
-0.28669796165056766
0.9135159130747452
-0.231102575000508
-0.3792499233483059
0.19084621422649356
0.5202795695603093
0.953783537880314
-0.10006593463815908
-0.26216572200680704
-0.1496860949697865
-1
0.36748767850830427
0.2647079586258229
-0.8903748899671933
0.947173005300911
-0.30821710943165515
-0.6297370915857903
-0.3117187970103936
0.12813745545977884
0.8136251241556272
0.9153068484775415
0.18838094107135522
-0.27334969365801454
0.5323506317459628
0.7230629180763214
0.9961457113187702
-0.08727369035751416
0.7585459133978035
-0.7557140686457017
0.7853935998835478
0.9204927515994148
0.8503535743785802
0.8852603652241399
-0.8024547996070374
-0.1577130128473433
-0.026462546011680816
0.4145060912911169
0.4540142489429932
-0.3870830925878429
0.8262838031626207
-0.3555917101286422
0.4405977738274095
0.34487327991870914
0.45797891241430166
0.17663924646332116
-0.785604804809016
-0.9144301566134668
-0.15334107951034423
-0.1920591300750993
0.7220926286339413
-0.020940821291294702
-0.0947744288286976
0.5599032474509943
-0.0359276874845569
0.7027054110972605
0.4044522560231757
0.0031408744046507353
-0.5821507134153483
-0.3594926652190784
-0.4755550039900032
0.2683302488991413
-0.0028655321127964615
-0.28770872277672355
0.05485270850603316
-0.5910581816961888
-0.4989602082996017
0.6129032058020761
0.1078588675547629
0.8609384299386099
0.654121642195796
0.7378318683345327
-0.2651875787993112
0.07707626599473856
-0.8185316350264531
0.28447544841931466
0.84334334439779
-0.14582546518779685
-0.11623867221708926
0.8777499045510211
-0.7814541972808534
0.9290328536803932
-0.053935654534944893
0.08592714215734415
-0.40618274867523085
0.33829214780680134
0.3248214608631914
0.1503583350145968
0.13177953916006657
0.762110439325728
-0.6482770609315438
0.8401098778958541
-0.24964370370640532
0.7527237359535497
0.5682288108735257
-0.4281400933408725
0.7665601456379292
-0.44859669329054014
-0.9398682094250852
-0.005856280654631551
0.6624378648903156
-0.9809402551643543
-0.6540941494562083
0.05644440993924272
-0.8163794850274476
0.1897956715151581
-0.05889129160625336
-0.9523373477052893
-0.48150622444605623
-0.6531315986713809
0.6243904047830762
-0.3048403797648104
-0.8790687717311748
0.30036195352602285
0.4807608616888299
-0.11119969558235873
0.7541033369868526
-0.08257754033161521
0.7467947550623321
-0.5516436161385438
0.36674562123814
0.7899747919964474
-0.24470776819686765
-0.9752654886776847
-0.19920211919581637
-0.6378061719574257
0.7952989907221195
0.8478305427642647
-0.6757043786166141
0.5864054881460642
-0.16707701911541425
0.8946351219309421
-0.10192920735326468
-0.36776171331307855
-0.9777304056068938
-0.5124634582491192
0.2378295344005903
0.03599918760740049
0.6060841286170763
0.6824999323731167
-0.04737861840907372
0.3290719800754554
-0.4541755554230245
0.1256605668723785
-0.005409828318254634
-0.7175152480952307
-0.3846767288894003
0.8920703147304824
-0.8671348697820402
0.8555017266639949
0.256148387774038
0.3624880552855776
-0.5550285546043893
-0.11239270879323071
0.23899627841176962
-0.6710647128511025
0.5685811564083814
0.5881454594568993
0.9642383417761411
0.0361944382573362
-0.26481571418374517
0.6799649992232493
0.3326143507517702
-0.9065096735794622
0.44924693528664766
-0.6472720172721532
-0.29747785421171213
-0.7215306631568685
-0.819548991812666
-0.8941279983781738
0.9252014033734549
-0.669039531198206
-0.8203225527831511
-0.4555128454573357
-0.24156967482533465
0.5342779223896124
0.31539696885487833
-0.6173538765931913
-0.2804845443922644
0.6945373947097627
0.9463915981706005
0.688754230461731
-0.03509182237519027
-0.8758509843091107
0.36496712589581803
-0.37422871932755275
-0.6383155146892846
-0.03106209466208383
-0.5537727285331303
-0.17232221628422315
-0.7780133681229883
0.4813071026385977
0.37735526101383715
-0.054057849932188
0.7571724887350787
-0.936832067781295
0.5656131493873321
-0.5119610455092057
0.3331164105337034
0.5077709909971935
0.283157474898203
-0.36854932604957363
0.3104382010301204
-0.12289904749080201
-0.90111178548096
-0.517495274656655
0.9832490695067236
-0.12872572274348099
-0.9873146742822426
-0.6007820269806958
-0.9368196027249124
-0.24597390116346754
-0.30639130809357823
-0.8161045808601846
0.5176291696422285
-0.8688853647428427
0.4454949399935011
-0.33836271982159727
-0.7431543346284318
0.8928914826440867
-0.368213364529636
-0.24213595508710942
0.4673896382828511
-0.855356216629074
0.475628111947419
0.2783518115702573
-0.025779066631760293
0.3695146676184937
-0.09099484748909875
0.5808024112554323
-0.9698402712495177
0.451038422475852
-0.008619391372990235
0.13363014039402335
-0.10041743107853024
-0.09389783599100891
-0.9976386166168246
-0.9808290686851615
0.02010292978364592
0.02709337138537848
0.4218924095964403
0.9802564224595073
-0.5054200499261469
0.7693473343997715
0.4154056707363052
-0.0941185507265466
-0.746230126291212
-0.5585191912069065
0.1255852023067985
-0.24204491669689443
-0.9713360811902806
0.8960598538984832
0.3249796916396721
0.735814922806535
-0.9823972638164384
0.6441875844564251
-0.017752250042135966
-0.16451828081266184
-0.01922730885886329
0.5247580664669618
-0.22460415535549585
-0.2438802271912512
0.22234782259154948
0.8685860496605391
0.4393000358063909
0.4142957253714396
0.4642614249183634
-0.39327447789881653
0.30352633516249355
-0.31377009386869276
-0.36927489220452603
0.2677439247299952
0.9520677611922986
0.010737530959843714
0.12713352513390275
0.4598781402035701
0.3269244194324453
0.3884082533816577
0.4365360809427185
-0.34966250085660644
-0.043301234532277175
-0.883448484901029
0.08781817215671549
-0.7212430178859942
0.7505290556887446
-0.6160691339245508
-0.41266041723221897
-0.6779327449386678
0.7323271402617948
-0.6022123357473442
-0.6116874438967541
0.2286321856519923
0.3087024746829984
-0.7085425866306256
-0.5971030740057576
-0.4763299216437654
0.4763970844551153
-0.46315213433125463
-0.16253961195149638
0.265393402515567
0.25253492752522205
-0.07092716525606468
-0.19609389980329484
-0.689463590577245
-0.36541788356954674
0.22617463926307574
-0.27269523697653475
0.27208713875400875
0.05629169470303511
-0.07040934852490839
-0.3073584814409801
0.4971678731174706
0.0400028164659255
-0.04685202941795151
-0.9173097586882026
0.9477337609663369
-0.7986340938380075
-0.3218187388770301
-0.8456025827537317
-0.45340017378068787
-0.6754050927031517
-0.8361609478053031
-0.5144758575739832
-0.25490759161385296
-0.9104082221787272
-0.028561515111791322
-0.8130806666091446
-0.4038916359716249
0.10398658995792433
-0.6747997788276789
0.21668882736337727
-0.40356131791344685
0.8390576550760487
0.6492597912142701
0.7025829524215558
-0.9632833539767355
-0.6146322327346447
-0.9749759553727695
0.8317127204647102
-0.37461477979134616
0.22192575555618957
0.8667463792549609
-0.7119623179194673
-0.7484765005603566
0.39108000350953537
0.8541400778193634
0.12576720971203809
-0.20475593487264196
0.3143075469296266
0.026156171700400493
0.1654155509738305
-0.7967917414646973
0.1848576207901268
-0.8709540907516461
-0.8411015986517074
0.09402650638364761
0.907737713813482
0.5828596211316631
0.1055211286398061
0.850561376523853
0.16381887087962557
-0.3748233364666451
0.4548899170273325
-0.2731468192097933
-0.1701433252413724
-0.4962445841106219
0.48061171116799956
-0.7717128120298673
-0.41129675787681347
0.4627811653869678
0.4629654612188431
-0.6448138286238515
0.9045013295407789
-0.6889068328664952
-0.3708482657920784
-0.13295982583749105
0.3407870719785465
0.04938775034790144
0.45819560187526304
0.4219610607761372
0.8884953930548372
0.4605029580048777
0.7829476710696139
-0.6427652866434711
-0.4122969278927215
-0.12571092220455132
0.958360363430152
-0.6716518037918916
-0.7671668684718017
-0.6768922120744358
-0.07314859303463195
0.7069021193390228
-0.5613788922797076
-0.17787336004677037
-0.6794658994747285
-0.8846217220363323
-0.14823925065328
-0.6017910775179277
-0.33627160873937517
0.2698479092522578
0.8688630600711956
0.9493074720725271
0.23313026025384764
0.3998905518222733
0.9116615634073701
-0.06704744759317212
0.6073363331194425
-0.6635796647271074
0.23387415170788595
-0.06193580710753457
-0.08927031252167918
-0.992645822841248
-0.8638174085986187
-0.10276351673975578
0.3632984360101469
0.23476321038605402
0.9902206379913928
0.9063714587187146
-0.7570593511180223
-0.9834386368842211
-0.023989297537461728
0.14663664557211592
-0.8408226122005762
0.7246691700980648
-0.7721844050146753
0.5990930401137602
-0.3562433780976655
-0.2951735499999728
0.30439708952780975
0.7919292478819104
0.774023762047678
-0.373853933259956
-0.03553559154964631
0.23382894999407228
0.17910715641930372
0.5830020491780922
0.12146584869963262
0.9224580374375847
0.7894545241903327
0.11771383558555462
0.40618222015570565
0.2139270737884021
0.6582487757530453
0.7433781021509266
-0.7426413389210046
-0.5943409173758604
0.16679363852039014
-0.958558782324896
0.7140981267597675
0.8369469992040189
0.018423564937081405
0.6354804632503536
-0.12860384165100247
0.45363302808605244
0.305918774342553
-0.5097105827405972
-0.521476489807929
-0.18686385832286134
0.11146281262226063
0.7652776416961335
-0.6318581215539165
0.6227541163102807
0.04565581890682838
-0.9314804409609219
0.050400811109090116
-0.6715441907794681
-0.13965559818766884
0.8061303249642793
-0.3232452542394661
-0.2116312928248667
-0.31139081016146913
0.25052154807308347
-0.9721196674868822
0.6500066655293767
-0.02257959811188656
-0.1547237712020553
-0.142787417451047
0.14040209820808397
0.34431433236198294
0.5640319822148847
0.6200490385667523
-0.23438437366887088
-0.039421136252336855
-0.8041944652391352
-0.4636248022033745
-0.2807708945481555
0.5160206018498283
-0.7355695874769256
-0.40642470578903606
0.4969615516471528
0.1568342892825051
0.020647457265684892
-0.8682284649597122
0.3415089788722839
-0.4211669850138103
-0.6345739756030598
-0.7396012342272532
0.3079571811944662
-0.30451934466566155
0.4866656909553082
0.03539062602200035
-0.5987723613255077
-0.6772680632714904
-0.3818010299953702
-0.36590948832742104
-0.22338847605240095
0.3471862623762247
-0.8076911899840679
-0.45823501252598775
-0.5782070613018722
-0.02223363134087849
0.12686290077718418
0.45565522999497027
-0.7042980071348475
-0.07182336141327506
0.1800235893600549
0.4019483395436602
0.9859847269190981
-0.5867233713767281
0.8611454024252171
-0.5041037124209127
1
0.7361327157152685
0.8165326236547855
-0.9444357896478008
-0.18664875220582566
-0.9155730906621404
0.44816622645075455
-0.1753610636741006
0.917922421317434
0.7560031454273575
-0.7225161665698903
-0.2551268324385708
-0.1693159363582046
-0.8575119263296512
-0.6005633785820252
-0.33828885825909805
-0.11561495859094825
-0.35377989104040375
-0.577767116351494
0.4466121702812808
0.5407844881964748
-0.37601934784207225
0.9254451955528848
-0.05333805893435344
-0.6174198832773036
0.007030971372748841
-0.4216072624679921
-0.8565496973574592
-0.4357689791899832
0.0402458347522795
-0.6632275593858291
-0.3499964975927389
0.9670123751540954
-0.3963842052167789
0.5066089716410402
-0.9453827440528091
-0.6519590986893643
0.11967836881939736
-0.6026722741502655
-0.01397864582579677
0.5787013156359124
-0.2894987143446071
0.34905519461564516
-0.5647690114467255
0.845606865943694
0.1777829039737406
-0.39142238080373143
-0.31776608132405776
0.2750962220652149
-0.844532550516484
-0.5268174152287033
-0.8177351381301545
0.8794669824936181
-0.21600296558419144
-0.2016299671937687
-0.5855792609043534
0.7070569598550047
0.641213184421993
0.653832752330675
0.7074839840262063
0.9287878870318919
0.32194065911974873
-0.7028994143573161
-0.6603557620740619
-0.5148934333074018
-0.48088098018428027
0.14594723539286236
-0.05506023516318526
0.2686120333342159
-0.6166486989467278
0.9633047710505225
0.7697780465308351
-0.9957975381530937
-0.346383513580673
0.8789294783031995
-0.030802474980218097
0.9283537131020404
-0.2809374904355383
0.8363471547591826
-0.5084245445311963
-0.10060142526964755
0.20610305830187914
0.17081526354905738
-0.25491601365664424
0.76510049778659
-0.31237525466428073
0.7159984655483197
-0.7930000232092511
0.32495352098667696
0.7028356255266431
-0.8240451572283362
0.8695680028567577
0.05893454351117001
0.761336384558941
-0.010169206722057766
0.6222271335278594
0.45284157360311905
-0.4997247846140479
-0.9424400451874992
0.36306928313606035
-0.603352401862088
-0.09644468450539685
0.283576078807018
-0.48354982954576536
0.06433259435370246
0.6474473222962324
-0.218762203541904
0.806707805663758
-0.48762750461524984
0.6004067749395517
0.44006710244790215
0.26486069983512045
-0.8668780556898851
0.8204227895048295
-0.8349476599121527
-0.542487853142969
0.8397392060913093
0.056202854661296334
0.25523163431703605
0.9710426070921331
0.08657612213649758
-0.33349744115626623
-0.4558721224537362
0.3314943009784385
-0.10722585054388763
0.3190489663959934
-0.5582055250599445
0.7063564558798474
0.8672507978780662
-0.2079414282606347
-0.21834155042668887
0.09785420106216323
0.8694271417531468
-0.5147857270652343
0.6901610140051392
-0.9268076104489825
-0.19830166995425033
-0.9141522201409614
0.5850846579811438
0.1460333707383934
-0.8104556452654175
0.5950083129721078
0.26849786534260817
-0.7165458623042797
0.8725371221897587
-0.4841946506257245
0.49008814547681284
-0.15020807595353536
-0.5961819280466444
0.39203130735982866
0.5476706353041554
-0.8906030087822648
-0.10457370051797507
0.9721491563484026
0.25425727576236284
0.1064826170571415
-0.11230861714196301
0.788027915275233
0.986816280404752
-0.4960314361991704
0.16404450918670394
-0.6623865662820944
0.48225934766436895
-0.26844003388980153
-0.31836219471189414
-0.967855335178036
0.952729009639496
-0.46778307073479064
0.43654014622536536
-0.4498243771972227
-0.4793694126725132
0.665396813254961
-0.9874810612124834
0.023264194716728304
-0.20902133180938914
0.35116285442991185
0.283865371591893
0.11178680163980634
-0.8129519039467795
0.5231080313633084
0.48901986269316283
0.8407178661555124
-0.5334426648768049
0.05737916264809822
0.8581132507140752
-0.5287966467081108
0.5683645134842563
-0.4711470402175697
-0.7633541222805696
-0.9894281619703946
-0.37932945201760404
-0.8824353384493467
-0.0897185149066645
0.25383931361705886
-0.6217927757398453
0.7041562923531952
0.6395856356475903
0.3771776294623552
0.14178196712357094
0.9311390985955746
0.8241635594354405
0.12723588077507636
0.24238378857864723
0.8000229285347447
-0.6855477417947934
0.6130082310215423
-0.4903835473313593
0.9171688713071667
0.9767725627610514
0.7857321311014844
-0.8064645241542547
-0.9579684502569976
-0.8630910020470611
-0.9577506575492223
0.4258279102104599
0.875856936643708
-0.6781383151774103
-0.31163866085291525
-0.3204459559024184
0.9208412373044134
-0.7133931221189327
-0.05614085557690965
0.9796747656037802
-0.837558807367849
-0.47851811494845947
-0.23736110596230142
0.14885561217064158
-0.9472721968206755
-0.31911130690182526
-0.6165599412459589
0.40001209727275655
-0.14479443346114407
-0.1778058604505918
0.8298327629605946
-0.679160438282008
-0.07458769000911786
-0.15722712234915143
-0.024893765917283078
0.23536008240619877
-0.320982130543355
0.7305937286454313
-0.7325186473339829
-0.3177165066086279
0.017585760082578842
0.8912968244574754
0.5545064541701852
-0.7258975985495556
-0.3332642158052267
-0.7017838914564655
0.835443146167544
0.48433519588228097
-0.954011680107348
-0.8619218509967519
-0.48698921669180967
-0.6983758610328001
-0.5352227322687205
0.2220999701698958
0.16203517444773285
0.5719762215501725
0.5760650196206248
0.8285941607428973
-0.2907845222674786
0.651817028343842
0.6484379878687984
-0.8277861374489286
0.19826829334164342
0.34756258454616196
-0.6732834289079183
0.9490363791306272
0.007139209157285454
0.24590766570931966
0.5114170072962845
-0.9129029688336765
-0.8390026349524413
-0.0016331487385049803
0.2676463024448228
-0.3270141744418663
-0.48340135882366503
-0.09402108861456415
0.9300888888292204
0.421072433391136
0.30637025871558554
-0.4257974901565507
0.7934008275999627
0.2643285022559978
0.029090785080317552
-0.42627636816561915
0.2515134759325631
0.17376118926521933
-0.7762476588594911
0.3732995700640796
-0.3267020538352196
-0.26215919079295263
-0.5910052526873346
-0.3140252160005501
-0.1992216343873705
0.3469952608717291
-0.13444261027559848
-0.6838537874702435
-0.5315595529887801
-0.035129755665991365
0.47485599036657455
-0.9142763691339305
0.6632986114043061
0.2528610946781164
0.6053898597683595
0.7386226365858904
0.47846258583232304
-0.33205071815694215
-0.5490184202501441
-0.49982834670085136
0.8219258580590262
-0.5970994512264068
0.6157230484878845
0.38003119448670897
-0.6726186164255287
-0.07581324517295522
0.8414143233678476
0.014786148714626435
-0.20736421091630203
0.8305327545130835
0.7179935489338088
0.8646560629251934
-0.06185275550605724
-0.4435516712424615
-0.5264012770326514
-0.7122616226446747
-0.3448796216857597
0.24896304740783726
0.40044525140374165
-0.7491965716500533
-0.2415613341023169
-0.11596170887852811
-0.28440654050332753
-0.711709381319631
-0.9011672870291356
0.3958041228777879
0.3422947017954892
0.05356719866059023
-0.3784560051040959
0.22409761108959142
-0.9481681052506999
0.9684199866315849
-0.9298394103126091
-0.6358603578585258
-0.5731843000809321
-0.48421722276508317
-0.056457939284131925
0.7020030421900987
0.16487713305985818
-0.5659232494536158
-0.8488772712012018
0.03886225752587119
-0.3634144822032586
-0.9677705578436082
0.09376709962881435
-0.8036584445537747
0.6712666979697478
-0.18413383164896338
-0.6822418942698116
-0.39469450894031693
-0.8581933658716894
-1
0.4376115070392975
0.6430217566154698
-0.26565112973634786
-0.36479585473291404
-0.06805984265605074
0.26027944588008056
-0.15658419711043117
0.33069327407304966
0.912373691562641
0.3480985678024035
-0.21581987434835193
0.8274912818172458
-0.5497585716256304
-0.774082820221471
-0.16365454829311704
-0.5091197166324504
-0.5356205483224042
-0.8972392335631141
0.17271587235135144
-0.14367520300073242
0.12275295653567757
0.7217833369789979
-0.5798351274276811
-0.0784635572641717
0.6990944344165521
-0.1368653228945268
-0.41866478273503477
-0.77791809661849
0.6292125023034227
-0.8261363220617599
-0.547455196166931
0.38674037587116933
-0.444238920960283
-0.9733433348360971
-0.6143110971992873
0.13558183651473324
0.5897558918213338
-0.6533029905703241
-0.5171960700247307
0.9736169490248288
0.6911761127189935
0.6822055936670298
0.8885179423768645
-0.8716023892028748
0.250229784866421
-0.670274507736997
-0.5634739909331741
-0.5867905162919863
0.47458357623200487
-0.6638656918258027
-0.04189496632016261
-0.5165178441481997
0.009096376328856648
0.9764625087457905
-0.40452855643242747
0.39941239832010905
-0.6912770901259415
0.567189885201034
0.6968515408936145
-0.9191292818375206
0.5861780698216358
-0.8091667397913922
0.6975097357549138
-0.12933081420785134
0.7398180089981188
-0.2688830183366772
-0.09355845796121706
0.4479958115770765
0.8406052155657914
-0.9412631388264462
0.9354028456184837
-0.3966884655357495
0.9686164191777735
-0.5516473232808661
-0.47783068351692715
-0.6554632103108068
0.921415349857927
0.3861354754234347
0.681495399525128
-0.7593947976652871
0.2248477864862708
0.7691670248904574
-0.7022560208390172
0.49964305314846685
0.10901889026504226
0.5167698669362693
-0.2995707349161993
-0.25958234795133656
-0.7051936952613432
-0.3937113272737247
0.33034200789265555
-0.07844535621156554
0.6072623864643468
0.12743080323460282
-0.39928679830360847
0.9431969362615366
0.499023131112598
0.3953858062328999
-0.013086832369394352
-0.18617265659364696
-0.44310777454689687
-0.5326985276436784
0.3782902883155102
0.6970809198453067
0.9422010075283214
0.9909864255669105
0.7106739659861137
-0.9199895028721141
0.4696379749219834
0.4781732796359927
0.789176597559463
0.5183382426918175
-0.3688351515016659
0.5867013368884806
0.9849521516360933
-0.6586048238126052
-0.42935516154053627
0.6424131319197007
0.11040314006751858
-0.7818591071618328
-0.8593312592502051
0.6810514771263799
-0.26906634904571675
0.4128744225347248
-0.09640992881005872
0.7727397549398605
0.6698465281172942
-0.03683818929528827
-0.060173838532836095
0.9637044792905217
0.21690328583136084
0.8513227417338431
-0.5707738656871062
-0.3895995227241058
0.4414039134574652
-0.6367007875256981
-0.4024572746190771
0.23796968397288967
0.8074266021386425
-0.7026122152196085
-0.5057314799538765
0.08464929876290975
-0.7036304404362632
-0.11616264773463417
-0.623256845308187
0.8362656690096942
-0.13191203342350824
-0.9954307790081404
0.2461054678367675
0.498746814026804
0.3889219404043067
0.012715312843202077
0.8337025494824066
0.7136427794710369
-0.3651820176295469
0.5956598830165313
0.9471477751031602
-0.057595818429298166
0.817254758874024
0.1723018566798804
1
-0.7591646733150855
-0.9110534635297236
-0.30403005705361363
-0.6774754030693545
0.06874549857733944
0.285712467013704
-0.9836094768821034
0.18682412324167663
-0.48553002789631233
-0.6587696855179932
0.7926976197640924
0.5301818620159309
-0.7115814585518117
0.5047740354847772
0.887604307318512
-0.4967178222040896
0.26731288430376327
0.5372021244060501
0.4554990336368679
-0.5545152680863383
0.1768547095182203
-0.7412748204989766
-0.4177702846110293
-0.5691834954183971
-0.8780290941098129
0.47650333463855693
-0.46649660372955515
-0.7969386824918073
-0.17951045295314536
-0.7888484637120128
-0.15340558122372847
-0.057135019639822336
0.021567213739513105
0.5248824855122146
-0.9264212124998696
0.3542404105571833
0.3075787505585221
-0.0926126498085082
-0.40928169334299097
-0.7609741730066885
0.4459312196299852
0.6565515281234082
0.008808146420409954
0.6228424218867584
-0.8692453964960823
0.39736380505072405
0.895892323164979
-0.47895167000956623
0.6018961846143969
0.36454508210109315
-0.20402931044904532
-0.7100856026273457
0.20682583910418825
-0.2667188619754157
-0.9698319658905267
-0.622596992489913
-0.2588514393339188
0.8192664877243133
0.2900735239238112
0.8917458555471541
-0.3128894025618808
0.23617349990162811
-0.6635100798036772
-0.42084766737623414
-0.452597042928997
0.9280265421003173
0.7060731191028966
-0.3485686113748479
0.64201964774595
0.9825263822585407
-0.8455805612724578
0.3689183112850251
0.020622918983646505
-0.9438291482564688
-0.627655649818999
0.7577208099852232
0.5987875901700342
-0.4158033135593953
0.3718865580354582
-0.23378278948106507
0.956276953499993
-0.10170079140855384
-0.5810770480298387
-0.2013877881774301
0.9891250319256346
0.43543055066384095
-0.3587991169576622
-0.2769692386643444
-0.9503538513569142
-0.10945024914006361
0.7006539274358025
0.7889339321119752
0.16277409917053517
-0.5595423588513451
0.2570687646914029
-0.3023758301868365
0.8804005214671722
-0.1082928725739374
0.05377390679844066
0.5144056764244965
-0.8983430252663739
-0.13358012096000865
-0.30409959805444764
0.7493691231425049
-0.592573986865742
0.0765886437048875
-0.6755920245526894
-0.9198449616299386
0.418463506774963
-0.4103712853276719
0.18059462970129922
-0.03406690926470378
0.21747243247652967
-0.4213783654809175
-0.31415792510922474
0.7421487215640733
-0.16807114185077637
0.9376203786965388
-0.5435127590449292
0.757185209980656
-0.29005554600861116
-0.20638088462888768
0.6808120806753024
-0.049885863797363296
0.49664666527387696
-0.6979263442149976
0.7001033818870422
-0.9199434223061358
-0.11777194430140979
-0.6811028303900774
0.13764657631680233
-0.18145685120004748
0.7272004722411627
0.3510632118036096
-0.5606600208347085
-0.2848629963695838
0.5416801425511525
-0.08244847109358643
-0.345197154335655
-0.7668662449680173
-0.39577952528607524
-0.5016866401230134
0.22337634590866767
-0.4046343894140774
0.5767292674537794
-0.49604973240401873
-0.7712672019512798
-0.32224612761177657
0.4875192246659509
-0.8302645529143199
-0.6140456267434061
0.9417930585144445
-0.7986815186934176
0.03302044288907946
-0.7520881757299728
0.763927895382066
-0.17330132350893257
0.32332436506219603
-0.6651607600025266
-0.08404039885120525
-0.7832251727723779
-0.8555205330070181
0.631991920378658
-0.5199154343621788
0.0493966082113061
0.07376578520530369
0.296663677657749
0.2143768901337702
0.31999951912948177
-0.5216243886868064
-0.7138216939557877
0.6578131811712143
-0.1358148450769603
-0.7908070703777755
-0.007658014916243844
0.045427620641207624
0.5732451138915724
0.3423276473291125
0.35642102811373594
0.9861377061632017
0.3680623388441041
0.4652489536155308
0.31846351772520315
0.8567935213688049
0.6881919940401462
-0.2897452930481642
-0.613549106143793
-0.2622220424375291
0.5629173344142928
-0.5288319638879205
-0.6416957434949294
-0.6116800044287231
-0.2826379439622033
-0.8529205808215838
0.14998485589649976
-0.5807721909105009
0.5842963028361181
-0.7896636501393689
0.935485785356051
-0.650276209571693
-0.8024154817108208
-0.34362301634773335
0.4090005998048604
0.5949776790992729
0.2041921804716355
0.5867232852463142
-0.7907572548349174
0.36126443980830836
-0.6566234630803074
-0.9162355074730851
-0.514295555604337
0.48351579622007046
-0.7512234995436033
-0.8280116824553508
-0.21793328395026584
-0.6073537124411579
0.9229371520651745
0.8919432127645438
0.07653487250945548
-0.6461969378737419
0.9295781156199826
-0.8765258871385541
-0.4717489581175319
0.3454495974472936
-0.9611087834783735
0.975184786304004
0.649171730991773
-0.3638248660387151
0.19286344066548003
-0.666647749915955
-0.26049995216608285
-0.6729855079800514
-0.12935021949508485
-0.9763883203014548
-0.10769855069256029
-0.8953916341785421
0.96010243516071
0.8035245620433412
-0.33431644865116655
-0.912218729797717
-0.0729926362549895
-0.7679932608120217
-0.16939139795036495
0.265423818270057
-0.22799730907950785
0.23622710712082529
0.1342665731722208
0.5313953875253243
-0.9324451492162685
-0.9637481499074559
0.5637222491873323
-0.22957898845080715
-0.2406537913395327
-0.04461556778015012
-0.18906069358095395
-0.05822859949168083
-0.18206197916531208
-0.1848549654596886
-0.7445224483075824
0.9620578946622067
0.864166622988923
0.9164981479803732
-0.8129625444995859
0.3800481474249498
0.19465399952401616
0.783874089137349
0.05725022487531413
0.35878108163760125
-0.2535194627410638
-0.42338786135761075
-0.9969498845762255
0.6194602425090822
0.25658858205521823
-0.6268686328722709
0.8871836112172279
-0.9200886011958211
0.3543363543183561
0.541822478185486
-0.7413290260946209
0.06219076985549152
-0.10721979033343199
-0.6650105659808977
-0.5607660891977346
-0.596667839586451
0.8022022555343518
0.9405058634219551
0.5946409938962453
-0.09679212384132913
0.3897935887608373
-0.36780340124621635
-0.8124822931485016
-0.25844723036597755
0.6372196785772825
0.276741829315769
0.6009615416239171
0.634753207676916
-0.3589745185390756
-0.13492944876179228
0.4136911675589703
-0.17382215237686782
-0.15089596136389538
0.20010246709946608
0.5772315512118389
-0.12033846690702028
-0.6656268542023708
0.7892228866389012
-0.09962235972873006
0.3879789681364647
-0.8454786198181772
-0.5755009863725072
0.21248478308287586
-0.643037575039042
0.6716300920896189
0.10922213742017954
0.233949769915876
-0.9816483229846193
0.4714561969390708
0.7817529251295444
0.1391768882671455
-0.32726376015256525
-0.772114654081817
-0.31409667417535564
-0.8773109235538205
0.9956146357331614
0.2248341538120744
0.6363117352334167
0.17897907314161632
-0.1546632758443167
0.07014374017150042
-0.48636378784070433
0.2949109419197481
-0.8372282567626894
0.397419769326804
0.505558435790722
0.8959198730615718
-0.05562863298676566
0.1469808456496235
-0.1301683980246922
-0.9151563314851319
-0.024008324832018434
-0.5970139934722349
0.3335782982794783
-0.7628026943552156
-0.6198386251622564
-0.22814690140957228
-0.715064771255136
-0.8227463868092152
-0.059204192207035204
0.42684866573091157
-0.26702071910093816
-0.8548375989662983
-0.7654145102399069
0.3192062303704627
0.846592406087699
-0.198503057781638
-0.656786718768627
0.7416657871487966
-0.691181809597089
-0.008187311352756452
0.4886775797735367
0.32091063584486373
0.5648045003841037
0.9834675498412203
-0.1611878517764275
-0.4318264172285559
0.1876694688178416
-0.24222014938901845
-0.30301778213964464
-0.9587646534746331
0.3698010614793663
0.9152845546153755
0.1789652442048878
-0.501219284708652
0.7016055626416392
0.09803718638518925
-0.5358548155065422
0.7748451282007844
-0.7291081774380513
-0.12956161470302247
-0.15452211321109655
0.19752334320726056
0.4604558432545228
0.6046699317764116
0.12058454937967443
0.4141890082031899
0.6236633050732453
-0.7765407026352692
-0.24003832866464236
-0.9162176604029141
-0.8705166464721223
0.17513551723147502
-0.1877126013072376
0.8889423893644007
0.15024260210560528
-0.8315428659202503
0.383592840932031
0.7031200193104828
-0.2317455654627702
-0.6781239571570437
0.8722979714703637
0.14019216294275502
-0.6511698205447141
-0.934289073575274
0.4256004319012967
-0.40417955356659596
-0.42863975635906143
-0.16245232280547797
0.7705186263850131
0.4564437385109353
-0.6098640289373676
0.5967545334643848
-0.40585004925462825
-0.4749197270972964
-0.3180673179035303
0.8892570251557306
0.933500661427237
0.4017614783324118
-0.8582264393051267
0.9236577278706942
0.3122636995957798
0.29293865909960837
0.8109083003513482
-0.9365358370590123
0.9607462803330212
-0.9162791615698687
0.5503825536563045
-0.0388147692949564
0.4891106837148704
-0.9637014908712301
-0.08678360092970987
0.11239497005189496
-0.9574829543259328
-0.587956893920383
-0.5507911637516656
-0.6798015376944087
0.3354375822619254
0.6539032337344953
-0.7671255628764136
0.8631180588596359
-0.1736502150073856
-0.39192480898623705
0.1595261992312367
-0.8688699022165542
0.8671422124209502
0.4801849104058886
1
0.30231888574523264
0.8543935108049577
0.2584054991751409
-0.22962517079087413
-0.7650180433364343
0.6512739086653734
-0.8636568660253855
0.367821788401479
0.48545223411891836
-0.7537828469672048
0.12481836569182297
-0.29512596104156996
0.8251374070298697
0.6398093988527058
-0.41295260130949873
0.690262750978631
0.7405978183857328
-0.7976507196756641
0.4707167857241927
-0.48304157738617104
-0.10855194894342701
0.720780781964748
-0.2021871692386574
0.027085698105251323
0.8817061314528737
-0.20949454883148833
0.11587059161139794
0.7662029530315138
-0.9963408525310365
0.6551746110391133
0.0504612622993357
-0.06045946136622248
0.8015899586041279
0.765572707638618
-0.7880228537766096
0.5472682420413287
-0.20319545432610842
0.035196693050472135
0.22540112333770967
0.1855353459700063
-0.9408844052489023
0.09558190506794366
0.9851693337448384
-0.07670372759978615
-0.5783071970749474
0.1184157167042029
0.612665459730208
0.5606129332174059
-0.8626883166910131
0.7763331247501877
-0.19761307770855135
0.42572690672087876
-0.03881527528264552
-0.8984456919700128
-0.5470622994429648
0.11999569623792775
0.6380972089454295
-0.40804713192861736
0.533463470396682
0.2688093217614983
-0.3020394404201236
0.4971726897584628
0.7392591343501521
-0.19789681527680164
0.7076392859979369
-0.6263915432641158
-0.03866501119576086
-0.6036284170635396
-0.9602658386090035
-0.008978563372669394
0.7964355636990568
0.4786197365112426
-0.8563064183427886
-0.6184293643352152
-0.6186842371216158
0.34786443923095717
0.5608596932290157
0.4811557379687474
-0.74665596775964
0.675311636893957
-0.33796745538974304
0.9068915950176633
0.8861794328583092
0.732064549867237
0.3540198955540283
-0.8688091248812584
-0.12948995917078976
-0.11263725962178191
0.9143599832672133
0.8177575226033893
0.1389733138950259
0.047335545394226616
0.5094759265325541
0.9463606246131745
-0.38011276230420726
-0.8508735840682528
0.2077780002904604
