0.6481243936131816
0.36318975945431625
0.3502319749138827
0.9756388686966683
0.33681045792225206
-0.7143215018072009
-0.9123486326465955
-0.24373070488177856
0.14875336667306116
0.2574252840899447
-0.8412414447258791
0.23714134474074505
-0.34673553762204407
0.7998050302577834
0.41212850097611525
-0.9022068685943937
0.7604460247228924
-0.46044472976736556
0.5652171065827081
0.19219031279289764
-0.6907155544030109
-0.2945142391743529
-0.399589834393065
0.3192498855287147
0.45304688602563975
-0.2706848628636301
-0.2240184137829968
-0.4403047225445059
-0.6479485150897105
-0.28972892665185135
-0.17178471797264386
-0.7503193110686128
0.5938140805559224
0.312333223503274
0.7124658582800014
-0.11983226132795993
0.28267072872392757
-0.08141988722524571
-0.8091301731337165
-0.32339846600193406
0.5627974207524531
0.24488268231097401
0.5799788015790174
-0.17403027161497078
0.24918456154623012
-0.07877832839762369
-0.22286718227728927
-0.03188744102055329
0.08770171181567674
0.6712584429241446
-0.27172401858756484
-0.8758583406842525
-0.6658446955753488
0.8647053115701449
0.9701994433096253
-0.16483943062474202
-0.7465661882018099
0.6206052529034404
0.920688491036986
0.2579007056182168
0.927885194756807
0.5799828285063239
-0.09933529653506845
0.48794162273552977
-0.04439101992355866
-0.8388784935503775
-0.9809224233716233
-0.8840814328578178
0.5233492648578194
-0.4559936959897392
-0.02619254375976557
0.7925354941002923
-0.4470545864271425
-0.13990852758455866
-0.07618872483417645
0.8246187503707635
0.19059937892150247
-0.36989636217372496
-0.5399027497270515
-0.31339858848741253
-0.5103519272312406
-0.07968361794312834
0.1864579747278188
-0.1652009638326355
0.8163687319203472
0.2077261772344286
0.8403411541878258
0.134576693655218
-0.7552583702531346
-0.8200095410498318
0.5404809129507073
0.9118106396278091
0.028952069801393667
-0.5848125707419649
-0.9070714480045227
0.5595239899085561
-0.25517213393047583
0.9035530177963021
-0.5977874639607691
0.3416417707752578
0.7635027812927133
0.1630527846103938
0.049505089283239934
0.506441013674962
-0.49549110848411
0.46931386613923076
-0.43803804874365965
-0.7441710923858863
-0.9527249357190886
-0.30852197727963415
0.9328789766880597
0.3951959916962146
-0.8016086979245013
-0.8405403903293922
0.5901803466038681
-0.37707903524064773
0.44380849949611184
-0.5431651060698749
0.9020592543479306
-0.33325342042987044
0.37753557416074096
-0.23999699367542407
-0.6240868953368811
0.007214956562263017
0.7344791190287712
0.7800864703946272
-0.29063671144197106
0.49104782046623824
-0.8494098136392146
-0.5379609366213182
0.03769629452524216
-0.33375991950378436
-0.09865916803930598
-0.006641302686640117
-0.4437518205960503
-0.26627147479921115
0.5081458969401909
0.7885605355998895
0.42305592213082643
-0.16048854786016115
-0.38883458222312933
-0.9569420355223671
-0.49414415920326255
-0.01826961745527075
0.8156622849108108
-0.9448843387761929
-0.2286596412700537
0.7415534335537074
-0.4824677416995458
0.9756333434478519
-0.45820151835378037
-0.2933882799901261
0.73943547574208
-0.7863364714569036
-0.4603547785616225
-0.678614314159071
0.9450903777983147
-0.5195331715002267
0.3139821044795954
-0.4710024763022044
0.07945127795524375
-0.46025634809313926
0.3513772162469628
-0.1158813346975674
0.9679231108060903
0.3626955611844836
-0.02926034554495609
-0.45807322337523
0.3603060726610378
0.03179637359602522
-0.11163253006537893
-0.276962504889981
0.5613075488192069
0.023368838327269208
0.6833191463631112
0.6284917594902124
0.43350161482776856
-0.2571206821575046
0.5229281782910549
-0.8043063920340028
-0.3034909945154095
-0.40376059883607046
-0.48573470155359894
-0.3631139508921821
-0.9325568187419523
-0.4580657636699514
-0.5664971765998612
0.1362061933765725
0.88609300624872
0.08368736539786979
0.9025381589734723
-0.7857108608674905
-0.2944442525453811
-0.2601832616606087
0.16123395940290428
-0.1311212003159234
-0.6164927065870757
-0.18219573819879936
0.26108988197067867
0.0009357911912171495
-0.21688159316102917
-0.4816172689824131
0.11106781861507412
-0.8427299408957318
0.3170433234770301
-0.2977577644367246
-0.0379211100834446
-0.5808366543891936
0.19067236714422464
0.305336315555553
0.946949924577625
0.6498930410136299
0.9439395781195061
-0.7447808541521803
-0.6266607636733621
-0.7801719947091309
-0.570322718078151
-0.983845103171664
0.05535342214121003
-0.2669011054159489
-0.18431514701799584
-0.7678090561802278
-0.8512095367222757
-0.4353299206150505
0.39294610950380787
0.09824556331243876
0.6966886580146512
-0.4978547161058724
0.6369267385902051
0.31065269198882994
-0.14493191660454433
0.032465413335723226
0.510562297490757
0.2884518799276549
-0.2520442306976682
0.851537206434523
-0.9646141280338792
0.5076170581519928
-0.20449027528850303
0.29542450573672874
0.15848246800809102
0.9342852125914433
-0.7843351645047117
-0.4778488349014791
0.6358887318938177
0.2744210748046724
0.4108207032212879
0.48308849004264504
0.7476758439545036
0.33878474995952307
0.08611199295467914
0.30487795278324614
0.45324370349207554
-0.013780294969671017
0.33836883555164554
-0.0855940751554718
-0.28131511996864
-0.2460574452064333
-0.10800539156010774
-0.7135424789856862
0.3829683734921415
-0.3386337976281899
-0.888872838309692
0.7589872071953978
0.7532386032465512
0.09765547124477848
-0.2519494065441192
0.8819311105800893
-0.6431947171855977
-0.8024413043856355
0.37795008159468463
-0.2038030361450352
0.697706493302793
-0.1443107316527509
0.8175833449341605
0.22368886176447125
-0.26361359164387904
-0.3293766868586377
-0.7913176457657455
-0.10387829553995491
0.08163909935097076
0.619108017217472
0.23038012616371276
-0.22505141035786863
0.06446610982811735
-0.5557671933485282
0.18006235014763364
-0.6247188246112243
0.36983277038879825
0.5365155597836928
-0.21478698601716534
-0.39145732703830594
0.29456457186903895
-0.4815772852681469
-0.0917233958332936
-0.021082246928140997
-0.42930867550484825
0.7521418369626018
-0.031857904195957125
-0.3658367180532268
0.482424064332114
-0.878112946154721
0.35051791859489073
-0.3102152463733058
0.09629699455094066
0.9283458746991442
0.7131520310889127
-0.24240466528280238
-0.9175882229143093
-0.10616599758935438
0.6263601081170825
0.6509219976196089
0.5944079702942101
-0.583741081937423
-0.5094708488915843
-0.9231068372802294
-0.6441683394661516
0.1338655872945627
-0.17231867877600565
0.06019326433258043
0.057772422201040764
0.36268570770770014
-0.7310623426045495
-0.985598368426739
-0.7870238345306058
-0.20712924716183864
0.10891768746759889
0.8550480861822992
-0.9774248599524156
-0.7073612632372901
-0.06659809189146856
-0.34061161336677903
0.29784075081720834
0.10657484674613191
-0.09397165189417606
-0.6501236111218154
-0.09174535903713474
0.5182132449961749
-0.7015135384391029
-0.1763298531215353
-0.15972991827710245
-0.30931409498352874
0.24474445702549577
-0.22202144032103444
0.09672343707009161
0.675836783734869
-0.581739506207407
0.5295312732951395
0.2228826898714354
0.915642754012368
0.33590025341816815
0.9193476764756973
-0.7867240218901018
0.934193100716795
0.7470782665772171
-0.4530363223827031
0.46550620776432944
0.08981014750091146
0.6714312503500911
0.848776242964886
-0.19801535878262944
-0.22487448206534458
-0.3742855728870026
0.6076388938492877
0.030818646408429403
-0.8770116933957277
-0.7503404009961661
0.39451745444251696
-0.0272647378119718
-0.6048824167619502
0.6617798124788868
0.7838545527230566
0.04325160792217068
-0.10565517917854772
0.6439152077030735
-0.43958850513555886
-0.8737553875755939
0.23385965286251223
-0.9670867472317815
0.9256314139022
0.3453987810853974
0.1311884273748184
-0.6912512795582807
-0.2985700468893254
0.8563285655481726
0.6821171547189184
0.03708421639611523
0.13215667605842607
-0.7971917024399107
-0.44240159505532656
0.9817043540037893
-0.9063851603410653
0.2742560380538023
0.2062728143570819
0.6299960779708526
0.4208290629209379
0.4421221819969164
-0.4663977082508163
-0.7922539282136124
0.7236512766003396
-0.9327646383279513
0.36466843981604513
-0.8272272598808318
0.11207660321656586
0.06872201627208538
-0.865089761593296
-0.8783201620012455
0.12043352201156096
-0.556542451669245
0.3135311232312134
0.2821365806515287
-0.6537351551557369
0.6615147602028302
-0.6049842321612489
0.45733867878867457
0.7000246357335381
-0.6120609875678201
-0.17368187057038467
0.7098857045249422
0.0584024714728027
-0.7742542798589691
-0.1466001319669862
-0.39110980464185
-0.06757661676987677
0.6098408759963867
0.7248363023110227
0.38340906979000006
0.6488727507685579
-0.2805129555494449
-0.5987160403537853
0.8665237738956237
0.8540708862269166
-0.5116826254238985
0.5043789762716131
-0.8676890322939813
0.9399470031257664
-0.014568166767593885
-0.39464546579190896
0.7304997333547052
0.08670398042308425
-0.2514685667204291
0.4271448793111673
0.7951951153764785
-0.7816891991480245
-0.21274369879313088
-0.5420028924190772
-0.0029122271655072952
-0.5887871261678218
-0.23439787448279756
-0.8711263836668909
-0.31338372733188335
0.4897877089822296
-0.30720813236159045
-0.26804393546687216
-0.16634540600978553
-0.3756961792507455
-0.5606516697733118
-0.30861670729234997
0.07579456911126844
0.24617528388071347
-0.4807803801575931
0.923552194577721
-0.5566300510976422
-0.7932528282375761
-0.7807366016017832
0.43062898764010593
0.41915407299210944
-0.09548319039632475
-0.005239653080582822
-0.8159791585057388
-0.870065867906035
0.13511309312273226
-0.4241334575546144
-0.5943064198743502
-0.7314390823405591
0.47704714809040666
-0.6558593370107612
-0.9088237907585158
0.5300140543666405
-0.1094825695574874
-0.6662063331140146
0.8830597552839113
-0.3591810551746524
0.4471438879807759
0.521790398692403
0.8655028712435547
-0.2801189107208213
-0.008903571979748228
0.6977454628922275
0.28140202904568007
0.04622977100534834
-0.557753858980197
-0.5350375464946241
0.7541285305962749
0.7208082661830345
-0.26382034379740504
-0.9077947797159429
-0.052009263879142856
0.4463254872847163
0.040583564583400795
0.053833599097826784
0.29412616830204524
0.8079658310925815
0.6924150364153666
-0.346705751560596
0.8059466840930394
-0.19844582190197452
-0.5885790012409515
0.8162090749500058
0.12167718483899968
-0.12178733685570503
0.23418462440272034
0.5002963136329436
-0.52104075749096
0.9303433477701538
0.004895422037444418
-0.6019632473946536
0.704468918071758
-0.8509612171271255
0.7898209809708708
-0.881868279613446
-0.30287086776845845
-0.2858223717030164
-0.7307917228652879
-0.6339397870680374
-0.9973440206814769
-0.0813838179668524
0.031029625170683278
-0.5098959596898072
0.7692457782065119
0.3452685837602899
-0.9877296729531806
0.9120444055826256
0.9310825538650894
0.17766734772756462
-0.192599328845803
0.3535060241244726
-0.22748190743860044
0.3831169099585682
-0.21988663055837546
0.8020915667635465
0.035397825325845324
0.538257501263642
-0.08895610791413816
-0.6083202540538301
-0.8725719578164489
-0.6868707697043855
0.5680463574897289
0.510904403429811
-0.3946308113224897
0.5813518585995058
0.4821526159726681
-0.3543090558778753
-0.017156766355004936
-0.1747428355273508
0.7491882732190894
0.8759836105021469
-0.39090285148695775
-0.29252816623234446
0.43770156421105005
-0.2560140628042698
0.9996017491883217
-0.22302683043909954
-0.4251337671447722
0.7210483532171523
-0.8570869500211575
-0.3534237185794351
-0.834516469750353
-0.6410740866125297
0.4959727600334175
-0.30254642477625643
0.5625648612633778
-0.07664551064861466
-0.564478470219706
-0.5337049303580169
0.32045737195346025
0.4178615650931718
-0.3677500209523831
0.32411895058971135
-0.4902858515431986
0.8184200433586414
-0.23554037260396138
-0.02989793832643713
0.6995547241889963
0.5427172750671275
-0.5741486355872515
0.8424254838768565
-0.2885431243150498
0.43233554092717
0.6031565192794544
-0.932603539722382
-0.08127626817130074
-0.24772873952443913
-0.13654753748975645
0.5381332681912389
0.41813332313910817
-0.5137477215285252
0.7108028219357146
-0.14682748096418824
0.46465314483098696
0.6600286968226624
-0.4871193630271923
-0.7324687589011873
0.17900502051975592
0.13013125465001235
0.33981618653809165
-0.5482744120080816
0.5160282665129496
0.38738490347380483
0.6891526679680967
-0.36099101663968686
0.6238670996391491
-0.5631902508509727
-0.6849813729483415
0.8564631961215755
-0.9547677621403192
-0.6873328355153263
-0.1626753677722684
0.2427683633829247
-0.29446798828897547
0.2543993687053855
0.19045324355655593
-0.4417910313628709
0.9822794999764862
-0.615699103642988
-0.12460859432390363
-0.30932117870389475
0.741296640598424
-0.22066017624175674
0.9755181825807197
0.5573076065939586
0.1612875024098133
0.8717392987536897
0.1610612935858595
-0.6421108594222009
0.2960968297066086
-0.626091279970449
0.7336056692192543
-0.023629448373406865
0.9287559112184571
0.7519424904344338
0.2040545993823295
0.9865962730742825
-0.2693277183705699
0.2944055865219936
0.6294620425338235
0.9858587371050888
-0.6601199862623985
0.2110900890005606
-0.08042282396149267
0.3584802366188623
-0.34104844107757315
-0.27396452646012454
-0.9767364135663984
-0.1578829911407249
0.9527171821804654
-0.8111705458366821
0.5563794454538609
-0.4070523838475673
-0.9543791449244575
0.43346693543506626
0.7522308005819462
-0.7968683670218389
0.016867562061275775
0.9772806799764387
0.3036830148926511
-0.9765827582374836
-0.7016061670808059
0.9721007705729213
-0.9514662781479745
-0.7098843302164618
-0.20960489475341318
0.6248205429262337
0.4527205694474788
-0.8015631132453613
-0.5597308150458361
0.05560360572195652
0.6046090880180695
0.40067743528016875
-0.16217454908021067
0.4922946528348035
0.07413542175432927
0.49166148228270423
-0.8152695005332158
0.4062359722849899
-0.4082390168663295
0.5783420494349241
-0.30266364425243686
-0.21955645481663977
-0.304662988357729
0.22781347791435605
0.9828983496338581
0.7031475968034667
-0.017999746518944548
0.764824007437502
0.38522085136282563
-0.723801447633658
-0.5313154501418726
-0.9702162704298232
0.16443568367068367
-0.036572605904749936
-0.34814935657742524
-0.798706381037219
-0.47081160432837543
0.6808432088608339
0.8266966225839715
0.40271155499471745
0.7601208490985113
-0.5720706242399521
0.7080184363817048
-0.8368156298303859
0.9296701034825795
0.4866138084068166
0.6513422063119028
-0.5377673985867744
-0.32178105602250445
0.5686824074055268
0.42366855582368573
0.039774152324542095
-0.3390297973565461
-0.6971341527383165
-0.5701887957472085
-0.18295330944422425
-0.10606445828847515
0.667074716234391
-0.287725222326864
-0.8160262766332124
-0.3039221475011616
0.12385802107216257
0.5942594638870189
-0.020579052207786934
-0.3277894728442444
0.3728515481457715
0.6304837403279033
-0.3069055599575083
0.40732114449635665
0.8893979177581335
0.5946042089812892
0.8523133242186751
-0.2607112341048463
-0.5945417217618642
-0.9203527275459781
0.888059008120037
0.47023240736087935
0.07561992334956745
-0.07946408748224962
0.7100929150835321
0.21237223406242242
0.11951386334172054
-0.4976320537248621
-0.10113247056404316
-0.5154670129268479
0.5784591258309019
-0.7461959443459512
0.8152775689133989
0.4564784377613989
-0.954936100686349
0.0023548139561640445
0.9682189821806997
-0.44651377123419694
-0.6775348961071077
-0.44595408621068694
0.7151351039157081
0.13384710720978682
-0.9556443169305674
-0.2559877565075912
-0.2815846646495191
0.7076011577048944
-0.9849384243043059
-0.9139994464766522
-0.08880884483231194
-0.3508405022360628
-0.005549763764727591
0.18143115848376898
-0.6893599427634167
-0.37838010440988074
0.46137536836853527
-0.2048352525867553
0.898056089872157
0.8444060611027346
-0.8648968707517457
-0.58774393034951
0.7313173209336424
-0.32739781913247235
0.9167522673265434
0.37232248785705885
0.6186081581685865
-0.954104445162941
-0.6620412102154025
-0.6920501430373223
0.9722905281771324
-0.9889217743405233
0.5248221858854407
0.2548638301367568
-0.7202098273551033
0.7705752691049419
0.6541882653891088
-0.2589080643767954
-0.29838586136558615
-0.9283296577369222
0.4924412917967466
-0.21552456381675975
0.7535760534145955
-0.4029676281417217
-0.7656994383583401
-0.15023042437238657
0.014110309979075635
0.019437873899463682
-0.8512822410287442
0.909351104797359
-0.12549512062338722
-0.20755051415811446
-0.1393396479080551
0.48373652138955153
0.7605451194634809
0.51040319389345
0.9393586504843568
0.21146671332372458
-0.850611870498234
0.6495186621348188
-0.6344906104064799
0.5180361396595266
-0.8750962396265572
0.39183600363757937
-0.0298312477101663
-0.6806012721528253
-0.2126835122578444
0.5414720503698789
-0.3621361463478627
-0.8260574724675347
-0.03586741559209265
-0.3088420479958045
0.8962792562944193
-0.247547515600491
-0.3575916696064661
0.15939564160468012
0.5121648215372756
0.9873076377849329
-0.1507789074120978
-0.2934757305500843
-0.1262106148376959
-0.9609695961323016
0.4144505776762133
0.23174181133312624
-0.8907752477635776
0.940439890551728
-0.26975287023195577
-0.6028566751050716
-0.3304540483626207
0.11234837310473036
0.78398541159647
0.8818330535538548
0.18203671469584443
-0.28377020234827155
0.5308900839162811
0.7394476114089137
0.9790322391709676
-0.20134621683625334
0.7221107033948535
-0.8278609771319809
0.7538416965325009
0.9527738862560945
0.8454626167063147
0.886204365307365
-0.7797731772117484
-0.15539575884443002
0.019786155458647772
0.40219442890399404
0.4312464359308865
-0.41684199725941523
0.8548680533783998
-0.3504917573098698
0.4515591286935498
0.3570301017619656
0.44280872042712804
0.11724765376167294
-0.7736248356489273
-0.9058330260242303
-0.1399682789157875
-0.20640236521591215
0.7072744562294171
0.0010513588763505929
-0.09551469012135018
0.5295682215177981
-0.08016207827028972
0.6556798217028011
0.40091650866005296
-0.0011502504934425058
-0.5930361681007139
-0.40529983078297666
-0.4752252159862069
0.24581594835531498
0.015137561362115231
-0.29563542172999135
0.0680664579206159
-0.6015905896910467
-0.48309426436780234
0.661218875299398
0.1416760933459924
0.9076596757213279
0.6886869515918358
0.6929237877439006
-0.27874341311771833
0.041717342122942605
-0.8022136350800032
0.2014258425228542
0.8070741166805705
-0.08757941480890277
-0.09145881461348837
0.8853139255524293
-0.7779812155116045
0.9661391443729999
-0.08500974289738783
0.08441962994409098
-0.41159126873938195
0.3397530723052944
0.3337187735010166
0.10078573025444515
0.16648047594575124
0.7261766760427346
-0.673337813355642
0.8222506475789998
-0.22377705275642495
0.7540423971020822
0.5387026679139059
-0.39872087140149964
0.8161729826629267
-0.463068129567766
-0.9216831138193902
-0.02812914066116179
0.6285366722584902
-0.9128677250732377
-0.6300382159625454
0.04807704529689163
-0.8378631983349678
0.1969232444877222
-0.026488747802268685
-0.9216475730385404
-0.5208167887787123
-0.6516261316876126
0.5667402037703454
-0.307425784026344
-0.8685370253358944
0.28859707213448915
0.4674649378242367
-0.16560820080329738
0.7097046809554062
-0.07641320628284201
0.7787493082143023
-0.56804918892612
0.37839822963785097
0.8036409443310921
-0.2814122867765964
-0.9935346962190539
-0.1932524422758612
-0.6443090492944997
0.769165408930776
0.8390499793939241
-0.7134717246998288
0.5990034354396474
-0.12898039658877253
0.9646870666854724
-0.10577363066597155
-0.38784551840599835
-1
-0.4983251384563565
0.2760228870156552
0.00021011741844928651
0.6435930082424475
0.6999311322499113
-0.07918018565497724
0.2745848617172033
-0.3976966291902707
0.060738581494913665
0.007886202589059175
-0.7686188587456713
-0.392529637210322
0.9024205896693003
-0.7917880624781987
0.8560296641918345
0.2585560214978543
0.3837478968603764
-0.6098346058563071
-0.139030973995789
0.253665647410648
-0.7016586731727333
0.5332905507136988
0.555263067752829
0.9262316089075744
0.04477481291085525
-0.2652673838900485
0.713350541269341
0.33166182210398004
-0.9293010997554015
0.45960502602502074
-0.6299565310978037
-0.3047066564497485
-0.7020969254166312
-0.7466740701644586
-0.9350254214712683
0.9419492760648135
-0.6122090430316548
-0.8080122141101987
-0.4534983739766462
-0.23573700265347391
0.5193845970150379
0.338255998201624
-0.6239397179610252
-0.27932629077460636
0.7195871587694148
0.970294117931632
0.6797045699821054
-0.046442893240173796
-0.8855797558373351
0.38265030640451003
-0.3588271171130954
-0.628870832947215
-0.040428051735042464
-0.5862630151896214
-0.20700476304913729
-0.7513657720933512
0.44218399469259617
0.3795165879587608
-0.05370454170212922
0.7704833512545262
-0.9726952712393878
0.5183351674279139
-0.5176075586870121
0.30682368602815574
0.5508661405915775
0.20284439756319605
-0.3576140293349068
0.30547947768096123
-0.10714250274509393
-0.8994712961818087
-0.500529923896835
0.9890850075537443
-0.14595124461995243
-0.9906113950819299
-0.6533999250441517
-1
-0.20171879620659983
-0.28482833185978096
-0.8433490413322352
0.5173350707525112
-0.8782983131861043
0.47582959294753
-0.3407890580134643
-0.7136168877078548
0.8597618481493077
-0.3562495168887513
-0.20165858487049784
0.5166566093283812
-0.8221963526556274
0.469962065395969
0.2849456366682216
0.00024081315485709014
0.3953199465559646
-0.066786443078663
0.5539698789943037
-0.980601017201128
0.4469290056708757
0.01314862246886393
0.12998026082282552
-0.11690578723237112
-0.1181230199138278
-1
-0.9196004762850349
0.07742504840108229
0.009934581316464306
0.4906573428500647
0.9621647171724732
-0.5237876568311538
0.7307140471715116
0.4668098877027612
-0.07337593622098824
-0.7715394647974878
-0.5305378251104793
0.16503668154125128
-0.2576238248826467
-1
0.8974988725020487
0.3271714689559007
0.7181082400280473
-0.9905388105989378
0.6079329717548395
-0.0027473625176680436
-0.2082345099976118
0.01886386719789042
0.6288521381623001
-0.17356238116703337
-0.24545178320457098
0.2823112963094808
0.8668179554105576
0.46577959232798605
0.3624981328580474
0.4969819852153987
-0.4341736849100759
0.3256373373276714
-0.3223656835302679
-0.30579020360537745
0.2572418716480292
0.9287315884049315
0.0699094675127382
0.12951539819035376
0.47981012234356984
0.31511540461189413
0.3996142110824283
0.458890359286894
-0.328655544464764
-0.06927770528913027
-0.8761895080657981
0.09438784079619383
-0.6933568034734064
0.7421456755372959
-0.6218535072388077
-0.4054965481780828
-0.6874803026054048
0.6898052116496696
-0.5687028632386392
-0.6081561523707414
0.15721538857229295
0.28561291559283125
-0.7526280104866682
-0.5510460216236007
-0.45162405575786163
0.4064643278810075
-0.45535123273042966
-0.2350778958852626
0.26788320488276873
0.25366845987746905
-0.12164050938519116
-0.14920937072426138
-0.6864851222653658
-0.3232450317882114
0.22847991113853575
-0.2471882320583938
0.27907842239550157
0.07586896211957307
-0.07613446595183719
-0.33448700115946833
0.5434193273592651
0.032168532280662986
-0.05356834811141323
-0.9270949182837862
0.9389184887882864
-0.8499455532044111
-0.2958462617746954
-0.8022421767613014
-0.4074499836071166
-0.7767666570690375
-0.8170983970955972
-0.4841518530360626
-0.3301283052295684
-0.8770469356162733
-0.004895958905756893
-0.8200336900235584
-0.422272236450858
0.08235413754314606
-0.676966930904487
0.21308278302935535
-0.45229450656484027
0.8330760403586556
0.630599302195465
0.7440563494208464
-0.9715396042452226
-0.6506819305199375
-0.9812077764398494
0.7986597149796438
-0.34565018552342786
0.225202836921128
0.8540235686907882
-0.6762240452958508
-0.7797099779594536
0.4315055139795216
0.8898621457842203
0.1418612170294149
-0.19374269677314448
0.25621373988547014
0.03894378222409013
0.1857616490823624
-0.7364668221090924
0.2096670343715888
-0.8225504056005214
-0.8736696769105393
0.0782091646634053
0.916837776582273
0.6295214960500205
0.11088590245538436
0.8594738439639515
0.15031232073824108
-0.36145635908160834
0.4133703067560868
-0.29333522049924293
-0.13640796638480737
-0.5062791366491781
0.4211744358707684
-0.8163393865002725
-0.39784106584620565
0.4616616079656
0.47087593978038106
-0.6597818858117304
0.9220243946550127
-0.6996845035302028
-0.3617481896374444
-0.12867638350842142
0.3215072939500486
0.05595610057367262
0.4955197195593847
0.4307271630814595
0.8529768043675366
0.43230512842747054
0.8404374357439395
-0.6639748730519436
-0.37143298269976815
-0.20107690031189135
0.9630091020529655
-0.6935345469688875
-0.7162210172662448
-0.695534552087441
-0.0568664569665735
0.7191697234715869
-0.5666719918300198
-0.19925265003508624
-0.6882452425283049
-0.8536044999642152
-0.11280832489438546
-0.5735909373802512
-0.34467504850053815
0.2650930026160066
0.9472096096232441
0.9369266856502639
0.29645409396844713
0.4100997800924842
0.9715010025233926
-0.04371641587727022
0.6058689485267702
-0.6468384652099474
0.2414415749903993
-0.06740199588834811
-0.06982467546641577
-0.9885544473024963
-0.932876510306899
-0.09903074067844478
0.3405916031763826
0.23538793335637234
1
0.9095887040845546
-0.7378899752071131
-0.9807583845908084
-0.09311242521971494
0.19984808929348064
-0.8236651395364003
0.7304715469851721
-0.7671067162084814
0.6475306170037597
-0.35696250826784437
-0.2509027756080601
0.29501637175731193
0.7742999115587259
0.7517266559527671
-0.36916437072878416
-0.042362847449125746
0.30808967157183315
0.16458179789345945
0.5672090766922038
0.1390695164331146
0.9630210213944047
0.7314061789216761
0.08003765108280807
0.37895485174915206
0.15463833979897282
0.6253530940250992
0.6940493111110321
-0.6897842049797897
-0.5700295189677277
0.17450415195652513
-0.9867284284795408
0.69798103763065
0.8296501410556663
0.03543113268762561
0.6240202696457569
-0.10797571473911641
0.5120092722560105
0.26711888839081493
-0.4900644315395837
-0.49679583486785417
-0.2110356665562406
0.11958794211943774
0.7545104688735687
-0.6806809781438542
0.6016159556056643
0.05931190834160684
-0.9183582291057811
0.03061627779535283
-0.6075943302866302
-0.13776331997812663
0.7972094843548874
-0.35466596579795995
-0.08597745662753105
-0.27774162295484933
0.2682677572571142
-0.9599461733921321
0.6770219748406668
-0.0960382025991819
-0.1131863904490539
-0.14038004875822663
0.1289599567118801
0.38787417276475383
0.5312160305086085
0.6499485031715178
-0.22576674430192054
-0.06899835361347491
-0.7685252636866449
-0.4266633095403687
-0.3014643815884729
0.5120375775996234
-0.7147448204005814
-0.3669567699976114
0.49260209647296965
0.1670307376449677
0.04779809044880458
-0.8512865519491409
0.379163942218076
-0.37671657965035654
-0.6699828991825869
-0.7716104346447148
0.3098329770333129
-0.34862758609910366
0.6002493875512075
0.04962905564798666
-0.5881354846002125
-0.6924660341225508
-0.4161981035913054
-0.40822733753746426
-0.19903075482645613
0.3286787475518151
-0.8324269129124323
-0.47202822531288535
-0.5351146805227066
0.021983797578645662
0.0408793978129748
0.4532201862045848
-0.7096344041074069
-0.1303866320905825
0.1452002413417912
0.3631000183168338
0.9430816391711065
-0.5669086403248026
0.8224562318297823
-0.47408766971202304
0.9960613472740804
0.7853920104050821
0.7661708605644926
-0.9949468392456678
-0.17608380261443538
-0.9031782704012491
0.43396247735762083
-0.19603250071324804
0.9307652967472856
0.7415161374796487
-0.6984814545473566
-0.241614749207892
-0.1681148406269343
-0.8697794489119562
-0.5922758765384274
-0.3803970719149889
-0.11804421797768183
-0.3615828547583207
-0.5101649894725363
0.4774863901638517
0.529384579696563
-0.37342677776061317
0.8947212422478831
0.002198201736819195
-0.6226444235034991
0.01494901260090304
-0.40436165136337543
-0.8478680217692358
-0.48192263593992213
-0.011477181483815987
-0.6941962039030931
-0.3304916732083178
0.9687773401193936
-0.46631046898888245
0.49558318152329395
-0.9677116036867783
-0.6600172216925151
0.1255566692266185
-0.5721642109251057
0.006252764386580461
0.5583520761251438
-0.2280185802272705
0.4027818569279604
-0.5050207764800436
0.8399297402077154
0.1769936086268049
-0.3625443393276448
-0.2618907169295231
0.28228974572066945
-0.8826096361967848
-0.5724597196435756
-0.8102089612652533
0.8477735027432699
-0.24988384334247127
-0.16549587152597894
-0.5839287426199554
0.7195418727304626
0.7040838513006047
0.6801477273566898
0.6621760050116375
0.9232855898046115
0.3304019616849617
-0.6842222687738478
-0.6459494129860724
-0.5173419245183595
-0.49456675909568004
0.18516460664227297
-0.07928600775998094
0.2983319857847602
-0.5653732605895138
0.946496712410864
0.8142101421072424
-0.9901712575333992
-0.3786191537587123
0.871742609878021
-0.0013004862776262987
0.9137815641183753
-0.27208164622812053
0.8039751553524818
-0.48135247176699586
-0.10624443527267899
0.24891206300586483
0.15049642002149735
-0.23501438753379397
0.7742591043884309
-0.2872629726397071
0.7337445579902726
-0.7808495375115317
0.41605739032259415
0.6991861050681555
-0.8580589943275511
0.8364570609249554
0.062459834542665
0.7267317029019201
-0.01767049974365414
0.6069043122171222
0.4247873293146343
-0.5548597068734156
-0.9755819797780116
0.34877916082598526
-0.6396595362553916
-0.14396300359426611
0.29028666340724796
-0.5441526632053713
0.10021704945877809
0.6475231932312389
-0.2675918351195153
0.8316789013741517
-0.46633990640630835
0.6257341889866832
0.4333291483338142
0.22307849000437846
-0.8618141340955527
0.8275567000984183
-0.8293987519305402
-0.5077873605732559
0.8137456878980126
0.09288030906510318
0.25885947711921564
1
0.08968661084188664
-0.3133524086593451
-0.468601245415452
0.3767973127324533
-0.08876734294618241
0.3048569343060131
-0.556778505690812
0.716360867525814
0.8833031921854385
-0.18702082206081994
-0.21437295634450815
0.06063324425690818
0.8743939671510423
-0.45536735756818464
0.6623454165860834
-0.9010755786616457
-0.2334154199068879
-0.9232331483769276
0.509523803641766
0.15946900717702922
-0.8063445906945498
0.5588206421383581
0.22367655914867765
-0.6873213819741317
0.8908937351218306
-0.544834784518416
0.47843893138953286
-0.16640870025977084
-0.6551000360426152
0.3729652054474952
0.5154314042234932
-0.8950646052191249
-0.0724838885875474
0.9155617495678342
0.2166034965844738
0.10425024381602155
-0.12885428953048406
0.7848927301900301
0.988227886068781
-0.48681433985467204
0.13351654776962488
-0.6799632730663556
0.5105529675363201
-0.275689598728731
-0.30197454755938097
-0.9702905822260143
0.9710766562372941
-0.502643672089689
0.4608768059523443
-0.4351452754459546
-0.5053165915203744
0.7109024962802395
-0.9475325042600808
0.007303943503020717
-0.12040282028089232
0.3573645177391208
0.3088072620082491
0.12236764431304238
-0.856455722300042
0.6093673796462724
0.5213104732628554
0.7796486562657622
-0.48760039108764275
0.014735719574384484
0.9011970983567599
-0.47050957467333315
0.5551815826760379
-0.4938092770018875
-0.7919239786077695
-0.9961693218768656
-0.36344664857225256
-0.8687046360579079
-0.12845805632878188
0.24144699706407163
-0.6605633911757606
0.6646103574349533
0.68419046270372
0.39718441823680933
0.2066009606652436
0.9227930216021094
0.7813389048820395
0.1854199623792044
0.169918412952382
0.751354507632711
-0.726721153456312
0.6359071034612269
-0.43859733026558295
0.94846948800902
0.9883282467959329
0.8015683978725516
-0.8373275487750431
-0.9457209316818515
-0.8883641304264995
-0.9382402058845257
0.400057307101589
0.870780932749031
-0.707384266130039
-0.296253304553021
-0.30951060069818515
0.8806939788890291
-0.7645933239783024
-0.07988248074207747
0.995879552670315
-0.8785399221899184
-0.4303501932641333
-0.2602608145473929
0.16629088327659358
-0.9945043215007576
-0.3637404886676435
-0.582877825956433
0.37053222674856146
-0.13464258808661006
-0.12311743625501907
0.8413749852602511
-0.6430233352283775
-0.0411705899219603
-0.14311455348300628
-0.009320517768673828
0.19155541310157936
-0.30650643602801747
0.698668420594506
-0.7061560956727936
-0.28733860792609456
0.05768412122265709
0.9033225031785704
0.5245923219750914
-0.7231539264928566
-0.37784413442681564
-0.6921042357346293
0.825433263332671
0.4940803287673421
-0.9100818944944555
-0.8530129836269241
-0.48684316598861244
-0.7122859744804433
-0.5259296174720479
0.25806519814156564
0.22378295965386027
0.5705041918028503
0.6309221435768018
0.7927482770073395
-0.2931652854039698
0.6596394475671711
0.6434881691090507
-0.8180100709900197
0.2218455152969203
0.3544163654193076
-0.6665658591410161
0.9992497116302431
0.023288412952981903
0.21342803299269128
0.5122664722233643
-0.9293204834152629
-0.8881845101663786
0.039336948315848476
0.30414935151577077
-0.2770156176154022
-0.48587460717733055
-0.08578605844206007
0.9048301097722882
0.4147396315829647
0.27406827125392275
-0.44184452294907706
0.7839409436723651
0.3170271212938982
0.08382490464659355
-0.47090871695272113
0.2880976816306553
0.14465737351460126
-0.754405801900746
0.4096380981141156
-0.3092962305678734
-0.27788358915161926
-0.5316808651283038
-0.3670585930869313
-0.29458330425437007
0.3397873866857923
-0.09412274497643369
-0.7091369990453026
-0.569795326407347
-0.037655017085996646
0.4469818445635346
-0.8598451212794085
0.6867154125125804
0.30687236427422365
0.6435167192878839
0.7351930875781981
0.48700662782563886
-0.3129900023247282
-0.5644282323461834
-0.4625724932985288
0.8262179145118238
-0.6422278092900344
0.6580794318764597
0.3823227757437241
-0.6646980351683605
-0.05069698831608487
0.8760329127709373
-0.008927407436163503
-0.19631644039372145
0.8132034456891458
0.7083549755242731
0.9084313370254249
-0.07412507410818316
-0.45436551639881373
-0.49728371277445105
-0.6757613641432079
-0.34503090761402
0.28126394663930493
0.3556904199635208
-0.7457147548624747
-0.20890715103300586
-0.07900884173508427
-0.3326652468907583
-0.7341184734652576
-0.8996461361210298
0.40002187661751837
0.24752864557361984
0.05279143085514852
-0.3781292186012284
0.20059141414419343
-0.9908785880373816
0.9097312694190915
-0.9604536301831693
-0.571362698355441
-0.6452341210664339
-0.5130003653348509
-0.01305918265022449
0.7297602530955581
0.1502328031637875
-0.5775161334805843
-0.7942595968552173
0.01812657480417449
-0.3601895548872225
-0.9970444479550562
0.05802601149214467
-0.8426488408313487
0.6531667077968535
-0.18887885411538535
-0.6747031801976628
-0.3777602410077306
-0.8138609718273894
-1
0.45637093752045715
0.6798152690430092
-0.27597869469366326
-0.336943902425245
-0.06942290989008094
0.25315240293137803
-0.2157400176358456
0.30498957215141387
0.9051991884651195
0.34003092856900424
-0.26388922764248207
0.8559182490888703
-0.5527813871862106
-0.7855010456221346
-0.21159526246872765
-0.4907626010620757
-0.5931964617656792
-0.9058183334653679
0.1904941104536459
-0.16604577705680315
0.1276338690890255
0.6679125791603081
-0.5997407630718474
-0.12381937856610196
0.7262284218343259
-0.12278425147041938
-0.3908515788376522
-0.8145381281016403
0.6422452940967183
-0.8301698028105431
-0.5641988626893031
0.4091067021414458
-0.40470552214708844
-0.9456677823896917
-0.5834669581813554
0.1572358237386776
0.5836641599572849
-0.6215954037258424
-0.4849131022376812
0.9856227074296168
0.6821489816354415
0.6629794847585465
0.8949956912519337
-0.917643039237769
0.2606382757884293
-0.7068803919148918
-0.5472649221703122
-0.5765142001492588
0.5329873916475295
-0.6338759682921584
-0.06120721249784457
-0.47742337643704796
0.017386500581001135
0.9810477266771845
-0.3963298158049391
0.4003092291348078
-0.7084477508436428
0.4924308302748769
0.6994234905342985
-0.9261350698927657
0.5442034801663775
-0.7943550466009577
0.7289383363260018
-0.11499736226115491
0.6972952736196396
-0.21463831915306555
-0.10870966048507885
0.49617416763409644
0.8909629955866843
-0.9686401070372608
0.9040694545899504
-0.4075004187121528
0.967779649686728
-0.5226417278937135
-0.4928933301137776
-0.7248346175533671
0.8637172391372727
0.3825057905205325
0.6714123207104057
-0.7962249460062236
0.23129298464138526
0.7601656229908097
-0.7385498333790272
0.48801737871131784
0.13855980700628703
0.5230791820371914
-0.2829365083483933
-0.32775816880362535
-0.6879730286203387
-0.3942191086624856
0.3275896554001799
-0.057748207407728416
0.5921347273728267
0.06472800194318883
-0.35720126908955824
0.9075674924546382
0.4907678238082194
0.35607285449197673
-0.022888614816134505
-0.1812009943075739
-0.4508905329981459
-0.5464173928406042
0.3979907371712262
0.7075645255525033
0.9068489198427706
0.9908812166266584
0.7066446170475341
-0.9009735612227604
0.4123461899650768
0.4417934112909838
0.8002372356726991
0.5085983633248196
-0.36083863383789055
0.5863732106836419
0.994528179038562
-0.6368471401101062
-0.4616789935047462
0.6359223111295988
0.14621713795765306
-0.8002827694993802
-0.8514883034809101
0.6781822891332951
-0.2757434729463206
0.37725148593740404
-0.0807872303085613
0.8383301809503394
0.6309067506724021
-0.04111862980673959
-0.025211960039290396
0.9342228948677325
0.16867812750610278
0.848055228139769
-0.5357898816774435
-0.3780174684622953
0.434546769971578
-0.6297198515781294
-0.47123249575148285
0.2330115195813727
0.8104448569746411
-0.6868839276859284
-0.5114307136461852
0.1365426804293181
-0.7576940060219997
-0.10860761242633062
-0.6035115392895808
0.8228869805522475
-0.13690878821687774
-0.9652565131992316
0.254705708244821
0.49552015791235254
0.4015230771018665
0.0030511255668910116
0.827413741399529
0.7023373828151012
-0.34450018384298214
0.60323663485907
0.9763703512313746
0.00657146521790503
0.8011437135562383
0.12313095272209491
0.9952992051655583
-0.7619651293905952
-0.9241948955636976
-0.3398211319176997
-0.6228414034168267
0.07505015617610075
0.2564807703936415
-0.9779863830362873
0.19715618389127795
-0.4951814518292808
-0.6555380372563404
0.7609283708546373
0.5112179083870615
-0.6851995299057715
0.47840460047688954
0.9243444078934346
-0.4633159779764311
0.23462770873462507
0.5466931675141177
0.4622426432020501
-0.5208898749370872
0.1804951915132759
-0.7606694223753895
-0.40985574990518386
-0.5367909583138722
-0.9113156081594043
0.45612737125884345
-0.4204620281802694
-0.8132994281903717
-0.17864878863052333
-0.814887314097572
-0.15979391331243226
-0.06383679305011399
0.015580466858611659
0.49509016797631933
-1
0.3203647867464948
0.27175201533205495
-0.10115369582168704
-0.4179498800068725
-0.7625858889728959
0.4248925178412939
0.6727098166775372
0.04577592243052465
0.6525800402663708
-0.8909545221088886
0.37867738927414774
0.896162207038683
-0.492611981845016
0.6154585179858795
0.38437740322663466
-0.18480695975114741
-0.7208304998488013
0.21310108828299612
-0.23633059357761782
-1
-0.621024733958355
-0.31680074661726515
0.8173274201776332
0.2876112025625025
0.8979677475616523
-0.2690203089049005
0.18667489592627243
-0.7215935542924461
-0.4717161083212872
-0.4570679744266063
0.9433795797049805
0.6719963973003403
-0.3198054806227918
0.6673509501285882
0.9523012338776494
-0.8731274316444642
0.39907818419329044
-0.0004033058380608981
-0.9470909892576798
-0.6022198666718629
0.7430257366882926
0.596133264670856
-0.4516077455211835
0.38793496572306607
-0.22199898453861408
0.9674121671049984
-0.10732417644316182
-0.6385695498448148
-0.24754897630263267
0.9977841227693055
0.4241058563766591
-0.3838148291940219
-0.21098552379468005
-0.8808988765882817
-0.08936419248552699
0.6312297159986933
0.7785292758578681
0.11869395637439419
-0.6186506413895833
0.23326092413850344
-0.3222697040976505
0.8160388385039714
-0.08028011069515942
0.07967215773350342
0.46752355850903093
-0.8773422672519796
-0.16003714819371903
-0.29228331971222526
0.7863399182328821
-0.5913867438910645
0.058068480395933174
-0.7194164620090218
-0.9086977977988286
0.40131006940714076
-0.4048312362529202
0.16414560248769688
-0.05293991264035733
0.2524314009042285
-0.36403241611770326
-0.2981298654982748
0.7708999982964676
-0.14757871342754866
0.9379116219814162
-0.5445139029802053
0.7388668334545696
-0.2657509970636428
-0.15359096649525195
0.6335612871339611
-0.009359828085085252
0.4968393410717771
-0.6918887172352087
0.7122194723610092
-0.9518596733552326
-0.07920181417649598
-0.6937576729493142
0.0726068942400087
-0.17725293193694078
0.6784424830036756
0.3637875641765861
-0.5275128570790166
-0.3191082046360302
0.5679499417974454
-0.08615557247289747
-0.31681657550641734
-0.7969813373140722
-0.45837096288214524
-0.585009283878452
0.16806955682625424
-0.44919228756495266
0.5617781743890539
-0.5074551304228384
-0.7162256431530967
-0.3237872864165031
0.5094079304426217
-0.8551957817535609
-0.6030806210981355
0.9021246557344594
-0.8292279474655946
-0.03431629559214774
-0.7129249632887963
0.769261649738144
-0.16821759119496738
0.29090464669878063
-0.7329830835062363
-0.05835077272415937
-0.7704815456635178
-0.8125577659202061
0.6060675489199181
-0.5941359949758818
0.04565922351817218
0.03480214524841102
0.3259158930272676
0.24568880900062473
0.35478152443183386
-0.5297261432808529
-0.6601803897150584
0.6706052757562098
-0.08566138003014012
-0.7766460119489724
-0.05390974354408002
0.02305354504966865
0.6312177881168819
0.34241234488267985
0.3385267433128843
0.9864161109023818
0.3839188934708908
0.41081031919271127
0.2863580945564429
0.8571957841516094
0.7225816823680037
-0.29821856575916816
-0.6439527485352101
-0.2633621218712564
0.5341166821480406
-0.5560948148202814
-0.6013862091408658
-0.5635835197024234
-0.23377116974333212
-0.8378762307377935
0.20682577385110917
-0.5669932277291488
0.5797285727361664
-0.8018665869274163
0.934275151269974
-0.7054421193199489
-0.8051664341914775
-0.37552996696253615
0.41558217137807973
0.6594664115095437
0.23421696007950651
0.5649715366578831
-0.7820162400409153
0.3263059534217462
-0.6951684861894064
-0.8697153875033592
-0.480412977840228
0.4828114431469668
-0.7097336687350183
-0.7879260298429605
-0.21290765191344213
-0.576813274784637
0.9757234587615415
0.8931405302033782
0.07014088034522115
-0.668611189121912
0.8901959007338772
-0.8127474994714352
-0.5019066296955248
0.34114901332814107
-0.8871909485830378
0.9143780472239992
0.6688897085501765
-0.31647652459017567
0.11472139124326994
-0.6293583052725118
-0.2681539841233405
-0.6831509455283892
-0.11809137712301246
-0.969303195076737
-0.10683577430564993
-0.8841656932635407
0.948223184489488
0.8208901364285387
-0.3239675155882958
-0.9151350276338672
-0.10002390540728734
-0.7616457134745059
-0.16882704363466774
0.26189603454147553
-0.2509045737676535
0.31168569075630376
0.1394527009045442
0.5253702061811616
-0.9521805494547987
-0.9512256693357438
0.5749877161407642
-0.25800138103535275
-0.255917025038616
0.010511249497368433
-0.16127078326294708
-0.10825917129484884
-0.21899771025292905
-0.22151360266538062
-0.7641262795079298
0.9751066483258249
0.8692283105129588
0.8792649138470435
-0.8124462133124973
0.39044857312072545
0.1737780940598237
0.8329699050239999
0.027491235205155642
0.34707906957660745
-0.28722026205930445
-0.424333905886929
-0.9703325879892504
0.6420148053883044
0.21718870984310717
-0.6334857550673545
0.8907213697194128
-0.8897670165792552
0.4061703620340231
0.5059880274804703
-0.7883119264746528
0.0744268687458388
-0.1239279421767316
-0.6644653878726577
-0.5413291089232722
-0.6356661914314374
0.7809163988355374
0.9380008342489828
0.6090081462163195
-0.07568645678934423
0.42006387959473934
-0.3739520370332392
-0.7377206136742579
-0.22989940341248677
0.6864325848928962
0.2155420150005668
0.5830008711627673
0.6494095529386295
-0.34681080876701204
-0.13127118818767564
0.3875629871751585
-0.18771294227692473
-0.1513995412618969
0.17565885213664342
0.5571926633551855
-0.14040842187698893
-0.7177591111055012
0.8211618799181142
-0.11371547417298747
0.34295297831356913
-0.8509125408616541
-0.5624120783365921
0.19847556390401272
-0.6193402241996889
0.6866764992481144
0.08039597990162864
0.24304886567031386
-0.9963275571234559
0.456236678782407
0.8032556062061111
0.10390851591647636
-0.3560452924722322
-0.7642917420797618
-0.33823923279728435
-0.8905018966137965
0.996072574690155
0.2158825952452079
0.5765060189233028
0.09586391475780029
-0.08992564272472729
0.09723680105001528
-0.49675708175556954
0.23168113070377544
-0.803649830725647
0.4232186342410398
0.4663771317474801
0.8922734904551318
-0.04877251902512006
0.1597482645721496
-0.16035217215581427
-0.8987758239405863
-0.07204806837947007
-0.5291922869165488
0.31066343071875946
-0.7380030787264393
-0.6606839046439613
-0.2357579953382634
-0.6599192837698279
-0.7913043629326179
-0.03215477938977049
0.42130216695151423
-0.25717076056649474
-0.8438045583593067
-0.7622280746551203
0.35307878174140944
0.8681282559209089
-0.2398749853276181
-0.6353460649106332
0.7507416456916969
-0.6580078686606344
0.027098829535332748
0.4648455737197273
0.33903139842881375
0.6305148934836747
0.9944258872929765
-0.2026940091497241
-0.45860320224180895
0.1850197792688151
-0.30366909319141006
-0.31569857385560446
-0.9733154113330089
0.33240456326743767
0.9185517961853631
0.20196634898551186
-0.483308353603485
0.7274356417525656
0.10409624946912581
-0.5699831797016043
0.8050768664378196
-0.7357634487532977
-0.1670870509350414
-0.14543360373454314
0.17166928995625533
0.4351631662939708
0.6194043849891695
0.09015003076794226
0.39260377300355337
0.5750637124192245
-0.7679048202891294
-0.27723407665581595
-0.9284735643390182
-0.8633481211029401
0.17285150442243705
-0.1649423535749777
0.7929504625066122
0.1563229395614868
-0.8293893537035869
0.3652523210246825
0.68244229486633
-0.2867107372691827
-0.6674885901912244
0.7947149668322425
0.10554846753497332
-0.668553245675384
-0.9345939277797186
0.4412365256942676
-0.36076028021222845
-0.43018914394545743
-0.1865953440269421
0.7767800255571397
0.49583610454243987
-0.598425974509346
0.591792084313798
-0.39679740450323897
-0.47146762213960675
-0.37612821130215984
0.8961106152303135
0.9323416310299001
0.41914652257937907
-0.822230542582996
0.9949227393108184
0.27875207533444524
0.24524664516563469
0.832088248997325
-0.9667825913075428
0.8998403992525077
-0.9132170764880275
0.5272330956438435
-0.0019333182250486805
0.483519823066586
-0.9547964750199848
-0.15828174209894136
0.08676938802208846
-0.9578193745184291
-0.5770406601218322
-0.5416654406480622
-0.6667413786774427
0.3245005310059833
0.6479882581505211
-0.8092287847830009
0.8856514366965451
-0.2076248087971723
-0.4505451101352318
0.18125982917748334
-0.8081843844488052
0.8384373915618747
0.519355933499048
0.9779883400157973
0.25676267607352254
0.8592431340123345
0.2569118479806461
-0.201879616204916
-0.7346796037925059
0.6103545615781575
-0.8496479773392221
0.3618062958241236
0.5264355540555804
-0.7390934499450145
0.12271020569409703
-0.34037352931707565
0.8059159154166703
0.6462766643188036
-0.440016970424371
0.6756364113580717
0.7227636766109088
-0.8097855564428131
0.4565130514976288
-0.5077691684098257
-0.09906314961710987
0.7349874355614235
-0.16137426128054883
0.047573359995758714
0.9240612119681334
-0.21060449202805756
0.1856027907157869
0.7690479007783605
-0.9669426300779975
0.6988434410693963
0.0227698054180083
-0.06192012790302319
0.8183149388108896
0.7440471062378421
-0.764841497292393
0.530508551704458
-0.18646361936705821
0.051041466300386445
0.21412775437679052
0.21615132640374002
-0.9390208373254053
0.06634597344729928
0.9990088526234268
-0.11182054935367032
-0.5917452455523976
0.11272667886637325
0.5847807554749025
0.5628860978832514
-0.8867026203037662
0.698290890035583
-0.20146450956559095
0.4433357101037703
-0.0016882163264569738
-0.9075448704931526
-0.5411648684963887
0.1297382467096277
0.5960361030606894
-0.41338262466696624
0.5150801353686105
0.26314606346068187
-0.2836791034386634
0.5291523441749877
0.7459816757566693
-0.23983769738524954
0.6824021838194241
-0.6908213722077033
-0.01888284831485
-0.6517171701511426
-0.939534324706309
-0.028571907364961336
0.7950656223351978
0.46033969254798046
-0.8743449870740451
-0.6171474874183369
-0.5844291295182868
0.32831310727287677
0.5436975526333647
0.47415920044116583
-0.7479965517763525
0.7139383310566555
-0.3173890204133934
0.9020097610599008
0.92611118933485
0.6911379969196925
0.38049432702322794
-0.8692312683384049
-0.10670774957032463
-0.11916564146930608
0.8984589344332101
0.8353396704562595
0.08237481955547009
0.03814178145013892
0.48833324055110594
0.9001257216376207
-0.39480910819146214
-0.8532570123620976
0.18259785550652288
