0.6448476577994059
0.39253623489976674
0.3373514080068051
0.9918124600297413
0.28968766975659843
-0.7516947298369419
-0.8996700172088495
-0.23912934307524839
0.13091219168909804
0.2353061214384934
-0.7761083125759876
0.23754819274516384
-0.303801234092926
0.7466168749631477
0.42869092832890526
-0.9203321592939401
0.7885413157339506
-0.4723766689706251
0.5619920852866358
0.18116889466601022
-0.6853239726600421
-0.3261260573549248
-0.43489844250139736
0.34638241876011144
0.46654135034253186
-0.2916435489054114
-0.20344102857374083
-0.49970992513222756
-0.6454707250641986
-0.252782305375855
-0.1377911794247045
-0.730667981683916
0.5912915803159379
0.31230898413910047
0.6749009274302881
-0.0884605196586645
0.31575580654795543
-0.09825753543879762
-0.7520007971111095
-0.3513207035710193
0.574293350987852
0.2492049484167186
0.5452808090534201
-0.21435975185264192
0.2682735677261732
-0.049765982902998815
-0.20088405540626691
-0.059790389427296156
0.10805285701631899
0.7275002086388843
-0.2785455668425897
-0.8755057070065942
-0.6039837907596907
0.8892814685861643
0.9530350841239272
-0.1940657684822187
-0.8116541889056991
0.6304827092672927
0.8619045944681712
0.28298536697710674
0.8785395287703832
0.621777480959753
-0.026651259490189646
0.4958729456326761
-0.020360593196078067
-0.8720412092435192
-0.9849854897871652
-0.8793738269600548
0.525100866064987
-0.47260834128874396
-0.02129824931940741
0.7848064287404807
-0.4502195340350382
-0.11027683131484123
-0.07890242007841405
0.8260298286186388
0.21061995937234373
-0.3671646310654506
-0.5432359995264346
-0.3016630656018712
-0.5420738054312925
-0.07522438494534212
0.17360375742134
-0.20396008000109242
0.8460778471616696
0.21691668811402562
0.8587143667279237
0.1834188694902547
-0.7395575936882248
-0.8320662091061085
0.5190128219931829
0.91337546657651
-0.023268784414824294
-0.588429683567335
-0.8927918126618524
0.5566381381345096
-0.2801726552638322
0.9225401613394305
-0.6001999526373603
0.3109623977651708
0.7548980536291392
0.14964490763354465
0.0721950612467782
0.4783526823155867
-0.48790266977549024
0.4399261365284799
-0.44512977210205584
-0.7086447391579233
-0.9338990025165669
-0.3542392973344105
0.9532992452505644
0.3804591305778026
-0.7926399963538682
-0.8220093047673316
0.5891554463035841
-0.37892112838339076
0.4837983420417992
-0.5541283090237221
0.9033711620661645
-0.3921355026307502
0.37005186227118475
-0.27934752753659237
-0.6411805038431052
0.023441163924070772
0.7311140540019068
0.7871113941470528
-0.2832003072457262
0.5309147455585718
-0.8496410790142717
-0.5292057667241961
0.037228040241150444
-0.31641403738712137
-0.11357161475917224
0.037731346174561524
-0.41797484388118855
-0.26649089820758015
0.4818686766542071
0.7977471033938927
0.41734028426052927
-0.17540699200145213
-0.4264754648471731
-0.9952170510553806
-0.5126341600345229
-0.016318917046242935
0.838668961826199
-0.9200704739308131
-0.19531829384560895
0.7473119508222021
-0.4914924471862317
0.9434551633644658
-0.43034895883288
-0.2654274845469216
0.7494686407939983
-0.7431841667213314
-0.44528387281845955
-0.6914199525003322
0.9207351369807053
-0.5178074786323912
0.3752970430314096
-0.4059961619409485
0.07346711345119564
-0.4400832003008747
0.3427570926794107
-0.08813312178852252
0.9695893011083332
0.43384861408646214
0.02109776385972733
-0.45287188480889784
0.3385614355344399
0.06801092772701835
-0.12606724755122914
-0.316631373060801
0.5587814528508459
-0.010074152838653837
0.6999994358750351
0.6657433677522446
0.4092039823051677
-0.2815910855508456
0.5506710117047721
-0.7998932445363837
-0.32949270083545734
-0.41216659867426636
-0.5003025840833283
-0.3911089619651986
-0.9226765998523085
-0.44143118479277604
-0.538737279422914
0.1376961224303407
0.8456288810126525
0.10292909105702355
0.9077293797419327
-0.7375465241833262
-0.3109330707133073
-0.20300022066214288
0.18492974201149917
-0.14433487401231937
-0.6117028883332858
-0.19114492380712153
0.2980732589854967
-0.04256188332003925
-0.19965866587809658
-0.4868524192753554
0.13240485073849206
-0.872826506182992
0.40128103848274443
-0.2608179208624584
-0.008892039041936528
-0.5480078789926732
0.20430276170744882
0.30361178570953745
0.8840430920163656
0.6236785380197414
0.9528049959308317
-0.7650363406169798
-0.5767534186911584
-0.7462551030504875
-0.6599939431021646
-0.956008294228853
0.04530038508563137
-0.2343607304830273
-0.17466145526436966
-0.7667047858085397
-0.8685783655671331
-0.5046836195677822
0.4243885006113148
0.06191585274473094
0.6700355697992815
-0.4975600930909905
0.6263409203905518
0.316166618456558
-0.15659270413314283
0.03033270036854334
0.5513141070137315
0.32683351625278656
-0.2262312134769269
0.8298307565224667
-0.9741102083986454
0.5526811408907596
-0.1944380397713722
0.3107449037670158
0.18154771760100724
0.9185497808618777
-0.8055463009912822
-0.46519447564562827
0.6799479877396942
0.2692967833594588
0.42118149280663725
0.45961562222362257
0.7209624989149152
0.373869020353383
0.05796739019987632
0.3130622596815419
0.47609629052471353
-0.08317810748887004
0.3508339546047537
0.002142485612311407
-0.21607607515689034
-0.2519738353501137
-0.10616920309567274
-0.6584761179367715
0.37217344546671494
-0.3621135773916124
-0.9141249584210935
0.7232502690998683
0.7912251354086056
0.06430712991735572
-0.24214722664433544
0.8860875963930029
-0.6649635003293249
-0.815657961240173
0.3575622372149025
-0.23104275502950408
0.6570134002125803
-0.14580925045347376
0.82880502153972
0.1949956082084614
-0.3074092902726227
-0.3287877326484002
-0.7956512689638638
-0.15268668140111122
0.07361364629011005
0.62935674616684
0.19335673266061298
-0.2358577151465712
0.049821862699994016
-0.5660960855767114
0.20664577054453578
-0.6136943750735953
0.39383115596433393
0.5184507006899337
-0.16776905694109548
-0.3920625317303819
0.28714607824866645
-0.4891103579238021
-0.07762662121138296
-0.017255557460403217
-0.4117701244846234
0.7236867066340252
-0.055915933252278775
-0.38433600680808916
0.512491611279639
-0.9301812853853253
0.2832421716509104
-0.30707821275099
0.09028577001248547
0.9162771246262094
0.7325576619595683
-0.21838611863398918
-0.9447545145865819
-0.02907029149552902
0.6060040809250116
0.6390102116891717
0.6314434040696362
-0.5798962761542171
-0.516188193087262
-0.9452521551105815
-0.6564174849607041
0.10346864846654596
-0.1965320681695696
0.07291798933113586
0.07780905329234696
0.40149977202118653
-0.7526842531015706
-0.9857374848851422
-0.770992557930126
-0.17254886704949793
0.11888575334586082
0.9162732420858785
-0.9860987089592351
-0.7286619327535073
-0.04958620400308382
-0.34626753774509256
0.2431983329237644
0.12969418382458264
-0.12997474994344013
-0.6734527295163938
-0.038444359663394365
0.5146347227391255
-0.7376687164148991
-0.14126084103837416
-0.15884372515634892
-0.37182458497823
0.2653834233550648
-0.18173531945364219
0.1081086376778623
0.6549917968570205
-0.5670214264748233
0.50580780665047
0.23782932714180494
0.9570717574829313
0.3589521858756891
0.9420146589371999
-0.7198062861970538
0.9372233454316439
0.7322993875518506
-0.45632287885289446
0.47722723817501356
0.11391106868123729
0.6922040348176842
0.8968418712467551
-0.21500214621660038
-0.17812984031592752
-0.35516720535277396
0.6644903894845933
0.04078381528204847
-0.8310135100088073
-0.775311192736553
0.4001656847495792
-0.011724439806375853
-0.6220332174861444
0.6939643761037472
0.7873741660609526
0.05367996533017137
-0.14959153582355955
0.6019395418069192
-0.38871216717984614
-0.8216703471810534
0.23450023106335102
-0.9662179243871394
0.9489305560081279
0.31980178589888614
0.1321909910294683
-0.6276144415015348
-0.28452295477030637
0.8586963588915227
0.6271964393982478
0.03977018951233172
0.10655717671076893
-0.8194107006138602
-0.48287855743013564
0.9968337856963295
-0.9016735132227431
0.26401225026191255
0.21004597129364108
0.5661336174393495
0.4218493655240389
0.39734247502648706
-0.4894866457878536
-0.8082136052717384
0.7041110923580662
-0.9417215712374738
0.4006552467559349
-0.8266637464620695
0.14397223987569988
0.022208573152008023
-0.8550476051682331
-0.8622667512207532
0.13046044198397178
-0.5377001306048469
0.35698893363454715
0.2735549093350231
-0.6822139905904783
0.6516229030486757
-0.5487204407760536
0.48083026624668695
0.6800183202550758
-0.6672142809538487
-0.16631148675773216
0.6779195558063784
0.07082711170978166
-0.7870649971164699
-0.17493920742533006
-0.3897249918522821
-0.05956734782261163
0.5673086149211917
0.7580393730554277
0.3843754048560722
0.6423218359632882
-0.22187771847909016
-0.6323792320585733
0.8567114851771089
0.816038854746828
-0.5620165973514939
0.44425669911852333
-0.8401753506922137
0.9219220337271136
0.0031593416564362703
-0.41628481832794595
0.779641078201297
0.04803988426414538
-0.2343211975254384
0.4075654935470314
0.8056118563474627
-0.7630053237383102
-0.20262949423509252
-0.5874841234779618
0.03641748161517791
-0.5922228315630813
-0.21754211139148405
-0.8730939994326766
-0.33960054896264064
0.5323452433393611
-0.2543798190708919
-0.30668460696718464
-0.18419055491290423
-0.4023226933354491
-0.5495882349387871
-0.36567190115834836
0.10083045079675315
0.21356595793070732
-0.42411579461423377
0.9340521781899411
-0.5317616823132703
-0.8276889886600134
-0.7697561429050498
0.45058831611948824
0.46266819294877876
-0.08553694388798538
0.008001824463958926
-0.785051924064189
-0.868340198470666
0.17604320640082638
-0.41781778908654166
-0.5435562126082005
-0.7515213402961785
0.5144860284903742
-0.6516043007293537
-0.92939464706682
0.5599448592317241
-0.15769414951755348
-0.6700948152035006
0.8777820335577615
-0.3674744866824583
0.3873374318729416
0.5773784124919004
0.8096824703294749
-0.28253930399216226
-0.008578006129568508
0.6698418289241097
0.2939575283636813
0.07224004706793904
-0.5633305793566953
-0.551029732946293
0.7385919660860101
0.7018658296601141
-0.20218532337844083
-0.9024356780310661
-0.0005809322783404342
0.4351437617807069
0.016738581407587362
0.07561539458042908
0.3435822944671761
0.8112626529648652
0.6800883521880197
-0.3945824631377957
0.7613766477060474
-0.15210590062296175
-0.6156344571385279
0.8501674418517524
0.07199975242738928
-0.0646485444258626
0.23260457582302832
0.489155433635623
-0.5160820219348429
0.9134359725974173
-0.03901599153748706
-0.5493749515494041
0.6718142010638463
-0.859691962884628
0.8739450022821336
-0.907604562063049
-0.30392380247682427
-0.27451432789969
-0.7086389683923089
-0.6551455030520743
-0.9647202718171032
-0.09075214326884948
0.03912173291128465
-0.5500349372137028
0.7608474488156147
0.3810479339611414
-0.9576732521280644
0.9120306552703535
0.9393948559058027
0.1514619339955524
-0.201790832543814
0.34825606709035384
-0.22973547814143452
0.4571583342507887
-0.19091048312861464
0.8345283829939858
0.022696769750636094
0.5413215794561452
-0.058590573902769685
-0.6259837009960351
-0.8452915355723836
-0.6494016760867362
0.6046365411488097
0.5312207133586184
-0.36112368312574383
0.593869247329457
0.5478295921916152
-0.3320975657892062
0.0058895587008409075
-0.15347058029868182
0.7967023190158077
0.8852039376541725
-0.4218718842561201
-0.3686186050011331
0.4273959126086134
-0.24740109888192094
0.9366816109614668
-0.21193736252907358
-0.42064102522063096
0.7359734538536497
-0.8807747774185524
-0.3413570478252
-0.8812249742286918
-0.690509306003189
0.49486232110204054
-0.3188002062293946
0.5843053042565376
-0.15292497669765315
-0.5469465611993394
-0.5526276854826871
0.3254185706226219
0.4012574315936253
-0.3588224054879891
0.31718354275332433
-0.47038501973093816
0.7938698390468831
-0.26324619295517176
-0.024710760747713882
0.6699840457300495
0.5741460582455021
-0.5525069785146093
0.8393454217559884
-0.27910351768957753
0.4685845307924921
0.627646141238731
-0.9561379739899841
-0.10829296421276123
-0.236790339684362
-0.16187571503187792
0.5628581915397127
0.4955625760544673
-0.4644941011066074
0.7048860928538843
-0.16734563084447635
0.47540990177530873
0.6264982736150337
-0.4781927871340303
-0.6665448467098578
0.19989406878176874
0.16014397495434604
0.3687978374768701
-0.5499134151275272
0.5694312513134145
0.41791701301974665
0.62403873879027
-0.3754359009439985
0.5885636766593421
-0.5826239833315899
-0.6759741066826932
0.8443614768686791
-0.9575251950752662
-0.6883246593708202
-0.16770956068444215
0.2975913250731434
-0.29657723268920677
0.2956128122397437
0.14074486358380334
-0.4465065263501246
0.9294916933876607
-0.632163666307491
-0.12175018119196443
-0.34466689292465885
0.7681510982701968
-0.25851111225287704
0.9695510126504658
0.5148756178345307
0.17139563809299815
0.8736825123904274
0.20342026900358334
-0.6346486545294252
0.3111709570337781
-0.6228227624903824
0.7466743835618961
-0.006024671714613139
0.9436840913939442
0.7425966938900659
0.23056970054838594
0.9922663091031277
-0.259240232506447
0.3183983378875422
0.5986271284362968
0.9526446506807372
-0.6545689828475387
0.21874414683048982
-0.06953546053604868
0.34119903369289467
-0.30316503072244394
-0.2452564264387002
-0.990389450045345
-0.19301737319378168
0.9623958649850203
-0.8474943456035867
0.5728404392455884
-0.4245971799598522
-0.9930836166103859
0.48856901839685235
0.7596874895280866
-0.8327038826071745
0.03829470004151666
0.9322905089087468
0.30487301814725587
-0.9407651575475401
-0.6935963812462933
0.9466700720566147
-0.9483575667348484
-0.7075129407037493
-0.20410387665593382
0.6079954676183378
0.5367353388689104
-0.7518180859412521
-0.5492911885304166
0.030829046875332524
0.5650443194470742
0.4244044192420855
-0.1124714621787363
0.47648654540775265
0.07367981101570345
0.5441625346896253
-0.8414574761978358
0.4743331087846809
-0.39462745455729287
0.5479463320585609
-0.3045833649963918
-0.22347475056235164
-0.31954132147687375
0.19170800609882133
0.9977456666867223
0.6887161188314563
-0.027648305943823802
0.779322446084596
0.3448373186397888
-0.7233255375254244
-0.4974008621593728
-0.9606009884917753
0.11839729862790088
-0.026552811429602703
-0.412421565863977
-0.7896598056050244
-0.4731909557742564
0.6407955119068421
0.8289571760723458
0.38113049777178676
0.7321254773104102
-0.5158782202448385
0.6656745021909212
-0.8401214306163006
0.8758307758927928
0.5362372727963151
0.6774048539703498
-0.5972790023126895
-0.3244769923435412
0.5738135758760349
0.43901713317507624
-0.02197812460558484
-0.33728524450153863
-0.7064497996576952
-0.6409368232196431
-0.1954584806303032
-0.060885238913785694
0.6989148533284614
-0.3112668146013916
-0.8365085204567686
-0.2987593311951255
0.11873273072144447
0.5785953836276634
-0.00030928340956034965
-0.3302859961348756
0.3639979178910339
0.6212031562884123
-0.34795204703108995
0.3780221919004341
0.8657842788365562
0.5996112030517241
0.8536365522368342
-0.27986685785888327
-0.5476414943816426
-0.8750488005190417
0.8654403627148194
0.45748605531421077
0.12027314774692793
-0.08080333288293229
0.7719587166594638
0.2284283012485822
0.1552508194741912
-0.5153770254802313
-0.10078530196818718
-0.5137142983454144
0.5434577175169734
-0.7120882496289807
0.8712632832534594
0.48608276383393695
-0.9472379958073475
0.033813753645680455
0.9786354169525439
-0.49453623536527436
-0.6797938710981699
-0.4482328042430376
0.7352328162346591
0.14445382856792985
-0.9985771506139105
-0.25818783070877055
-0.3075878341960222
0.7617813515079725
-0.9965678132435223
-0.9198029036422893
-0.07377326851713908
-0.31597987521266085
-0.007811931939549633
0.17895070523910647
-0.7316246557733762
-0.3678909818986296
0.40325968536795365
-0.2386661394035021
0.8891143226416974
0.8956347990132714
-0.889131325780196
-0.6172012821401283
0.6910856556153399
-0.3449509592538635
0.8776650785362864
0.3642730912368361
0.6068611433262555
-0.9900743977587579
-0.6642732311811093
-0.688701733849876
0.8766830574333156
-0.9807040460101483
0.5362441589598418
0.24604319952790007
-0.7518687390093829
0.8050105609929528
0.7115874865709352
-0.3063261608275357
-0.2787710532962126
-0.8963029400843611
0.5092908743481973
-0.20724042192483588
0.7907255679008027
-0.4217128057420854
-0.7353885417566732
-0.11476025596196117
0.017795872751413686
-0.02560739191150409
-0.8672627060244092
0.9305432543156781
-0.1677759294034299
-0.1644900274271237
-0.15057485992157243
0.49257368723565687
0.7526533013046399
0.5066299527994802
0.9801137892603992
0.1399047312163727
-0.8423607426751003
0.6638327942000429
-0.6321204775940018
0.5591167416985208
-0.841090516316094
0.4134673896521629
-0.022633670059383874
-0.6881291219221298
-0.18046789279588707
0.5370185535730115
-0.35503001290649144
-0.7983105970719346
-0.0227094754079631
-0.3108577279900748
0.9403150404723633
-0.22707247179670004
-0.36395723356909027
0.1985181575355249
0.5165583205712623
0.9815220437205397
-0.1230376242023778
-0.252958803711546
-0.14697435122628635
-0.9964604107978922
0.4001999212353862
0.2589949172333338
-0.8876163274007495
0.9547339151771412
-0.29948833045765993
-0.6083398936223908
-0.3078313822338804
0.1128562025584987
0.8065236890668587
0.9138269267234908
0.20734321010490597
-0.2738437288123257
0.5174419968586519
0.7403939602237939
0.9801864137913123
-0.1056124179777733
0.7398107849126319
-0.7747061926272981
0.764917493598592
0.9170528177062315
0.8433640014230314
0.8857784917211587
-0.7964463047074245
-0.14873972669367266
-0.02838332972920623
0.4072498403648984
0.4408440161554527
-0.3766676297105577
0.8048988149717856
-0.3300522896438054
0.4456248957754213
0.3196909020019378
0.486938477612672
0.1841565679082501
-0.7818239799906805
-0.8964832644096582
-0.16083548972906814
-0.1813341130068696
0.7226636132035532
0.0018677003631703687
-0.0942465021073213
0.5478253287336733
-0.030234977497990746
0.7134479502817391
0.4004558833489943
-0.009478135172073462
-0.615721293279267
-0.37842679776614835
-0.4818249757188104
0.2762527190342054
0.0037678310193561618
-0.310396557823088
0.06696010041709574
-0.5865205806368828
-0.4948138221210729
0.6172736266394399
0.09155161622817976
0.8597798158286576
0.6769818064147344
0.7284995441849875
-0.2435134657435425
0.09627322685719422
-0.8120661910255667
0.2944801017272622
0.8306709036294281
-0.13200279762088066
-0.10474002250102513
0.869098092804756
-0.7748782576697211
0.9543082476004002
-0.059791169545027764
0.089543904949777
-0.36859381857379725
0.3079939206063779
0.3261967275516024
0.15113921859988233
0.14664675676266395
0.7614955468955453
-0.6471864786392039
0.8551103465290202
-0.23655149099278053
0.744079301580519
0.5696151068473685
-0.42897915817554266
0.765060591696477
-0.4666842051276727
-0.9259451919416122
0.0012376228154899762
0.6667855965509182
-0.971000453983292
-0.6588517633718093
0.055827218598561296
-0.8072117595349939
0.17132919572114327
-0.04871891469151058
-0.9787969770928411
-0.48342935283776195
-0.6556995277325317
0.6071677035999818
-0.3245127209088673
-0.8998695696356359
0.29421251667915416
0.47729354374306254
-0.13565126974074224
0.7437239294350323
-0.07189231634291514
0.7607197440205801
-0.5445840568132919
0.36013190523317473
0.8143901543021782
-0.25901079502354285
-0.9604064885106924
-0.20303429253230623
-0.6343944279351156
0.7863419943162042
0.8701981433198743
-0.6539278017270572
0.5878791871116856
-0.14933317963082235
0.888351280063281
-0.09683249806210703
-0.363251064414292
-0.9945716008366194
-0.5062532050305223
0.24053082260388267
0.04647145879521904
0.6141168700756331
0.7020510442946404
-0.07217219063465155
0.33686160652248137
-0.4413798345303708
0.0917840814906337
0.004855131417657728
-0.7499629529829438
-0.39452372453094986
0.8842290861033599
-0.8528599128259444
0.8432624738800256
0.27903087498083284
0.3701686333857519
-0.5799208499923432
-0.13900118523157515
0.24536712742159836
-0.6642075360884266
0.5628007088606418
0.5817210906650313
0.9243903040708084
0.04945047942949383
-0.26862515728435776
0.6850544813485661
0.32750496913354404
-0.9080608313960613
0.42218735204449104
-0.6402255209610108
-0.31346757430354893
-0.7125883832319807
-0.8148627511533398
-0.9174492877481137
0.8903840498803055
-0.6614998198799635
-0.8272330819654647
-0.42854768960563216
-0.2596453703107837
0.5278818634897339
0.3440201456702182
-0.6306163257885701
-0.2794478830823708
0.6932096550356669
0.9478402144745456
0.6804865394692954
-0.02894034227037751
-0.8547107307918385
0.35747680655420666
-0.375746879793248
-0.6644816146089522
-0.022872227988871386
-0.5365181120618532
-0.18672473041076132
-0.7738218331646447
0.4657322462560149
0.3710591491254288
-0.05914676659928929
0.7652446968010587
-0.9436699675271075
0.5763676104852343
-0.5132676603163633
0.33791403211577614
0.5286580789315929
0.2669373250358559
-0.3662324865742867
0.3265747232086595
-0.13076255473461326
-0.8757068470692785
-0.5410819391495196
0.9998395987575553
-0.10957520778862843
-0.970267144578856
-0.5931781647014647
-0.9350824282161615
-0.2288532847282865
-0.29259383260017185
-0.8196623939815448
0.5295021058159028
-0.8581071599387263
0.42222091842322
-0.34508763241904306
-0.7383231397316836
0.8831486892286325
-0.3711893873779418
-0.2476477286866065
0.4924832472267211
-0.8564872679734623
0.46791986772537403
0.317297216585947
-0.02111040289419421
0.3723040057322747
-0.09006245420520576
0.5720348277277976
-0.9611786823268236
0.4703744951289358
0.018586901821117628
0.1630911424056016
-0.10044879961473048
-0.0864042350498442
-1
-0.9774152707226559
0.028747977236884274
0.02982185844675171
0.4239540491456766
0.9583700596143178
-0.5193240683982131
0.7894654771008291
0.4260689642120622
-0.11166835142267935
-0.7332406694440006
-0.560745860774449
0.12346474369116547
-0.2423199885887015
-0.9625530695255864
0.8832496284422783
0.34488982214681063
0.7444963355087977
-0.9925518081659228
0.6673009415323926
-0.021813951335861614
-0.17776207991331355
-0.005624501024095638
0.5295740145838632
-0.23572080450398003
-0.2501905364232041
0.22606192117088608
0.846632872355807
0.45084784365228747
0.4143343855684318
0.4595670988644048
-0.39167208779101265
0.2876341063427508
-0.3436833063211056
-0.36803718235226285
0.266961520900842
0.9661598258378874
-0.012520754406537427
0.12474608679280544
0.4384776231933468
0.3233513895207799
0.3642899735935471
0.47281165044256535
-0.34129114346630035
-0.0498718542099989
-0.9003424036080012
0.09924086295542782
-0.728751437064201
0.7564122444872549
-0.6246307360953687
-0.4152433402987263
-0.6827184219563736
0.7442950506623005
-0.5877424311553363
-0.6000356342644562
0.21812281100392053
0.3075470634164816
-0.6935835108248195
-0.5857458116871676
-0.4705065975012289
0.4882246426261188
-0.45606483193491565
-0.15264166755597897
0.2512686984786789
0.22281684862666287
-0.0788580770857098
-0.20327408430959068
-0.6823886471829806
-0.36594369582991937
0.20902230582740244
-0.27491865493479756
0.26575404688751075
0.03370153952910596
-0.08548374988426216
-0.327700727828488
0.5318782931090936
0.04511847159050811
-0.05035768749982777
-0.9262104551298342
0.9505629127475609
-0.7954638629772229
-0.32215162729282487
-0.829733375067218
-0.4480964386463928
-0.6816763745276956
-0.8467852033225052
-0.5009949461060582
-0.253097548764277
-0.9254678609240623
-0.02465235707503255
-0.8213954165383199
-0.4049799335189171
0.10437739435636152
-0.6740632266769399
0.2166306578305872
-0.3950220415704427
0.8520795085438213
0.653308932390114
0.6975562830671965
-0.9516225219425677
-0.6279302719878483
-0.9939327990542448
0.819477990630716
-0.3734321365251788
0.2208934132172148
0.8489466914678769
-0.7054656765216857
-0.7469491056478336
0.4071375953863764
0.8806224895714267
0.1062349902586806
-0.2010062531919427
0.3082601318567796
0.036887568534292106
0.15217875435378084
-0.7690430549919176
0.17121059306034628
-0.8465320396854753
-0.8563708837607904
0.08349178315250501
0.9234282431925673
0.6092751600695694
0.09051721803551407
0.848223644922732
0.1678554166114412
-0.3839182367250532
0.45387074644545145
-0.25243351260324165
-0.1880897581899305
-0.500277108035278
0.48182517904600947
-0.8003484014379072
-0.4119470921728182
0.45670898631270485
0.4648410858884289
-0.6582236551663204
0.885756000430662
-0.6893751391239741
-0.4014613877683535
-0.12674424734023526
0.3550461923838604
0.03331697801943498
0.45894654444144406
0.4216731047401721
0.8749616618473719
0.4386893621854321
0.8052340671369235
-0.629609583724154
-0.3993275029394433
-0.1419248190176923
0.9333014235379973
-0.6673954641182555
-0.7429061311136722
-0.6735263947670821
-0.057772809239157175
0.7103996497659127
-0.5611092641988632
-0.1612984839605887
-0.6976960452626799
-0.8992282094405397
-0.12779663146597975
-0.5822624564348599
-0.3528315995059431
0.2830466189104184
0.8787654195100822
0.9674412030133615
0.2424201737995831
0.3837206896001368
0.9039951222340528
-0.09264220709561073
0.5981862956614977
-0.6811382537217019
0.22407735231476272
-0.03702726040609408
-0.08166149273732998
-0.9708379835064558
-0.8522607422441282
-0.08284645352268513
0.38003625441962535
0.22832987860060125
1
0.9359928729142192
-0.747689438321035
-0.9937306768789853
-0.04148798567448854
0.1355720204662416
-0.8258415293083798
0.7291798887402119
-0.7628186341121787
0.6142151080695524
-0.37454830794772137
-0.27572108174713617
0.30908344507098556
0.7807163203063423
0.7727304915602353
-0.36933115240332676
-0.05194614241790718
0.22895445626036284
0.17506713995695958
0.5845044632254649
0.11600382455921579
0.9115296798579453
0.7810946462234273
0.1243663675344916
0.4035377469752496
0.21221287513661305
0.6868198071445424
0.7277721461109087
-0.7364519258846589
-0.6087926494447317
0.16403250445443385
-0.9543168950551476
0.7001828926626171
0.8452027138158228
0.016874394700201186
0.6251677694244403
-0.14051493495420714
0.4593134902469402
0.3110952935363759
-0.5309857630366622
-0.5109082676428568
-0.2007223498772762
0.12676779461702323
0.767460197881595
-0.6532532809003687
0.5987230925635286
0.04786237394962854
-0.9222342739598582
0.06181883063418716
-0.68178696732774
-0.15948959773039417
0.7943149501320665
-0.3293264402817045
-0.21688494025103602
-0.3085663855206382
0.25341354486233963
-0.9771442914926721
0.6479169231099174
-0.03178019339338484
-0.12343860157814962
-0.15208802930824772
0.13157351235538248
0.3344024675567444
0.5592910947032025
0.6251931357063696
-0.24167684202155673
-0.04895412726786292
-0.8190729957089623
-0.4488652059511293
-0.26488777425781984
0.5045633508964795
-0.7453288865733936
-0.38458800693190365
0.5014599627589598
0.16210573597941155
0.012203506831256266
-0.8651719976786902
0.3331948204319379
-0.4213185034436556
-0.6345064915491452
-0.7242053514785101
0.3062590949487697
-0.28829911468973374
0.503665058401028
0.03870555222622707
-0.5952672566827952
-0.6795051154428038
-0.39400218140355603
-0.3819563473150397
-0.20285446103918361
0.3554173804147556
-0.8067314216464104
-0.44216939490967094
-0.5800354068068608
-0.0019354022388318312
0.12810910762122496
0.45962295354423255
-0.7086950098897078
-0.0751662736114733
0.19379063013892472
0.3951318467568524
0.9886608984208204
-0.5848743076043488
0.8648964742390944
-0.5026793397697393
1
0.7064539140478402
0.7794311421794681
-0.9559223000856675
-0.17989694463111933
-0.9150890109022486
0.4485699992547234
-0.1602662855745574
0.9199053601118077
0.7600708194717074
-0.7194720650332246
-0.25080796104757985
-0.16817205048605632
-0.8442291294008111
-0.5911715251335269
-0.34725774012925403
-0.10699729187049643
-0.3485734546495243
-0.5824646529432788
0.46331758365676645
0.5397868722677411
-0.3816250521523879
0.9376250443032634
-0.04929463947777301
-0.6129014475509185
0.003870267551750167
-0.4288096301880999
-0.8460870797914527
-0.43837976489999975
0.06389679708894876
-0.665659583894388
-0.3423734077507271
0.9787092168369054
-0.4044662178011497
0.4975997190530398
-0.9397561168911106
-0.6848095036140179
0.13086298542193356
-0.5760103460240688
-0.00928000885904837
0.5892871439373221
-0.28512366467555994
0.3695614087144817
-0.5730615904141148
0.8684239700778789
0.1780915047243828
-0.39289037394868437
-0.3231865802444153
0.26001515082510795
-0.8570233000935957
-0.5078748504556054
-0.8305894030789868
0.87677634718133
-0.207196773199811
-0.19623084960925832
-0.5923162746499133
0.6909326154226062
0.6665844035389676
0.6641364252468345
0.7036339573857711
0.9068052229654426
0.30462664335752315
-0.7183878349816692
-0.6548359437885073
-0.529438436593418
-0.4843862562241847
0.15396649338985915
-0.056690439028703105
0.27329466891777676
-0.6201857178010304
0.9558556154461726
0.7509412685450408
-0.9960509379639164
-0.34497605227364325
0.8690592184571283
-0.04116093311643364
0.9111993069936035
-0.25892145484924467
0.8355892083655617
-0.4995635311486431
-0.10167883713832293
0.19502652087502606
0.1491078852729314
-0.2709646866966558
0.7397367158405062
-0.30032676102896005
0.7345800856845517
-0.7869356192719096
0.330118573840703
0.7007635862003901
-0.8366897389855082
0.8825221864047117
0.05834111561399394
0.7618692161046849
-0.031423847067275676
0.6359027707437076
0.43785380154530107
-0.47899456038527133
-0.9551493587120492
0.3712738952325339
-0.6247530861962972
-0.0806614964996354
0.2915567269718684
-0.5080384706798666
0.0608585721496403
0.6400602142113023
-0.22905551892815526
0.8016814620638614
-0.47250034187382844
0.6022694682338816
0.42097904301835626
0.2523226669945045
-0.8658613942467838
0.8013850287674968
-0.8381083638474134
-0.5420398143506263
0.8537742078727142
0.0683234839566558
0.25274491113357617
0.9699522845023507
0.0943033210864928
-0.3352442986050782
-0.4390163728129332
0.32593686523008614
-0.11991812277977724
0.29547238682245214
-0.5598160768022368
0.7242881393621546
0.8571107285674178
-0.20611864704893598
-0.2205496629685924
0.10122121636794974
0.8617043285580815
-0.5045390760335415
0.682258054692609
-0.8944803926182514
-0.20293876424247748
-0.9242072349569663
0.5638160696354273
0.14549874398640186
-0.8168774227622713
0.5853150300720613
0.2526329187197277
-0.7075510986028072
0.8836250810548238
-0.49146614491555035
0.5010675963283459
-0.13970503758972164
-0.5957208440759051
0.38545725923898255
0.5531431989917268
-0.8786056509221525
-0.10758466013361562
0.9694096197847292
0.2485020079614757
0.11114872948776237
-0.11286782962216631
0.773013370636227
0.9866826574170893
-0.502000018580458
0.16972409516923903
-0.6741271967876441
0.4926040575754404
-0.265463279663921
-0.3293014398056216
-0.9675343692056909
0.951434444489456
-0.4991896440008499
0.4302931087139297
-0.4457349281837712
-0.48081167900588107
0.664903865071848
-0.9954794272341674
0.016504480161968604
-0.20853991615318748
0.3727458346580676
0.3003054172641085
0.10929383381634038
-0.8029589224924394
0.5375798063057377
0.4839936557167459
0.8162837888954843
-0.5029600991569063
0.05322998645053028
0.8619958289798542
-0.5254337236204258
0.5691377170719062
-0.49222037667173585
-0.7820539665426278
-1
-0.38207239585211855
-0.8664036829134574
-0.09372457342547239
0.26238973229067
-0.6496811860229081
0.7115821489143402
0.6357367181763602
0.36177092768673685
0.17513427008509252
0.911275113207482
0.8019033097346265
0.1409335742667308
0.21143792558718272
0.804289621583333
-0.6974539523065602
0.5988698465094034
-0.48085640513800687
0.9196910975532002
0.995632715004769
0.7863708069712266
-0.7970785214997658
-0.9437536030309516
-0.8526998822856509
-0.9772549753325903
0.4039071798396093
0.8725100122837837
-0.6948168847791678
-0.3186554737943718
-0.3381321769603958
0.9158831735046264
-0.7550100236272933
-0.04495345629461747
0.991820229141202
-0.8354179310537511
-0.48366114681447986
-0.239002711656083
0.1572860947754559
-0.9644992237386937
-0.3232862432293614
-0.6032227818287856
0.42749860915531895
-0.16198483374843275
-0.15888278592760896
0.8227376686137448
-0.6695152483244542
-0.07422533673318787
-0.15878689545329314
-0.03311675064385854
0.2299781595378552
-0.33220245862399855
0.7555480183242014
-0.7203920610708022
-0.3286805318341988
0.022495391415390448
0.8927959527544893
0.5643973919841434
-0.6983915775342694
-0.3314177602432322
-0.6932548729237245
0.835024555793391
0.4589378154490629
-0.9409952229131383
-0.8451589277019042
-0.49206354059138085
-0.7069862644223118
-0.5296873417535037
0.20899796856069183
0.18189271262649112
0.5598115794868843
0.5694782638309868
0.8213550608432317
-0.3076450552751305
0.6389292491860965
0.6230932025218209
-0.8118050549485196
0.22054245903883624
0.3462628822789855
-0.7076120780747956
0.9807637598940764
0.01933131798755316
0.24534894888859884
0.5160862700192272
-0.9073206145688464
-0.8331981452188051
0.019993223970181287
0.25903398287617024
-0.3031795032701606
-0.47454278271324496
-0.11251346078192836
0.9232849947236756
0.42473220681295343
0.31171356232831515
-0.42445696766036456
0.7973693134681937
0.2564115829681433
0.034955493722555346
-0.4303914967067632
0.2598360153784381
0.16657449361564552
-0.7578644706306983
0.3849293543389107
-0.31757324962040323
-0.2421835117181264
-0.5870049132591706
-0.3226954025861421
-0.22859174749097413
0.3367380746889567
-0.11220910762565063
-0.6788549600722186
-0.5299603410735114
-0.027555046678885205
0.4585210979725972
-0.9045308999786292
0.660934810082892
0.27083706828654336
0.608276804225825
0.7108013851742839
0.48713955874658305
-0.32719514081463513
-0.571238169384175
-0.5127238135833432
0.8040655109941826
-0.6003628051841823
0.6275473913799435
0.37329536566618204
-0.682060639844476
-0.07771283160053095
0.8513647116772463
0.010404173974063248
-0.1963830702584617
0.815712985190369
0.7135443314902808
0.8821705516386863
-0.07389147836934103
-0.4529871088779955
-0.5420343223803419
-0.7383114405520727
-0.3423905420347213
0.2320346186046043
0.3703580826539427
-0.7590495643436657
-0.24303222525750373
-0.1276126033678838
-0.3117373284024196
-0.7198403795016185
-0.9021604882170581
0.3911892374385459
0.3305636279599492
0.04907031391969702
-0.38416697038020475
0.2240538588086477
-0.9466183879226778
0.9649871357578205
-0.9169929156571354
-0.6125536447808473
-0.5758220546162743
-0.4898886177136559
-0.046039927335105854
0.7034236752982866
0.1265511958496944
-0.5658668745453004
-0.8190072156685134
0.05344822474512989
-0.3586896532630577
-0.9910701830266262
0.08267414293360424
-0.806935407153262
0.6581344315554221
-0.15396143629328313
-0.7078416456100102
-0.4050493192784517
-0.8574151224203271
-0.9752180080971685
0.43870826543889385
0.6488243683320007
-0.25362694776269873
-0.33867923494268065
-0.07772024592445191
0.25946235262723166
-0.17290827893340716
0.35030671101693533
0.9071748351701047
0.345266577363364
-0.23266907845021526
0.8331121552645481
-0.5494994695721401
-0.7933972456080167
-0.17748917792101407
-0.5198487724809548
-0.5159131758778042
-0.9028348552206052
0.17318019993292097
-0.15368745818486637
0.09015552752618329
0.717820466887505
-0.5766096053753537
-0.08270757851878066
0.6881914478846851
-0.16185362722066127
-0.44629159173285377
-0.7891380794837802
0.6321079059374728
-0.8181886340816196
-0.5637036169569293
0.3694306894466681
-0.42771088793523765
-0.9675703177529222
-0.6144786915617928
0.14089549967843426
0.6101573322091364
-0.6451231632218383
-0.5323904640496886
0.9904683059060962
0.7044573522836167
0.672738172201576
0.8886776587890323
-0.8498759604282897
0.26777115543506114
-0.6844919906517086
-0.5600700385480739
-0.5907028312242543
0.4684350366468305
-0.6420352959395994
-0.06279256681999315
-0.520782129454077
0.03285768904520459
0.98471754172625
-0.4247318106715675
0.4061374749490766
-0.6865134879678718
0.5742926966134199
0.7003954752628834
-0.8962579790029975
0.5546869784293409
-0.8129918366827588
0.7220886227018155
-0.1254341953629034
0.7286686731681906
-0.26164799341038986
-0.08180215519331248
0.441412890019674
0.8507672091092203
-0.9508591972219657
0.9157688163035966
-0.38927342775333
0.9725561553598292
-0.5358698872179085
-0.47651182542208553
-0.6474374778381498
0.8988179042774131
0.41264741166784297
0.6905874826335786
-0.7832274426855389
0.2245090699841943
0.7610290133331253
-0.6902891513848148
0.5111550796370139
0.11472500228042017
0.5026663658669817
-0.3065379517524366
-0.27892499829498646
-0.7034448084210452
-0.38432520699528355
0.2878015773563788
-0.09122112256411874
0.6005172213313884
0.11705276256247536
-0.39993195611974863
0.9349894251501573
0.4964077679640975
0.38374254399472973
-0.017267369797783226
-0.19042786670997178
-0.45696690140015656
-0.5363542740244956
0.38859033372706847
0.6716563327067735
0.9470694433181743
1
0.7366780207785435
-0.9255918008272523
0.47102398708181464
0.48246252721289
0.7938845910656197
0.48328281335059897
-0.3832218471252004
0.5872820562991351
0.9838875855011696
-0.6664944234782113
-0.4180799047299731
0.6386151032162517
0.10329103017318808
-0.7860970322416133
-0.8508615691337137
0.6871668478649401
-0.2837182944960148
0.38969021342839066
-0.1104183322578762
0.7906273950899614
0.6921174381225608
-0.042672532949756765
-0.06948122129095088
0.9609845109214687
0.23548532907332556
0.8669377982363656
-0.5481425736239283
-0.3912066038865007
0.4496178241179057
-0.6193837311844765
-0.41906117373693785
0.2457674412354911
0.796038377896436
-0.6914473009382651
-0.521283491275388
0.09530592839126059
-0.6983621637279543
-0.12161249072954235
-0.6200964026457817
0.8421642156255315
-0.14230454222292088
-0.9891641378279816
0.22475982450202417
0.5048053016101781
0.3882692089540606
0.013611198806316437
0.8296779044673593
0.7234162297255682
-0.36556079549504406
0.5986900979721729
0.9657754956838644
-0.042556369335905314
0.7850784175667643
0.16059246704584632
0.9988265892803277
-0.7527665385680973
-0.9194297504490039
-0.2961224231993961
-0.6603339097756844
0.08611068305376345
0.2925559533435477
-1
0.16819337310097465
-0.45948942113295876
-0.6569507317948678
0.7756406966649095
0.5191992761711228
-0.7296262560488205
0.47605304778737745
0.8713368270390249
-0.47898531911450615
0.25376402818960136
0.5673409923294586
0.4719270572778789
-0.5304128872934002
0.17104711892178773
-0.7571657344321597
-0.3890807501395986
-0.5987589184364203
-0.8627491742487315
0.47678313192606586
-0.45526615308114454
-0.77346704703987
-0.16540058650515063
-0.7764515780804452
-0.17169221736302348
-0.05626434382450851
-0.011586234312409516
0.5179767393664331
-0.9050756364418887
0.3463250807673189
0.30469030888744836
-0.08025236693927144
-0.3913461746512709
-0.7560895349778276
0.4293512370692495
0.6482245819344031
0.01477875833774644
0.6523097655039181
-0.8719635174416137
0.42077551324124046
0.8931939728386451
-0.4912142059948988
0.6108395238243869
0.365958543532553
-0.2045450197375911
-0.7048428390315052
0.22858890817887384
-0.251801973634089
-0.9702202775714114
-0.6131047021900543
-0.29262249752417613
0.8119492328544031
0.28738315175104223
0.8753986023550892
-0.30520973292112946
0.21964055879770614
-0.6706843103902896
-0.4253354093108981
-0.45799069174566015
0.9258134272580382
0.705006723901834
-0.33028617549566314
0.6449677864456793
0.9604408469361675
-0.8599410243721037
0.3684844565317769
0.02842404646331513
-0.9408485821938032
-0.6345298570376225
0.7566458713447516
0.6057519216922554
-0.4267911122174044
0.36733480024937964
-0.23821853568263782
0.972796044426658
-0.0955575090351864
-0.5918700072045006
-0.2049498711379045
0.9901845996990157
0.44117323070026804
-0.3612425444553586
-0.3061616974453653
-0.940417006368955
-0.10967479017488002
0.6808306542194923
0.8085400310004506
0.17580642958122997
-0.5532264717216694
0.2562275319248269
-0.31877054094921276
0.8642094633217151
-0.09235617356158574
0.06918238884494214
0.4957897962240651
-0.9154668413914281
-0.13804512278961906
-0.3034481740139384
0.7583749423823363
-0.6239523158757978
0.09696095305121062
-0.6473803347927372
-0.9146973369594423
0.44261128356627566
-0.4217777177359264
0.18850788842519303
-0.046406336548094486
0.2121783081769792
-0.41536071458484897
-0.2937143347415497
0.740784092950389
-0.15581294111222108
0.9419785093868849
-0.5449688637231057
0.7702719835068671
-0.27377963013805356
-0.1819512561796159
0.6754251647063493
-0.03694393333339167
0.4774108403799693
-0.7087758512720116
0.7087760724095373
-0.9071868806374501
-0.1155257415885588
-0.7044921061611181
0.1481279548257801
-0.1827210308660683
0.7353355887752873
0.3679201205675212
-0.5499268771666083
-0.28379124291076807
0.530009694829455
-0.07638861550088742
-0.33642001422694723
-0.7994446327693747
-0.3730383046490639
-0.5048376188748127
0.19163994542961788
-0.43132058989345534
0.6054203961024469
-0.485913765878903
-0.7743209662415537
-0.3084116035098013
0.49130211681528635
-0.8318961321527173
-0.5982361607898452
0.9330469134353533
-0.7772301328469851
0.026399287981806643
-0.7499149563547387
0.770813411292909
-0.15919227337820838
0.3027071236766994
-0.6573736907099471
-0.07768857731817723
-0.7765489791207261
-0.8551624374577902
0.6260829714165123
-0.5188396419424373
0.04135946729871446
0.06002258910106398
0.2993565088146954
0.19039573716991579
0.2894655740280254
-0.5137421018208752
-0.7219077327073412
0.644574172415049
-0.13046085711408276
-0.7944343936233393
-0.00783043626250181
0.03330828165565153
0.5761420983021783
0.333774875542822
0.3461382467135289
0.9917205211682979
0.35639401860017994
0.4656772732918138
0.28578145077269057
0.8461449850278556
0.699837140301946
-0.2920161849156196
-0.6114250842228884
-0.2565009274478645
0.5656509208022302
-0.5184114156319989
-0.6299641090489232
-0.6105846245122281
-0.29563916098526366
-0.8292317510382881
0.13288883221952236
-0.5778598149377677
0.5996388630698646
-0.7558480972085937
0.9130252537102865
-0.6575821254530916
-0.8034068538111885
-0.36631419354020983
0.3946279805411665
0.5948715143296677
0.19776896585150586
0.5566906879217727
-0.7866577479810698
0.36021343146924595
-0.6561130611945736
-0.9034894779325644
-0.4986488592411598
0.48562045572295454
-0.7538358096480454
-0.8018419051777258
-0.2114878373884051
-0.6106778409612351
0.9324281958171067
0.8833846459305569
0.054618538735587106
-0.6250877214366004
0.9212646303844961
-0.8844248038931926
-0.45595538509653466
0.34862725113066745
-0.9632797439636738
0.9724387942128979
0.6472755631038424
-0.37233629238955007
0.20938887618695023
-0.6654300735014278
-0.2503208736104069
-0.6749530294757276
-0.11438206636706244
-0.9827606640693923
-0.0921541224199738
-0.9142500630691867
0.9594057406901475
0.8122758643462292
-0.33967347815615745
-0.928024930893828
-0.08504456694099068
-0.7932578639011919
-0.19089993188483892
0.25083217936078495
-0.2317803312339659
0.2615768226562326
0.1407625324972345
0.5258813163789645
-0.9316499735592754
-0.9695205884869914
0.5391252645565567
-0.25437466255453284
-0.2402879789546566
-0.03371182582093318
-0.17003715112497933
-0.06740666841695639
-0.1944806842755902
-0.19866097232590835
-0.7615212009054906
0.9549070575113793
0.8597730633813496
0.9100400467072256
-0.7819405406464874
0.38122999658137174
0.19273814025310199
0.7966553690076285
0.04009962918834318
0.37410985908138444
-0.24740338703715037
-0.42642230590078406
-0.9876000264602898
0.6383612635145149
0.27327859096797974
-0.628509598419093
0.8790471051098404
-0.922304967500001
0.36221263043816104
0.5367953713173057
-0.783663515814316
0.08337152959143802
-0.10201784338348163
-0.6489673446090524
-0.5417900978942343
-0.6236671488186815
0.7853189117444503
0.9489987051520165
0.6078769205507885
-0.09041577931624684
0.39192226074847
-0.3800484883569413
-0.802063908654915
-0.2507131537015602
0.635324399059136
0.28613070312541383
0.5973532602737853
0.6372466767259949
-0.36472690762865767
-0.16845557037438616
0.4225818887842409
-0.1695485918451326
-0.13969318338725306
0.20578371771650592
0.586043552724331
-0.10361485106101652
-0.6521995464380104
0.7718075823932031
-0.10496301351006251
0.401407719405339
-0.8636558743600697
-0.5947420701611796
0.1969499132373951
-0.6460023435112612
0.6844675161928018
0.07354047265209826
0.2560514666273059
-0.9763180858564519
0.47155529423359005
0.7851316238534876
0.1430161013121562
-0.3433673097129883
-0.765889696993941
-0.34776619776734935
-0.8518616432199902
0.979442193481092
0.22205069313331616
0.6113144767480199
0.16344697110357284
-0.13893646959084022
0.053630162034379314
-0.5023554163320496
0.2770870918939099
-0.8281600441778116
0.39400496601183693
0.4919775664813736
0.8653020524116163
-0.04442537303526402
0.156770219976765
-0.14842360056625542
-0.8946721609163356
-0.03348058742210608
-0.589474695927496
0.35726693623979083
-0.7659994269497863
-0.629595077571338
-0.2215584215812322
-0.7139753657554182
-0.8294978953835737
-0.037134295702039175
0.4409426731735732
-0.25809079721735945
-0.8675447984310236
-0.7848889844030872
0.32766691996755115
0.8298886276972668
-0.20119809552245735
-0.6371381393599632
0.7542081834582153
-0.6651327261947779
-0.001043364739086176
0.4895978625801435
0.3160306367921985
0.5946389809617082
0.997786263610041
-0.15532977221310174
-0.4416182905605958
0.18489199851590707
-0.25400060884293013
-0.2921196185949776
-0.9652903921604002
0.3795424917972382
0.9247326799185802
0.19127175924437226
-0.496878620111937
0.6889941848288753
0.10040710172202216
-0.5182800421015786
0.7803799049381152
-0.7290744127215348
-0.1309025268885537
-0.14381270923536416
0.193331895470268
0.45456709735863277
0.6230090786487321
0.1322252210318219
0.3937791947592032
0.6056960245598689
-0.800967133186882
-0.2226259676937535
-0.9234425691369369
-0.8611635140520786
0.1476722949919867
-0.1607757598058998
0.8726475525502723
0.16984008421178073
-0.8189010331737718
0.375332585183878
0.7064918536557826
-0.235543202024983
-0.6890626699253238
0.8318828915696208
0.13715160260891815
-0.6639836539680384
-0.9358321660071719
0.43593104299920954
-0.38316618347403825
-0.4283105989334596
-0.15474399935395772
0.7740971536330337
0.4631398438575101
-0.6112572554247513
0.5937880320814126
-0.4239320109774226
-0.4668290067047189
-0.34610400790858237
0.8782376587706776
0.9130390588184564
0.36872192775242685
-0.8516550161790581
0.9394211491235581
0.3020031629759112
0.305281737329649
0.8263349061226413
-0.9280841145528975
0.9829814985876215
-0.8996417159335084
0.5633226333946895
-0.0199218116966098
0.4573558517872418
-0.9501789667618339
-0.06701841312947823
0.10884542188721293
-0.9415219173975866
-0.5887933408927415
-0.5412992325622799
-0.6825345758245229
0.3542563253240914
0.653624701981052
-0.7624928646525436
0.8651721099583665
-0.1690935371630959
-0.3835296435228141
0.16385499990905114
-0.8533202453654609
0.8613441923835011
0.49197639666848486
1
0.330934212680276
0.851449190244022
0.24005142834577778
-0.21182030999647652
-0.7616151335541814
0.6517532375314683
-0.836682563322535
0.3767788415761482
0.4659727051313502
-0.7522670889913388
0.1127535457549015
-0.2913615034356905
0.8170847810427039
0.6125398073941376
-0.41935747956525254
0.6933972580784835
0.7297776464915675
-0.8083327662873614
0.44296205151483503
-0.4855156220855997
-0.12470561313463435
0.7085903602303614
-0.20419160789214996
0.02366481243061578
0.8813504764253388
-0.22798221325872778
0.12336797543925729
0.7456281248100569
-0.9929075275094252
0.6733512883461902
0.03749354859118895
-0.036701273825622785
0.821264980784681
0.7427556991940681
-0.7755555829657513
0.5521202265821867
-0.20593025271139287
0.04276071278241434
0.2205728445655446
0.20650946005967089
-0.9336421580263529
0.10699494677089035
0.9990902146673963
-0.08943120034552653
-0.5554930346884449
0.1106699394028196
0.6155238346224025
0.551260596700302
-0.852673186803423
0.7743123750134013
-0.19886054747753507
0.436333426257598
-0.019717382540567024
-0.9018858639193391
-0.5344841439539058
0.12495954361610498
0.6313380577260335
-0.3801986640967875
0.5195719211886821
0.25018334424258176
-0.2866025956616359
0.507303788713255
0.7334402183057224
-0.2015985933670163
0.7050800559909113
-0.642948426046233
-0.025088247274297062
-0.6029216087233737
-0.9757672012135424
-0.004565634288028274
0.7652517931808349
0.48239307200243026
-0.8740194498702565
-0.6135607459333011
-0.6300223359883218
0.33686396859738205
0.5444859419120082
0.4452001488195088
-0.7576580775476452
0.6709174217550165
-0.33640537751328536
0.9232300310320297
0.8931544212527601
0.724444551095571
0.3851339926483767
-0.8745708425043796
-0.1487417507673958
-0.12032091115840808
0.8906302374771772
0.822219401063105
0.1642283784252809
0.047819040622012976
0.5191896419048941
0.9576378398678571
-0.3712958647803754
-0.8706107024729222
0.1957451801484804
