0.6346830658662875
0.3992890625455765
0.36615445887160325
1
0.3128532512575303
-0.7328319217031253
-0.9263252055454908
-0.22690306219293724
0.13144812086754284
0.24376030704003318
-0.7908765335467254
0.23345271106937868
-0.3067707417961054
0.7566237137444893
0.4188741216825654
-0.904007325481376
0.7847305136335047
-0.4602171966252448
0.5769643485034136
0.1682234511801973
-0.6772696541831343
-0.31806291699341027
-0.43817530315098957
0.31740280722909864
0.46195902323779325
-0.29391767932254254
-0.21264634047212702
-0.48168282657454015
-0.6523712881399931
-0.2654734096602876
-0.15978967091219484
-0.7383822811669049
0.5797699589286716
0.30909320759962283
0.6471316809506092
-0.08160255637095581
0.29342159687227226
-0.1075183300191665
-0.7608467270438842
-0.35938829369418646
0.5632628921566899
0.23429427235563616
0.5358653991122782
-0.21856551290082663
0.25985061825363237
-0.04419007727743021
-0.1936196349400836
-0.03413164374770582
0.09608687590333821
0.7152911482968891
-0.2852999186063578
-0.8544520628026238
-0.6295046220434555
0.8931569418856005
0.9610569890424209
-0.21016528673848425
-0.8121813527251883
0.6357728528534059
0.8716073745070052
0.268955227701036
0.8803717045135083
0.5929999813182543
-0.012358317661720086
0.5078097123527846
-0.018554849231403294
-0.8639191855379448
-0.977100481309094
-0.877859779176037
0.5288043130241818
-0.49386970243252143
-0.050578504720644346
0.7883707037421999
-0.43444572031060674
-0.09851510542631994
-0.08334842222123201
0.8171774259968986
0.2278721551950342
-0.345977488339925
-0.5535917855414729
-0.3109521787271163
-0.5413257311491321
-0.06588046064269582
0.17772491528758727
-0.18179917268048967
0.8446040024751981
0.2136713813963893
0.8698580414607827
0.17320701549133183
-0.72754538477352
-0.855718322760036
0.5166756572535469
0.9167305028765504
-0.02772257612679326
-0.6101194285879307
-0.8878384407545582
0.5436534834871876
-0.28719264368286823
0.914649670420983
-0.6213819973297836
0.31344828741474584
0.7476660579956046
0.15316684267371
0.0717963108062663
0.47644231606451726
-0.4968089202132486
0.4462425079827736
-0.44489611470330725
-0.7188892038081659
-0.9355868633555924
-0.33123163567141434
0.9375753469842085
0.37367639817584286
-0.7820568290764468
-0.8105771329439708
0.6035324152664533
-0.40522677132779067
0.488954812464068
-0.5797105965231042
0.913068222715432
-0.3733638960036657
0.396321759411285
-0.25986658317268263
-0.644066579618537
0.024653653326275157
0.7414481073337019
0.7858676834807661
-0.2728383627073507
0.49904562102620975
-0.8314121758166655
-0.5523685778352077
0.04915170582752809
-0.30226759693937716
-0.1334232718232666
0.04017128818898633
-0.4166504549954094
-0.2537345387059292
0.49417229600626117
0.8158990515073433
0.4048418152202399
-0.15497385862017757
-0.42262753892123267
-0.9978734442489646
-0.487996293195362
-0.01744747679569255
0.8635854696011679
-0.9118040697486732
-0.2077800758181802
0.7426458153031913
-0.5116724588988439
0.9535466140792657
-0.4279410967360718
-0.27709351200971544
0.7315240277304543
-0.7580842764984652
-0.44343103538993295
-0.6837091926033214
0.9345486017901324
-0.516912981720412
0.35757954797096336
-0.41248043994387934
0.06133951528592931
-0.43930586442819913
0.35051213160709943
-0.0792713300226225
0.9637180729705204
0.4227858527611778
0.021437931767775285
-0.44295196936138
0.31964338292369393
0.06973637408532499
-0.12418074038110304
-0.3000591316632083
0.5729026815760251
2.8267203030058266e-05
0.6878778604101108
0.6502959631499408
0.407893300766252
-0.2950717470084226
0.5259021813794942
-0.8168772426562734
-0.32384593260289957
-0.3931725768898938
-0.5132332420143795
-0.3725661635794195
-0.9336502430115157
-0.44319023929690327
-0.5479457141509371
0.1507764519666719
0.853710272297537
0.10000125874431809
0.9187850439884763
-0.7448638205670489
-0.32043287707122
-0.20541086352800567
0.1745622138662854
-0.13111420127004483
-0.5909498354103391
-0.15574370016909822
0.2814148576892117
-0.06949814880100068
-0.19615278995767202
-0.46964082896301956
0.128449371202467
-0.8649734902492886
0.37174091912359125
-0.2740278151498812
-0.0033200033168729478
-0.556063303043604
0.2073367503246338
0.294454088433504
0.8913461362688817
0.646922436412755
0.9480886848753878
-0.7730316800592583
-0.5830668121380371
-0.7470273826218187
-0.662333391948688
-0.95576018779112
0.028949102068596078
-0.23077292987671943
-0.15086940779920674
-0.7736774928852661
-0.8467422895713186
-0.5028388932094962
0.4252703794974284
0.06939938531163906
0.6772295573204761
-0.5144055667579074
0.6300416638352669
0.32001274473141683
-0.1639431120649259
0.03427201068603825
0.5610202538784674
0.31067960548476314
-0.21912626070368937
0.8101645493654669
-1
0.5418686419499686
-0.19845425891088708
0.3121267806831004
0.1799773101037186
0.9277171742579688
-0.819057858268851
-0.47159446519957976
0.6906045086958386
0.279904363779016
0.42607417009854137
0.4840070349874013
0.7376267162936813
0.40005088719325127
0.061370292064343614
0.2963855914745679
0.48023395961112314
-0.0561799771682458
0.3589969453023302
-0.014377392399359014
-0.22330031284369267
-0.22976722389060092
-0.11204427290465267
-0.649538239388417
0.3620866567133948
-0.3497607569295622
-0.89796995463547
0.724651557308168
0.78025325488353
0.05949791482512837
-0.23772566829877306
0.8982476527179641
-0.6598837819458478
-0.8154803259727897
0.3848424343561249
-0.2199536601827135
0.641285396605915
-0.16930681174699141
0.821254186351325
0.19696225984601512
-0.32271389214240964
-0.31379205654632136
-0.7703176187844445
-0.14256084073825145
0.08349848834846682
0.6419297710671786
0.18522657110027166
-0.23639269774551144
0.04564567844436558
-0.5459909035084065
0.2047024417460917
-0.6087783273329626
0.381135028196506
0.5127605096189577
-0.1841562158800928
-0.3958974092322674
0.28644946834802554
-0.5174894604809599
-0.05402951780136125
-0.014499530741474951
-0.4094647421783004
0.7213757387916552
-0.06546533205750811
-0.37384512796457764
0.5039446252465334
-0.9281633643841217
0.2764555745334621
-0.3091247005120299
0.0885414544071118
0.9283611360966897
0.7062075225269686
-0.21603676320783957
-0.9242115783591569
-0.02982607875531325
0.6099879463664614
0.6361811728078577
0.6152523567471859
-0.5818459876841399
-0.504399616246537
-0.9420534966375866
-0.6499727370372862
0.10771222841836699
-0.20938904336492947
0.08890294992715726
0.09622854004710607
0.40227234969827497
-0.7583499232944322
-0.969925754080579
-0.7719554209672951
-0.15966333874811373
0.12072330429728784
0.9349563627472427
-0.9959002357508587
-0.7221286462529298
-0.07614292743076112
-0.3452768363154473
0.268656148940424
0.14066419297193644
-0.10967818481282313
-0.6827722045511861
-0.050639450666369434
0.5428693642432062
-0.7496847577257614
-0.14969356987659635
-0.17176838370920539
-0.3375046353824444
0.26014370316956176
-0.17840188085556652
0.10068432507820503
0.672239193802713
-0.5775984959847587
0.5248593828258106
0.25171624192178327
0.937924469818015
0.37467994225898893
0.942415267162434
-0.7181916225467527
0.9343205627087208
0.7154131123102295
-0.4588144142947914
0.4842791706383467
0.11384417203990067
0.6888499603605722
0.8735826178130839
-0.21739144298387553
-0.18786428096941493
-0.37137169352450605
0.660124894318409
0.04467253663615136
-0.8129389432010089
-0.7687987809835268
0.3725306048792691
-0.009324507970811514
-0.6077106633089024
0.6968990392263756
0.7740571951119375
0.06533096554498441
-0.16038360462411308
0.5760198856497434
-0.3989021119549542
-0.8099781717985705
0.22529588213472726
-0.9728181947520699
0.9423769837555857
0.3110446108938982
0.13528441755713752
-0.6638959753188078
-0.2907378449177247
0.8567252726773329
0.6392766447643453
0.06268429246703003
0.11871428021875736
-0.8009903469055887
-0.49013779495317117
0.9842538934797637
-0.8911281204907017
0.26945559506377903
0.2116922366256268
0.5711308722555343
0.4314917307033575
0.4131911107613479
-0.48683128265831715
-0.7991725048630075
0.7080380139449073
-0.9738502342925555
0.38455542040834473
-0.8126730566131548
0.13472562349211126
0.025123101432218912
-0.858229374577512
-0.8525998212641375
0.13499830509889957
-0.5313835452811385
0.3610991848856632
0.2512028250380856
-0.6772935574857651
0.642491332389835
-0.5573709891277134
0.49398254101860173
0.6739852426305761
-0.6601137967062874
-0.1815038343394668
0.6781711360839919
0.10155631783753788
-0.7885418136564198
-0.18952812892350446
-0.38012958605267444
-0.06711594724567987
0.566724318927378
0.7544426661716942
0.4168579147807611
0.6456021976370317
-0.24935682462157446
-0.6226687993644368
0.8791093837455025
0.8406071892762458
-0.5379290583975928
0.45100834450984795
-0.8231671372346787
0.9337501750732692
-0.013350661235551668
-0.41904283211783455
0.7645772634535054
0.04485131811524388
-0.2562138055568445
0.39913300544464636
0.7922807348539714
-0.7821138813958668
-0.2195802163848696
-0.5824494211262327
0.006500445785584856
-0.5806657059366134
-0.1960057988366208
-0.8491024945664293
-0.32343503401859225
0.5088277588315782
-0.27198089097762435
-0.31358271337323634
-0.18601536263635826
-0.3921960701086634
-0.5554474901141875
-0.36483566284612784
0.11423599236266978
0.20041426569431425
-0.42142114459748337
0.9195378992202236
-0.515586068282468
-0.8134390485293411
-0.7943487107861377
0.45716946489073307
0.4522664700878358
-0.07249502569365376
2.0826528910472975e-05
-0.7910805625461967
-0.8434773962421389
0.16475206622452748
-0.4081882212815653
-0.5557120114226307
-0.7546926060135579
0.5213583781477571
-0.6509202331265325
-0.9135506053638783
0.5539004536255737
-0.17133322001250723
-0.6761052112600558
0.8700392590754901
-0.37562580372186966
0.4207614627014102
0.5631267835954747
0.8313751694493956
-0.2858139115153253
0.0018455424078091046
0.6880795296939057
0.31912233614222363
0.07096532416730875
-0.5645586476443791
-0.5198902962725125
0.7566743115159998
0.7092296835128579
-0.20863202960026353
-0.9084668942196836
-0.018519604164599857
0.4270823796269759
0.0021411671912449507
0.06479529444967265
0.33743882359586397
0.7916653076191182
0.6777084479255966
-0.40221619858848445
0.745625198910135
-0.16238593790962313
-0.6256345837279528
0.8361971496943064
0.0631988870104734
-0.08149130587972933
0.23028875353400888
0.5199589718997435
-0.5369256999387956
0.942809436736717
-0.01730131662889395
-0.5548611545306507
0.6685789357794557
-0.8615924858780588
0.8499854531323193
-0.9085489338839347
-0.2752194329290783
-0.28495115638355256
-0.6933617136102078
-0.6443870171109747
-0.9912515848403026
-0.10416868439833603
0.028754235950418684
-0.555735434321091
0.7655668004551673
0.3868927551584397
-0.9716961125705595
0.9071321850996368
0.9205900996788053
0.14449695563055454
-0.20265210050692503
0.3424699671747129
-0.23034653573353864
0.4614683779972218
-0.2002813262278675
0.8188849448076282
0.006086196953756503
0.5287691254807968
-0.060122094876468954
-0.633999225095941
-0.8369878459166722
-0.6624803546641622
0.5950172714776614
0.5263849105774154
-0.35722135730919374
0.5682857851396028
0.5225953785578364
-0.3141236602680451
-0.0021232332772492583
-0.16520483443949321
0.808861251235354
0.889690315356376
-0.3898323165112382
-0.35539467888086407
0.4357155217092359
-0.23456264692830728
0.9273290539502927
-0.19713936210025235
-0.4056107780860031
0.7326003723416754
-0.8709920063026327
-0.31935849572632535
-0.8843304296036383
-0.673303542620897
0.47259395002440735
-0.3138023513905994
0.5979381056824569
-0.1719425565524002
-0.5252291744538377
-0.5467475717535555
0.3212267679911418
0.4225072212827877
-0.3694631236180409
0.3079925897724933
-0.46943521791932996
0.8015047466797077
-0.2771354735759642
-0.026513411434673465
0.6816435188017529
0.5776891927654392
-0.5649852155101387
0.833893056036519
-0.30945663605958446
0.4569410209045266
0.6253314393539123
-0.9397769640268758
-0.09909507551478079
-0.2329605492288774
-0.16864546081405052
0.5756861315024082
0.4857630402682736
-0.46647661302711657
0.7038896261653876
-0.1730831270163475
0.49185761645989406
0.6203311154119237
-0.47640561161516454
-0.6727051203483437
0.20793358510077845
0.16745211066683002
0.35940297677371946
-0.5585556901786091
0.537210510700881
0.41727012648006084
0.6295637102683406
-0.3698835473755486
0.5920789915317296
-0.575161030081273
-0.67119764418821
0.8323804654627892
-0.9674588822071538
-0.691465286251004
-0.16732038877308217
0.2735410414907751
-0.2857472957422949
0.29362156860418875
0.16265727677873562
-0.43718742652813136
0.9257397983600265
-0.6298241102088211
-0.12713077385922286
-0.33452935393134237
0.7645162471954593
-0.24152110486832132
0.9782163936984686
0.5117963609016777
0.19317730742699202
0.8609409776823319
0.1982627594637605
-0.6212823289698616
0.3181355784605457
-0.6249547376912135
0.737515411679696
-0.020171606228979174
0.936665626079275
0.7391656018296545
0.2558735551213513
0.9810851694343599
-0.2749023785203478
0.31844022242560033
0.5816632055741325
0.9624565377707183
-0.6575074169851777
0.19872251751322872
-0.07521142873372866
0.35182979648853574
-0.3260077447568836
-0.2420736085606491
-0.9773684566171353
-0.1807384312524607
0.956899700106944
-0.8354376663249128
0.5774143852447051
-0.4269780076747461
-0.9950515809496949
0.4794439772112016
0.7612795308797435
-0.8354820908065946
0.039036554819057184
0.942319473587872
0.29873863458098443
-0.9730111926345988
-0.6991010090260175
0.9478887114278208
-0.9589281498366938
-0.7150464118013875
-0.21615261955781873
0.5868756679886095
0.5246223848770464
-0.7635054571303154
-0.5496963950450756
0.03678978782030674
0.5905496348500896
0.43491872145430943
-0.1060839060593584
0.47995293887055346
0.06974643130053991
0.5274604451270508
-0.8275853785112348
0.4799800260229607
-0.39549348435570164
0.5644633452291794
-0.2963910277972801
-0.2142177097233698
-0.326781258904055
0.2104216587735215
0.987359306697628
0.6908995260477051
-0.03771040690282958
0.7898438603031722
0.3450781008760586
-0.7323628806937863
-0.4977859307191818
-0.9515790390975352
0.10384292361038264
-0.028276967790029764
-0.4041875927689152
-0.7715573063754895
-0.4951318014484967
0.6608639369963631
0.8138392385160124
0.36343075129451513
0.7182217249076426
-0.5071728817719161
0.6843798078732415
-0.8423370289841497
0.8848010879792008
0.5374691181296314
0.6908930267408868
-0.6008728839094394
-0.3257869176217776
0.5802109759839714
0.42707543149725535
-0.018395735581794796
-0.32483400024481945
-0.7051857813724064
-0.621207481442451
-0.18809408186286994
-0.0747963586526724
0.6783991724655241
-0.33088115009266034
-0.8359858544734139
-0.30926221789611796
0.1254832199342758
0.5726097004635544
0.006235798943764586
-0.3376981053210622
0.3806359284687664
0.6226244595846752
-0.3455216049501209
0.396672617264524
0.8723129966732147
0.5710176918037771
0.8348325788132099
-0.26408686245066765
-0.5415815817343299
-0.8796659708389009
0.8535425268201412
0.4645623525328601
0.11182716103638478
-0.08111291906884063
0.7618116372669225
0.21235584072518723
0.15664554715926296
-0.5151497023779525
-0.11654522485918752
-0.5213222815524866
0.5397501950674021
-0.7249451264442313
0.8615957827904039
0.49661736734933093
-0.977345088364667
0.017609057963697827
0.975799834538851
-0.49391222712981453
-0.6858410329836246
-0.4352163422120932
0.7476769975839948
0.1284256672276672
-0.9924673905870319
-0.2508923285347142
-0.30418730863457777
0.760915170609256
-1
-0.9196165943567791
-0.059273609366881974
-0.334169592457666
-0.008374228915019055
0.17986769450040663
-0.7202765949242268
-0.3533907318502281
0.4261182831658134
-0.2267257290685601
0.8831449786355295
0.905052558025245
-0.9012267555824794
-0.6143764667842341
0.7002714239014715
-0.3383920709816767
0.8980003476818481
0.3784245743925772
0.6317648358187623
-0.9789514501181167
-0.6649691538388007
-0.6892335620992633
0.8709173639557346
-0.9681537262586786
0.5460923338271525
0.25135325603203756
-0.7464358122486324
0.7990100883570495
0.6808065451243539
-0.2874727480347502
-0.29376089377467623
-0.887926857436572
0.5012077928648833
-0.1897773368497652
0.8023641802178391
-0.41654737883956966
-0.7260570556641216
-0.09959865196313446
0.015325912012096543
-0.031066907322996523
-0.8413889732672903
0.9404194002159862
-0.1632692285598726
-0.17385707459513972
-0.1644669269319243
0.495949177136176
0.7779299702484826
0.5009446553217574
0.9693953991076198
0.13644357212792518
-0.8312469512495422
0.6525645581655167
-0.6520223022743764
0.5507858934256324
-0.855239393804998
0.3932767353644994
-0.059674839113644906
-0.672186312905897
-0.19617443115248295
0.5338510154944677
-0.36196479053982394
-0.7831249163275041
-0.021765340138518885
-0.2965268307798976
0.9141770763392177
-0.22483365115752144
-0.3718307067941947
0.194691658128183
0.5188855791313771
0.9567225411185125
-0.10951416063594835
-0.2667880160185231
-0.14560898558149507
-1
0.3754767500179789
0.2600895310205403
-0.8869794922272312
0.9548424265359248
-0.3051913136235079
-0.6288794552717556
-0.3071268372980071
0.12933362268814252
0.8065250741645157
0.916177004353589
0.19066165481932337
-0.2777031562058788
0.5247669274280122
0.724386805513656
0.9933645475566051
-0.09579767973805617
0.7499407981040502
-0.7509994551089609
0.7840312436237786
0.9254798623422233
0.8508998138357625
0.8794533728424067
-0.7960232227057288
-0.16238097505118954
-0.035026345316333016
0.42445923747484443
0.44938036749775184
-0.3795285133452587
0.8323801751760186
-0.3582081609546978
0.4421591119055326
0.34666674634718964
0.45848791267787853
0.16841960759342434
-0.7915752895546826
-0.9120513599468859
-0.1464529939235742
-0.19789709767896732
0.7298874040306882
-0.01408865931264103
-0.10349094688212696
0.5556005483981351
-0.03814680489378621
0.7114699238966417
0.4080310347866632
0.0032607299802448917
-0.5894282143008239
-0.35838281240090863
-0.469003896526347
0.25959474652180975
-0.0006735749977477244
-0.2947212482413184
0.05375285336584636
-0.5902723119144322
-0.4986715270498579
0.6210478997899463
0.09836514155361364
0.8518717654781776
0.6609452462672606
0.7436624394026573
-0.25901451675132203
0.07558998117942127
-0.8247752270901217
0.28652395628366617
0.8460183277285285
-0.1421740207971162
-0.10850761074146031
0.8813788452224944
-0.7780899626557038
0.935891909261371
-0.050954118677283534
0.08571275514825104
-0.40223666316156026
0.3394907352383756
0.33308417547936625
0.1457074003323101
0.13469172130879337
0.7568794665439925
-0.6572105684270697
0.8395536739156223
-0.249516907410481
0.7439651659121685
0.5757652860796096
-0.422147084953413
0.7689133029365016
-0.4486428377158351
-0.942513194840117
-0.006307642357733283
0.6536668853577532
-0.9882546927001484
-0.6548025378562202
0.05298779518956168
-0.8194922811496264
0.18786418698173105
-0.05995670266715701
-0.9619208940686597
-0.4801293307019577
-0.6605952575220302
0.6149578138098671
-0.29823671314260175
-0.8884915439997938
0.2916230069702133
0.4899801021549132
-0.11250295163467745
0.7511289850791755
-0.08731140125888386
0.7565318961384186
-0.543812274823215
0.374159502013653
0.799854014963506
-0.2546292647736047
-0.9674872399348705
-0.207595347753039
-0.643493794428263
0.7880824988058124
0.8425013070554661
-0.6702909672303535
0.5928786202196857
-0.16377239834347615
0.8848509575557985
-0.09651693361999492
-0.3736300385597665
-0.9791586149959929
-0.5057446296390858
0.23588545960577542
0.03724488081293546
0.6064366929242939
0.6860462706205107
-0.05004964953658918
0.3311993297843236
-0.4610684353994561
0.11994730299809546
-0.011703624570932065
-0.7221061779435586
-0.3871693537134708
0.8998139580620294
-0.8573954372172234
0.8590637862021853
0.2605120247456666
0.3675439130783703
-0.5620378457350477
-0.11800611036551906
0.2325030094980119
-0.6698644954730048
0.5722010512123662
0.5804423642422739
0.954282482867311
0.03891211694991911
-0.2733757484222948
0.6835037916683586
0.3347059670371188
-0.9076104322543104
0.4428309828826213
-0.6390034442336464
-0.30195008723556704
-0.7162830171483554
-0.8227062665440381
-0.9040563784553433
0.916009801935275
-0.6606919979885517
-0.8241148368891442
-0.453736043800666
-0.23705605759390527
0.5370779903475367
0.3240081424693494
-0.6214980741742289
-0.27601502148334517
0.6864694260597684
0.955046975037366
0.6802285081518216
-0.042578534382505764
-0.8755109520704926
0.3721632671788897
-0.38197020785861185
-0.6414683165862972
-0.03587039571463366
-0.5603904798426064
-0.17643120039280413
-0.7732633160724324
0.4737881333408381
0.3776366726478992
-0.04939814784584063
0.7556315833436813
-0.9433972082607979
0.5586061230999052
-0.5199905814913769
0.3318117268657547
0.5167029778383135
0.27670818258855406
-0.36780923941201144
0.3102980506571263
-0.12027716511569356
-0.9071334178262754
-0.5162357893587529
0.9913166297058446
-0.1347178174530229
-0.9837783470714337
-0.605012001963914
-0.9307550458743042
-0.23604688552768732
-0.3021773793007304
-0.8199159177533001
0.5234193583295987
-0.8778088196300121
0.45116294789177247
-0.3287130196109867
-0.7345734218249432
0.8922547563016997
-0.361163399895701
-0.2459256733345068
0.4584375993914338
-0.8611968012553002
0.4659556916012105
0.28163881707645133
-0.025619458299386715
0.3686592362689847
-0.08507910137876426
0.5872698146941636
-0.9652279983281495
0.45656810917179974
-0.00027440085340243786
0.14049157776254156
-0.09947777338141316
-0.09605026273525644
-1
-0.9886668895564628
0.02559898699353553
0.029947302127454174
0.41745934421763
0.9754169588467548
-0.510725708849041
0.7761624866259774
0.41611998109536835
-0.10330705623083482
-0.7400451328637612
-0.553803564683334
0.12463304186756873
-0.23887809472926022
-0.9655188573759005
0.8976641568352771
0.3327061071162246
0.7454815047707376
-0.9786302633259809
0.6392038951743083
-0.026764885182744114
-0.1687828910917659
-0.019915149548021552
0.5314642675767507
-0.2314336865365779
-0.24678723939083072
0.2322350991942769
0.8587097375316293
0.4438286480425324
0.4116084890889269
0.4560562122046509
-0.39952137693933376
0.2951067343400526
-0.32093285051375514
-0.36541259471574067
0.26457998788946363
0.9503137789417341
0.01602854680505416
0.13308863115937158
0.45611807183751824
0.3169312041199962
0.38202616528990735
0.4436369666921223
-0.34791099441809087
-0.03624021898125864
-0.8821953017475196
0.09335220812919857
-0.7166978172429874
0.7410372709808655
-0.6062091021888387
-0.419453902992019
-0.6829396335520239
0.7312271352524302
-0.593210045448566
-0.6057643090958316
0.23556921594789246
0.31718376929428244
-0.7005820721010848
-0.5942359461323172
-0.46914559822332885
0.4688286012093069
-0.45350801921658174
-0.16166310758190552
0.2710361314868659
0.24350732533614064
-0.07996680640801207
-0.19768057979536974
-0.6865606342044633
-0.3661573831915819
0.22136891579727952
-0.2762772918330253
0.262090188491567
0.060743555674624
-0.06786673824267848
-0.31729718833962167
0.5061509697973197
0.04546239650356929
-0.04279517436335491
-0.9258829925229908
0.9515692711928356
-0.8032408150428285
-0.3312417341343583
-0.8453245490350197
-0.45770853363921615
-0.6831186766702891
-0.8314071556561997
-0.5152720821230959
-0.25468547989176715
-0.9191901646476661
-0.034028089038653675
-0.8222701868718983
-0.41232747513780466
0.10312185151100552
-0.673486197644558
0.22429341050697527
-0.4058014862710195
0.8369684742066975
0.6543812439440292
0.7073399413188726
-0.9608686824816751
-0.6186321977705022
-0.967637852686249
0.8240547453126821
-0.3784190031391107
0.22067029447434536
0.8622380356874086
-0.7031926543420343
-0.7566075473284101
0.39396229545194206
0.8632472641489262
0.11945644511210729
-0.1994455863365669
0.3068994038176235
0.017688315576362402
0.1673747036455069
-0.7882447961732968
0.18214051826874855
-0.8615581271373514
-0.8428395698604726
0.08895998501730476
0.9164003547090023
0.592287021042249
0.10594014998862415
0.8515293112021877
0.16420661437751125
-0.36492160263132173
0.45148251718491694
-0.26364858920871587
-0.16692944796766535
-0.5044772076709004
0.4715888316848008
-0.7771215556751426
-0.4069921698044994
0.45558530980214307
0.4700628804793755
-0.6511624598266851
0.9036654862759813
-0.6879701396291157
-0.3719262961510205
-0.12846281798812456
0.34231650905677985
0.051116867398698695
0.4652806599160699
0.41311655500374855
0.8909749481731647
0.4680113772123172
0.7821138728053325
-0.6431105822700691
-0.40291821044156545
-0.12286659019241548
0.949058640938804
-0.6767497617966723
-0.7652284491161894
-0.6685834613089534
-0.06377706657352504
0.7152376400124559
-0.5631171768193224
-0.18769294410313683
-0.6829512375396873
-0.8872811416187975
-0.15012947250487074
-0.5985599908772552
-0.3406605541926492
0.2771217634444805
0.8717811537192541
0.9476755733103805
0.24197357163131178
0.39573122744665057
0.9037638163296364
-0.07322922907626586
0.5988582796524633
-0.6621545048430428
0.22627484411607543
-0.052392040495735794
-0.08114965155462922
-0.9886137139841494
-0.8708652235830794
-0.1030144117519621
0.3626169418953293
0.23954017331367744
0.9906374513633092
0.9007045052930227
-0.7495754105253217
-0.9931651871218413
-0.03390388745150143
0.15056504218063863
-0.8339176618171691
0.7191630051085031
-0.772632979808736
0.60506000318602
-0.3646873319057754
-0.28808029305534794
0.3136136874774709
0.7824208492752298
0.7674340107974144
-0.3694421515569604
-0.039947046241263745
0.23798590110689913
0.17825286717872868
0.5861586707215444
0.11973701266329893
0.9143914001964067
0.7851587393978638
0.12023148899347863
0.40920391084182434
0.20589626644187775
0.6609443827362411
0.7389490839300994
-0.7420192485184519
-0.5872469456536471
0.1659070862949723
-0.9672569257217681
0.7178274315755702
0.8274411683535203
0.024289393848792733
0.6276542962987154
-0.1332082014411778
0.4565655804945046
0.3006248384028679
-0.5108486167652102
-0.5163706277319872
-0.18689022979297196
0.11861638880579801
0.7657905107872996
-0.634482419033037
0.6165507170177156
0.04944665369967301
-0.9378566714206532
0.059302590297808475
-0.676549794853576
-0.14481712396219318
0.8104482321144165
-0.32904339977407004
-0.2018119505358395
-0.30811812794923704
0.2538072707393618
-0.9707070967867214
0.656714095857448
-0.03042341699187259
-0.14776074625617835
-0.1510367958835242
0.1398416598863632
0.3435186075463598
0.5610683601645994
0.6292786684239078
-0.23035850628409396
-0.041790450402323966
-0.8018012145121246
-0.45651699573757104
-0.27083489442531683
0.5065373247130608
-0.7351368425533976
-0.39846473262355714
0.49695099179919877
0.14969639091579137
0.014107262615724831
-0.871169461115346
0.34621087426113883
-0.42254685152081145
-0.6384362004563012
-0.731614923378667
0.3098553500705762
-0.30656354789380114
0.48460693639996394
0.03643030714789726
-0.5946812935409854
-0.6779548100275271
-0.3803301422274104
-0.3735869685940325
-0.21503535981683686
0.34912566636257303
-0.812153712108493
-0.45612198697809664
-0.5730132786041767
-0.014673687734413035
0.13320163643234678
0.4463159628270637
-0.7088815900978873
-0.08081434190186366
0.18500407246408912
0.3940537219912768
0.9792507400916837
-0.5911951137674709
0.8540608161295249
-0.5012323900318116
0.9969171247128993
0.7322993502492225
0.8116563646767381
-0.9396451965508934
-0.1917952845295411
-0.9067533830930242
0.45061837718904557
-0.16871677365943263
0.910150675926219
0.7501150108895703
-0.7179634728502221
-0.25560968327654604
-0.16638002277232036
-0.8528967919452207
-0.6075413469201986
-0.3307232091263501
-0.12066919799814814
-0.36254832899030004
-0.5842631223640634
0.45596409858905373
0.5457810443527101
-0.38560644157291046
0.9256793047412428
-0.05069815110002402
-0.6193477302342236
-0.0008761439020442898
-0.42085156379920075
-0.8658452314646699
-0.42931956520415443
0.04890057257911303
-0.6713936333304474
-0.3487388840857051
0.9746170775929638
-0.4020436619329365
0.5053410237421867
-0.947622534478366
-0.6525979380128261
0.11472207188552803
-0.5971953840363822
-0.005542936040760839
0.5769065647612716
-0.28228577144684514
0.3583762771406146
-0.5718338818970732
0.851660691259699
0.17645591642715888
-0.3932437066669912
-0.3162011695057774
0.26761447645967273
-0.8468169510731571
-0.5251595449924752
-0.8228329970965854
0.8865536500694079
-0.21093291936522074
-0.19288416335659989
-0.5941008614692028
0.7000454826185276
0.6511869908973003
0.6461300824230344
0.7119329783607089
0.9200336634242967
0.31907905400138187
-0.7080237957954657
-0.6569876571703116
-0.5163455869618115
-0.48724012968590036
0.13826431444085793
-0.054494951778597145
0.2611787984068031
-0.6137075416189579
0.9635270833650994
0.7613207909841959
-0.9918163832790953
-0.3478565145105253
0.8815755154922638
-0.030910277947108836
0.9377253724329087
-0.2749554295936702
0.8400713336561106
-0.5024605032781055
-0.10878980238032732
0.20711452632817368
0.1687456062481232
-0.25461017251610446
0.7606774697811871
-0.3075197350983167
0.7238149283419246
-0.7973425236846162
0.32717306494450504
0.695575643924146
-0.8219424718151321
0.8695383515808959
0.055231420221296505
0.7531471210009548
-0.01925517408477027
0.6200641202100016
0.45452329918989537
-0.497959263673448
-0.9446123256299916
0.3629103063078535
-0.6070393245281794
-0.09311255249049988
0.28944525081897904
-0.4897236242452316
0.062000178432250364
0.6477980650393265
-0.21819169501019298
0.8017295790121794
-0.4796500648903474
0.5968869258238881
0.436610690286729
0.2725875630912832
-0.8719124322877323
0.810783466289281
-0.8250483144174114
-0.5417561367380126
0.8345848235255068
0.06107041497593787
0.2563237906751829
0.9649907236735759
0.08945119912840793
-0.3324373734539285
-0.4479448610542801
0.3253645998074835
-0.10892974868793445
0.3203040765714519
-0.5631371301539085
0.7056504521312049
0.8698389681408395
-0.20233539320622745
-0.22380533745354037
0.10084196811254963
0.8776383995937681
-0.5056841989321577
0.692987679246095
-0.9177718543104586
-0.20572883472262227
-0.9100433604633142
0.5941064223786169
0.13985789251942646
-0.8190191109865607
0.5855436671342377
0.25861283639994415
-0.7157206798734068
0.880459413053497
-0.4880543708911655
0.48679364206469594
-0.14878424546449412
-0.5895076627431801
0.38404445754642286
0.550722380321991
-0.8983340705156649
-0.09992906609347058
0.9625774899884452
0.25052261256509867
0.10551659772213003
-0.10380557786076212
0.7824676694221907
0.9907986983730804
-0.5002266081194906
0.16793590801824113
-0.6716110612251839
0.48621608557619783
-0.27184660401260735
-0.31326902158756015
-0.9662734746351026
0.9559329100129912
-0.47493851734254133
0.43863437101081376
-0.45345008885445637
-0.48000144479787055
0.673577274847465
-0.9776894066074563
0.016209703031104077
-0.20210427226615968
0.35024592210668665
0.2932379843210047
0.1030491951372252
-0.8185780000265696
0.5253282917059962
0.4965797035404098
0.8343424267511149
-0.5290327625406991
0.059850681792491714
0.8637342576738434
-0.5343377523532189
0.5707068638689736
-0.4739167378448105
-0.7661415806089796
-0.9944614127909095
-0.3722898580180119
-0.8806626791024648
-0.08816181075828827
0.2607052042750969
-0.6264902211828832
0.7108354506493093
0.6337873332527009
0.36719044798724665
0.14022202939355322
0.9280677366357595
0.8300259153836606
0.13475929248015323
0.2362814281986745
0.7988671902604919
-0.6938707083947641
0.6203926546325472
-0.4842441621136817
0.9131467109279056
0.9860560195219761
0.7807025136270815
-0.802298490897262
-0.9540534037737447
-0.8570616469341902
-0.9547441220581777
0.43522871200830726
0.8690390609511659
-0.6843391032531952
-0.31799851699121445
-0.32634536365061306
0.9152706882923652
-0.7221796519778548
-0.06119817076101139
0.9808594846210298
-0.8369736752960736
-0.48322847414502523
-0.2379658952139226
0.15505100717340342
-0.9553895972654982
-0.3272044577850064
-0.6141542611767108
0.40052831085643587
-0.14971672149790732
-0.16852678213452263
0.8301770104508309
-0.6835401841699431
-0.06998520271669283
-0.15906718917851992
-0.027472872500657657
0.22802040578155974
-0.3271533916643053
0.7369764752231085
-0.7341239947646324
-0.3169977371716289
0.013538315995096837
0.8860051223289976
0.5533736808118602
-0.7270049579792741
-0.3378582651315099
-0.6923930825073522
0.8447658387109472
0.4780806141067098
-0.9539168261954869
-0.8602468106306889
-0.48844618632384407
-0.7072301873336917
-0.5400357534493488
0.21430170004470322
0.16875416772756638
0.5808042649309006
0.5786748500299979
0.8214814423795926
-0.2863677213708884
0.6422405720187392
0.6485244614200005
-0.8252612447427528
0.20078547674332084
0.33934289172168325
-0.6761403079129025
0.9507899723251421
0.010264566643516791
0.2452154444704132
0.5160007462152397
-0.9194105535684441
-0.8405927443895865
0.005293384912842808
0.2662751257598328
-0.3287743346950737
-0.47477726328262915
-0.1025654810424116
0.9400702365816318
0.41968264322145815
0.30805630947444307
-0.4175866351896458
0.7940786046102624
0.27215967592291174
0.03289027673443498
-0.42617357698320024
0.2533756962856553
0.1718849836131654
-0.7749387955778101
0.3687793759077923
-0.3288287127868306
-0.2561280970150205
-0.5868911364722017
-0.31377681583510464
-0.20891009943890237
0.33868950549592797
-0.12978232391783048
-0.6787667913674091
-0.5234395946488949
-0.033105994341773005
0.4666198571379648
-0.914641954790027
0.6625760442659961
0.26269059392781824
0.5977254403309713
0.7354726658015734
0.47194605498470105
-0.3344026055105341
-0.5557195192496708
-0.5085587028502832
0.8170980534522599
-0.5930935086127254
0.6158309073264034
0.37530381327712453
-0.6743966333776427
-0.07968499676231129
0.8460405179159655
0.0198510745440442
-0.20082587068148827
0.8365638827913561
0.7104423558791788
0.8742445777720472
-0.06280006519866303
-0.4432547302914631
-0.5223703162580581
-0.7142487755247822
-0.33854947754626047
0.24176994078762407
0.39061843706814997
-0.7541752448118999
-0.23457746630983733
-0.11636727704472626
-0.28219814727595216
-0.7072181969274506
-0.9088451729752198
0.38911958900425136
0.33655328238925025
0.04929531481534074
-0.378876014704859
0.2264493252919221
-0.9456879743031451
0.9712221638758907
-0.9210871736065206
-0.6282045878869393
-0.5734855366883554
-0.4772539480255465
-0.04939467448175554
0.7103819908620537
0.15775457813993288
-0.5730312840809604
-0.850433579731706
0.03294629325572952
-0.3569249366073582
-0.9661239911401701
0.096061445425183
-0.8056767523414816
0.6632397303944181
-0.1851162365461106
-0.6913492181654949
-0.40038871449142344
-0.8545488174174469
-1
0.44320627132980034
0.6438537906898427
-0.2636297525854495
-0.3647391934297951
-0.06522172078025293
0.2633104916616361
-0.16552835927039364
0.3368714662606061
0.9217942352805637
0.34984993271010173
-0.22149021108197176
0.8367481027422121
-0.5419680553592799
-0.7680313879443015
-0.1713301350677961
-0.5091419191060497
-0.5271858126601666
-0.9018664191900245
0.16851398269696144
-0.15037227451795407
0.11542640719159594
0.7227714294177414
-0.5751271794632886
-0.07436860782808544
0.6917413780536745
-0.1438320905512772
-0.4217433250663871
-0.7726332159033512
0.6324083250837204
-0.8301117412761566
-0.5503877024530257
0.38374862315257674
-0.4420079508052339
-0.9684281360473226
-0.6162473758960558
0.14191904042826922
0.5850817996975105
-0.6475247836824206
-0.5266933493371211
0.9689080399186857
0.6917453296924027
0.6809951912364443
0.8889266226019472
-0.8691366978799185
0.2599024865844563
-0.6764943649093337
-0.5604670644855666
-0.5799958021361902
0.47419617056274066
-0.6685442200982638
-0.05073750854413353
-0.5193036393902895
0.014757133805455645
0.9756411870167031
-0.4132588619183697
0.40831984002631616
-0.6997053844023057
0.5616651947346027
0.6870590632440892
-0.9159867579792419
0.5789323516907708
-0.8004966530808042
0.6985721340291708
-0.12282612294377612
0.7491134304634114
-0.27336565885999503
-0.09066004964615207
0.4524812078769899
0.8411437813057487
-0.9462550701984703
0.9288682018014265
-0.4060780969467972
0.9647259352794061
-0.5419711142385987
-0.48425774024069473
-0.6523032638145103
0.9126154324611083
0.38717748320868584
0.6824150973099004
-0.762762311953573
0.22146757198395733
0.7746096235243869
-0.6974851209476015
0.5096229182779564
0.11172100892325965
0.5191068353211119
-0.30254051467588516
-0.2669464022138434
-0.713688546777892
-0.3881434512703131
0.32309330485720694
-0.08699382150937338
0.6029604244465938
0.1255576803755229
-0.38991006806126705
0.9403857329417259
0.4945333931007643
0.39314890561986504
-0.020320592982924976
-0.19167098979101818
-0.4512781523877235
-0.5368646138331651
0.3802294284800424
0.6931246958276033
0.949997203871053
1
0.7080659109587594
-0.9262196121680042
0.47650858411944214
0.4737466034875133
0.7828433593575251
0.5126210834656029
-0.37058262700479333
0.5909489487093345
0.9859443614972947
-0.667068600476213
-0.43728829240743844
0.6453100376134733
0.1187421992393639
-0.7791738925327875
-0.865114802235847
0.6906201382825705
-0.27621635975486863
0.4119897769095672
-0.10538325654495616
0.7811961760057984
0.6701146267236647
-0.03400225413984857
-0.06996224723277361
0.9711214048681752
0.21770956485380424
0.8591233231652335
-0.5704214289371519
-0.39006097430712394
0.4393126889764612
-0.6267102140018337
-0.4062058489689244
0.237045227384544
0.798116968680599
-0.6968552583713451
-0.5155143374813443
0.0943299911658546
-0.7103560090773481
-0.12447853253045305
-0.6308570413728808
0.8348492812626306
-0.13857871152340825
-0.9937086913384124
0.2407663331102153
0.49717998180840856
0.3809346061613664
0.007051073637574807
0.8248204856221388
0.7171466960208164
-0.36306747156999075
0.6056047101065839
0.9542063062552748
-0.061881717959176206
0.808098384868
0.16865374581801212
1
-0.7574708909622273
-0.9194243270868667
-0.3125348097974698
-0.684366005912715
0.07566487906805199
0.28761084631086137
-0.9828689903808024
0.17739577290447062
-0.4772571511923794
-0.6538917407396165
0.7962731506329078
0.5397869804788857
-0.7166124810559659
0.49626978153729656
0.8915776416762914
-0.4951652879527772
0.26524938318461483
0.5443611532547658
0.46548622373209053
-0.5522188359370185
0.18683473079420296
-0.7333742794184013
-0.40891920297314377
-0.568891363819289
-0.8775387735224449
0.46789748429457684
-0.4589386671396313
-0.7977231044829514
-0.17147269564783355
-0.7971297065718614
-0.16185467435001152
-0.05338910104840068
0.014753523778287035
0.5209624161316119
-0.9260974545206616
0.3559966076482978
0.3070403801968849
-0.08431019428999778
-0.4020612673786312
-0.7592548498745049
0.43791068904339875
0.6470496710548987
0.012136819840023256
0.6172755328485141
-0.8672728219701015
0.4037002899093318
0.8960512511513679
-0.4819479942489475
0.6000105687897571
0.37175356815818283
-0.20515125979620386
-0.7014731853473188
0.2152228449516872
-0.2608453290597527
-0.975624442907533
-0.6188801138646526
-0.26858234689583604
0.8105268253193245
0.28928675320883773
0.8906752046662427
-0.3165457759279764
0.22773199745253628
-0.6593979229006038
-0.41747677551346923
-0.4472897726606083
0.921940374615293
0.7067963411313972
-0.33890999794414167
0.6365076480750264
0.9740670286572136
-0.8462308559827205
0.35973745935455476
0.027320946943348377
-0.9455235651208772
-0.6310818225492224
0.7584475135726898
0.5988471888538984
-0.41151970364568424
0.3793895735778378
-0.23844697481334534
0.9554029816781443
-0.09525897450447064
-0.5900962368171914
-0.1958578578237906
0.99199160603086
0.4427823272764024
-0.3605994053256946
-0.270483027808681
-0.946314561083037
-0.11340344862747155
0.6943009247089057
0.7855550290432467
0.16688098755380076
-0.5498368398851591
0.25837936743117557
-0.3065486623084817
0.8756140869740859
-0.10797759281284605
0.04616833641845769
0.506651252397502
-0.9077114134167231
-0.14254886765332378
-0.3088523410972372
0.7589939112157456
-0.6024738490744929
0.07078020503243419
-0.6841606837331218
-0.9167636042321096
0.4185583256839462
-0.4032103642710547
0.17974034161487873
-0.02687305554676269
0.21604778069889338
-0.41227902386567256
-0.3060031597051514
0.739092489245113
-0.16355462175845714
0.9293601244010934
-0.5397209119597387
0.7587065342236522
-0.29624964903712553
-0.20888632794666728
0.6731855098638403
-0.04250264849383674
0.4918294094491123
-0.7069176684659287
0.7022929376155391
-0.9120745909098898
-0.11382187227658887
-0.6887978242041607
0.14463714613901024
-0.18493764561588458
0.7312210863533201
0.34286937365090103
-0.5585425486731427
-0.2891789521563472
0.5375009720396753
-0.07807884824055798
-0.3442138108525804
-0.7646517994821963
-0.3958273222165587
-0.5086186263165645
0.21476373089721446
-0.4093816328842643
0.5856409286609523
-0.5024216120317712
-0.7675480632068021
-0.32166873055072315
0.48804839354652413
-0.8245979505562282
-0.610654986397597
0.9374468727756944
-0.7960358723637868
0.03207969286972448
-0.7591038075900047
0.769559948280362
-0.16719698431482224
0.3142680221286828
-0.6629927684981769
-0.07993481849190143
-0.7882458790769711
-0.8533123723061069
0.6327508892376118
-0.5116301018316569
0.05685295079503087
0.06477480511810438
0.2943873435257594
0.20857338763291067
0.311023561240215
-0.51923877554459
-0.7072139058071342
0.6594705285450887
-0.12965406625555526
-0.7969972629214038
-0.017082692376005796
0.03918251442503777
0.5724078190931969
0.33510098327859755
0.3642957815583483
0.9797201114206744
0.3636744754445325
0.4649435765752763
0.3109149522737403
0.8581722517601662
0.6816470451866836
-0.2834118340353438
-0.6078753871861612
-0.26139829823178734
0.5711791414805297
-0.5352435279748607
-0.6429288300656603
-0.601737045859949
-0.2861668088162305
-0.8522618063802306
0.14940309718661404
-0.5827824741389812
0.5851877930893803
-0.784942841038791
0.9298358625548979
-0.6557513129363062
-0.8122816689636816
-0.34496165126574657
0.4088791363352495
0.6034916714466458
0.19643928212393164
0.5840027916497005
-0.7852216693920812
0.36825001928895873
-0.6631023432899376
-0.9148307687884788
-0.5055032126230092
0.4928333048873983
-0.7574603380032178
-0.8201105187871591
-0.2189849972573606
-0.6002290487498172
0.9296135964270331
0.8827311559030296
0.07322035410649358
-0.6429660129159313
0.9287434022251838
-0.8791510189870784
-0.4803604120305088
0.34711906878672677
-0.9536720947196333
0.9693147930713916
0.6525868990993454
-0.36543092169699404
0.19456279562755865
-0.6576108442594617
-0.2523692014318105
-0.6784348636643451
-0.13096811570058742
-0.9732378301431998
-0.1018388811085171
-0.899488494270572
0.9596421347748575
0.8103879821739942
-0.3358639694021168
-0.9208153080144754
-0.08076401622866246
-0.7663504940328826
-0.17711893921524174
0.2666568541640775
-0.2363630523891689
0.24581118154770346
0.1434485417986058
0.5243497191828399
-0.9384224591885483
-0.959925159158153
0.5561411375542826
-0.23523996811756154
-0.23183207984950213
-0.03814654418548869
-0.18491297772975349
-0.06432075083317834
-0.18332475387504124
-0.1880628962658623
-0.7465863654819903
0.956224028446381
0.8633345095262939
0.9168319711490398
-0.8094407988549056
0.37926559718721536
0.1946500941094836
0.7781866135380262
0.04879401853527287
0.35967143615112523
-0.2465458579580686
-0.4304154249405127
-1
0.6139808856690185
0.2649683810262522
-0.6347184437077892
0.8899852404615881
-0.9272783047680911
0.35703292033866174
0.5463303341460325
-0.7505464304790485
0.06934599104110993
-0.11045396361430646
-0.6629785081688052
-0.5522301071322259
-0.6005275215318658
0.7951446855888917
0.9363288581513441
0.5942625762501383
-0.10328047392800023
0.3905278801685391
-0.3684384313867003
-0.8145283363263027
-0.26403955882564717
0.6471954240811914
0.28510989190079183
0.5984009843310506
0.6420531111249524
-0.3576332267275443
-0.14040911647294407
0.41333079672347256
-0.173652978204323
-0.1566775400194868
0.20590849296252398
0.5761729466768436
-0.12133865403180724
-0.6588560887175972
0.7921800178991902
-0.09644800990434631
0.384894198242313
-0.8527477157637106
-0.5670624343432437
0.2113233161154239
-0.6354749584038749
0.6780394940555203
0.10193005027993643
0.23561134049660076
-0.9835734788977216
0.47177369915137163
0.7889543410924285
0.14554417537513847
-0.3219665765534601
-0.7692232035532263
-0.32120099972478977
-0.8740383009480035
0.9874963326585244
0.23212469092747276
0.6280795412338717
0.17535138909723527
-0.14965567323099252
0.06293388272935697
-0.4944863814859862
0.2855769798582358
-0.8461358242027612
0.3928168269172808
0.5024781592777665
0.889397932597116
-0.055525252812435325
0.14177518242729575
-0.12584331332303209
-0.9086100178948827
-0.028327490183787142
-0.5919750088804845
0.3409281164864187
-0.7720151217901765
-0.6284036302471071
-0.2358734214469696
-0.7229176737946953
-0.8128343868691026
-0.05797074030950243
0.43681999416807255
-0.27450482287712125
-0.8483332880557675
-0.7704016157781929
0.31891757596274944
0.8453102034154498
-0.188624815439208
-0.6557770256889837
0.7457697011798967
-0.6859050442455631
0.0011844315566807125
0.4973035437359126
0.32403488256644586
0.5742702467697591
0.9921455270055806
-0.15276925022724408
-0.4376053342567184
0.18898581040513346
-0.2463786489414116
-0.30163825404773653
-0.9516982234619717
0.3703417916774514
0.915781842647968
0.18394876208509775
-0.4975806740538606
0.6927899341417192
0.10156060444383258
-0.5266454325990919
0.77401103317259
-0.7359193180175037
-0.13228984050774412
-0.15251740902682523
0.19907970422657367
0.4646016460677633
0.6139229619044625
0.11855960088904972
0.415151577951407
0.6212541370565544
-0.7840224246449904
-0.24313599616718495
-0.9215698923961797
-0.8766233164407773
0.16778810136794564
-0.1826844655488321
0.8795041868395442
0.15234916397658085
-0.836248810921218
0.37659838034122123
0.7065284927675276
-0.23267307844692536
-0.6790133728143524
0.864873319579704
0.13089749823208802
-0.6489104022001846
-0.9301806293132584
0.43202942725520777
-0.3983606507929121
-0.426121128381691
-0.15687251835196966
0.7767421846381926
0.46229173029959475
-0.6068529199198331
0.6036429514083582
-0.41367519065790154
-0.46709552840372875
-0.32562341209793366
0.8865916241217161
0.9367224558442468
0.3949969245360448
-0.8526571970886637
0.9332941980901615
0.31207496571290083
0.2946682521485419
0.8201843691399773
-0.9392326811764504
0.9690347837930723
-0.9090778896987147
0.5583230961822616
-0.03541105802742053
0.4800120745702632
-0.9567181382049702
-0.08199819183413584
0.11778137217063389
-0.953836313960065
-0.5851309184557641
-0.5591831302075296
-0.6832964580742505
0.33816603874694934
0.6528069355703424
-0.7628222241608702
0.8571257676937905
-0.16750323534221798
-0.4018766160292955
0.15289116883976492
-0.873225872436249
0.8657081942302377
0.4898586972163723
0.9991238362180349
0.30758152441872944
0.8499569312155538
0.24851059718411167
-0.22509453511504743
-0.7612763956467753
0.6483592498037282
-0.8615397012896535
0.3760191605483978
0.4838139661638134
-0.7602228452657765
0.13100260975750677
-0.30230951150612334
0.8180865175589093
0.6313195778818147
-0.4164551747776776
0.6900132307205475
0.737171060047022
-0.7998585119110818
0.4648992792381386
-0.47911977831803776
-0.10921838042386957
0.7191028871064904
-0.19258432131539158
0.02949269949230405
0.8790806903909729
-0.21832778832953526
0.11828756252293485
0.771274571494386
-0.9946932919895789
0.6598522015143612
0.05421801481610718
-0.059239157473687534
0.8057938100091806
0.7685961313794764
-0.7896992927472106
0.5448535191941248
-0.20745559482861342
0.04197367444111287
0.22343807532988108
0.18878833945257464
-0.9397892361681335
0.10375927821537315
0.9919059346261033
-0.07917884736848996
-0.5743955462604835
0.12280176801300054
0.6108269576978401
0.5542895152092236
-0.8690985069983603
0.7763879497908481
-0.1915197579277687
0.42976851248403314
-0.029538363868221035
-0.9029631683921987
-0.5435881088784679
0.11713247452641942
0.6404667831170453
-0.4058110275834705
0.525665546427393
0.2589979900012792
-0.2933508879300366
0.48806200043811215
0.7295603915356175
-0.19377093895981037
0.7067130307778744
-0.6206575911247791
-0.032244592390705984
-0.6102249418800053
-0.9550706370733855
-0.006050433705698915
0.7874015161110672
0.4745635823134092
-0.8584217637056812
-0.6105173405466185
-0.623433402772592
0.34767788091156215
0.5517852403582028
0.4761136108750394
-0.7556257357069419
0.6734303029517108
-0.3305563620837442
0.9026623942736959
0.8935311890575341
0.7296292865483912
0.36287073226199446
-0.8751228448339009
-0.131145629510137
-0.11978343590764545
0.9111686377049751
0.8229029134471051
0.14187133496298868
0.05515281955616434
0.5118901125957328
0.9527246057202353
-0.3860062341177541
-0.8578074115733577
0.20078837000348418
