0.695658165090856
0.4400402891314242
0.4116138915873304
0.9304057503536509
0.3653966710645831
-0.5793126679071178
-1
-0.24830524852908223
0.20016206672513823
0.24904094164799484
-0.7631652595225459
0.34570914997635166
-0.5340850111494128
0.8112811651321666
0.3960966744050778
-0.907576792385224
0.6966441357870565
-0.5105762884213467
0.599685947054612
0.14187307608989014
-0.8493179120612199
-0.34058261115193544
-0.3759687616203691
0.41102290236005307
0.48670583220407515
-0.22583481968073527
-0.1533994902348121
-0.4776964156787863
-0.5812683365122412
-0.30907127858944006
-0.07931362720717387
-0.7929712876005663
0.5776373849258302
0.37778809570946154
0.6663433345357855
-0.06671053174192436
0.2199423507448212
-0.1594066338973425
-0.8065594992911349
-0.32255867884269396
0.6246770731409443
0.2942618110911637
0.519330008528058
-0.19022442861019612
0.17913644061318137
-0.14429110535849074
-0.33484986414459894
-0.14165506146686552
0.1179999535706195
0.825697632559624
-0.16654940245228153
-0.9592084857204423
-0.7045267169000671
0.8745360964134654
0.9642100023047082
-0.1625438686657541
-0.6609492856903811
0.7043301379962771
0.8248955023131503
0.12090819719861622
0.8861194919873189
0.6643119995674814
0.05368281026654964
0.5853430978409558
-0.02783669722151584
-0.9860621635996227
-0.8161148518584707
-0.8286254782309515
0.558950401897026
-0.27146164938782713
-0.06777127850045365
0.8620263663361488
-0.4116428337019475
-0.10920307593878179
-0.05494030775037292
0.8908211588809968
0.264237917223421
-0.3307737417873385
-0.5199514561022837
-0.26944048091934053
-0.4782513721258484
-0.09142177383064537
0.21949751826465197
-0.2541552738328816
0.9231321274677404
0.2146748397648764
0.8728898253258854
0.19924295992608645
-0.7832684340336862
-0.7882811134719062
0.6573841919822954
0.8657825539020587
-0.011644691432961362
-0.5444948755063207
-0.7349300899103932
0.5134974687720436
-0.30732494471421073
0.9792197945771227
-0.7714305121166933
0.4708683489975468
0.6984557808738748
0.1718348574759209
0.03305792541521703
0.49127423866633896
-0.5816981539531956
0.45019273615470523
-0.49173005571810435
-0.5918557857504706
-0.9678584682750265
-0.3532908559295805
0.9931138981791512
0.3626425024908248
-0.8103421888810041
-0.8816157758264964
0.7274579033811607
-0.4039851177673161
0.401965258393465
-0.5121455645903947
0.9410448021718005
-0.20892933789172394
0.3254156028333915
-0.20529139151520526
-0.5863134766882756
0.020308420954630226
0.6645252083966202
0.746572477345236
-0.19572019723904097
0.6174202130541718
-0.7963641691190386
-0.6227875245082994
0.008301068501793536
-0.4867185088802322
0.06141530844277139
0.0919042114272507
-0.388089337330862
-0.18665737611620034
0.45193429516171435
0.7856415169666368
0.37533910036208934
-0.01707987421740628
-0.41807157893196656
-0.8985041811988754
-0.4813051976673868
0.1365853868031831
0.8887511138739822
-0.8405195499717147
-0.19874063944043296
0.7270711862962136
-0.4915110423235437
1
-0.38761231235130855
-0.24883194557660562
0.7001125332001862
-0.7312096514678929
-0.49549808040394977
-0.6883152323397486
0.976868140494697
-0.47018873531481975
0.3842883111009968
-0.4185760229439508
0.04016105430539353
-0.376407372513966
0.5209025216052202
-0.21894023044953353
0.9933362413592306
0.36401863638762294
0.047391950451065715
-0.5400177798300521
0.31177189372692377
0.05479890066623313
-0.06552855225017307
-0.34119497424509526
0.5794517146607481
0.007521821512197265
0.6837777872170993
0.637139735660476
0.26921471362317245
-0.3553805485457852
0.5013297543822164
-0.822036681344184
-0.3106124538833552
-0.4356844271807965
-0.5887023194004145
-0.4551124132022697
-0.8276776627802419
-0.481047628815085
-0.5305345636141744
0.26017650230396966
0.9760816777815347
0.17084237981522218
0.9873438083331121
-0.6775559052331344
-0.19981974568821192
-0.33476551996121645
-0.06303745806666955
-0.08925366017044623
-0.5612306188972495
-0.22748089182507067
0.359197747861349
0.0014522655355755022
-0.054428836717568985
-0.45014209363467955
-0.05537507195556779
-0.9853151172005288
0.31808168564658695
-0.19037676212248075
0.08072535517305207
-0.5874380637183559
0.20767874956565394
0.37507488661763594
0.8454351546074724
0.7468861751735769
0.9044736648750668
-0.7397814857906038
-0.5588414377256101
-0.7933568333519295
-0.7467543137302335
-0.9793805425620766
0.09598599133287124
-0.06837210263985803
-0.09486124213399208
-0.7795186993018789
-0.968082683126192
-0.5044771522314684
0.4539300899855391
0.12379916254756468
0.7062368329869028
-0.6066897976609478
0.52080005479426
0.3634709940975244
-0.06102948604478157
0.050578762369679925
0.4618035366441356
0.3498739726112744
-0.21742400153313687
0.6635504914063183
-0.9673394433337135
0.5865715222986246
-0.17350444332210063
0.4436493035806437
0.24509055850798728
0.9994561775753873
-0.7501344061937498
-0.43473793477252354
0.6254382294659048
0.2748900996279978
0.42994355634287673
0.45124895465717096
0.5862472465777243
0.18415547547445552
0.07267563622433725
0.21394950881353794
0.5631807761443083
-0.16433180791058016
0.365930608205674
-0.034066795272883726
-0.32723797890197714
-0.2776056889862771
0.003462623128105797
-0.5996956358188936
0.3019755599680884
-0.2804702368526399
-0.9251045120870935
0.7249793534205627
0.9156671466579115
0.08708407731094524
-0.28972408785396186
0.9052268028187674
-0.787815795652855
-0.7495381960703071
0.4381856742159649
-0.0861009160036898
0.6522574803573118
-0.19863566871205415
0.8127036090528647
0.14988198511480072
-0.38584492893517847
-0.4050766936728634
-0.7490546966722778
-0.11758119399326233
0.029974891030029885
0.5920575828602117
0.31995881955801736
-0.22495912247376018
-0.08483126598723292
-0.428548423772123
0.26579832474750087
-0.5026599680927433
0.4533609631406735
0.584031344454976
-0.16550984368439098
-0.44177491715331096
0.26092370429863354
-0.5304423718841906
-0.15390259884153706
-0.16821403847512867
-0.24023713668684424
0.6973946498481962
-0.1453711411770372
-0.25879287267028356
0.5438387505150801
-0.8195067858120831
0.43422988609723406
-0.22188155520620056
0.09109160141576728
0.9763075101723018
0.5849181021273191
-0.3120546754246536
-0.9496352395438538
-0.08979964338209594
0.5694017723924258
0.5600771578854006
0.5852273031011985
-0.6177895939684852
-0.6338762894000809
-0.8687729996510853
-0.7309650493316182
0.011134409443406953
-0.2649092493533595
0.16256723140101204
0.19145038294017672
0.38515739527542603
-0.7034254433069593
-0.9744282460569346
-0.7671155696045706
-0.10706104398142882
0.13588165926204723
0.9019046681658541
-0.9901770348370682
-0.6268251450273591
-0.01685983393280829
-0.3688688840616355
0.21787487008053866
-0.0005659313839445155
-0.09066825191996689
-0.5595617951773241
-0.027014713599167725
0.49030810137980296
-0.8196504575560472
-0.15696699820515722
-0.09246074323569185
-0.26611956389934505
0.349198026069462
-0.22250446255378895
0.20310798167685742
0.7162755306965678
-0.6265288205732078
0.5443006185667714
0.08422466867917651
0.9463859803214609
0.3648641359375031
0.9497721959094869
-0.6963572517548314
0.9624613992266037
0.5005960938215663
-0.5289067386469084
0.4290478012666928
0.0490227494827529
0.6387919224724251
0.8980222816921417
-0.21177878431778946
-0.18932544770292756
-0.32878029128392067
0.7637403934253357
0.15455573149888296
-0.9666179848906343
-0.8190795874496082
0.3776387596384994
0.005497148956694105
-0.5851360473189917
0.719747170924789
0.8778118424171636
-0.14276094112012055
-0.14960570911965354
0.606735503223465
-0.3801262180457475
-0.8205661589097861
0.10120956120921867
-0.9838036343833788
0.9558825515528745
0.31944662205064317
0.12932003316662802
-0.7693344169570464
-0.15197405532087777
0.9890836273121737
0.5297589237978042
-0.012950562522036475
0.04709341872347605
-0.8974846751549899
-0.44822845087619756
0.9882704581953016
-0.9435303576314369
0.10413632394038466
0.08689104474696309
0.7460274304677637
0.4668691459029886
0.6956021353551379
-0.458194261014435
-0.7418528537880356
0.9311481296560167
-0.9038453960049926
0.402280044865148
-0.7849680229303293
0.17103272161844793
0.12673354686006516
-0.9902713449518116
-0.822755480020723
0.11956110515256434
-0.5358084362662938
0.37941158582584683
0.3176658932818116
-0.5580610543898925
0.5361693060496017
-0.5148746966998707
0.499676120026701
0.6716473812901046
-0.7399715060384894
-0.18987216058316622
0.7589149787524672
-0.07371335780464935
-0.8233575081013964
-0.17805146325798196
-0.5335345873212303
0.06582849037015397
0.5863305071549954
0.500381348075782
0.38179424795377653
0.648454302594523
-0.28965428400988624
-0.673334753043386
0.9508344087770545
0.797636517560303
-0.6188593458318564
0.453645912977349
-0.911867123916683
0.8240578375292341
-0.02955819415352812
-0.4081475745184149
0.7508314782941894
0.08450385805409591
-0.3283572473537876
0.3973787492290176
0.8055000988563847
-0.789972227126165
-0.27321350291360047
-0.5321231983624256
0.15385070931458603
-0.542887668804756
-0.2217425360291783
-0.8035639192463355
-0.2945015774675217
0.37832356106641446
-0.22107981653246536
-0.2068080932774582
-0.26466676102624714
-0.44531827838040056
-0.5465365861240333
-0.3092855873345723
0.10436873212022882
0.1684096507971281
-0.504497898634356
0.9673819589239349
-0.5023625014740231
-0.77965676008628
-0.985893122013996
0.5382582161705205
0.4896633161859595
-0.02701895194050979
0.07620837549290595
-0.719693365661788
-0.8540578015618048
0.22305188918785487
-0.44547327793542696
-0.540372389591233
-0.6600259159095856
0.4964799945131003
-0.7851464891703449
-0.9210974643046451
0.6574736284862105
-0.21039128401518872
-0.6756548330955697
0.8126754629338322
-0.290679802268298
0.5334632933915804
0.5892746289693224
0.7780325124164942
-0.2749305085083802
0.05970481036547359
0.5940492137682759
0.27899264908783455
0.10550459761037878
-0.6079110577940141
-0.6013024346827385
0.6491649837187453
0.649231027317975
-0.1067647525339122
-0.9612115668208798
0.020448048096724146
0.3620198723988131
0.022117972426481725
-0.04912716125313475
0.20857770450340365
0.9536496380246282
0.6035185034238141
-0.2744186271217126
0.6855435789072504
-0.2149915069420972
-0.6173037279781765
0.8125887638473202
0.15977634902141216
-0.06898815830496699
0.28894473550969496
0.4716983379586523
-0.639616006540641
0.9751796045719381
-0.044065758224546794
-0.5964628568298987
0.642078294518615
-0.9077735300036658
0.7626743598557094
-0.9624388899277749
-0.26239548658513007
-0.09072082601131162
-0.6537556249583595
-0.6741959405821615
-0.94177833108918
-0.15721135358342905
-0.03109875609778114
-0.5826137354182603
0.8767829875236508
0.503580198670273
-0.9550531535942498
0.7986578508641567
0.8789473778356913
0.06562673573635702
-0.15090289938847126
0.3905394244580074
-0.27220636635879386
0.49708013592040007
-0.21037884947281155
0.8391098503116359
0.05988684124799308
0.6651523945276436
-0.03938677015918586
-0.6753195030432997
-0.8540927420264275
-0.611485846631245
0.568020003017368
0.5550473043352583
-0.2225577534417754
0.6837219846103563
0.7219699043522851
-0.23411867426604988
0.1398543463708967
-0.20856434341873098
0.8474862764477576
0.9564437454834739
-0.3825441302776418
-0.3086618895463077
0.3769121197740847
-0.25622495845806414
1
-0.3400872125287804
-0.3672506312552783
0.6349963705406612
-0.9447929358810112
-0.41683773825937276
-0.8030779175909152
-0.5556220331005387
0.45927547463372076
-0.33022420886147796
0.6366076991281321
0.005335090059915124
-0.6534936432010994
-0.5811231354609409
0.37816721322636987
0.3838771707577658
-0.3324955839043267
0.31727810632644415
-0.5755252232907958
0.8537521625590424
-0.1250083755329757
-0.059463093249459226
0.6830053688150733
0.48487882426052037
-0.725454195773394
0.9216192219806572
-0.26668671439667785
0.3825980567634046
0.7089151959460762
-0.7881084968032096
-0.008340305784024324
-0.2925808301089889
-0.17876680659976601
0.7639484209368425
0.36820825755741543
-0.4940529135733933
0.7537899622813622
-0.14550476653206934
0.5012854989166481
0.6536440894394063
-0.4994265543154505
-0.7896042945146479
0.2717766011013112
0.2814871208215361
0.34731541723285264
-0.5025921447456306
0.45358158332668325
0.3339696424210585
0.5719839509972997
-0.2967478220993744
0.5977181423745281
-0.5323911767361211
-0.6448138700109848
0.9118712646858643
-0.9951515852395639
-0.5226135000622674
-0.1504744881495945
0.27600935806524074
-0.23155770078960422
0.3749644963628345
0.2781589273979905
-0.6512158083290669
0.9848656023909854
-0.6572668539668836
-0.13609539865900297
-0.37380675975598787
0.67584187701161
-0.3011663886503245
0.7949499811706061
0.5883399269058333
0.23830758370451804
0.6649502411950322
0.23397341549831968
-0.6728518243132663
0.30843482228992
-0.5359305712037393
0.7080979255261761
-0.039069749168576744
1
0.7480257626613122
0.40887409642852063
0.9534446248094581
-0.33709047359380495
0.4645147075554184
0.6195706678305561
0.9076108762683889
-0.7374120748366249
0.23791517599437234
0.15022587657319056
0.33604525341591374
-0.15470806469053225
-0.3255616807620473
-0.8534075209516578
-0.09211638775218618
0.9427428419053946
-0.7705703667505373
0.5127365955759153
-0.5562771497875006
-0.9481116560630538
0.469521356847992
0.5529857819463732
-0.8929406848482462
0.13747813439228165
0.9816372656830398
0.1726235769975745
-0.9261038600893221
-0.7225203923326006
0.8320397006955043
-0.9670276725167333
-0.8172304508016701
-0.26075755463467004
0.5466270010845178
0.41805131559638753
-0.7628505324223345
-0.5430210575806355
0.0881728011217024
0.6676647954693601
0.5124588530915282
-0.05157197066403066
0.48828984488550226
0.08150930077872942
0.5209669096561906
-0.7696694552143758
0.3676066334322865
-0.35924911540145327
0.5882362433765757
-0.3209229964514346
-0.2966302968118651
-0.24557349058748235
0.13399249115149012
0.9781618291640285
0.6447995995280447
-0.12200551877171362
0.9105139182311784
0.37028044760329687
-0.8073085609721949
-0.5124039992741225
-1
0.14645720909742801
-0.12980568332913425
-0.35734104604483746
-0.7581854992770345
-0.4952950490093831
0.6351693309526878
0.9141707459828134
0.40199940716038524
0.8655642091947912
-0.5775175472007444
0.5591555161177483
-0.7943985250413267
0.7486964762985062
0.44468407543622335
0.8055984700928025
-0.550783025728314
-0.27703103335143203
0.5697765137941115
0.3248240385764681
-0.05467464377424237
-0.37428837860655445
-0.7905243782838374
-0.6762696376751725
-0.31392239929394744
-0.10764396717878497
0.6675662892048422
-0.36484740069428456
-0.7937684239402116
-0.23575631943679767
0.08595680865344156
0.5646320593927665
-0.0252513842275211
-0.21594566246526953
0.352112610103717
0.7077534143911011
-0.2643397375230583
0.48668564288961746
0.8884510927357709
0.5059593217230132
0.8394673010653656
-0.2983284555607239
-0.5678948003177204
-0.686084748702776
0.8037625527883991
0.5731237079905914
0.09878489306083868
-0.21499509685098905
0.7249771436435675
0.16436528152658414
0.047666291818352885
-0.6193027613932218
-0.03117813634241628
-0.4695471727028378
0.4731646716886997
-0.827754611168574
0.8643738129213517
0.4399464211405766
-0.9421768465715828
0.09431202375471111
0.9622607385571161
-0.4173249053729279
-0.7030568903648632
-0.4458692038080979
0.6875903935398499
0.08220735157783024
-0.982625949071425
-0.24760959082680192
-0.3188753250556273
0.7379357957427337
-0.9750371542178046
-0.9208279220997663
-0.11254399674967282
-0.3125338365744608
0.16188673720101837
0.2586457788119556
-0.6772120630083518
-0.3624420082519246
0.5541223853992044
-0.21120085543210917
0.841592201550734
0.9188094229285828
-0.7270584599137121
-0.6661255477398715
0.5719055017955853
-0.28736181573835945
0.8066270131752946
0.2990327626875204
0.5946129378193048
-0.9434253844338321
-0.6118756996659737
-0.7381703837146174
1
-0.9514200590131033
0.48161687383031676
0.267205641453925
-0.8055126213769701
0.6621920835326686
0.6152752381027358
-0.22021249126558434
-0.36621159719456986
-0.9076174061274611
0.6787947517536778
-0.120321704412756
0.7505554789662617
-0.39284346179636326
-0.7932149915367017
-0.1303889261079115
-0.055380571161905326
0.001011830505409803
-0.8685573778565386
0.7629206088157164
-0.24570449584559587
-0.11136161253589184
-0.08036188015824226
0.5119157305419083
0.7662668631560676
0.5564113980088022
0.9076330086890669
-0.004232678806102206
-0.9200172939736584
0.7154107167711081
-0.6067869796950716
0.6319527269580564
-0.7796270347495298
0.4874353878858217
0.006680972075328177
-0.7465609260617203
-0.1629737856690821
0.4686506211680787
-0.37669460849766295
-0.7691489359382371
0.018232561418273837
-0.20813245609539902
0.938024781730304
-0.13279327299242646
-0.38018215591820537
0.08098478019165688
0.4799688810898297
0.8844569568241656
-0.02443145684606465
-0.3574274326937984
-0.1948850782915468
-0.959155236836339
0.2553038385806363
0.17831484686096363
-0.7952682470774826
0.8635950172520439
-0.3422590001286259
-0.5929603330757718
-0.2739183810414996
0.21388416635418347
0.7687282116462519
0.9004536066063821
0.18078087416103816
-0.15538416084880935
0.4701293792338686
0.6085385675161046
0.9819877421020923
-0.0999623106887239
0.6715316556137513
-0.8260164395103481
0.7712397772146661
0.9622841362466884
0.8647437615107902
0.872149080099449
-0.796532493362193
-0.12031585930398274
-0.10058616945871295
0.45980192642941364
0.33679280636381165
-0.3452025134747054
0.7041515442076269
-0.42408127345314073
0.5359163281441551
0.40839218613009814
0.39067094714419864
0.19241823149015783
-0.6401067248015649
-0.8549211700478018
-0.09730859026539283
-0.328033000105912
0.6453475791406215
-0.0007028330011850424
-0.3332407384342162
0.4549247678101384
0.1694818750952505
0.5659840757666587
0.3674728522945908
-0.02313621678177889
-0.5095972811744265
-0.3724837343761855
-0.47395151699481997
0.23815700624907657
0.044188917417716106
-0.4404150766678635
0.18055096398440962
-0.40358265486944905
-0.6647599224849667
0.7330907850604658
0.07536692915551396
0.8973887609727321
0.7107028722464012
0.6891493860187347
-0.3021348415059689
-0.04212083282753467
-0.8283097432298634
0.2866969430855235
0.8879656895164534
-0.26413044333273533
-0.2830155958065136
0.776493527249366
-0.8355647041373909
0.9019482277629044
-0.06605186883067844
0.0023890981142946992
-0.5035230207141972
0.39321762706433017
0.37319531081818613
0.12587762260746063
0.21671516185121398
0.7085860491563463
-0.749245132721083
0.7737987719579692
-0.2592571734807515
0.756024678699442
0.599846739091527
-0.46192090314045003
0.7779025968469379
-0.4894222952791126
-0.8902514927227935
-0.07743186822644614
0.6920616534252475
-0.9905623381286482
-0.794700059226734
0.04002070734360559
-0.833750024898048
0.2647738006183804
-0.010068614609129143
-0.8142634929806951
-0.5444557279599266
-0.7623530608768969
0.40438149708415816
-0.3672428006702186
-0.794145205115594
0.13608257292871892
0.4006063198747635
-0.17444591103095808
0.7972097424190274
-0.10031918232277923
0.8092254242349718
-0.4782367912001595
0.4125833875605302
0.7717252550147465
-0.28207659557213904
-0.8943573251187927
-0.2948145558889373
-0.6810624750845353
0.8570479104067322
0.8804906043268813
-0.6163100211973753
0.5925742667432555
-0.05143035003170496
0.9826134408449723
0.03262776167331399
-0.39620899079432703
-1
-0.6104477285024238
0.19180375251596232
0.11223318457872748
0.45175003361599525
0.671812087531161
0.014794735044879166
0.3204650112134922
-0.38536426674464164
0.06607602034609776
-0.07238634497038351
-0.7524582416465047
-0.46695549397402786
0.8443696137630083
-0.8667364243364845
0.8602248776254667
0.20517633772235458
0.41566390322239744
-0.5001811501592309
-0.18471035605361222
0.29552282251840156
-0.651696060278406
0.5454054461490141
0.643144962502094
0.9830591230592075
0.018397321094083107
-0.29585493590166273
0.6189957656944608
0.1938089061876105
-0.9117671249744737
0.32225625571111016
-0.6346611792501101
-0.2271617533643203
-0.7846364111556006
-0.8310784575753355
-0.9623810096260933
0.8490145762490108
-0.6454344256772053
-0.8982673233341247
-0.37204342589070777
-0.22499924797539467
0.4758852343337903
0.27863788382158555
-0.6958725950261392
-0.3533828985311475
0.7670385701526997
0.95846588036733
0.7683925607955826
-0.08713635401228086
-0.7828909218468699
0.4515546859061898
-0.4615737672281171
-0.5675782191036554
-0.1496954552823081
-0.5591057642072063
-0.17554449740625888
-0.7646602698519779
0.43047362243968634
0.3637230224205871
-0.06881186683353403
0.7188256967716983
-0.9418898640206308
0.5819298631094464
-0.5159143313593022
0.2648343202708257
0.5063522140066478
0.15504464120429828
-0.46818302405375883
0.31640004821151946
-0.18230592524139383
-0.8974684217618896
-0.4357022003002789
0.970198234099151
-0.13956193861232252
-0.9277176664304838
-0.6344450136487378
-0.916510362040632
-0.279882224555703
-0.33592787249882317
-0.750101673389024
0.6327732931317506
-0.8241018263641794
0.40385700264833446
-0.3392982649053481
-0.6918273795743894
0.8176737582379878
-0.35114100392897246
-0.18189434303434848
0.5375632505824134
-0.7723620664934233
0.3527317668511914
0.5053765882358399
-0.025911052587172734
0.46324584413976083
0.017189261901829823
0.5382606986344332
-0.9631883615285277
0.472117212965001
0.1500918805778146
0.21998331781462885
-0.2753071503327051
-0.11220884223986327
-0.9630332831128422
-0.7833543426938848
-0.022811866788475063
-0.0018127941040169643
0.4140615549919081
0.9836079903605482
-0.5440973518169984
0.7460650017672789
0.5616653109659565
-0.04695120163113148
-0.6997437258863285
-0.6776246644270322
0.040449450194520696
-0.22675842615852948
-0.9787527986106032
0.9712833375057619
0.2486014595702681
0.5802209060654828
-0.9166775297327796
0.6079015914026242
-0.058343029378583426
-0.2171757444311335
-0.02777824552086249
0.48658604063956024
-0.23477359924809976
-0.13931144438110454
0.21026568543603566
0.8424237469725357
0.45859720681106864
0.44745626388266874
0.5507665523874383
-0.46137189772852816
0.23865436975323032
-0.3631369327725023
-0.49062278756692573
0.16610535872173135
0.8802417212092728
0.004826608537663956
0.05295439985970598
0.5239760379785474
0.4635892359528964
0.49921486289531114
0.5063418588222761
-0.19254682047354332
0.023942402301034414
-0.9554530336834516
0.002295315857158986
-0.574614535562284
0.6693849647822419
-0.5828396223437687
-0.5022815533481935
-0.6831443674255084
0.7071175155545093
-0.5171333039451234
-0.6353793728364058
0.2394837983428546
0.16476401040555852
-0.7672421464019907
-0.5004368095370106
-0.5241418594781319
0.5315571382503518
-0.423458734365976
-0.20504067964637612
0.09111423014928766
0.24921063104365146
-0.11667415428676461
-0.1370183727270981
-0.690755810468706
-0.3104246029797805
0.18478750964363708
-0.47265909910885157
0.26579625520590705
0.11278757592957268
-0.10557505563287521
-0.4534067679076585
0.5265930842487536
0.12677525814375457
-0.008912429209696239
-0.9825317218071884
0.9747709385005076
-0.7291611663686957
-0.33995831072543864
-0.6826501745806083
-0.20860373675247995
-0.7094661651036569
-0.8467484254512178
-0.5442880907859373
-0.2349998049421799
-0.909780762098137
-0.0007858919464151444
-0.767633192310822
-0.46620146646483196
0.10931376703075706
-0.6483826173377819
0.12645392413703857
-0.46570664686556074
0.7751417653601655
0.6228774563259121
0.6581279878559131
-0.9409304042413482
-0.7121899648865788
-0.9579772862709863
0.7186426511329234
-0.4017826780936651
0.20104769716658777
0.8766757030221043
-0.8174635467584391
-0.6060343921232337
0.2972067617207986
0.8488683196085468
0.1857766468097852
-0.2766195247039663
0.3499342910474968
-0.020442410428790997
0.25290621318268885
-0.8165267892656061
0.17048291679624128
-0.9650167917041218
-0.7979102521158801
0.10984440184363366
0.768006603819254
0.6015989644975913
0.20008634837735914
0.8444459795457675
0.08626144482672654
-0.4501627907275663
0.3407950555016372
-0.26358738524136094
-0.3255958852575593
-0.6262241821711363
0.3625462381055118
-0.7812019741279271
-0.3136054227916621
0.42624035894739354
0.5101419849258065
-0.6205065061552285
0.9683655453841759
-0.6880411544098247
-0.3971292451722264
-0.07814285062933465
0.15532043606546198
-0.09040265752615576
0.3710452911614287
0.3304133307178002
0.7196498500892646
0.34558466473197796
0.880414843095702
-0.7691306506911025
-0.37729557450066037
-0.24075815211516574
0.9989276617106486
-0.7045536160250806
-0.5504715191007605
-0.7335945172134708
-0.0518064237413952
0.7156840768168885
-0.607172662693382
-0.26231802574328744
-0.7796738325942089
-0.8788506194947068
-0.13445110351670608
-0.5740836974494987
-0.21054438928406843
0.13828969744413966
0.7940121931346965
0.968044844511369
0.3361531082449307
0.3801044749194901
0.8749353723890623
-0.10063058539908544
0.5598387214637474
-0.6460478533789031
0.18540554408485685
-0.038949516748330505
-0.04686861432129415
-0.9216882423572413
-0.9437873413737536
-0.09258505741708309
0.3492093502853493
0.15270639677371461
0.9492362706265367
0.8585615822318576
-0.6791987495316998
-0.9218216070536506
-0.06507013812760581
0.2644195138033645
-0.8186578063501493
0.7420624472160551
-0.8752207348467953
0.4253961704921695
-0.3635321362519925
-0.1632047166825358
0.27760616838764307
0.8814819180182258
0.8677942106171015
-0.33369452970044733
-0.05505450052652512
0.2605761646725629
0.17535491218673946
0.58101062261273
0.25746560003087027
0.8522033678236428
0.7883242774302297
0.046192275220674615
0.3351452566912265
0.20398507845667463
0.698611961090057
0.6297347092423965
-0.6703960084819746
-0.5539181001717736
0.057818124276532754
-0.960213163380117
0.7287755945063432
0.7993682510430334
-0.006027981694455166
0.5942396367427167
-0.016495637760506675
0.5390252704160232
0.2687449256508577
-0.47735930279360195
-0.5658605680419095
-0.2797394652414968
0.09970732622385464
0.7393037887956097
-0.6192162245785529
0.6142322815455934
0.09726451495208085
-0.9845744956864899
-0.00399558562734394
-0.7799844338783654
-0.09417764906286333
0.7997354456558351
-0.40412681070396084
-0.1829661300720109
-0.22304578327927443
0.2506664196514261
-0.9384217725869497
0.5703160619569753
-0.09139248311548326
-0.16758247018461908
-0.12443155575138036
0.16708910144144065
0.2643669008450801
0.564872629019031
0.7483879983703206
-0.25536135995943465
-0.01221424255132721
-0.6655352636212596
-0.4516086448319311
-0.369227990290434
0.5846336274685886
-0.7594722546662768
-0.23878811933539498
0.4050421519757717
0.23653485356266454
0.11806768255455428
-0.9809399768609408
0.3171179453777273
-0.41800949529882614
-0.6532261572508209
-0.7432504214081733
0.44624277272966933
-0.21203923550350232
0.5850806829860333
0.11760521875240994
-0.8279767829885576
-0.6490556381359315
-0.5414670815228514
-0.31738620589737465
-0.22063793384663305
0.27999334899048617
-0.7742473371387856
-0.5145523455616279
-0.5572333668413891
0.12615787130352
0.11286436159580981
0.5172902334072553
-0.5884527220700555
-0.11993213296918384
0.11247351353284614
0.3622794315474842
0.8957917800952306
-0.6148963233938073
0.8395896708083539
-0.5142976072813611
0.9762598655072221
0.7626466078670239
0.9340373877397903
-0.9541135649096188
-0.2298462046538974
-0.8080164008924271
0.36938782366005696
-0.2800909788819957
0.9728262389145257
0.6766078548150648
-0.6900327046582346
-0.09429471719524438
-0.11735521110299348
-0.7955542990257364
-0.7446161577947236
-0.25210382095480266
-0.12785201613504935
-0.27260434247414966
-0.5754264189248239
0.4165045267049189
0.46132193877455974
-0.4828704390947343
0.7569181994030182
0.042691746612807197
-0.6913728005410923
-0.06573074389510823
-0.581239171797691
-0.8168417701339515
-0.4125875939878261
0.047993820065675236
-0.7451481110635553
-0.3847992637907099
0.9653285692238855
-0.5093712278371577
0.587303520749616
-0.9252877890927901
-0.5967854933852669
-0.00113694016221452
-0.560660895403213
-0.03656036405164001
0.48914607901791995
-0.2173748856303668
0.35811439077948043
-0.579931491257719
0.8711325551707727
0.06638597389499754
-0.40797781183888404
-0.20306667050069604
0.3179639400793581
-0.876564390089002
-0.4741474367219058
-0.8046352037421951
0.9853115322146231
-0.16859857643523601
-0.16529449528427312
-0.7240053839803534
0.6656109518276676
0.5924490077687341
0.724086638911219
0.844589627622131
0.9349183675386927
0.41077972147162956
-0.732075801959018
-0.8761470655237453
-0.5575546231667128
-0.21628138929137078
0.27140650090441704
-0.12247022968648187
0.18563166376955384
-0.5515007985703788
0.8764164810403567
0.8445253926349868
-0.9842212561591149
-0.4319902373008808
0.8224721871399606
-0.05581629903468684
0.9650883333373358
-0.14020023308064997
0.8422162837505974
-0.4843303943088613
-0.2903039068377451
0.11038771131302888
0.06873847203777614
-0.2345759223925591
0.6925805046906869
-0.3418391791794049
0.744220191168556
-0.7838854964167268
0.3188453815407965
0.5924228589314123
-0.8579241682555382
0.8288901747538239
0.1752800556678436
0.7076162173487832
0.001093043670898697
0.7096793955776015
0.4738409023835053
-0.6266511952529313
-0.8674533880736502
0.16359958746583259
-0.746407176761578
-0.24419170546432042
0.12798774720299777
-0.5768186017043064
0.08504648845714921
0.80960723480465
-0.17511709824623153
0.8942945631789383
-0.3458146815864459
0.6350950171431409
0.38026736977019016
0.31666804781295554
-0.8990023094188196
0.8648552627096128
-0.8213856818410227
-0.558040180698932
0.9458330493481552
0.042302774666705636
0.1697350147881487
0.9680250359324549
0.05003312734630895
-0.3676198050430422
-0.4769175320428131
0.22843790453541177
-0.15333931773793605
0.3136285510829901
-0.5798505875086521
0.8940150620914349
0.9008245660711892
-0.10947870832922331
-0.3846302865405936
0.191883793636274
0.9441665126005606
-0.544900074009593
0.6272143336676856
-0.8882747311244245
-0.11120827733065475
-0.9338120037459214
0.498329831432934
0.23973635547861313
-0.8184706182240996
0.5227197416274919
0.09291050792057955
-0.5745301088164334
0.8586772246003314
-0.5359555121922294
0.4755326132901562
-0.09357567579153614
-0.6541698804094395
0.3855169264977659
0.5291787047498692
-0.8999064641141111
-0.22802828943762818
0.9723073388213609
0.26806625775143506
0.029569415875014122
-0.010286290186764043
0.7364618018176121
0.9630728018774145
-0.5254713112963332
0.21721992372610846
-0.7139089060186354
0.5970789545846749
-0.2628044503078929
-0.29099973109605354
-0.9852642926723381
0.9272577355541234
-0.4143733435116512
0.2951970594399877
-0.3746632071609251
-0.5497544631334896
0.789786444906759
-0.9545365553696269
0.09660598713539098
-0.1772213895259643
0.23097907265592885
0.27732042943399765
0.08086799532621183
-0.8827802566601506
0.5841057044628463
0.511320033883444
0.8828457316109092
-0.4553630017486087
0.09635669228357062
0.9122311120043743
-0.4588098440172674
0.46014633485840645
-0.5192764363588885
-0.9049350177602954
-0.8612500939223564
-0.40018583142911324
-0.8834491742407065
-0.16602897934053454
0.29141908741889777
-0.631652453359918
0.7561468988845731
0.6889266906661622
0.37729524869372166
0.05249049571872504
0.7250925979425089
0.8239456874361797
0.13676235795400377
0.2470601438257421
0.8866454212120415
-0.9283872880730482
0.6614808861736002
-0.32132882951858793
0.8664301624190586
0.9177198316303397
0.7956076391451005
-0.9255619098916993
-0.9468353892584376
-0.9139924659281555
-0.9438263519407869
0.5679447587560733
0.8163726862134738
-0.7252072099605552
-0.18897608894464354
-0.4294615657755617
0.8263638044314251
-0.8095635435741826
-0.0017270374898841763
0.8589015953520759
-0.824436446199508
-0.5218681797403445
-0.4015357037681597
0.3363208763919772
-0.9201693554973452
-0.2748340787965775
-0.5735045863176396
0.3853385075585658
-0.18140533123117802
-0.30931616799008077
0.7701128437015521
-0.7193677178327212
0.04704447520602423
-0.2643716182083384
0.08895096624694458
0.22481688930922003
-0.34700840508960634
0.7200678614367928
-0.8021828714413316
-0.4063970657690913
-0.04910408153689987
0.9386467710676819
0.6505198362974992
-0.7635344136774508
-0.28759836588947296
-0.7398985126770009
0.8337703804461778
0.4742764266614271
-0.8643157542497168
-0.812740926093327
-0.4851684296751933
-0.7086494769910973
-0.4812009106618552
0.1529859425538232
0.20970600723344168
0.5315502342356403
0.7052774309969572
0.8369991491681189
-0.29874082060088
0.4544548110385706
0.7666076859605944
-0.9196565346877035
0.3298819773124547
0.4313277543837692
-0.6959444366387857
0.9681015384860023
0.08669726346934084
0.2830194366829881
0.5393638858319949
-0.9459580308827557
-0.7902509925680868
0.1032121825349595
0.1828223360458329
-0.17750015007188386
-0.45367770214149333
-0.0565468417575408
0.925645983190408
0.38428565356032884
0.21248459016365273
-0.35132434220087283
0.7300415857384456
0.3405127649829474
0.14426186943344027
-0.38291624923227224
0.2016616129470845
0.19909821103316253
-0.7095450713488127
0.3173980314568733
-0.33423140209664526
-0.17483829125189007
-0.5732220543446674
-0.31024496740462076
-0.2923591513487251
0.4418079022662486
-0.14079908177121175
-0.7019376211020959
-0.6409517666080288
-0.12062617536465874
0.4347332145597991
-0.869617527294048
0.5808376223521373
0.2605447022236108
0.6343229264018599
0.8465786477518769
0.6280853239461668
-0.2166207114116712
-0.5791845837428793
-0.5137649493194008
0.996599623379034
-0.4761522155514513
0.5915402552699774
0.39389443844465893
-0.6031669120580327
-0.013083080245678102
0.9170434740435355
-0.03711887889810135
-0.237272795248067
0.8838087988133517
0.7534025221155193
0.8883945816835784
0.055659385361603086
-0.4919441405046807
-0.44704294855323745
-0.8428252226529218
-0.2859982612380505
0.17408500016120956
0.2372444941355642
-0.7392839659590297
-0.16718476213255268
-0.13830503982361347
-0.2571430499812919
-0.8039344352890774
-0.9420274414955753
0.38440403903439635
0.4556776116810721
-0.036767867725611296
-0.38446026611744905
0.15518995753955137
-0.9276134570155266
0.9308507132712541
-0.8724662791050712
-0.6573659873793303
-0.5389276062762942
-0.6135264592194256
-0.1047218560313117
0.6397241659004391
0.09428744103277764
-0.6485165656471767
-0.8820931009417909
-0.012355747729672267
-0.35601359828969376
-0.9901904899223029
0.08380555723791167
-0.8998393360179895
0.8033068134152601
-0.0663435688182184
-0.6695819741535121
-0.43859312861333904
-0.8989007545719492
-0.9322707718451136
0.4297823106902264
0.6314759110280797
-0.12105947476153193
-0.38068211591998413
-0.022743602528784438
0.17015815309046356
-0.2582688340771819
0.40749408896310557
0.949689404385588
0.32974900984820965
-0.28575723083202165
0.9021275528438937
-0.4096502873722327
-0.6547599138542571
-0.1426410486003098
-0.4508597232222271
-0.49452944560295087
-0.8428676817579739
0.24446426031226906
-0.21708256964197922
0.14414519458706293
0.6930519203940321
-0.7668084732458366
-0.06367488073460054
0.6818986486117122
-0.1386785098551957
-0.566839656227847
-0.8230203538944578
0.612720944481011
-0.7657182166500784
-0.6198957316016499
0.4305588509183079
-0.44037545128771344
-0.8494360349716444
-0.7156116981629443
0.1585289421818207
0.7613444592135111
-0.8147450583186947
-0.5748074009345605
0.8578576319742431
0.608903787948152
0.6747310300801064
0.7804673291104121
-0.9750483250488506
0.24855135705462314
-0.7074918656006405
-0.6792478052761641
-0.540937020273861
0.4503303611730911
-0.7638774889827702
-0.08305243549044669
-0.6261834865587605
0.12686664276741347
0.9127537002017402
-0.5427940554172075
0.4013121793624395
-0.6512765600962744
0.5875323800219421
0.7952680209466346
-0.9324325413755343
0.45890507061503777
-0.9079111840852758
0.6261576583977378
-0.15270676040644915
0.775840247730492
-0.2469744174422009
-0.18951184828055453
0.5199915289746698
0.8526162049370621
-0.9225922344768201
0.8316555443062275
-0.45802950027310924
0.8840855919645527
-0.48165297133464824
-0.6897186076012571
-0.7781492369537141
0.996139089344658
0.311105579290687
0.7986927833656654
-0.7534325725780759
0.3355817799624425
0.7584475535345131
-0.6952567228805906
0.5858556439737493
0.11202743176916967
0.518298658601142
-0.312917674876721
-0.21366219878768375
-0.6126370530040546
-0.44925445620693627
0.22678290132164491
0.02160641409324591
0.6043878624323785
0.11183829469973781
-0.38625401060260567
0.9708917521966591
0.5777291987826314
0.42150522840240284
0.06916199919908217
-0.21247541523230964
-0.5542327144829678
-0.5348450693267955
0.38187749279513566
0.6379995056505389
0.8803708697987435
0.9792544596788464
0.7121814756537751
-0.8275389372698165
0.5046202902727279
0.4273764095282221
0.6237044022667465
0.5090879001752734
-0.3811397840875304
0.7392364421108449
0.9794191499401144
-0.6803772634364853
-0.4479056769602392
0.7362833985059973
0.0643597951956241
-0.7952463739905119
-0.9737642345161901
0.6288517885337344
-0.4986769645361396
0.38404563608237763
-0.13116724952899506
0.9480802248110067
0.6537794834438712
-0.04432760458693744
-0.08432335036109762
0.9406431108530725
0.17426021511533557
0.970238048770136
-0.6289392122243422
-0.27860572733097605
0.3583518173432684
-0.6695241899254493
-0.45978488588838945
0.22179655260409603
0.8185513397212827
-0.6530944025375452
-0.5976762365347242
0.10350200760297956
-0.7530231583840712
-0.03145851237808864
-0.5492989389218172
0.9520810102453519
-0.12913458691492966
-0.9648532735714773
0.2172363061294105
0.60853455066684
0.3979675369402035
0.019198665865728715
0.7972975834341121
0.8434678108236793
-0.4129976277730289
0.6920214553779725
0.9754886237669609
-0.12372509166411454
0.7084091900621909
0.2797842543345872
0.9447475556971316
-0.7768588878299731
-0.8737923080673553
-0.2795461013360612
-0.6344864541650093
0.01997849499997341
0.276373238516818
-0.8583346367849487
0.1605515847280033
-0.5631376453005219
-0.7027190048039859
0.7720905396298553
0.35145261861308696
-0.7221724461175298
0.5563333242258592
0.9602411357433345
-0.37575863927553016
0.278450392462523
0.5301490642101122
0.49759582884954323
-0.6574528432090538
0.1391919700862109
-0.7541322296889204
-0.4217046096260951
-0.5187854393108976
-0.8313067029025213
0.39796292878796147
-0.3873480210704725
-0.6271590418064805
-0.18327217111125726
-0.9112171994271888
-0.1690938902182835
-0.17676259763250352
-0.045412141081803886
0.6294491298976876
-0.9403083698744018
0.29192598576914175
0.2849527144382324
-0.0713015505009448
-0.40638678846785814
-0.7671795791220463
0.40782349058916484
0.5867761032410557
-0.039175162679495626
0.6848508660374545
-0.8716071100599714
0.37506224036619745
0.780403495202794
-0.5389973545578195
0.7211778921168309
0.2588750049598621
-0.25027197599936846
-0.6541882517633295
0.232766940307472
-0.3680953690885116
-0.9452482659003867
-0.45056483765594973
-0.27812868885392683
0.7821177963200705
0.26280246811949365
0.9962693696575478
-0.18152824776897286
0.28117442446218466
-0.7134052142628206
-0.277925117151175
-0.5141257638770795
0.9376903931911568
0.5559688452238677
-0.2609985407027787
0.7117400180496141
0.9097852083422473
-0.8566189477906139
0.3238873749890767
-0.0908902248810365
-0.9874078360262581
-0.6483908587691841
0.7537135482754875
0.7146935964054728
-0.5269169045824187
0.24514036091872357
-0.18994215667195938
0.8945116044854163
-0.09997923613568908
-0.6123307107611871
-0.17068215056985292
0.8292745383408231
0.3722946617763945
-0.40739756095984103
-0.3066977172641432
-0.907113867319806
-0.103007109497985
0.45726503916537453
0.6824182787262477
0.17201555194253798
-0.4168882030185305
0.3050291046179621
-0.2812833496272219
0.8053289017270345
-0.2603734791180333
0.04750022964229448
0.49575899182178274
-0.8738610326933304
-0.19533492555626666
-0.22752656870536841
0.7266144455905025
-0.5723127989079492
0.12726395587407568
-0.7610727062959666
-0.9980061814796594
0.3920677602395431
-0.45846284823037853
0.26162253236796174
-0.013969961435369002
0.26461377485576665
-0.5990337151483495
-0.25383561631042784
0.845308309428387
-0.1717595510663654
0.9956428042018124
-0.5559664837103802
0.8531482185379318
-0.25625136377592744
-0.19773007311388616
0.5850740932649804
0.04809493781316275
0.5081090258723557
-0.7754036949015082
0.7988783615862074
-0.8964736337848649
-0.11892767705544703
-0.7613933705894452
0.14480533650942187
-0.15046282891757481
0.7728756201905485
0.25772141692417966
-0.5853364971322944
-0.3103581210596041
0.751245254992434
0.1113634899503281
-0.1868974435270081
-0.8657965287931741
-0.430964584962031
-0.5610304400866565
0.126363884665862
-0.45940447967513487
0.4434905370763905
-0.4683976847754008
-0.6733029106293287
-0.2980527518728896
0.5699211411755881
-0.7411610169303046
-0.4743002604204425
0.936531721990789
-0.8731286005835042
-0.19233787280045989
-0.6366038489647686
0.8256410084788819
-0.1567691654516735
0.3823238565953843
-0.6599855182124668
0.02181863262380415
-0.8320238786394933
-0.8172031774611885
0.5992287634969842
-0.7327971952738769
0.14571851747680536
-0.09117131012109697
0.31951764422139434
0.1518736610294063
0.2946725237074512
-0.7699627634691316
-0.9397723274644673
0.755584675994371
-0.05629175521121037
-0.6804703415767287
0.08463209075334943
0.07159895567888877
0.615435552217924
0.3374447333986566
0.4871738474189733
0.9426370703789221
0.3805026912489113
0.4892078929190066
0.3306056090106844
0.9483267160734036
0.6896210274927377
-0.35373004758217075
-0.563438092095628
-0.2571864703785645
0.7323157038090389
-0.3975663993434565
-0.5864245946353654
-0.5711912922329121
-0.21777610184221327
-0.9963492830735059
0.1496018853618304
-0.595117199110051
0.6263136750666921
-0.7044069128221954
0.9698386120711283
-0.5626108540517112
-0.8410978413172728
-0.34981945912852813
0.45019810134932076
0.6433871611570581
0.21456276067151478
0.4781244825332494
-0.7260253037331926
0.4398825592513523
-0.6941447809368342
-0.8718608666771769
-0.33160775851031216
0.5690094079880601
-0.6582531126170231
-0.9486992135991483
-0.17496379825245265
-0.6203804513657027
0.873951909448392
0.9523531068977685
0.02343884966756725
-0.7033182167448571
0.964302279500756
-0.8550954148723223
-0.41849486501484506
0.40238072074295717
-0.9085967517867385
0.9042341458662551
0.6357084939058465
-0.33809261903637555
0.09444304119400758
-0.6161644187617998
-0.4364922917887469
-0.7575571299272559
-0.11655039936888525
-0.9248927110890892
0.09019487798789752
-0.9525357461915717
0.981686773365679
0.7247661340264568
-0.27516662383406215
-0.943867795615221
0.049429256589302396
-0.6600320487519237
-0.13896369450104604
0.2972702229518862
-0.18117798075591612
0.1577811440523759
0.17314679438548586
0.5058510344425547
-0.9672711541960427
-0.9154963512936901
0.47993582561266684
-0.3258379784951716
-0.2302873116789868
0.018545996266251277
-0.1287701204743594
-0.020718815715018754
-0.10840054354666129
-0.21982478402743055
-0.7142752419272252
0.8854299802737589
0.7891263466025248
0.8412437260935598
-0.8523550266221844
0.3356908536651524
0.12823023638962963
0.8343100086210128
-0.01988561061128275
0.4671319414119003
-0.10047396388644185
-0.4284506986884581
-0.9906340832158731
0.4623779233052387
0.3195879428201349
-0.6563156788400811
0.8315730372002539
-0.7892423262029848
0.4156237273531437
0.394599024604986
-0.9154601425861154
0.03101837569272017
-0.17720446302729093
-0.6640969441573715
-0.4773299660970267
-0.7293719624971909
0.8672130904299427
0.7639308827995055
0.4782250003479506
-0.20016631815920746
0.419888830484603
-0.41799849156048224
-0.710541379367975
-0.17616194461584841
0.6388290998620664
0.21776723767029096
0.5017542402467405
0.7176397257780853
-0.2683999597859222
-0.09982933049072311
0.4713175785547975
0.0535100165381445
-0.22597326654550134
0.14849590566122328
0.5357720021419622
-0.17316037008119559
-0.6897877987029192
0.8784479675452067
-0.1374831204801444
0.4292389887854128
-0.9326910282548769
-0.5788294849236288
0.1820021625313421
-0.6080295842451947
0.7534595409276476
0.0330367692400397
0.287415773933099
-0.950037198188465
0.6498495419493396
0.8609006124554687
0.09975062200928753
-0.20384436948088006
-0.7613223753277374
-0.2682731945299938
-0.886457108815097
0.9620706346475635
0.24440583886301614
0.6296184193386638
0.23279873401727283
-0.13261655066566613
0.10546123818260564
-0.46812199015643224
0.3931162737044573
-0.8888647607660386
0.4418485853442722
0.482261409383031
0.7790519819121744
0.03270173685521497
0.11489484660716177
-0.10708607726538068
-0.9723503784539017
-0.13226895615601217
-0.4794436517044893
0.3918619096870482
-0.8049740608610458
-0.7472518927714642
-0.15289670501952668
-0.8039053761729665
-0.8602844924335542
-0.07038341489525551
0.5141483663585001
-0.3147892475065868
-0.8080668605358711
-0.8087829959742455
0.2980771631555507
0.7784918041710045
-0.2595195535777861
-0.6221248307253648
0.5786043869274162
-0.43067336152450164
0.07539696514162604
0.5158795737243239
0.27442353151368154
0.6103452469468494
0.9492585483934898
-0.09499361815583296
-0.5313151869103465
0.27778982520029144
-0.41726197870713944
-0.35334457489854365
-0.9450136450546747
0.35832849546258144
0.8822447170611676
0.1604509738152981
-0.4031812466441802
0.7284352624415453
0.09579714560412184
-0.38709458712723627
0.7405572078001749
-0.8216199577400342
-0.06544938031584469
-0.21054680966983066
0.1378960738979752
0.478826142949249
0.5540431226373306
0.24674024047946172
0.4819308914528107
0.6605619076029584
-0.7160601098883501
-0.29531888560190833
-0.7821210578873892
-0.9783716340118359
-0.009480905413264958
-0.11377297382595741
1
0.24926620817085474
-0.7447999933131193
0.3561505485471912
0.779498777039546
-0.1826676862644203
-0.6846539039229025
0.8886725849411483
0.13096451309859986
-0.6210591249908036
-0.9827889461490354
0.3159120338905061
-0.1970092568406606
-0.39385575297220765
-0.18740768541027694
0.8974040663348938
0.4795954935910505
-0.6171766559828722
0.6302915195565276
-0.49700710851805113
-0.2825274731713598
-0.5848434635820018
0.8666717086657457
1
0.4253418300228631
-0.825515043089968
0.9530336810844556
0.4316389677048869
0.31196850587440056
0.6658174828375287
-0.9343629222515473
0.8870890864232018
-0.8982598715695845
0.354534799298635
-0.1542352973422286
0.4720088616902249
-0.9365896449039356
-0.08350148991202275
0.10773220431095058
-0.8891326044867088
-0.6780133761138191
-0.5968652354148735
-0.6993605070019878
0.46136812748137446
0.6136471166622844
-0.852789573480345
0.882795769322972
-0.041113765410999974
-0.3162066424166102
0.13879245104408708
-0.8147396383590765
0.872446626526878
0.5622545018153514
1
0.45442878913277324
0.9563274804728831
0.210560798073345
-0.032075861748398535
-0.7396682505613893
0.7314936105345364
-0.5989082732752196
0.40927388970662365
0.5207217042993236
-0.6988121476158133
0.08197332505045456
-0.26262162960957053
0.7691517526243868
0.7098322519912414
-0.27894333061861293
0.6140914190247143
0.7914532995863174
-0.8423691626292701
0.5054430012723705
-0.5950623677916665
-0.144979354583215
0.7220814719796543
-0.21446219681187795
0.06225872490281448
0.8610878172265889
-0.173629069421665
0.030381207464077378
0.6405383166913878
-0.8557272339261676
0.7593257860486391
0.04651706600144092
-0.10541175529373602
0.783066544451837
0.7651764336294392
-0.7595369277862362
0.6047109917750063
-0.2208282932170455
0.1253794183105877
0.05928747527011017
0.12641609444597585
-0.9537399365181282
-0.018850310427620906
0.8907203255855811
-0.16807465823542012
-0.6166469362558836
0.18536121896821042
0.5198338581583213
0.5603256763890365
-0.8969118551388643
0.7090610168113961
-0.2327803993049548
0.3365960159420227
-0.0811125261609238
-0.8601500918460546
-0.4517829074265574
0.042439715719545225
0.6840454197575709
-0.4271933126348006
0.40436195263003827
0.3373311473390537
-0.36927601604039295
0.45754254216964035
0.7235757953629156
-0.1816033125671377
0.6510746838801118
-0.7577311838264638
0.09560564470802137
-0.7343860396182432
-0.9570113822892422
0.032854734160086274
0.8085044008918353
0.6348362279657069
-0.8943442722338519
-0.5477131087260807
-0.6245574127339407
0.28705163995769556
0.6364883561957854
0.3589173079490167
-0.7768208194042363
0.6722716561987023
-0.3293180061863052
0.9295646619646056
0.9866453149668959
0.6921078394985754
0.38942749846043373
-0.8471110157806226
-0.23864501460783763
-0.1593205873905045
1
0.8734623432571397
0.01709276828931712
-0.0390253472122152
0.4487687970444343
0.9869771630656783
-0.42191872388541335
-0.8450391515281271
0.30428893946856117
