0.6004519758459086
0.4312011589808819
0.36021511698093817
0.8738903831568839
0.42726703001160193
-0.6660063305825464
-0.9521818250005544
-0.1828499188653741
0.14734616690738503
0.21225852073272974
-0.717331313211875
0.2981976242543489
-0.4453832834680718
0.8188726805409746
0.36735238976981494
-0.87138603269167
0.6596411356908284
-0.5266555637354268
0.6234012361264839
0.15635421872219307
-0.8602107723903889
-0.3384980561677344
-0.3130059564754881
0.40041327154832246
0.45893576059024843
-0.2928620436967368
-0.15807341358958604
-0.44991877123993296
-0.5590558191285533
-0.37799170905633955
-0.14640198776161079
-0.7861209840732724
0.6099842574173705
0.3623781157888852
0.6823356338255716
-0.12073531029199407
0.2585195329910206
-0.16093883244036197
-0.8061246310243031
-0.2976674399393114
0.5934621253503632
0.34817716551834654
0.5001826451702895
-0.18824915607227463
0.24020344122695855
-0.06580329928496237
-0.4440838605393423
-0.1669986645157619
0.13865408477371463
0.7862883804446821
-0.20057170353889836
-0.9291735668478248
-0.6722236962435556
0.9203539136125916
0.9553406693486892
-0.21993385734762758
-0.6731949768497353
0.6522771582336381
0.8444905302294176
0.11542492502636338
0.8571112725247465
0.6298608653788775
0.04426471282197046
0.549744194615992
-0.021687894200371833
-0.9789688903999239
-0.8340514462467977
-0.7951394956504384
0.5524157546134277
-0.2875175264001689
-0.04449615358462195
0.7877112179010833
-0.34826132089449463
-0.07106510514712928
-0.0582146313301518
0.8410189361233128
0.40347468457206237
-0.3721185289441522
-0.5759444071764506
-0.21214448604348693
-0.47761474440270063
-0.08248201278900653
0.24721254031160667
-0.14942808542583674
0.9228270153015795
0.17788148575030913
0.955201400193504
0.14297303610474163
-0.743207181098188
-0.7179616698491589
0.623352276140494
0.8767401992777183
0.044723166459389174
-0.6144001961863067
-0.778667435338709
0.6212644050925232
-0.14712711934701128
0.9211357479307012
-0.6929783278464607
0.38396644612772207
0.8059596955260602
0.07841339723586478
0.05695588979621119
0.5121316295222154
-0.5243447767339301
0.4310215248690252
-0.4982026576322224
-0.5183381061697335
-0.8997360328857708
-0.3331981425247079
0.847189483993439
0.39195232428868243
-0.7088099219904807
-0.8755236871030355
0.7902373688946864
-0.4097645179101275
0.39970323178519096
-0.506901938601694
0.96574823698547
-0.27756518338669056
0.3678074939437682
-0.3083308250343991
-0.5672993012105372
-0.033874909480187135
0.6730523452331226
0.8104948847398753
-0.25805818677143527
0.5872961568909242
-0.8699343239226784
-0.6021177221871608
-0.014271568676330774
-0.48418543410880654
-0.08084840156279419
0.056349380500485914
-0.40501507232843376
-0.22979937293308147
0.41377813151719156
0.7378690070841031
0.25955637543455956
-0.07812306686208194
-0.4198484402670283
-0.8578540743120455
-0.439601866273651
0.12159553164693658
0.9276750823826746
-0.8532707102725339
-0.24346531969425275
0.7576237408725582
-0.5267607670463312
0.9475716642096335
-0.29187778117872415
-0.2445158085271311
0.7253918452838534
-0.8599204846397426
-0.610145868528778
-0.702109231581428
0.9325588378724954
-0.46023561897775145
0.37229268276608807
-0.36999384921879847
-0.017673476073130055
-0.4060373098658606
0.3972959161010268
-0.20936392642356308
0.9597743488567788
0.45595737952219234
0.0259619478485364
-0.5359251441306877
0.26157222953644893
0.10394212448272824
-0.1325500937416816
-0.3273748094331506
0.48062560546623595
-0.004240141537524706
0.7002959650504271
0.6498241733327473
0.2363127203323042
-0.37261777239854044
0.5859978988866771
-0.8609786136701739
-0.3148287538501448
-0.5522078637162073
-0.51630215325974
-0.48271591174602047
-0.7662348527034979
-0.4498429527407691
-0.5721430613315573
0.26446625989621614
0.9676729744819426
0.1819421611103478
0.9700181988618627
-0.7495911081204579
-0.2478602801692659
-0.34543567778782774
-0.017891024765297345
-0.040414065151190885
-0.47354231732045454
-0.21675364689234194
0.29578524158544667
0.006932434043301583
-0.1428739767653391
-0.4658110248260232
-0.0017678094738568734
-0.8830717895399486
0.3310663368128939
-0.18968079933746163
0.05852254329890827
-0.5369893883596624
0.19976852227501354
0.35153384315108804
0.8798601065889776
0.770912739249399
0.9543729502106109
-0.6391728680801521
-0.5785971022220382
-0.7651150033462861
-0.7761830587957027
-0.9092235243742829
0.1675751398361184
-0.09568954792486589
-0.040929156472707964
-0.7285697686299256
-0.9081403050395281
-0.5046793173762126
0.4554100374348843
0.0924887013188021
0.8357712227310687
-0.6359002213444156
0.3815472857669723
0.43731172694537157
-0.10925494758435758
0.010572970274165778
0.4702529031177053
0.3255571536443841
-0.25219499947000945
0.7464194093841232
-0.9518099207588128
0.5901813284247917
-0.14327984576414754
0.436004750969307
0.3295608916286965
0.9857460666938812
-0.7869535075720179
-0.43739671732153657
0.7106540012624556
0.29441212281744694
0.3964076186855941
0.44304148813087185
0.5865912260724635
0.20680943953554964
0.07009540722055838
0.26133472853283063
0.41430968222134557
-0.1529750273525549
0.3968266427909145
-0.007756273785300266
-0.34647971428557506
-0.2963396891377925
-0.011752301502371287
-0.6677073748389205
0.32181341649021433
-0.3357206350455974
-0.9849260881784312
0.7154744280463812
0.8817093981323326
0.030787076033833422
-0.39761828809384
0.9447001697915641
-0.8465634155259889
-0.7655803116403216
0.40755320235839115
-0.12910535623286856
0.7225107859650748
-0.18433308775204446
0.8103373262822683
0.11017411725235435
-0.3361458297359674
-0.43049054595468716
-0.8211567925964545
-0.15544412559748857
0.0959828287046284
0.6196031999383194
0.2906777686153242
-0.24342368062443503
0.013975552350649872
-0.47175072838815957
0.18856548933272393
-0.5858413671469027
0.4925848043027901
0.5878163658335935
-0.16034892940326315
-0.3577153659473017
0.27189213152781144
-0.4808075720149179
-0.07532134575839149
-0.1299262960254863
-0.2690332100677483
0.751574498936454
-0.06274366886161722
-0.25748665643375035
0.5383684800377943
-0.8621529362695731
0.5218515702778014
-0.3042813328529348
0.09594820489854773
0.9328996607603328
0.6637539379868407
-0.26156202401269546
-0.9944018782231739
-0.05611428833503802
0.59000604849033
0.5034875841484988
0.5729649910375314
-0.6437482773771864
-0.5668737086290109
-0.8860692702511549
-0.7423756794561538
0.06530367549934622
-0.2682766072998771
0.0996439322813852
0.1624918903929281
0.39724170056574887
-0.6717726482032008
-0.8996429322907695
-0.8640258267472476
-0.18584217677268824
0.1873806431274988
0.8375068615880881
-0.9110111790975659
-0.6301643199493433
-0.007278514756372271
-0.39120955819477954
0.19010975704486122
0.055869578354519195
-0.06633062841144002
-0.6482432972603636
-0.07541010366320483
0.3989460830345032
-0.7443068903929385
-0.16964911755387602
-0.030471087963717114
-0.2664244712221013
0.4008609129123654
-0.17962100725140365
0.08611785037267913
0.7241487987328623
-0.5702537357754592
0.5732761907844782
0.16204739414155128
0.9199991739170897
0.43481613450356776
0.9584220688615364
-0.6399726603948888
0.9214568726578201
0.532943808938699
-0.5582230610337979
0.4677706243886287
0.06172479526796629
0.737820342962352
0.8798925476723097
-0.18870754016470087
-0.20372690094685317
-0.37063938685978715
0.7049296682760198
0.158345368958046
-0.9766377536593938
-0.8609863024294637
0.409918450161095
0.07106221121830932
-0.5784253970443355
0.7740448643788342
0.8662756315448275
-0.05613192289451664
-0.224435226897529
0.6088763140556247
-0.4351869827966203
-0.8658455275355598
0.09732034569981061
-0.9938664279841064
0.9058810134023758
0.37352892092316214
0.16736478528452606
-0.7947658311047039
-0.17112330171643486
0.9881716302275446
0.5968353730874167
0.0787982456324369
0.0758790015190576
-0.9138920883309503
-0.4573070999372576
0.9815739449095212
-0.8563115738564157
0.11939316937623083
0.11372884627027806
0.6743347814176711
0.46242381379517355
0.600485672636834
-0.3893664758335095
-0.7463647962769578
0.8262618489004339
-0.9299768954741908
0.45267196202335575
-0.8611357806582323
0.1664473752570592
0.13444244728552002
-1
-0.8655041363663083
0.1850469614599695
-0.6810018625836038
0.35969032394710393
0.3880469012368722
-0.6439124962226697
0.5199726816404132
-0.4974869322745102
0.3992355284744834
0.5846385642580606
-0.6775930340688419
-0.21259708733477953
0.7080110772646426
-0.05497497040281062
-0.8361232036253308
-0.17705300536967492
-0.5648337539799269
0.023395817686423705
0.6291577947005
0.5967181417290826
0.3943559083879951
0.6191329807488742
-0.3132094326964202
-0.6164192345504014
0.9646311168080649
0.7773790171226714
-0.5772942172652625
0.3669590895339211
-0.9109931114566997
0.8865767139118045
0.0013885669105024312
-0.4405106256325626
0.6436541434782947
0.003927584823701043
-0.36247480943668214
0.40869358956350477
0.8421542982387268
-0.7317053563326817
-0.23359347681245962
-0.5758511680100333
0.1668000697255354
-0.49569481237586654
-0.23881894364683293
-0.8097628488770406
-0.3030705232637549
0.43024271804146463
-0.21681808520545692
-0.25693456923594626
-0.20856451998244321
-0.48985282176742784
-0.4932993565920853
-0.41293544546634536
-0.014476540586760928
0.1279810856423032
-0.49259743167548364
0.9679896513953785
-0.5488389833263339
-0.7671573834495551
-0.9169204744019571
0.5402488428424017
0.4961193961777063
0.07045220110843695
0.09344660210930991
-0.6739823456453796
-0.8789440261191097
0.25216414500074363
-0.4246102889335274
-0.5585179428241069
-0.781827964903875
0.5146143347125314
-0.7500439576404279
-0.8636865491742866
0.6237913188248235
-0.2715395913426593
-0.6640589517690961
0.807816424816469
-0.23855958146736597
0.49403462222392225
0.605756857427728
0.8471599261202613
-0.34920353924380587
0.009850398907223109
0.6097905209160326
0.3067730082950885
0.0817395620976126
-0.589731141145965
-0.6544461787067315
0.6597139379402941
0.6605598991913564
-0.0609177353751123
-0.9522225976302413
-0.10942432780795386
0.4122678947530758
0.041006791824005524
-0.013483562065820557
0.29327508482968717
0.9943124168932421
0.6049057502857837
-0.35799867828000326
0.7541896465085001
-0.29925597201877235
-0.592354771159232
0.7630343895432112
0.15107837532192092
-0.07175855003248269
0.34255765174108904
0.49097765166820756
-0.6696703537221078
0.9674596713760869
-0.06939047568589002
-0.5208976262369815
0.6125356755137513
-0.9464899809441443
0.8123572420102921
-0.9990303017242682
-0.3409901854871548
-0.10861299035750517
-0.6503829507711888
-0.6998933198176409
-0.9748829249467803
-0.16558222849410775
0.027297946915226162
-0.5959823518723264
0.9484613248086375
0.6316207554319977
-0.9965482861030742
0.8513339701272493
0.9498773301422389
0.12490308535390901
-0.08596271711137887
0.28552493127035344
-0.2828078964781652
0.4114940892914206
-0.2604825151554604
0.8482247369021527
0.06484321263495106
0.6347993410974582
-0.0831884167374663
-0.6800452347105636
-0.8631020392983471
-0.5880315327587368
0.5409400805551839
0.5541904463641095
-0.26128527615510855
0.6732598693587531
0.6444420339412056
-0.24909552140136212
0.08596751279772051
-0.2371857131047287
0.9478778030846718
0.9986357926706568
-0.39059917369186864
-0.36545793348290523
0.4346023812506844
-0.23899585077846072
0.9898952520472782
-0.33740768037991253
-0.4076124537077176
0.635718260525316
-0.9954551525805431
-0.5283083237383791
-0.7837813379826152
-0.602763104543105
0.4204131382805977
-0.2901130656259184
0.5540226902631258
-0.030919197871118475
-0.5663840058194645
-0.6747235443626952
0.38369948176300167
0.3807709627800109
-0.3207682332099812
0.34926124356219224
-0.5905104765973224
0.8728135058958142
-0.19575202045159695
-0.025256253466143845
0.6719100915743104
0.44448118133498976
-0.6240627021116968
0.8890768454389214
-0.13783889642186015
0.39633503073987464
0.7633247434554576
-0.8770082879063028
-0.07691455553771194
-0.34760013489291913
-0.1617811195251602
0.7662324169248101
0.4315870450500034
-0.49982699686604254
0.712002385648953
-0.17252659313708274
0.5080723991652896
0.6944723282405828
-0.500595770156873
-0.7615183468674416
0.23436385847042784
0.19350713888918705
0.4156325115801988
-0.4625403054353603
0.509667738606881
0.3069560771283572
0.6233019908757339
-0.3554723537527982
0.7185131978621515
-0.47725152058826564
-0.6102066929588026
0.8648569720545443
-0.9655406786205951
-0.4761838553249196
-0.18707220722987658
0.352727472098374
-0.3264866980323902
0.32473142944859823
0.30821510004851754
-0.567812054011888
0.9752978772777899
-0.7101833406560973
-0.13033727836788933
-0.31015837606214947
0.6923135005517809
-0.3269542252923073
0.7678029908226941
0.6161202722291846
0.19677669317069652
0.6757491245797379
0.30837372945488883
-0.6324773174969642
0.3941952472262193
-0.6080863093763071
0.6144407755575759
-0.05562965267236013
0.9615431614886213
0.7784369474051825
0.45154212653844483
0.9673111401478242
-0.31564587147594797
0.3787638008529986
0.5433430868631307
0.8775715872582873
-0.7138258355501578
0.19893539694554688
0.21162534519830986
0.30978006741508474
-0.19597271279622056
-0.23566150630056562
-0.7428551424947842
-0.10443373291871702
0.8956569719577846
-0.8063057353317892
0.5573675432952864
-0.5372892587163789
-0.9606096792465811
0.5016054286155859
0.67517517241391
-0.8503837032715016
0.07494234666506897
0.987335967415954
0.14250659352446474
-0.991412949509905
-0.6688615973207163
0.8832249359739399
-0.949253241807106
-0.8337559712888207
-0.24364068058700092
0.5817139845709242
0.4014251349632491
-0.795787900283683
-0.6008501166544487
-0.039949517346234864
0.6024087531682024
0.5729472532479344
-0.13803012168902806
0.4482949295804761
-0.009128068029095484
0.5164093693799728
-0.7099649322272803
0.2873062917089615
-0.3620669111277465
0.6165493183458625
-0.3197205972402144
-0.34294929782211603
-0.24086338231505772
0.18350559753074597
0.9794414445829778
0.6320328336217061
-0.15229042842308332
0.8801612540199696
0.3530091802301203
-0.7219108019289956
-0.47898134065237963
-0.9711547048926658
0.1679031549616403
-0.09667377732886583
-0.303341149600919
-0.8180031125746712
-0.4340787319213771
0.6473306464554511
0.7946915142119946
0.4123969622921164
0.8301691565854188
-0.6402351924510024
0.6205099820541687
-0.874728942803192
0.8108273836427485
0.366610474480432
0.7963812785244446
-0.6326431233990392
-0.2417926319341645
0.5811023943994378
0.35790676139359573
0.06762817099351935
-0.4345185951278084
-0.7411593591448179
-0.6454530642309552
-0.3283930968934478
-0.15024053145412591
0.6086576611525877
-0.3822047187252675
-0.7386316835725754
-0.25372742896839257
0.02931011664069124
0.6788731596453716
0.012075461468363809
-0.22772556405862884
0.4096614864717877
0.6438863792767733
-0.22511716388667943
0.49832983060806246
0.8963591928150687
0.6076522320188781
0.8348603224209664
-0.2809323090139036
-0.5998351423946158
-0.7120861076438348
0.7537785536146983
0.655469953094169
0.03624115261186459
-0.18934241020215395
0.7644909002708529
0.16155146640213994
0.05184271729199484
-0.6262975476473509
-0.0417390159887356
-0.5570182803179744
0.5361812690871938
-0.8864955951758946
0.7963485103958271
0.49068268934598236
-0.9113446017917051
0.05396602996156497
0.9997901281366517
-0.40113968298213415
-0.713675835483745
-0.4830505883325598
0.8089426785402889
0.11288992816197081
-0.925504037985522
-0.23988488332303715
-0.2600723943850698
0.7235074026683348
-0.9224526025154636
-0.9206452718247161
-0.17477112819607288
-0.35015117337635365
0.18559940662808735
0.25950598221672744
-0.7564610472732244
-0.381087908713124
0.5650182749371698
-0.19831162519396625
0.8941624436648566
0.9387122730110361
-0.746093740015416
-0.7167957321300049
0.5858248100840245
-0.3124535359867134
0.8864558937683755
0.29905134941942074
0.6216723068225296
-0.9659752288060831
-0.5956592771796585
-0.7079460100487973
0.9781108066797066
-0.984600043944328
0.48394107018385674
0.2752997186382213
-0.8049876066756615
0.6506815775240097
0.6507129042375898
-0.20522884749245057
-0.38167987735747727
-0.8765093464533578
0.6701776555966307
-0.15141619787914165
0.7626535262665683
-0.3136066375580115
-0.8111027834138104
-0.11081712560725449
-0.02839832629964746
0.016303843531839408
-0.8360922366479749
0.7358458852447559
-0.14999917601136248
-0.2095524449191546
-0.13509247138974784
0.5676311412664566
0.7177351450188169
0.5684315506804865
0.8754672097272106
0.06334272732993901
-0.8538500403539518
0.7288026417753181
-0.5627440742957115
0.5580106569334732
-0.7836110504744861
0.4256850953589134
0.0159429893473457
-0.8179126655957104
-0.2801861223627373
0.5578244288937341
-0.28228895000750664
-0.762568942448667
0.053487545208803375
-0.20861502505345503
0.8933540712049713
-0.1748662386207311
-0.3401202571548784
0.05830472051378473
0.4898026048982926
0.9126471520516051
-0.016126766280955333
-0.31468403970742503
-0.13348625137619743
-0.910918758502386
0.28119781359907353
0.23383441022900248
-0.7949053180962031
0.9316139949250889
-0.36164459746359706
-0.6060917697095222
-0.23875078291598373
0.19310600473104605
0.8691399477422668
0.8674129854650814
0.2638922112106837
-0.14851198129595072
0.49234595312936874
0.6450125755601118
1
-0.17348048426556234
0.7206771797265737
-0.8465677554139421
0.7681074261546579
0.9973238998812342
0.9819277885909137
0.852763429480458
-0.8151909196123726
-0.13848512245678865
-0.09983352366404517
0.4855343617248187
0.396114055321235
-0.34555093996576797
0.7230033825853469
-0.3612411113189036
0.47667016744943025
0.3222991526492761
0.33477560765988357
0.1501356585100377
-0.639457104632541
-0.7769431627558743
-0.14133974468077254
-0.3636201663769942
0.688485726366645
0.03544592479880518
-0.31647733979822185
0.36357246502783347
0.16920011972064278
0.511196626921651
0.3287402518603966
0.08521622240543958
-0.4247391288131025
-0.4001134705711196
-0.40269041510420844
0.2711798080627606
-0.03995040480074092
-0.3989637147241347
0.19904728019999765
-0.4133063260822236
-0.5844038475315119
0.7529683369663648
0.15263319051988392
0.8979739189714965
0.7807302731692702
0.6716868042949397
-0.2657195220168638
-0.06004185776002345
-0.8117575723119048
0.23399873945032013
0.8880462565328817
-0.22147234309645936
-0.23764819753266667
0.8431428206485296
-0.8477588574882419
0.8804137238125245
-0.0676032564587803
-0.06248277950698463
-0.5203184821557331
0.3471996487293765
0.28067330807834123
0.1398599635822909
0.2562543140301297
0.7119204850414567
-0.7415641659591028
0.7124303071111829
-0.29862718841559804
0.7573204494914765
0.5663982566970653
-0.35298830569975675
0.7386352479608896
-0.49322871869183016
-0.8951248273289706
-0.10614006989786523
0.7185138554845047
-0.9953476880913771
-0.761683655901244
0.08760993483469687
-0.8624054340192734
0.24540250439763184
0.01677975247850945
-0.8057933144408946
-0.51238684017524
-0.7239060131400252
0.4678613114927867
-0.3860455370094152
-0.7800655379071237
0.15846322107772748
0.4120515771864207
-0.20770403857289652
0.7293259186781061
-0.05176260975356729
0.7936031244101094
-0.5342562223749333
0.35809750309621713
0.787813948070142
-0.3233131071688112
-0.9162848383075527
-0.2542682070957263
-0.740780595332667
0.8303841950240132
0.8273282663657663
-0.6241720619341163
0.566127259388715
0.023464774197959663
0.9767309078184003
0.003988960852640025
-0.3126108773785409
-0.9407140490792734
-0.6591717611857458
0.19360075240750138
0.09531337566248416
0.4921106933400301
0.6175439314003515
0.03174252162309347
0.29256192250438906
-0.4836166702751352
0.032369741957729674
-0.02545926135482218
-0.7502316713463758
-0.49665597018353
0.8413197056709102
-0.9496517326623412
0.8167150795204717
0.25451166793676744
0.45936221366354524
-0.5981001562111972
-0.10158134380816523
0.27314743514344086
-0.7029831195490179
0.5478079601155624
0.7100218797453237
0.9708841667822917
0.07387886868258141
-0.3127092720129662
0.5579577161289851
0.23222686338481496
-0.8475052777390354
0.4329624898685349
-0.7028817594259767
-0.2247893434823444
-0.8183603327574176
-0.8080061086485788
-0.958641229255881
0.895588632925156
-0.5992375427258685
-0.8757104310937919
-0.3852889275033781
-0.19490122279294916
0.5273092559476529
0.3113664286174946
-0.7447332787135762
-0.3546213613772168
0.7440527133225491
0.9307580543038532
0.7217491525759896
-0.04254287592763773
-0.8993498528733198
0.4629776881434034
-0.5013901336401633
-0.5826474116725685
-0.18559362027003065
-0.5289476945035383
-0.18482183560763263
-0.688488326415292
0.447150807746633
0.32981372504211764
-0.053423095727539706
0.7410582191046156
-0.9454999154040469
0.6370461246291438
-0.603369166809307
0.3896739156109091
0.5892420616076738
0.15338774623206294
-0.41902043010717005
0.33939032150980863
-0.26309430462583044
-0.9071138771314898
-0.44468710628460945
1
-0.06179925892601932
-0.9583812711301568
-0.5282433477949539
-0.9290192815377302
-0.15413727480638403
-0.33912444671767095
-0.8226233921142063
0.6430599562148
-0.8537720371154275
0.47003775985327
-0.334455035803416
-0.7082634636928639
0.806208905055757
-0.3203531011752698
-0.23234091359358439
0.5506846445477938
-0.7544207704547679
0.33524789422598894
0.4513596578459598
0.02846426808404212
0.5325770138894866
-0.03246692671024837
0.5900272019478787
-1
0.5503221909434118
0.16792764025895685
0.23983483566605224
-0.20210407326289845
-0.0970286400506931
-0.9983466038145031
-0.8163813247278521
0.02883720251092204
0.04039762326158021
0.41746162317840124
0.9845709841892871
-0.5084660407960558
0.7148488589234266
0.49273587670711144
-0.006098574585200255
-0.6756779745836835
-0.6357888802166638
0.0852184485582599
-0.26356413187719957
-0.8845018588979874
0.8882287047564799
0.3452927776460235
0.5387322902517858
-0.9406472614102572
0.6322947455265104
0.023042266678303683
-0.30035107003965206
0.01397758344831344
0.540847140343885
-0.21015359426747326
-0.17061006247600677
0.2138282747079281
0.8771348918587842
0.3462948323411449
0.5070632685337069
0.6088920195263371
-0.4839607181870063
0.17725620454126695
-0.30826235370052885
-0.5003382620168983
0.20672272861352256
0.8453818883895201
0.021158378075067014
0.07727294316650077
0.45000451288947374
0.37219007449494884
0.48912700202016984
0.5487875006102861
-0.2524291613567381
0.026896603802126738
-0.943302453405513
0.01241703757543688
-0.6680147469074375
0.7473612153507694
-0.6207135853455429
-0.5296205096880955
-0.6434998632248765
0.7223949810586514
-0.5057807311439323
-0.652449292188433
0.21312618557199609
0.2843199241395883
-0.7363432646388506
-0.5500377665623152
-0.5893764216643839
0.5425497308316642
-0.4066596095754349
-0.23850180752161107
0.10823953168530222
0.23493973932478412
-0.12843107296662415
-0.1714052368655341
-0.740488546820232
-0.2961831607504747
0.26855177954275955
-0.4791555229494025
0.3354185124091174
0.13416771674604114
-0.12296174357496059
-0.39476615924961705
0.509598864898094
0.12303728806862721
0.030602935491727736
-0.861812861700155
0.9524130237428935
-0.8215878717648244
-0.35082184562217855
-0.6785514924006502
-0.19286820674261598
-0.7188528143808854
-0.9193597599951137
-0.49596309145083944
-0.27218248827717667
-0.883116464126724
0.008853668971287362
-0.6723709631817918
-0.43377123987140637
0.09889423150040698
-0.6600551529671348
0.11340840454619126
-0.4341325764026898
0.7311435222973729
0.6776089795111951
0.6402029382617238
-0.9012320027247596
-0.6697794266498109
-0.9369086999243749
0.7469391270756283
-0.38635485251607454
0.2385949162145425
0.9236412255793988
-0.8690707891216475
-0.5660355920312863
0.2224964334384455
0.9165611967887565
0.14737358797442773
-0.32467146690810217
0.21963495369545535
-0.09982597731355328
0.3561110690275114
-0.7936719123439671
0.16222113345630434
-0.9701275260143886
-0.7548482801295899
0.1174762716693318
0.7711326609304848
0.5942069780674105
0.30332781619938065
0.9312060451823208
0.028211155362955403
-0.40926325462637153
0.32753880854973255
-0.2928939322009957
-0.3475243499177568
-0.6224433968649401
0.3778557200314605
-0.7974901446221966
-0.2560483865154389
0.4155905921397202
0.46753180465435923
-0.6301075307027154
0.9810757891546819
-0.7015466533355785
-0.4437738116288392
-0.07275468200423621
0.17674795609551405
-0.04594013911210673
0.3519635518185768
0.3701991812094629
0.7071456267245531
0.37448192898585486
0.7931068144723838
-0.743328537890015
-0.3448179822588954
-0.21854050225832847
0.9553528399524156
-0.7473229846702979
-0.6428398232459787
-0.6784484415306968
-0.016891098411082172
0.7309064806633266
-0.5827463807954955
-0.3543834102678896
-0.8074279534699029
-0.8307294260910733
-0.16811786823686867
-0.6147223362299791
-0.18649956990952463
0.20383508004294434
0.7679298014726154
0.9506756606584922
0.3727769110251844
0.4190712439047989
0.8555241850107409
-0.15081378856121824
0.5673216791616601
-0.6341106970375426
0.17537595902954478
0.08284386122969364
-0.038621137047188794
-0.9412614431838079
-0.9435283478662411
-0.12208209239017617
0.3484240148451042
0.24371941508829978
0.887560707690394
0.9488623934611223
-0.6908730842611298
-0.9965303650370723
-0.04156679878901738
0.2731513407108053
-0.8730190618515339
0.7118754307433868
-0.8464254263522089
0.4835117197745466
-0.3737084695692202
-0.22230536667191958
0.30383068389908224
0.8652074329030128
0.832443370850195
-0.3048644349878718
-0.014137160395395951
0.32992597197031986
0.16595417825294007
0.727484532907996
0.27565096151607155
0.8484218456740668
0.7924446401532019
0.08380117734722654
0.37887108601609304
0.06195674451024457
0.750438184171943
0.6301803277632844
-0.6674875492237542
-0.5117590928467168
0.1147809721240503
-0.9703978703685994
0.7074018153822812
0.8353404356682985
-0.06023480799941496
0.6586102925471305
0.050619101653271964
0.5142834248151851
0.20804821624067776
-0.46421911813703504
-0.5745900804277206
-0.2750170535986913
0.1990453895518096
0.7369909737314986
-0.6126225734643842
0.5759044862542351
0.03330912488860063
-0.9871883219637028
0.04357453122186864
-0.7230616397059583
-0.05033066697689942
0.8039098897000723
-0.3702873530610936
-0.20705669238016344
-0.13593831513897736
0.2188874110123099
-0.9459468525260094
0.6018472459916978
-0.06489909034189961
-0.12869103578591962
-0.24931725291465623
0.2628771700778253
0.29814106436705967
0.43948890363370646
0.6324848457571255
-0.24503812012034157
0.01586487558107614
-0.6603098027809582
-0.3986611385819017
-0.31421852339060663
0.6628458237494088
-0.7739858017984745
-0.2474591880036276
0.3673905638562469
0.31641196085185064
0.10243561095066894
-0.987952383331153
0.332697744166899
-0.34572506921617013
-0.5487275550971319
-0.789833505424144
0.3662138207427061
-0.24785187488597035
0.6177198182404581
0.12737963789328766
-0.834528407488189
-0.6818121170574442
-0.48892021371110894
-0.33933472396756087
-0.2081616247980032
0.27593305243064803
-0.791284691837416
-0.41205080521124143
-0.5957235287965965
0.1512213579922795
0.06772329156394659
0.5052933008274816
-0.593873356697347
-0.18059541450713568
0.05811490498047798
0.3805644909715224
0.9083724040091558
-0.6291969585346002
0.7436774680126155
-0.5051908274840506
0.9454797157980811
0.8062605254413365
0.9820117271548541
-0.9434927404163326
-0.21462113184652687
-0.8583470609375373
0.3861567556788572
-0.26080613942442454
0.9988808404457167
0.7708133102690281
-0.7034721983513391
-0.1318957573261953
-0.11487032849678379
-0.779643024090998
-0.7112154124620061
-0.364870972076648
-0.14088719732749522
-0.21919612604910432
-0.517708050151607
0.41624096847201236
0.5509198136932085
-0.45771474473143436
0.8227688798676525
-0.02340485077662405
-0.7162257691458809
-0.025167859348628356
-0.5460165548244188
-0.8266784705221617
-0.44525915742934874
0.13242235498605381
-0.6712407566315447
-0.39321590671018275
0.9335795116695246
-0.5031720940603314
0.5416711153769237
-0.8663216042651672
-0.587911473093119
-0.06415131647840931
-0.5882992613305822
-0.026042281915364607
0.47606443181805874
-0.23715786357777827
0.41029317107112695
-0.5595690009125017
0.8632401893197877
0.019995862884020124
-0.4861413760294508
-0.22477871058218862
0.44057946589347574
-0.845532343315676
-0.5410731201563861
-0.7408927470804064
0.9839319483313278
-0.18902045127553477
-0.12270456894994795
-0.6966731850161841
0.6770792121882118
0.5390186517389252
0.6515284837279435
0.8765153288237666
0.9361165616660311
0.25236895050081815
-0.7478118882855211
-0.8634586663382721
-0.5391997396403636
-0.2751610759381542
0.2751658057730029
-0.19811338764941747
0.2793276360894254
-0.6037016267479995
0.8824873458387273
0.8134152066238436
-0.9379869107243667
-0.33127340799734495
0.9240728165887463
-0.1288488231565232
1
-0.14136471791905714
0.7728658486126486
-0.4641724358326319
-0.379612060025775
0.0900511894315948
0.12106292597661593
-0.2913635929123439
0.7300587466813749
-0.3815149067531673
0.7046532545588946
-0.9003303481223586
0.30244762362914157
0.5830352903443057
-0.818719259129405
0.7901785192687578
0.12882255642406548
0.7316514299881532
0.08847152263699828
0.7499991338248928
0.38441093191986847
-0.6050671776922187
-0.7907480420821181
0.1450368965039203
-0.6807938300634853
-0.2353050088746337
0.14860956126204705
-0.5802423651913168
0.10678824162091803
0.8241652947208834
-0.27251062291998224
0.8925443039578854
-0.38593400103115716
0.6305127483249032
0.43866962810208354
0.3397275584585174
-1
0.8743371355203506
-0.7789154989529219
-0.6395936327852235
0.9224650477394742
0.0701477392062272
0.09559385202669994
0.9711419553803509
-0.025809246507575566
-0.3727611912347706
-0.508898305773111
0.21834883232687274
-0.15419714831458675
0.43330065797964873
-0.5891167096902191
0.7716955020278374
0.9419538769558446
-0.1599325682046737
-0.3838855847952909
0.14108564906977272
0.9277110579516336
-0.4828911486139466
0.6354346632871734
-0.8957328427168413
-0.0937000403569922
-0.9867649144731743
0.49723405542099497
0.18330296971349286
-0.8923050778005662
0.503102124991259
0.17477904922351314
-0.5998672269778009
0.8560332670344842
-0.4747454316600083
0.5583422615866506
-0.17811637749137327
-0.5721335783589832
0.3898380234288947
0.5829352548327476
-0.8288746234339684
-0.11830270895014162
0.9855646937607843
0.2135901835309584
-0.06868793365339586
-0.0675717631087555
0.7484078152720088
0.9299204126000231
-0.47938669659968125
0.23368024844549012
-0.702750962943603
0.6605058132194882
-0.30355140368095357
-0.23675185279686242
-0.9077162023645716
0.9612630647064018
-0.4188828675823081
0.36890911557152395
-0.2850232918206647
-0.45586947146463974
0.810741439366563
-0.9031280930989866
0.11326754269339759
-0.0794923847330108
0.2965128829083009
0.3080093834049359
0.098072528095302
-0.9681514266105231
0.6668063835273084
0.5295693330287488
0.8550352622431281
-0.47722020172346574
0.09248601867229544
1
-0.36868112235386413
0.4802378089361977
-0.49462984292938966
-0.85663763715406
-0.8565510773015969
-0.4659841621456076
-0.8263056967641831
-0.15341432455418927
0.29355217449510834
-0.6445735524584083
0.7820780111539667
0.655043340885641
0.402654490604113
0.08999740366584404
0.8004650481165749
0.8504002773749446
0.1590691033442792
0.1992419097177094
0.8628102200715143
-0.8296701727951357
0.6393384108553339
-0.3032285940394417
0.8161809084115164
0.9627937421196666
0.7725985295210842
-0.9327188251759283
-0.9179829349758721
-0.9323198647738199
-0.9716143142035335
0.5840654899314105
0.7980133811313692
-0.7549059267087623
-0.2774284830288312
-0.40136667105740764
0.8974738675286902
-0.8303791055906632
0.03657206679988464
0.8572548120948362
-0.7745724742804858
-0.5839398621398851
-0.32559472495341485
0.3077904036960691
-1
-0.2721124066659221
-0.6588227922949026
0.4584842804117059
-0.13129595645958209
-0.33079979399919757
0.8306863378445272
-0.6093397429872164
0.06460039216049045
-0.22043318314648785
-0.010122248493278741
0.14445724421759
-0.3587058859351695
0.7150385878993857
-0.7837469355969758
-0.38334065888751034
-0.06726060904190069
0.9072858444460621
0.6106021935358185
-0.7837992246019371
-0.2468164215554777
-0.7521027438499769
0.9108528529139843
0.4773893469937854
-0.9323403628006522
-0.7736913641118164
-0.5149963614537977
-0.7284357536185697
-0.517909533156589
0.23093839947797618
0.18134085129446806
0.4782945552855231
0.7673662983753503
0.8753370876969818
-0.30705243349834005
0.4292148298919066
0.7267608424114372
-0.9270846091964926
0.2757493780757312
0.40893718948319374
-0.730689637266035
0.9673225483246815
0.13926896017322798
0.1418888269968499
0.5005854852206707
-0.9826115399472214
-0.7582148026676964
0.056298927030503446
0.21514076385354228
-0.1644514009628174
-0.4622894879626867
-0.09964647477553756
0.9195805763066432
0.3912941721283151
0.19558518864139204
-0.40374269551824904
0.7371082815255163
0.3261017457882317
0.10631428283808841
-0.39656295041188316
0.17763504465895574
0.1794433480734724
-0.6937022344050026
0.3400313309213338
-0.30478131275819914
-0.16060026192776142
-0.5769699668949844
-0.38801428408941147
-0.3314888352400914
0.5167517246848837
-0.10146375445341517
-0.6658543107392417
-0.6378474945251755
-0.07375672156570437
0.38856757842655976
-0.8755909824793883
0.6173168970997954
0.28477440292379064
0.5930075026424566
0.7585433017053963
0.5591746155327767
-0.21027433740519239
-0.5671321841368353
-0.41332802098586124
0.9977034445045881
-0.5369090421307636
0.5287640806776331
0.3567808899455598
-0.6038604109097547
-0.04380871248109498
0.864446975918722
-0.13160207294609258
-0.2887033155193423
0.9186603213982735
0.7476685909404708
0.8740698706766112
0.02583564910779057
-0.48131214586569
-0.43695861062779007
-0.8320508764633944
-0.2633307167935247
0.19020631251027628
0.22433729271391498
-0.6773166179855528
-0.18009815018242495
-0.18640716828969103
-0.23378351192667127
-0.7336921955575084
-0.9337492715097117
0.36917926702047443
0.3507609519840558
0.03948144693602596
-0.40731663414314656
0.17529509866773998
-0.9919512819518881
0.9478104098459391
-0.8613102464578748
-0.6948724490977
-0.5274603069552687
-0.6301673896314071
-0.11707906171448208
0.6411993138712757
0.10951671297463388
-0.7197209507090105
-0.8728616777368454
-0.028888755940354546
-0.4755116703189475
-0.9881482187479829
0.1160147983086398
-0.8645126872440019
0.7985293999238455
-0.13292372166904132
-0.7273190093922925
-0.4683321689430521
-0.8791025472066402
-0.9491694965696009
0.5009497707588597
0.6093581053012542
-0.10025081780404219
-0.39585726810329896
0.026709357071915837
0.15115080495599129
-0.26695834527950435
0.37521265980537083
0.965691971935702
0.3976310026046197
-0.2959520921606961
0.8814366738963885
-0.46372599192600605
-0.7127139137520738
-0.03135630523171877
-0.44345226739079113
-0.5068688418226858
-0.8622391894136205
0.228667255158175
-0.2686768234868769
0.10732442922646085
0.6450295458186577
-0.7402806103785005
-0.054062288053526135
0.6836350946641166
-0.13594134671565605
-0.49085077224843315
-0.9307043358584828
0.6363213711770239
-0.7773694017844349
-0.578183549600575
0.4748632190516711
-0.4923395301900904
-0.9670953462847234
-0.60594528744668
0.08942185387993322
0.7736949655912287
-0.7316877244209677
-0.5576210340952898
0.8979613520823702
0.7056869704226667
0.668831941955355
0.7519647862049018
-0.9680670069157679
0.28189047538602474
-0.7305195514751485
-0.6870812380565039
-0.5485143293439703
0.47897454956018165
-0.7269041149428699
-0.04400132004012099
-0.6241514878805049
0.1398608410581791
0.9133576681147809
-0.5708899705628588
0.44508394269884
-0.5848700343686378
0.6424627964157844
0.8857228682163759
-0.9567103428718018
0.5141375501283517
-0.8253505028501084
0.6813790065084137
-0.12818608229801065
0.7437388239771545
-0.2657664764461427
-0.14545908590601891
0.5436849131099477
0.8229015470217347
-0.8702639745870436
0.8326669402027166
-0.3796684322868886
0.8912015916274437
-0.5713851164266559
-0.6537068257434558
-0.8205814442071098
0.9106988536194353
0.3766426391972107
0.8230996385733143
-0.7402964160896218
0.3168202054340101
0.7588200378771545
-0.7014361648434878
0.5577732758889619
-0.002365875210137691
0.548834992877323
-0.2965539075932044
-0.19335896009573392
-0.6176136586449434
-0.498337982193856
0.28939792268346304
-0.0072850707546808675
0.6560580780980384
0.17708893057633732
-0.42601550773948454
0.995177710636991
0.5091453067462343
0.47793665951459835
-0.010729224779523604
-0.25756945751392374
-0.5934683876268981
-0.5683397741206712
0.3613762976982472
0.6535661901331483
0.9272575167069516
0.9876743553715187
0.7523592932526592
-0.8429267227374422
0.5294434089507116
0.48491541099974295
0.6555248552956248
0.4898312592460882
-0.2993503465591863
0.6814153274542808
0.9236038428561189
-0.6495255524489645
-0.4227686498955752
0.696633309883216
0.04935958572416339
-0.8449195640638149
-0.9213817974556644
0.5913189592883157
-0.4296639211568979
0.43596636709748665
-0.17228320298746608
0.8603229974490163
0.6232756600435713
-0.11374581920917987
-0.18628908854053403
0.8921628751527193
0.13603287151405055
0.9650795010746538
-0.6076969667151007
-0.29580265650095366
0.5036424000523873
-0.6180706501350948
-0.5141449337588937
0.1879383211226713
0.805814886607844
-0.5901177163289948
-0.5455324074680123
0.07912345585162353
-0.7920795546141937
-0.09899345521522329
-0.5430583376840604
0.929389008276957
-0.14141282987568554
-0.9824825203771805
0.24229537440123755
0.6222287422922766
0.36138744087338526
-0.03404967816423382
0.8141734732242589
0.8204213432316211
-0.3165742958085897
0.72407605985995
0.985822803645156
-0.08233631235693246
0.6682189500882989
0.24399281876189705
0.9881994166165605
-0.7616376343754317
-0.964386608817468
-0.3322912975788838
-0.568503983666144
-0.07699025835272315
0.3722344929831637
-0.8621972907484219
0.13816525868559099
-0.4706105303319631
-0.6749770816564418
0.7473090018441114
0.34861404160084547
-0.645030040887121
0.5763881006076892
0.9822352231919271
-0.41444918190731245
0.2963018338437041
0.5192730243730811
0.5020480761186287
-0.6387177345361152
0.06143915542333965
-0.7823898591629503
-0.41171415886815604
-0.48841259595858516
-0.851394933824374
0.5286149482834209
-0.34660896198842983
-0.753583787892823
-0.2332827656139493
-0.9053837784485838
-0.2645800024663987
-0.10508649451928907
0.03071216685118945
0.669820392173701
-0.9578486455858695
0.26392027037316407
0.3374726449441413
-0.10300690936279669
-0.3319859892796339
-0.7728470605295964
0.3853255154098127
0.5563233856208573
-0.007694839442451187
0.6486198197037321
-0.855104017886348
0.4411501990108457
0.7971317907519989
-0.47829773396920355
0.7402573884161016
0.2443034983533454
-0.3096351153405265
-0.6147097666299023
0.24636103332514134
-0.340098160785759
-0.9086195060287088
-0.503541948658392
-0.3185565689532908
0.7475038194310274
0.33675324279971686
0.9797011669876516
-0.1255437906363864
0.21739404280207855
-0.701544472917562
-0.41702744362126487
-0.510094267543976
0.8617813137580931
0.5781060772362893
-0.30450017847581456
0.7142966192151889
0.8564011249520093
-0.8459294629677137
0.32390302721324643
-0.10790437534125678
-0.9785796957987793
-0.6320722603395664
0.7700451344990736
0.7193921572703648
-0.5805524739513526
0.26002199549466326
-0.2198581485106915
0.9709639877618785
-0.08892502625815162
-0.5455553518265648
-0.14422048353730882
0.7817231758109965
0.39551731567669063
-0.4619232431708865
-0.26329502953695993
-0.8375886650166999
-0.08354143149031831
0.4637597536795721
0.6696028221958603
0.09229752899992454
-0.43776735229937863
0.29341525736519963
-0.3066657140257807
0.7581254803425874
-0.17095425523235613
0.08118298462041373
0.4910141700027818
-0.8164657626472737
-0.2102887075655491
-0.2795414218690894
0.6806756693020368
-0.5895559162843257
0.07393058833559944
-0.7709370143741384
-0.9707818565995859
0.4156336809261695
-0.3649070036364002
0.28118663633689966
-0.01952406062109988
0.21494284558571386
-0.5932740796976248
-0.2955701201562759
0.9110911686673747
-0.16190798927980335
0.9591798636337288
-0.5758687492880923
0.8328847925342134
-0.3109210942827759
-0.1499368772504486
0.5457916428033994
0.010668250888795562
0.5767252510303759
-0.7388069260259613
0.6934160101111077
-0.911695908108777
-0.1287833004731012
-0.7926061735013852
0.09970198551542836
-0.14746316317943514
0.7247303952618611
0.2447652721385343
-0.6389780703586646
-0.271953920205614
0.7819946919992412
-0.002207484433405831
-0.29268892566200533
-0.8038801065514933
-0.4430189771876364
-0.6270623044482708
0.1080562490796947
-0.603723545399666
0.4396860863780296
-0.41033565076741346
-0.6605460633471115
-0.23233158807863005
0.5288450444259042
-0.7907111080581328
-0.565811225652586
0.8838589496581885
-0.849423505730976
-0.07239309093417859
-0.6798664377930218
0.7940722378511716
-0.20852378811744296
0.40675400940584583
-0.6263029982446741
-0.027564976969841344
-0.8177723172453837
-0.9187035871036487
0.5691721668212376
-0.6312369664925277
0.13686771214806898
-0.06226468848251784
0.270711345406582
0.20759597964842005
0.3155639887530442
-0.740385266565979
-0.8226102150280219
0.8156995878780574
-0.09070317401708394
-0.6781725398626308
0.0683928118439811
0.053619474095239476
0.5207403724248223
0.33980103816057305
0.47701039448075905
0.9336576988933392
0.42237820540667653
0.5099643449253691
0.3466962977654221
0.950355899658844
0.6557538204087511
-0.3913079147327687
-0.5280667272315268
-0.29392700201502153
0.6884545359313456
-0.37180342346754186
-0.5579209006850554
-0.6072241148162406
-0.18501838298544365
-0.9369480589047411
0.19499589092745076
-0.5729967181046755
0.577371540027285
-0.7280349529098947
0.9374536032205394
-0.6028368553783171
-0.9030822492259207
-0.35060978078386956
0.4321646960102431
0.6892316369080039
0.24076177052883674
0.4032867032144957
-0.6502475022009281
0.4560921230471568
-0.6544087380432084
-0.9706639345407747
-0.387778070431105
0.49816797605668184
-0.6931428055830242
-0.922603569386928
-0.1492126501998358
-0.5587009933841703
0.8590342423643162
0.9585791283148217
0.039812635343481395
-0.6405920156753552
0.8854842297127954
-0.8678435731248276
-0.5207011575301348
0.39172218508997647
-0.8434428151053877
0.994737010781441
0.5616699458791294
-0.3435176408881359
0.06837272079774621
-0.5890071018730467
-0.3494454874801978
-0.6624480102682416
-0.1850101286967678
-0.9622633065531281
0.11708719817680799
-0.9655211178263975
0.9750222086351569
0.7659609783204969
-0.28217677671837493
-0.905962795127339
-0.020623761760487164
-0.5905659593273878
-0.16120281625246513
0.3154294101904453
-0.15820814600227243
0.18291564002112434
0.19323148245295577
0.5233094156118122
-0.9506267077991125
-0.8697544392926575
0.45951182841834015
-0.30775222449182066
-0.17472145489851615
-0.023599244588016127
-0.1443334712534186
-0.036708246026208036
-0.1127896351131784
-0.20375651904955505
-0.7138611067860222
0.8820022375689839
0.7861124938450178
0.8413998958130586
-0.8881492561020499
0.2679381870959663
0.19199110662270483
0.8673162252920223
0.03153535712505007
0.4211267987970423
-0.09412352547078943
-0.34325046611820587
-0.946692890140305
0.4719560348148432
0.36501317000579936
-0.7620137580444654
0.8954053385515204
-0.8037192926053304
0.4678084644423612
0.46316091622480493
-0.9623508545315371
0.024963234626075987
-0.13055663227243455
-0.5985480646447844
-0.5133988341126303
-0.691341433413041
0.8527070676360605
0.7945250451353222
0.4510770631436199
-0.23911366095956738
0.44601616407121886
-0.46134622443310525
-0.6380426358320894
-0.11169063843694997
0.5963770633625423
0.1642814777720628
0.44181748344577126
0.5968688452788388
-0.3738852223269159
-0.024139077024602267
0.5224627303420724
-0.025824034627828913
-0.29035489917180374
0.159067781922742
0.48465655270040153
-0.1587394068965101
-0.6329866496875172
0.8485670871091587
-0.11704044817012013
0.4675107491435464
-0.9946674678297641
-0.5253735173985464
0.05532824199192049
-0.6143228177423973
0.7737098537210341
0.10817670944877208
0.29951078777106477
-0.991146185575585
0.6281418889934125
0.8816164367897467
0.1630805515968339
-0.21554306688996913
-0.8439867536257779
-0.28686603177864645
-0.8410216341421571
0.9827186565714822
0.24619925560668987
0.6397920666951261
0.11659060794024724
-0.1136841533048089
0.09485347550470333
-0.4800422467034459
0.40100289469612677
-0.8790554330808552
0.34533050611718635
0.46005084423424863
0.8575132078750788
-0.047067478493510666
0.07620235810673637
-0.10331241550630182
-0.9912437205977916
-0.11042919743159393
-0.5047852348225106
0.4504110374536058
-0.8552991288598008
-0.70620260250231
-0.28929404378843926
-0.7886918144579536
-0.7276198761785915
-0.06922449922442309
0.5073448145146281
-0.24731080306819794
-0.8148471605819572
-0.8540897178092945
0.2813692284642608
0.743927531495019
-0.1749966352400001
-0.5991027346708877
0.6472142716074039
-0.4702022123095896
0.023779554810423868
0.39172115325429574
0.23719495799830756
0.5553279246834465
0.9242002590868049
-0.09788784774171526
-0.5443804571184689
0.3593911579497878
-0.3465612414165929
-0.4095474573497691
-0.9972881985708314
0.4487149999831903
0.8955606003736352
0.16752069893758756
-0.4140570684571113
0.6726336980680301
0.06523244724211981
-0.377563552151934
0.7960959175992222
-0.8374035044691925
-0.0059508372229941636
-0.16770714128319775
0.1860057190858207
0.5071704531276936
0.5869492476881557
0.23056701032716248
0.5067294318002882
0.7226824024302843
-0.7086359830125384
-0.24532126962251494
-0.780983557054744
-0.9638471105566437
0.054676970129880625
-0.18562218411165826
1
0.2755193638013409
-0.8072021432102541
0.4126084972731784
0.7305478912931804
-0.09112106393949924
-0.6666084671156915
0.8264822449335512
0.14238420847165176
-0.7060255020712559
-0.8989869015215587
0.30937772740638375
-0.22301724814292279
-0.3729825321248233
-0.21220312221419368
0.8884623881731072
0.4979121375435535
-0.6635961252592679
0.5987144766479849
-0.5021547365691836
-0.25770363864764395
-0.5631034768683493
0.7629231219387844
0.9861510950628405
0.4180840835368537
-0.7953567524597941
0.9592866684287712
0.3035950272446012
0.2855933063206817
0.7488616033906027
-0.9684393988246005
0.8654599770769221
-0.926904125040432
0.42858116847139954
-0.11806423543656107
0.3725029930884712
-0.9056184533798659
-0.08901788928889565
0.10769421456875328
-0.9095181192787448
-0.622584788002113
-0.612402152077546
-0.6696142986811262
0.41322354514834214
0.6444625106655689
-0.8474337585069784
0.8397551989751767
0.006590127229169429
-0.36722111299403964
0.14521990899661755
-0.7958130193576357
0.811289008798817
0.5263980839732193
0.9627941928736966
0.4731394455463516
0.8990858165371387
0.20216778864405024
-0.15774958241392292
-0.7038217015230862
0.6888939291928265
-0.5917558520081029
0.513222878934849
0.5157934525081789
-0.7059233908982405
0.15554296220547104
-0.21307508860714483
0.7277699642385388
0.6744406839863626
-0.3191553476175339
0.585400026671706
0.833650057765652
-0.8686747580662677
0.5031255297497802
-0.6860546254841031
-0.07192075957857852
0.7322723905520881
-0.2974797579167071
0.043857111945919895
0.905871138653459
-0.17190152828462063
0.07986913047871248
0.6197856206009326
-0.791555120730756
0.7738224037410532
0.07369503419069964
-0.006124438359661163
0.6880796596144948
0.7057304308683898
-0.8382152970729252
0.5688205642819245
-0.2363754170797131
0.06863660838049446
0.0999986048692003
0.11661121274620656
-0.9875794210078054
0.016148149051573017
0.9470089225146149
-0.2078287404182204
-0.6225650590289526
0.14515362448068184
0.5555018966579173
0.5405452181480442
-0.8748429761589867
0.7666944085593549
-0.22224014746451493
0.3685417953559549
-0.06571888353506247
-0.8512685402412048
-0.5254487075945041
0.05545864641790426
0.6094904680256529
-0.4345257951079605
0.44401067949222717
0.3561380238953742
-0.35347449514657614
0.42189768316874376
0.6770128158932964
-0.19779602015832473
0.660064047883795
-0.8089582139646135
0.061142713820046345
-0.6946983627411275
-0.9836843912234701
0.044944919965304475
0.8039840474900527
0.6947094115793057
-0.896868284494731
-0.5576464509328246
-0.6180316562018647
0.37293182423599475
0.5856618146540151
0.3912116631781214
-0.83615846988425
0.5873866031906
-0.306271551372658
0.9515581039974943
0.9791331507698298
0.6755987738635576
0.47853738149967695
-0.85622644933506
-0.23077246772308588
-0.1224335622256742
0.9396521342619013
0.9053539233685785
-0.008541937297728328
0.09941314048679532
0.46653200361361774
0.9919704480200064
-0.4374226494280647
-0.81936122121155
0.3220211624795633
