0.6740760707245519
0.40148453095593273
0.32988600337437174
0.9679142114388013
0.3223654550922971
-0.733666393764488
-0.9298941034342061
-0.230493416113714
0.13677919237164585
0.2618371636864997
-0.8032332473326672
0.21917140878897953
-0.343233903413238
0.7850017862441916
0.42240274300972797
-0.9026315264330996
0.8572342385623362
-0.473875676721687
0.5677386774898607
0.18879402478962695
-0.7012033700995259
-0.3314237230177398
-0.45769813903135786
0.3122634981017723
0.493020042152565
-0.2630089223619792
-0.24347361759789668
-0.49040074683633633
-0.6322064862437725
-0.2789438451384418
-0.1136684332527454
-0.7999071995481133
0.5975971094830769
0.26915740508606123
0.7016460505509825
-0.11477233964604087
0.2757881992860687
-0.09371072429392616
-0.7586272981735905
-0.2941422079883344
0.5750382891540236
0.21148521807813936
0.5413077396414242
-0.23428666044399793
0.2749404642858974
-0.10241083059343382
-0.16852836840862617
-0.04455952371601117
0.11250379278601975
0.7290908619025085
-0.26323495816999515
-0.9329149799749809
-0.6955371182177694
0.8456410448763658
0.9632609728190145
-0.19845265166064846
-0.7207909659038385
0.7060354491372698
0.8373362261797401
0.21068191263811975
0.9239233791528444
0.5901742471591755
-0.0798968967646429
0.4631405864209792
-0.027043119629477832
-0.8709856699633748
-0.9378320782555093
-0.9213688684064699
0.6196267953283618
-0.48341916968839344
-0.02117622961844543
0.7356941058192158
-0.4679626699599998
-0.1118202582395932
-0.08601048983784412
0.8235061169351292
0.1701538837904154
-0.39211217233602974
-0.523977680926426
-0.23767400288973703
-0.49699528971019286
-0.07441131610742854
0.12202747886797224
-0.18683738225958726
0.8389074294322103
0.2517830830190629
0.9088591140325135
0.17393842564287706
-0.7451667577973597
-0.8044886636112437
0.5440905007291876
0.9114206707706798
0.002863200511831584
-0.5838423416657591
-0.8515950327987524
0.49408487796764927
-0.27614766726057866
0.9256171125275782
-0.6254221440853036
0.373306045645691
0.6443945255660405
0.20237166286673722
0.03527886320513895
0.5607191471917915
-0.48101129111382923
0.46905931664276007
-0.4739065364931665
-0.6752975617289839
-0.9411007576223817
-0.3123524669332169
0.9378993099702707
0.3733750766334688
-0.8094978849040305
-0.782644290367036
0.5831843333542761
-0.35977796214778457
0.49590951096715796
-0.6031161116891018
0.8620357748959407
-0.2788576789738077
0.34120927462817147
-0.26778701596188337
-0.7326515728273723
-0.028389895638421488
0.7876030973942094
0.7629511758154583
-0.2630063493081052
0.44419495023440614
-0.8876282730368888
-0.532097811546749
-0.005908431271652956
-0.373344836287826
-0.11104650702646211
-0.02487124921835482
-0.3940335552084085
-0.2860535751183543
0.4722797533411845
0.7898192869251931
0.3425855243010188
-0.19216633177712622
-0.4265319103013511
-0.9959873224032402
-0.4525398566350633
-0.05326535602141783
0.7871002604528153
-0.9213013673179715
-0.20215928423098486
0.6706492532106465
-0.4448503555026874
0.959331251973999
-0.40489870208062273
-0.26187407691031667
0.7380665797206906
-0.7732888957556399
-0.38253916500782154
-0.6701385500162055
0.9744415219593521
-0.4963615512829931
0.34243518108239024
-0.4109921283382775
0.06499887135463796
-0.47248816037659946
0.4273026325092604
-0.12427885319358975
0.9677991722459894
0.4106729475457842
0.022457553624115997
-0.41894660318548754
0.30655255977761997
0.08128887721282649
-0.12214902978957967
-0.32829930798284046
0.5817827680341926
0.05480726084725268
0.701908515082265
0.6950435420016915
0.43570549684430576
-0.3326093861605128
0.5550818374098153
-0.7780339286030914
-0.39866689969100344
-0.4324928477732649
-0.4784475953442087
-0.3563437879170816
-0.8797830270512058
-0.4069158847247763
-0.5594962969775523
0.2161028096882046
0.8455693552871328
0.1077121991305033
0.9723912241359312
-0.7421652079575449
-0.2602793854008948
-0.20935274119936575
0.14240260363866541
-0.1764256359475497
-0.623888101618108
-0.13293009525691782
0.2491468236139865
-0.032752685408608435
-0.15269746337701964
-0.5161928596864149
0.15756372816512096
-0.8482789144383925
0.3174166513689234
-0.2873602105239377
-0.02516968228861469
-0.5706681047900113
0.23404509314018368
0.341636512872671
0.8869710798716904
0.5723603002662042
0.953801624262181
-0.7531589336235542
-0.6312102450895004
-0.7856787900282056
-0.6649283574898391
-0.9622755200401697
0.07500723636399104
-0.2431628315687319
-0.13910641510164504
-0.805403203720269
-0.7877760222914926
-0.527915952059049
0.4021523227082669
0.09804571187191202
0.730718550043366
-0.504689047395488
0.6723697485364782
0.33051227231850594
-0.14828047872899755
0.010018659225877916
0.5144397719518651
0.2961148454814125
-0.1954895741511424
0.7476526891793133
-1
0.5980440355201734
-0.25213429081209515
0.339758468656039
0.20465643878909867
0.9023922135265754
-0.8091974111949035
-0.44811131765653833
0.6441712244535504
0.24665696323634184
0.44849840127641655
0.4175619842557944
0.7024192554620466
0.3353562830890198
0.12483807775204182
0.2963710155504358
0.4348560087314218
-0.008354479213958741
0.33873207235232444
-0.04360723774101037
-0.26603441320864807
-0.2892356807473943
-0.04470640709183681
-0.6592009885825035
0.3500135365970464
-0.40406995273959817
-0.9225881949687587
0.7409817792737419
0.8391365418311447
0.05084193642689826
-0.28470189003859536
0.8838655981986414
-0.6322000378572746
-0.7236746348701316
0.3901580202832932
-0.20440738496658925
0.6447243708870124
-0.12269041172965402
0.850940068334889
0.18806925064702748
-0.25754226676477
-0.3087826581756527
-0.7766860079592842
-0.08877013772022958
0.06261876296364775
0.6562183498498597
0.22387774066007188
-0.20810964326539344
0.03964481900228399
-0.5601157914302031
0.20780818809343626
-0.6357558334921688
0.378771467370767
0.6077102576593633
-0.17170493804390624
-0.39990434686799536
0.2949848182932905
-0.4763293501739316
-0.10569111549063676
-0.003679181384937131
-0.3828446665305973
0.724367504596574
-0.07135675205104816
-0.3667265498259031
0.42868518272390743
-0.8444479900127057
0.3112823160151594
-0.29610907421684224
0.031460821707787204
0.9741904527418014
0.7223602192356826
-0.18471978884229595
-0.9311851701759662
-0.09407762616923748
0.6262903912489111
0.7201648153155107
0.5559602129683511
-0.5053336138789896
-0.5070811901207121
-0.9918236094606697
-0.682803793053884
0.1127796853499434
-0.19523349040182505
0.05054143498193312
0.14188456353066065
0.3336683474294344
-0.7390852581615275
-0.9525741776630606
-0.766554521916802
-0.12841189091198832
0.10047610348003463
0.8965897277641702
-0.9874191132714891
-0.713389165841862
-0.05686152320077214
-0.3692878684578387
0.2856274085330521
0.10809698708019932
-0.11479915890763402
-0.6370066428458344
-0.09260137575670699
0.5295645061931759
-0.7653020038894295
-0.1643880526262799
-0.12906727222915762
-0.28551940183616864
0.27183537072858666
-0.18562228931949276
0.14734618260601542
0.6324905706157424
-0.6080281571322911
0.5133271804385632
0.18367492131923502
0.9033218050292214
0.3273049371745723
0.893177910666347
-0.7084578243336851
0.9683466526246519
0.7398354129385672
-0.39070361308564416
0.47467691053389144
0.1297921217422383
0.7229288958205465
0.8920740895341853
-0.18504581228628447
-0.1970383351867022
-0.38941415804532525
0.6387742217034794
0.0379506301241151
-0.8327246975966354
-0.7798810671612395
0.4114030633265514
-0.010179513385284064
-0.5808924047656092
0.6725774807404072
0.7691908826945524
0.03903756240921098
-0.12228038227750548
0.60369984534279
-0.40923248447605776
-0.9032926006033833
0.28413502324855416
-0.9417971124059459
0.9586080042277243
0.32563807397708794
0.12777556147691885
-0.6697800949114815
-0.2798232065292472
0.8806107328015438
0.6778547141716874
0.0470175267034739
0.1353771055052097
-0.825836770816789
-0.4246313973148083
0.9629170093790291
-0.913034515926372
0.29404484582428053
0.18707843587377287
0.634518256824126
0.45998900443445156
0.4581955077628119
-0.46542067767538026
-0.8241404232501651
0.712754966992023
-1
0.3552483698229117
-0.8087438788231448
0.16939012326798542
0.042253894268559175
-0.9041289146907097
-0.8521325283708424
0.08903154092889001
-0.5198045732103223
0.4062865906692367
0.25497220549511307
-0.6506670714525308
0.6181082920125968
-0.5521897202161614
0.5519088123062139
0.683202095926825
-0.6196369190822931
-0.1994435131528851
0.7133582463552282
0.06210081667138867
-0.7760778601620677
-0.13959353221859042
-0.37982401028794777
-0.10579022903471734
0.528842417788937
0.7639271430496056
0.4647392866303292
0.5563100613679414
-0.2528850132272662
-0.6350513358231795
0.8681426315799852
0.8226520147688468
-0.6024364492834999
0.4920012637972333
-0.8481967343033807
0.952636204765117
-0.02277481687564678
-0.35168495589538623
0.7491682985432768
0.03083800766704124
-0.24309681516902398
0.423484600500037
0.8179590009767617
-0.7757223957859771
-0.19528342897453307
-0.5510102293164995
0.08855152855953538
-0.6033698262982636
-0.22464124746226982
-0.8362487517301551
-0.3720757734112336
0.4969279473002128
-0.2296128319240811
-0.269373549723418
-0.1824245403529724
-0.4062936286564054
-0.5189398203804821
-0.3263777502566813
0.1430997874081516
0.23441310708654112
-0.5070516327361446
0.928701356229285
-0.5363695130805225
-0.8080862161380077
-0.7832091354321609
0.4329733482617034
0.4783636487140023
-0.0736009660558787
0.0240455439530183
-0.8069190966399988
-0.7840037363922656
0.15858900237532
-0.4175925539744907
-0.541543127042314
-0.7581990419281837
0.48611239734270256
-0.7025782728359982
-0.8836871335340959
0.5523893654173155
-0.21964701780423815
-0.6576657937155599
0.8616840797470375
-0.3679561414617971
0.3815523895558888
0.5664285199714496
0.8742196504766998
-0.29763649532918846
-0.04325933926936368
0.6298548745513297
0.32034869915163733
0.05114631871494385
-0.5570937643360672
-0.5675537076344003
0.8118490901244134
0.6802315243592004
-0.24924057882084727
-0.8858658602379202
-0.05024395633745943
0.42171811660803266
-0.018092168034520725
0.058623271408339006
0.3639480648246656
0.8479117092038293
0.6865403386321147
-0.40612410192329873
0.7872642175251429
-0.17643180149118806
-0.6057730108261288
0.8387951215506964
0.1014872227848294
-0.10023048140418782
0.2541860837990118
0.5608243760436471
-0.5490715730293914
0.9523288930000338
-0.004347161447572296
-0.6020899395501078
0.7421891668773356
-0.8400933373217472
0.8368603467950654
-0.9268296210348651
-0.27868840283683416
-0.28320923752406285
-0.7029120828585721
-0.6728486356714638
-0.9833618253371805
-0.0787141216808728
0.018308322630162913
-0.5204015698726522
0.7588472518215612
0.32286087598871316
-0.9826614146135265
0.9264475201754462
0.9548808713976236
0.15118304746810024
-0.16450092091319662
0.362708183173988
-0.22440068626024334
0.47257460291870146
-0.21489735147277111
0.8156843777717595
0.05007599805117617
0.5109317855963367
-0.06353451053440658
-0.6291313123168791
-0.8784726416175691
-0.7071839776475061
0.5567731976972787
0.4519119169077345
-0.34733645231748306
0.5909462593835594
0.5793243680218331
-0.29174479403233605
0.056400719228664686
-0.10562826326350253
0.7224402657985769
0.9067693195272384
-0.4684565298622909
-0.30523490793635505
0.4271069672551558
-0.21224305142178493
0.9289959366275583
-0.26075753445099265
-0.43482356431388786
0.6759904186653395
-0.869326482672689
-0.34853987040719997
-0.8632070509368615
-0.658069723514371
0.4819156916964184
-0.26041577000718247
0.6079584229088815
-0.15350517046334317
-0.5429819351618822
-0.5672532313180421
0.3757547628388005
0.37732227951237907
-0.3571787433752803
0.32564611075430505
-0.5328164503325014
0.7515350888833563
-0.20837453831453615
-0.016086603818894575
0.7187001132321758
0.5393270005380564
-0.567094501159955
0.8197819272205225
-0.3124913274872804
0.44523355865130815
0.5508787824935804
-0.9512554115978842
-0.08656114467708699
-0.2429591099061451
-0.08571835487900127
0.5940695745398981
0.45687945387327666
-0.4958979795398456
0.6876110764085295
-0.1631648083830464
0.4911994937963818
0.6721495417081725
-0.4418062492900739
-0.7231837772062388
0.1865658572025085
0.11038509912479194
0.32586606336632673
-0.5647223906865797
0.507843970218744
0.39212030051069285
0.6999376973393895
-0.41308080686397586
0.5800174958801194
-0.5821358201442193
-0.6666963660506839
0.8483127561276015
-0.9585567518803239
-0.580819608497868
-0.12467745390802493
0.25273414231155905
-0.2765166520253727
0.26908210719931086
0.21767055926424356
-0.4561886591107975
0.9036390664546405
-0.6005010665147354
-0.09104251807331117
-0.3345877375638658
0.7779599530744217
-0.22679891521957307
0.945112651427204
0.5522965557668463
0.10844176164317353
0.8544398273916635
0.1966148411338054
-0.6062366522926361
0.3284591311897397
-0.6647713395463266
0.8241036569066023
-0.023859626015697372
0.9181142428560362
0.7278837465021691
0.23197993800792407
0.980255445754953
-0.23453503038739576
0.316224837394131
0.6362832111370088
0.9600252857759779
-0.6431237840050014
0.2572448785096621
-0.09690877701227943
0.41191630383934225
-0.3141498078737696
-0.26113550472294694
-0.958201694063783
-0.20218382242793262
0.9632819694813946
-0.8234978494873298
0.5155795003426779
-0.42103627672141436
-0.9442850390297748
0.5011924619112079
0.7365600277079197
-0.8005970653918011
0.07992830296932762
0.9358887284803824
0.2738746409184883
-0.9455496929976271
-0.6843684347833305
1
-0.9272788966954925
-0.7271827888231956
-0.18879407549423702
0.6290393478644705
0.470443494018211
-0.7879989478592354
-0.5293269494478197
0.02120718886785069
0.546703313733322
0.47425828397817676
-0.10448143962789405
0.5135811772624228
0.0980326828796675
0.494253864013204
-0.8271457962251004
0.3887596711254835
-0.3610297059231879
0.5487588822535654
-0.3505093337256501
-0.2608594378897151
-0.27974479204378383
0.21257010638831703
0.9653571659117439
0.7216235017013096
-0.06657353500364271
0.7042402184728991
0.37927601378094644
-0.7959584105915583
-0.5027308789916102
-0.9901542371204438
0.18916758512142326
-0.0033292865637969578
-0.4143041436408504
-0.7691387712284502
-0.480990443788404
0.6249221875344545
0.8282673992369649
0.37648102986337195
0.7776770541347933
-0.5343418928837812
0.7098635313406385
-0.8680878270561602
0.8906508393422792
0.4743302512249233
0.7136477819563276
-0.5474586406339442
-0.3303424951869986
0.5729524896606215
0.44606824907620335
-0.0020644531028688393
-0.35652762977398117
-0.6612271880302241
-0.6691274069543942
-0.17958542476716763
-0.08619012163040686
0.6707151120119479
-0.3340888563657674
-0.7202957617197066
-0.26902725650681586
0.09950332664680103
0.541931140350758
0.0014910159105988238
-0.3191672294341362
0.3087593644188445
0.5533732878603544
-0.30725869608618017
0.36944470099199817
0.9046711803060684
0.6050171419477107
0.8359289226635347
-0.26148492267252477
-0.5535456925194375
-0.8604489238229148
0.8755713612544171
0.5471559792352952
0.08626416668112186
-0.062060740348944966
0.7292876554373158
0.23474929773537231
0.13206520362923074
-0.48744673888993595
-0.11304112343765238
-0.5295538595468018
0.5348038186914291
-0.7213417521709227
0.8231627450929012
0.4562338217228214
-0.9084596956737082
0.041579933560617025
1
-0.44877492738897595
-0.7312729229726284
-0.45526954069698655
0.7211595524289929
0.17173624346222896
-0.9979533294535329
-0.299762689308197
-0.3252742460260621
0.731754783089403
-0.9888642104088038
-0.8964297649410825
-0.10184414925583767
-0.27068807457302074
-0.012157731366632962
0.21335602233007497
-0.6623776027616903
-0.3790886608945511
0.37265402956388566
-0.20808584225718055
0.9283859280470699
0.8675685450933301
-0.808411288068653
-0.6247853858837532
0.684239638064881
-0.37367129085506845
0.8672188969258009
0.35321518116783973
0.5986665713665962
-0.9909535737570404
-0.674946472926425
-0.7334727241323641
0.8768756411240088
-0.9907995474731086
0.5220111600828783
0.28645114275542066
-0.8185180717097092
0.8099569371435797
0.6887621765785427
-0.2132265125956742
-0.35862683583888044
-0.910204153358622
0.5148656725644283
-0.16319856274955805
0.7922284736541813
-0.4088672299599107
-0.7201630370419625
-0.10057886706306021
-0.012496782840674762
0.049521997881597106
-0.916825561291485
0.9057209978512712
-0.10054462901350215
-0.15600911543102156
-0.17768854242116638
0.4872880277015213
0.7412898445089915
0.511971964371986
0.9462104881918594
0.08382173554518399
-0.8107449432842688
0.6472230983309726
-0.6090843902605475
0.5053588891017583
-0.9056172862175076
0.4157379820413793
-0.06207949384584954
-0.6989445082918122
-0.16899776468174502
0.526200823702301
-0.33361779484715715
-0.7958393502093667
-0.03033170016718898
-0.24989083983789467
0.9048007175269359
-0.25412521903411117
-0.35263465567456354
0.15710624688757505
0.5206938091831352
0.9251882541616161
-0.15109908987682721
-0.2523649158258258
-0.175735989685667
-1
0.4085917521191059
0.24136654584059614
-0.916296487464362
0.9958774455318763
-0.30938564828562953
-0.6025749173445929
-0.2665610288241647
0.12292374726730605
0.7255249822698784
0.9196374390591349
0.13874312823721846
-0.28046574867383045
0.5032372306868237
0.7751336150086723
0.943001108100799
-0.15690516914037705
0.7700430689979898
-0.8129377628119706
0.7295257530215014
0.9063528795775342
0.8531211082957275
0.913746714410547
-0.775333222110162
-0.17995185293387533
0.006741645976081375
0.42863962613911194
0.43265097658473295
-0.3684783573275886
0.8878154021133471
-0.32527421918179156
0.46817628393211214
0.2728787263628301
0.4229234264150209
0.1426735568996034
-0.8054331188088859
-0.9300845707263012
-0.199818722989328
-0.13092652292042464
0.7118456813116895
0.04586307835861176
-0.12229748206127504
0.5090053896342345
-0.009047254417340047
0.6840832220834318
0.4159977386876265
-0.034584612571724065
-0.5843236708604018
-0.3263886534729101
-0.4710679429993655
0.27033153503506
0.06419218318973667
-0.343040671298525
0.08983926942639611
-0.5691729248958819
-0.5121530415296356
0.6541199492183446
0.0871689894229939
0.8510668085759495
0.7036802448023608
0.7328232936444731
-0.3214024607056441
0.12276385923330788
-0.8344211571713178
0.2588628006748112
0.8321510341123309
-0.13456179020787679
-0.05327452027157295
0.876928961809525
-0.7708539806528035
0.9903938059539583
-0.07953676019437594
0.04966819096819477
-0.40198326566854975
0.28553348506338677
0.37403174224669267
0.14017605247439974
0.18435715170877345
0.7742392033510556
-0.7260689341022221
0.7683039212335167
-0.23408379060315243
0.6943636442410712
0.582932393672784
-0.4335566691931688
0.8124584049801762
-0.4059473822791489
-0.9053393107071964
-0.020803236067562934
0.6294640615185799
-0.9770601379424914
-0.6096927016059185
0.07203207633104802
-0.8015232909968989
0.14794988508516246
0.011625141481419096
-0.8596743617116149
-0.5314157354272401
-0.6883634112969746
0.6190547691078924
-0.30205439470872725
-0.8730600871634661
0.2983853316490248
0.47703011958419905
-0.08492620946253321
0.691266498227955
-0.10412729000559172
0.7519628652279372
-0.5303080293791301
0.4020694490920482
0.7439430015646579
-0.2575958256802457
-0.955558527752434
-0.21828792875516936
-0.6416330541319646
0.7627881384244808
0.80782805132111
-0.735526118681435
0.6181542477558795
-0.1880202504417081
0.9506135258538692
-0.08443146231487958
-0.37471568608876415
-0.9790314073485799
-0.5638084967331684
0.2626407141265776
0.06984466863385866
0.6166926039361574
0.70672240291959
-0.12477334733241605
0.3199472598258272
-0.5165346378743536
0.042640116842756016
-0.013825617886730434
-0.7634803756871226
-0.39629891274673
0.914832664437152
-0.8290447640893848
0.8551404955619263
0.2789059037901571
0.3928011911163201
-0.6165619504047078
-0.09439192429830345
0.21586575552336795
-0.6692031387879416
0.5185220502215953
0.5315062178343427
0.9712248317317773
0.07366462148178497
-0.3244945890563139
0.6910769193436996
0.3157793956917707
-0.9017590160360969
0.4801964695170046
-0.6324389354647356
-0.37493349636008144
-0.6705492912781736
-0.8008249377929703
-0.9323749497154911
0.9241899194777803
-0.6214587880330095
-0.8184381699710671
-0.45188472971193644
-0.2765021206600997
0.4936944150870774
0.31423563060089593
-0.5752365128657171
-0.2734904286222375
0.7328660135458944
0.9094351934982519
0.6875350893027696
-0.13873076982792626
-0.9035991527326914
0.37229781867770834
-0.36789384010137666
-0.6333701717562068
-0.04228717177902178
-0.5611428298853716
-0.16558002382638143
-0.7329602833891591
0.42132570140627446
0.40920600081212094
-0.009689079083020505
0.7388944546246625
-0.9365610306518082
0.6198057846370839
-0.5399124651882201
0.3465470154334862
0.5479371833767748
0.21282437017124595
-0.4081609252172201
0.2898470747430116
-0.14046776810139375
-0.9036324938412539
-0.5431845224568155
0.9318451239770461
-0.12777492966835372
-0.9829759392375503
-0.5600461013111774
-0.9478226714703442
-0.22427889806515672
-0.2647753863477402
-0.787926141550237
0.5222285605901074
-0.8813210820464752
0.37726586860004474
-0.31259968999617194
-0.6814951228937073
0.8345390439493297
-0.44094199708886544
-0.22334462512646877
0.5468063090938525
-0.812849044061326
0.5136643356734176
0.3193119402756903
-0.004169279380117202
0.42656464538857314
-0.09176869398376242
0.6018529035257079
-0.8943619317392367
0.4278333675326237
0.007712535395755325
0.15967129184655668
-0.1113495349638542
-0.10884186113581089
-1
-1
0.023134960137988124
-0.026925519518828347
0.4897503565140398
0.9905567673652416
-0.46374056209184056
0.7642651322099915
0.4470775748679275
-0.05400290873604839
-0.7314073045822916
-0.5652526487604828
0.1799610721510989
-0.25931122587998257
-0.9853542178694615
0.852821645281346
0.3516258013965543
0.7154396583027743
-0.9865621749817594
0.6348745299031419
-0.02351403481925524
-0.17303721562899352
0.020652096714333858
0.5792527379887609
-0.19298208214189747
-0.2621374783547069
0.17886629377375554
0.8192857193537533
0.4404445080849586
0.39086502501789366
0.5243873524725015
-0.4052166461568062
0.3001215028598244
-0.3183531259024876
-0.37503867439159916
0.22882114551707952
0.92005393657591
0.046394440109180875
0.07855434891751317
0.4829043475092448
0.3493269381510725
0.3937177936683993
0.4751541054547275
-0.3313198996432369
-0.049239593851288906
-0.8649022985528806
0.12150243977827765
-0.7828979709442961
0.7146186322976386
-0.6551365366784705
-0.41304570597190166
-0.6210892034329912
0.6964806589230316
-0.5801142710680457
-0.6009989327858416
0.18227830062288095
0.30917909476077227
-0.6698820258337133
-0.6113220109458185
-0.4943250663040036
0.45936300752623266
-0.41949610100581525
-0.18840911110266215
0.23038335666929727
0.24124408046887102
-0.03944721189528192
-0.09179757660113537
-0.6336050470113167
-0.3537009393268532
0.22017809778779526
-0.23592687535386522
0.2787417691188426
0.08284742440294059
-0.055854716029836736
-0.3175993504538923
0.5236863127797884
0.0365772431655428
-0.04913685936875492
-0.8880587745611286
0.9492962795587955
-0.815731554071921
-0.33713573753997417
-0.8491369198497722
-0.41043090882604205
-0.7383178617788793
-0.8667648513845363
-0.5647904169287619
-0.23269931857359666
-0.9334231515512994
-0.05385307531896383
-0.8182685398703078
-0.4151153826329931
0.10438664039882621
-0.6661182618011597
0.16380401946788406
-0.4704728756191848
0.8244449144314043
0.632180451661421
0.7347120170878793
-0.8999847328858163
-0.6619070746277369
-0.9711220952180745
0.821010453034326
-0.4051271941695473
0.22988478497075931
0.8909025868101801
-0.7054536460444968
-0.7016914482002725
0.4166433623531971
0.845088325560094
0.16239058618818833
-0.21873838914559293
0.2587735208233309
0.02050255470523645
0.18383462879684606
-0.7988649983268675
0.19973902023344503
-0.8495349976620503
-0.9047180059250415
0.06349597267619132
0.8979009508543057
0.6427915819044266
0.12260466581736258
0.916439579864088
0.12126845608817574
-0.3763178345774294
0.3981776502685315
-0.2385437007103142
-0.14128164331912732
-0.46816478018385604
0.5021377721523653
-0.8491937300425744
-0.3818515585968381
0.4105030055947682
0.47695504060448124
-0.6381417300031604
0.9552060399151227
-0.7413314039685345
-0.3971851305486757
-0.11027372824343346
0.3947715533183366
0.012648831731229897
0.48307151957577826
0.4694703387971226
0.871731680232112
0.4660186755240899
0.7962501915766081
-0.6660283348706536
-0.3789360869288657
-0.11883856636159207
0.9163966569501062
-0.7037310670735918
-0.7722470594832564
-0.6869227225839158
-0.11909181269882435
0.7431256074594436
-0.5150862214366684
-0.22807062781479742
-0.6673720383407523
-0.8655872651225827
-0.09382185799598339
-0.5439353951937838
-0.31740168828626586
0.299533350777198
0.9590465678030929
0.9107071220172438
0.27801556768256636
0.38921131452486907
0.9468791714952092
-0.08766731417488105
0.5741830466209656
-0.6777801942403964
0.2600392806736425
-0.0011236995419318504
-0.10312624465009454
-0.9808763496983484
-0.8832974981559923
-0.07622800446910569
0.3023518763549511
0.18820782872582387
0.9591134346958835
0.8978324067467665
-0.8004595628972578
-0.9861954863321787
-0.05008649315791243
0.12942840879368026
-0.8437555708060624
0.663030766253682
-0.7361759021317295
0.5653040713963564
-0.3733427239466419
-0.28715124903583433
0.3151332946183295
0.7868817621813581
0.7983951918226689
-0.3455263372098343
-0.06845915607558734
0.2358102185017997
0.1893298003453011
0.5458741418189822
0.1972795552719686
0.905925058623341
0.7827055399496623
0.076952648967337
0.40169641987798
0.20644971301317255
0.6759369871525931
0.738861837634738
-0.7309103274135651
-0.6262252321716594
0.18408279751367362
-1
0.667912099087922
0.8708628726349747
-0.005006609340537881
0.6030241630564444
-0.09691753728142555
0.552137901671759
0.3500195169974275
-0.5076178425562716
-0.5909049985992965
-0.23473831282663524
0.13828722041988678
0.7863728335878596
-0.6028312717250781
0.5896800206764744
0.09347801810380844
-0.9288910648066405
0.05114932828844858
-0.6359512053059241
-0.15722166982876126
0.7388329823259783
-0.3235847618133643
-0.13912021734154378
-0.30005905170699476
0.2709343338058807
-0.9805255853070043
0.654283858945345
0.009022116765261913
-0.05262421591903798
-0.14799002565602756
0.18640674601144916
0.3472208759008924
0.591371748696603
0.6320844792850656
-0.24941088554485974
-0.05121555965087576
-0.7663990862739481
-0.38322786887580534
-0.2630997069699959
0.523664794156986
-0.7685706743093473
-0.4225631208189355
0.5610779207078379
0.18494520920718222
-0.010621320810351647
-0.9239003957102668
0.34558375215485376
-0.39515686197892963
-0.6982084244147932
-0.7973253469734436
0.24580938995729726
-0.36982436195387713
0.6070082577899462
0.09541127016811178
-0.6191899733866549
-0.6956183515798111
-0.4220920148229352
-0.3587450008205681
-0.24834052809323687
0.32344030781993205
-0.8073104562360042
-0.44028287434798563
-0.6254104883775501
0.029629647357278945
0.05643980322556813
0.461936299064795
-0.6915297751748083
-0.09164960935456154
0.14824994372831984
0.36955789839154657
0.9666912341805548
-0.5740891444143851
0.8207975151687299
-0.4826092637531929
0.98479277535464
0.7581182643313394
0.7555865925869331
-0.9314474057730421
-0.2177691652955203
-0.8739266741468922
0.4439632945884831
-0.17057218118826847
0.9356206547130708
0.719200983573201
-0.7103753436343299
-0.2152378156235852
-0.1586025612557661
-0.9002860763550034
-0.5523152224882868
-0.32266016704736666
-0.13903060467036446
-0.3567029667757912
-0.5716723165901848
0.4398482691782002
0.5228186186709133
-0.3527516892045859
0.9511290895609544
-0.017299577482064444
-0.6268551756725079
0.04138536247628879
-0.4201100140695551
-0.7821498340933608
-0.4516082665134708
-0.003009557325612964
-0.6837989497107639
-0.38310674051990573
1
-0.45045523974414836
0.49994119416432187
-0.9285676913028993
-0.7100122531293879
0.12219562524969568
-0.6152832726023589
-0.014905784140614973
0.5635060012345204
-0.28512911346460434
0.3777445462623585
-0.5161481025104981
0.8569293677169767
0.16989872365753536
-0.39579770292145483
-0.31640074481177527
0.27215859604101
-0.8853803174561296
-0.48984396881898395
-0.8284740669767308
0.9322297358579967
-0.23627891990538508
-0.16958919564822938
-0.6034792003526877
0.6529180706532788
0.6812204409106054
0.6142675075658655
0.7208855395626566
0.9161616920778802
0.30449596247359134
-0.7144820123763094
-0.696608805860074
-0.5338841865030544
-0.4908186748158074
0.17613703512356524
-0.021808528407090414
0.29455708247854684
-0.6176092952791078
0.9082650565600423
0.7928774871142235
-0.9668134177679142
-0.3243163665176938
0.8670285121055507
-0.030836977395894926
0.8798932657092551
-0.2802363449549628
0.8398952440514826
-0.48713391226037855
-0.13670799071009734
0.28467586899049513
0.09558681796624117
-0.29169072069760205
0.7288758155766837
-0.3488352742279274
0.7146734372706842
-0.8067054785152904
0.29164981735337675
0.7008681849165669
-0.819813153471957
0.7994359073580433
0.07325198508323671
0.743883512952456
-0.011973514008051894
0.6109273244321998
0.42392771002575885
-0.515144401602668
-0.9778756359664726
0.3085143675905369
-0.560387325937188
-0.15153303763990425
0.24408301699990861
-0.5086615871316876
0.09785058950517467
0.6303550650090649
-0.24461034435962994
0.8961309641671052
-0.46002911750832487
0.5968953632091096
0.4125288534048779
0.26573890139166334
-0.9108094405736252
0.8377222364748871
-0.8406530641976054
-0.5184259452945856
0.8026497609755125
0.07121906921281838
0.2512920697714834
0.979817602589429
0.14556445224675785
-0.3040448603183881
-0.48944387521002847
0.42828548270128464
-0.07398528853902556
0.37408713581070857
-0.577923475264485
0.6315974400154151
0.8799849847076081
-0.17113842771498436
-0.20490491802001617
0.0637596376570412
0.8076449055488207
-0.4946197670925432
0.7106971039726917
-0.888184420814597
-0.2489129872640537
-0.8864458783909914
0.5544137702410596
0.13230065367056745
-0.8244716477441256
0.548219930376286
0.22275414010856187
-0.7036945190820388
0.8720551945239116
-0.4821589748737246
0.4766653858691675
-0.14895471937869773
-0.5945673551624238
0.37385756685429916
0.5453659884136952
-0.9181404130669093
-0.1513659549660651
0.9526864634889157
0.25854780558926577
0.16481115033657037
-0.124163618719182
0.7600065829902947
1
-0.49410200310799884
0.1179654966973823
-0.6234365303380235
0.46192952356827843
-0.254172175145369
-0.2872374128953014
-0.9542064826717074
1
-0.48111964778782845
0.3834457239001575
-0.4367913149753286
-0.4852641087348141
0.6944478413885146
-0.9928622842357706
0.012265793028911147
-0.1699608319387419
0.3337576535243216
0.3109248207068078
0.10147854802792626
-0.7477132440891247
0.5167457977096296
0.48013649345782994
0.8089107452810433
-0.5468931763778139
0.0659784292177834
0.8914254542968387
-0.5309621677128016
0.48144615141664115
-0.48866045756469134
-0.7251341296578365
-0.9218061837726341
-0.30808873667345393
-0.8649171713692938
-0.11757695977157198
0.28128278691338965
-0.6316690633947184
0.7319616923983604
0.6358113354403635
0.3668341522666779
0.13143279475648234
0.896596012172801
0.7933689021680771
0.17107083229553385
0.1552007830609676
0.8009247632269209
-0.7164263397384155
0.65852775051426
-0.49739269350186033
0.9505676591927043
1
0.8334085904091652
-0.8650950528486699
-0.951071209240782
-0.8506645177663894
-0.9823150929557946
0.4008216614730476
0.8969945592045734
-0.7507044472001884
-0.2752544204071659
-0.3171403209372906
0.8679213413346095
-0.6838418625908412
-0.06924197238600836
0.978832549564574
-0.8649789994885659
-0.45497477369521966
-0.2634096544252663
0.18780915580781793
-0.9741535496396888
-0.41452880689012633
-0.5988823366372916
0.44439991683542274
-0.17016425270450639
-0.14609649131220476
0.8036875822015829
-0.6500395292030565
-0.005454133504128254
-0.160379820932046
-0.03851636017184182
0.16365485680469002
-0.37177677811389626
0.7225103358279589
-0.7234244252516155
-0.287529193655304
-0.013609445592830505
0.9409138040124498
0.5069823942850606
-0.7724581566058236
-0.31205649146598236
-0.6800280249724151
0.8655103789512204
0.4772203508288135
-0.9665510639833945
-0.8900569387385059
-0.49034319432737905
-0.7332129388037485
-0.622284618407012
0.21032287556596102
0.1780264466455923
0.5772247354838089
0.5434946954769443
0.8470521899326652
-0.3486508591256412
0.6577454989577416
0.655467080952281
-0.742873273994378
0.23521984116829006
0.34245011968686717
-0.6506213920353865
0.9445478841277647
0.03592116949566038
0.17824218546212547
0.4955950809894901
-0.9644065711392591
-0.9092887558274574
0.05689375386883255
0.32756776592430364
-0.301599712247597
-0.521084341633911
-0.06905663810093118
0.9332972441937928
0.4014102973881223
0.2961476881464798
-0.44231441050181186
0.8077951018053682
0.3218475059951403
0.040452470746920224
-0.43742169351701854
0.28731637681451394
0.14817065909537733
-0.7337544118585544
0.4378688921430914
-0.2779461206611095
-0.24363940606991213
-0.5728314824461713
-0.2552518985038889
-0.2643223681870588
0.4040319229545779
-0.06673392762358028
-0.6686269673802894
-0.5484428031054683
-0.027089681094516243
0.4543088073959698
-0.8999338945227073
0.6808059030801448
0.3535083699243132
0.5884019448811615
0.6947501848947687
0.45417997316820524
-0.2704221080370893
-0.48819209956756915
-0.40382667204228195
0.841348025520179
-0.5926503913133572
0.5955158199303789
0.41595051903414987
-0.701686048966812
-0.060434892383464806
0.8577200970795315
0.09307694285687593
-0.21622192047636551
0.8313281072958815
0.6320145149520638
0.8470843688924289
-0.08632822754150662
-0.5464785629702054
-0.4775046983050501
-0.7609680044968457
-0.32798225270637826
0.3104401029868891
0.35138662653737546
-0.7237169451084514
-0.22468328715387903
-0.07609622459536773
-0.26469723140093787
-0.7366850337208901
-0.9293695046584933
0.4203487673477906
0.31951095711454514
0.049555242541821524
-0.38666375381010576
0.1497845630113479
-0.9539798777309038
0.9976568099053934
-0.9136896075448036
-0.5587914114546838
-0.6086189875635843
-0.48794782609552767
-0.05513764294159673
0.6914657966030333
0.18018179080723953
-0.5907925688256369
-0.8031461796281208
0.050862974775021955
-0.3925282976402558
-0.9877728713980714
0.05352397716900504
-0.8691581881871866
0.6400627102088746
-0.22201755420971953
-0.6848702827805595
-0.4512888357375939
-0.8654460626632221
-0.9734954840466492
0.4612906702092007
0.6286413355843582
-0.28618783726717256
-0.3655864416081255
-0.008113204277518691
0.21755968891245261
-0.12817975526578554
0.27694136818743853
0.9521126110179196
0.3842077109805224
-0.26249748634248704
0.8451703562395341
-0.6040030662131383
-0.7975490907967918
-0.1804766716429403
-0.458396620133339
-0.513213543799619
-0.9145125104475861
0.17922292942393306
-0.14118257714697063
0.10179802066295768
0.7653391304960111
-0.5725055243190742
-0.11826434858990693
0.7464315498084034
-0.1140392370306819
-0.4847693456650718
-0.753442042882695
0.6020009700629062
-0.8293844912236323
-0.6003896529863564
0.40525870253098734
-0.42613399730329815
-1
-0.5873817746614883
0.14901065315392575
0.556139129509737
-0.6254164890112921
-0.46064372779171203
0.9662354769536052
0.7128419074429305
0.6545098702388961
0.9304886419907661
-0.8485126918909114
0.25099907770554
-0.7280774610380586
-0.5636532039901522
-0.5529272830062867
0.4286316299240426
-0.6321360511315353
-0.0714754169562906
-0.4986178706274117
-0.020860553283480698
0.9670818362633519
-0.41140267256777135
0.3640808114238363
-0.7495158452551316
0.6239756514390737
0.7467062517659538
-0.9173530088604827
0.5689566979751737
-0.7653044547510863
0.7019757628525956
-0.0979013120612366
0.724073469751612
-0.24777672253016306
-0.09226034110240675
0.45882234138211886
0.8539877821883962
-0.9408293563414798
0.92996956141723
-0.39899140350307966
0.933037656430436
-0.5322444666954059
-0.47812927749404593
-0.6825989255261873
0.9040568062503508
0.42671374601590994
0.6901234508420527
-0.8212087772237119
0.2977109002564222
0.7828979838407746
-0.6909945834191253
0.4906223186077312
0.06887928201673522
0.5656508731691957
-0.3039705348368815
-0.3109539263296863
-0.6504875352096317
-0.4196622158557103
0.29828766318358835
-0.07452544093883523
0.593113718644349
0.035702568005547594
-0.3931566317621918
0.9608679362974047
0.43115696296522676
0.3686099914736567
-0.019462457679121976
-0.1662329216800481
-0.4463320599299361
-0.5455297518228782
0.37286192666856205
0.6652209056736877
0.9136707087443382
0.9960715011801894
0.7280936362542629
-0.9170738482118413
0.4142463478407731
0.4549329430720404
0.7589875271820075
0.5271754342372429
-0.3784387488991801
0.5477414299426999
0.975103175994534
-0.6218779822018382
-0.3982533221447252
0.6322659058058688
0.11077206181486476
-0.759963610132564
-0.864613640250669
0.7086594011060363
-0.38384233086020136
0.4043863512162792
-0.09676315172746328
0.8652727897471205
0.6472191678046301
-0.07678141186949436
-0.1127573078140258
0.9495479978077465
0.21190336257572528
0.8508609634893423
-0.5452516152592871
-0.4068149140541913
0.3986423683584697
-0.5684392885586586
-0.42423860442224365
0.21797967568075094
0.8161183756487435
-0.6872377770017776
-0.5097311181627169
0.0831151581894808
-0.7680489914937417
-0.09895811369839103
-0.5875047004991745
0.7714779525827447
-0.10112644862254977
-0.9075462563455571
0.2554762854530522
0.5632351904883415
0.3719810897766485
-0.060561013873114244
0.7544409293453946
0.7289737472835055
-0.3973389958812171
0.6229437608373061
0.9144857344260272
-0.08784847548358954
0.8039965478370796
0.21323627501483727
0.9894356466852736
-0.7081443628787718
-0.908088615991436
-0.34703474594235156
-0.6017385191260212
0.05298078515507153
0.3187307721262733
-0.9780124670716563
0.2508018667326656
-0.5364333542771081
-0.7044547454393053
0.7190123524229135
0.48066012680214654
-0.6774382880405889
0.4724131473127724
0.8701768417552125
-0.4508359489944221
0.2186514698636652
0.5737268615492789
0.484814638244831
-0.5082054005807808
0.1966001273075593
-0.7504373839734445
-0.39546935648711834
-0.5331027078495361
-0.9177612489686614
0.513752351707119
-0.43980270801371724
-0.7971447306934445
-0.14356186392587916
-0.8185734308363952
-0.1780242037810219
-0.07345859593238101
0.023935801886782272
0.4683777950373425
-0.9798293650990743
0.3529288618203467
0.31164569937572145
-0.11744020386332676
-0.37676435883614434
-0.7445455645417914
0.451088406812365
0.6565770886465322
-0.04190642693131105
0.6954562316586611
-0.853619205315046
0.37173084769286857
0.9605461906608751
-0.45885530963766813
0.6161379302428497
0.3624663630966214
-0.20412816178842702
-0.7768173625696269
0.16460444432683283
-0.21573939606337586
-0.9992606894234725
-0.5921468085046573
-0.25664784876380253
0.8065711874736031
0.33039878732218275
0.9030851686514216
-0.2966137515301737
0.27307969745709676
-0.6632670161817443
-0.3886961124215403
-0.4268264379008916
0.9337974135790402
0.7236144581040045
-0.34965299014066387
0.6431500961090815
0.9897751855564092
-0.9437852930874788
0.4096761141625979
0.0335765406011671
-0.9875630370374623
-0.6698334781051831
0.7887588816489277
0.5676869600898418
-0.4391770535082565
0.3110012815505613
-0.20043416680643686
0.9997779725648168
-0.05857937281148018
-0.5882900396564735
-0.21155898531280432
1
0.4566494001577085
-0.30541372931348576
-0.16198350622527596
-0.9184585238763158
-0.17685694124953907
0.6658635882111692
0.7744248168565205
0.14414910435202824
-0.570152567635781
0.2367930230878272
-0.2579886754852065
0.8613471185978895
-0.10166307928952026
0.050866595915962425
0.4994110518537767
-0.9221767608805671
-0.19477812431862937
-0.3338593283814796
0.7117831605188322
-0.6538405540244963
-0.03694580591030059
-0.6935998251599814
-0.9724633322513864
0.42460758701380646
-0.4304458778195348
0.1593058066798714
-0.03389766975373484
0.267506504787057
-0.41164417817853294
-0.36050043180325686
0.7377492162508993
-0.22591084043350956
0.9317076506670658
-0.5765944475977793
0.7239252177920056
-0.27612268520957084
-0.15583816042616705
0.6610787742641708
0.0007521504944174064
0.4726824968656167
-0.6773483458929735
0.7265229078136733
-0.9392355216683468
-0.10203482382858557
-0.7272543213303179
0.13167385907518797
-0.2577251071487125
0.7285127917065141
0.3650662912242155
-0.5395862499267046
-0.3146878620008357
0.5285977091993475
-0.06925027475169966
-0.3390726553379056
-0.8141169644273567
-0.45284356112349744
-0.5520622764176946
0.20692270681025074
-0.4529606580453593
0.5451467534792381
-0.48105024567838645
-0.7022520981652832
-0.32652316721878255
0.5247050029869851
-0.8269239909842336
-0.6729921614187502
0.9471676626809947
-0.8198928990498802
-0.05762602625112233
-0.6972607380020038
0.8018554943250383
-0.15544398279985688
0.33201944537109496
-0.714145151301235
-0.0937903651530018
-0.8402038831016067
-0.8325316708203858
0.6697902334549665
-0.4901767711728562
0.09341638428636564
0.05515007068912152
0.3149650014032715
0.24073119590860131
0.32489093683810544
-0.5109431811656678
-0.6791040467247323
0.7009989992872232
-0.055672033429488746
-0.8139328978468112
-0.035815920821789
0.04002314495242379
0.6023652414383727
0.33376307752507267
0.37819756737394433
0.9970264472083242
0.40597100738213865
0.41621641016223454
0.32329465341605895
0.8220779242219335
0.6609258298217582
-0.30428394482298543
-0.6167387878372819
-0.24205105246962622
0.5238021866117173
-0.5458195893262985
-0.6295207260760809
-0.5881497409040803
-0.2390555771253974
-0.8422227131905342
0.2064760886935132
-0.5428478046771049
0.5569582759886946
-0.7456653137966318
0.9259874707764693
-0.6725782472231292
-0.8689721190242464
-0.35104080601564175
0.41773700341473
0.6175279509469255
0.23188845700442695
0.5959592899760512
-0.7999478065342911
0.3335431268760184
-0.6912291103864185
-0.9189357745566195
-0.5836520661828775
0.4146473550497583
-0.7180017308110466
-0.8215702472482942
-0.2144865640392063
-0.6523281398268838
0.9070223233634344
0.8692023183267147
0.07679639403398243
-0.621814368689648
0.944167879663707
-0.8219817986240464
-0.45293942001716614
0.31398063133991816
-0.9397929670153647
0.982513549459714
0.6192871673131386
-0.3855962129880089
0.19277747666389258
-0.6015747820306339
-0.19591108886190836
-0.6450388431996033
-0.06636853757832917
-0.9972096642201096
-0.140239115213708
-0.9525031214370944
0.9723877519112936
0.8231085714602232
-0.2852640381228478
-0.9475816447834002
-0.14512545964274706
-0.7906193293487765
-0.20330706230889029
0.23970118123607612
-0.2284200082247243
0.25223568692235926
0.13071299825564367
0.4652314273822941
-1
-0.9345907191200508
0.5166096693290249
-0.25926927606137123
-0.24262799069049792
-0.04489734666674
-0.16620303355131902
-0.04684929772502038
-0.15845470879178467
-0.2168585924038467
-0.7207113266106173
0.9571247427565932
0.8930711695936444
0.9008248876046415
-0.8150040015303923
0.3758740455546344
0.2143163000138581
0.8071175275920913
0.047196778616790225
0.3541812374154793
-0.2009557827949089
-0.47141541198347253
-0.9708024114057457
0.632961120260946
0.28344105152877525
-0.6363275294711209
0.9284004014107823
-0.9473373093067339
0.3607138443387112
0.5316638351116023
-0.7933768297272379
0.08743241420667414
-0.09803343550199327
-0.6592492137413052
-0.5271613964697043
-0.5233046341404282
0.7829630046475384
0.9882820340797697
0.6036684243480465
-0.1127605750521106
0.44419525435280405
-0.38109444855791214
-0.8406903125911985
-0.3058659236306535
0.6778842615926444
0.256157506368385
0.5866078464652428
0.6012648167994208
-0.3914129496167329
-0.13294025094345155
0.433710120907068
-0.15273320447712435
-0.2238892187352369
0.17695803453916414
0.5782763740366853
-0.09107683315036828
-0.6402681293759743
0.7545508749937612
-0.1274279631466168
0.3881326314271148
-0.8919769584084598
-0.6005618301990049
0.2236294435315038
-0.5519021251197047
0.6501060490953128
0.0871288723841881
0.2194631719166715
-0.9877550207626148
0.487345952689921
0.8063797849320163
0.10871728726652212
-0.34405090769925156
-0.8160461386022416
-0.3026548078819861
-0.8896032172039396
0.9783792667156856
0.16898134564346853
0.5476512694630209
0.14715851885128373
-0.1453419726805691
0.1156825177736651
-0.4401811334403183
0.30245697199246097
-0.8182886773083822
0.4092505200287751
0.4519829413108596
0.9327026616697222
-0.0746024385227132
0.14987860786988813
-0.13143177589969637
-0.890304409544855
-0.09013847636713697
-0.5371861077084401
0.38608589161286133
-0.734670171475377
-0.6441360727996229
-0.22181212816522572
-0.6981357601993556
-0.8511812369919893
-0.07508041530613438
0.44989023391129807
-0.2696741595286504
-0.7892801940484595
-0.770126074638934
0.3414688867243842
0.8616595375111764
-0.2571838200974193
-0.6703095161017993
0.7055244290669563
-0.6678678369556198
0.021145781767378313
0.49894470943513697
0.2799851488027478
0.6374841017702738
0.9628201906502204
-0.19522651968996502
-0.5095268018296165
0.22405858377358806
-0.3184901876785698
-0.2752398574591059
-0.9508818728326219
0.4019254779101684
0.8446487915983845
0.18406305055763034
-0.4890745979714083
0.6814480595732877
0.09703645102473686
-0.5483075632048505
0.6718655198965018
-0.7725935407800015
-0.07059354909355363
-0.11972543342303406
0.19825482481165194
0.4008790954954292
0.6539221353401145
0.09670747198743716
0.43798717711166957
0.6243390480844441
-0.7781078891751467
-0.23536494024770385
-0.9714860044710281
-0.8954323981576681
0.16270096805549547
-0.1756194765455642
0.7888651341095089
0.1730055876543988
-0.8047639261732945
0.36020874958171567
0.6981899796834365
-0.2462060648561244
-0.6755752479175423
0.8577715386823496
0.10251656124352068
-0.6447662155411307
-0.9289815207084489
0.39871081664035685
-0.406433377106116
-0.43176799086199147
-0.16610485227671878
0.7648602039680815
0.41892618080012933
-0.6092164446399878
0.6102719129527223
-0.4020489050964984
-0.4035220244863341
-0.3867612420201188
0.914746375903736
0.9972564685972223
0.3519156140613302
-0.8010853668751582
0.9942433913509877
0.3448530304466645
0.23323592052604034
0.8628571205072771
-0.9892565476204157
0.9268434802865666
-0.9195357209789488
0.5743744567374828
-0.05934511257105414
0.45588650007192333
-0.9454394192478165
-0.10340844851960215
0.08054073963682648
-0.924723835311265
-0.613842925673653
-0.539475385918676
-0.7121396456300358
0.36333574680208575
0.6693052931013375
-0.7914652222070238
0.8662214087569927
-0.19990770364901886
-0.3745709701951481
0.14149527826362268
-0.8203488047777503
0.8798618718193785
0.543204013496327
0.9645136281362164
0.3528470344569296
0.8800344579030962
0.2618883008518394
-0.14296534012434076
-0.7450210778018796
0.6121124913500072
-0.8527598106770743
0.3508901448823565
0.4670199679099071
-0.738175596477135
0.12676845492662198
-0.31666291316379563
0.8280306466112002
0.6936674228227472
-0.42903543904335667
0.6401715330133542
0.80542217096588
-0.802272894224483
0.4700911864378776
-0.4568235043458657
-0.0763301305988391
0.7506551932904924
-0.15901477538454692
0.059893267152689146
0.9271499416763335
-0.21988504762204075
0.11469792995706954
0.7113010411942852
-0.9861037327014426
0.6555181199822829
0.06555637621523465
-0.017806425700223942
0.8378989134411847
0.73568336792515
-0.8091502773626378
0.593653177400636
-0.20362663568810674
-0.020114099260537314
0.1791320781515358
0.2337455390118224
-0.9988408468487067
0.0967457880649766
1
-0.08695304178764217
-0.5917444147805047
0.11997221816237742
0.615778811912621
0.517561587757774
-0.8432512786911569
0.7316485694678252
-0.22753998791257116
0.4931930545641239
-0.03434508231559542
-0.9225738339233801
-0.5184571887082337
0.1461526605621963
0.646310996340841
-0.41915244807368396
0.524288880266688
0.2656347248010932
-0.3629634542778326
0.5018597817891721
0.7397901730319698
-0.1883018926060538
0.6767255780454323
-0.6082497814440826
0.005598132575782815
-0.6390767565233069
-0.9740961914305407
-0.03192234327931791
0.8504119385639166
0.48946089392358627
-0.8785917262619731
-0.6141248409848769
-0.6805566258454715
0.3379496357308232
0.5135843415360513
0.4696254123093528
-0.766131941410832
0.6760684143965892
-0.29772888376693524
0.8986021129997446
0.8964469368285968
0.798837485610753
0.35858791112367644
-0.9267585786897207
-0.11099341786202921
-0.13692104762149018
0.9154945842818714
0.8460974692674242
0.16672910671569094
0.07753747481594363
0.48301920237254997
0.9621778680836892
-0.4174877415926656
-0.8327876675438735
0.1749901811944811
