0.6441883581317026
0.3639679462652526
0.34839853173515944
0.9649554270010382
0.32654052247667076
-0.6936142161416139
-0.9209283590833909
-0.25066442395566446
0.14997339124164763
0.2573312865441774
-0.8465552590902119
0.23052052077686305
-0.3526961945089429
0.7906677907374868
0.41951744839953714
-0.9091591224061922
0.7751287767778943
-0.4736798159948669
0.5578493012134831
0.18740627103833515
-0.6787423282540924
-0.29687638543616734
-0.3995465162206163
0.3026356896997636
0.43853431608503163
-0.26192092604252587
-0.21835735691190705
-0.4626159906854448
-0.627789460162599
-0.3064482309149627
-0.17236795264514104
-0.7530185539406177
0.5761832837831211
0.3031221236568618
0.715684707184575
-0.12339933458708195
0.27560875776234073
-0.08354067821442047
-0.8093718164013154
-0.3454822425709405
0.5587990781259242
0.250351986395903
0.5619583711569616
-0.155219519157024
0.24123311371692058
-0.09952285724011675
-0.21422067717794918
-0.02068471589017814
0.08223133752244445
0.6784014785831168
-0.3009727790587988
-0.8761807937308119
-0.6578771800995958
0.8735846793541685
0.9520462882990329
-0.1457918038217011
-0.7602042963736664
0.6227618377765859
0.9044228973078519
0.25099274638724506
0.9378655217814241
0.5852223762391311
-0.1064840266957288
0.47880428672519376
-0.03615635955354325
-0.8508825737315525
-0.9663570455196601
-0.8965691522980053
0.5116777457113474
-0.45241376538413625
-0.019960433516243256
0.7954568974066486
-0.44844430829344156
-0.15561930054954073
-0.06348351449675524
0.8409957776686371
0.20217997966359189
-0.377702746604102
-0.5437223093394854
-0.32442387192888955
-0.5250141467652435
-0.06605159434438132
0.19745754403496268
-0.16094275445762615
0.8268604686361966
0.2048317820928245
0.8361056826579916
0.13182942604618716
-0.7555794737104634
-0.8260828537299542
0.5470379787861736
0.9058363473073257
0.04287239802880692
-0.5751675687105862
-0.8875917102538422
0.5577213097275423
-0.25346079640112584
0.9086193462407314
-0.6043273933150228
0.34313403313462165
0.7744135926224114
0.1759817289537524
0.05304745212431637
0.5022546469043818
-0.49052082892260007
0.44741094264456505
-0.4448634247728143
-0.7358840896786846
-0.9556388805404407
-0.30290153782365625
0.9299104235874898
0.39384220251630075
-0.7933261546107814
-0.8412450657859664
0.5824233736541519
-0.3705309262288759
0.4205656477063923
-0.520493063882339
0.9161145519136104
-0.3288736900605827
0.38505794714955033
-0.24183601040980757
-0.6057491660816196
-0.007063784327718265
0.7418968221557714
0.7873321872996627
-0.2910610463121351
0.4686030715275468
-0.8429042606113277
-0.5390422494416856
0.022928321673136437
-0.3500771740270296
-0.11321117284547237
-0.01506910887012005
-0.4559491986176822
-0.2584922664990279
0.5043621796343689
0.798993525290167
0.4190117695963732
-0.15543419200888015
-0.3828147211954777
-0.9551350516712049
-0.5129819201290403
-0.020123085857965007
0.8111058717178182
-0.9438497508143847
-0.21376232345872043
0.724646824284279
-0.4891954687886675
0.9804015074689433
-0.4625279664455944
-0.29049715404165616
0.7468404115176845
-0.7892496387648767
-0.4744648535154464
-0.6872270225318118
0.966118029191381
-0.515499519948932
0.3288808212086798
-0.4570634550147842
0.07646501260726556
-0.4669170607264534
0.3584657276397073
-0.10665681425979671
0.971033955467992
0.36404879843215215
-0.01924331624715192
-0.45765405801688347
0.35984823069991323
0.03167827114423375
-0.10688731135850808
-0.2746585513776316
0.5790905429694161
0.02022140988358143
0.7103716252631394
0.6264703523769578
0.425732826374403
-0.24293192769998737
0.5345687610334106
-0.7862850170120944
-0.3207393830695496
-0.39978893576106234
-0.47859470364770007
-0.33112470282054285
-0.9222834744141414
-0.45204632900786307
-0.584372741070562
0.13934896436181843
0.8903683114733225
0.0917192417268574
0.894301672070651
-0.7831682066341731
-0.29352870456843116
-0.2685772611662263
0.16613061813602437
-0.14680635482976934
-0.6141552153340122
-0.18959108163688962
0.2681147128672371
0.0030629266890233077
-0.19282013232649045
-0.4839168329599402
0.07962583748482632
-0.8594723775871332
0.31757731247728993
-0.27507187559868024
-0.03377236371428229
-0.590624426568524
0.19161862488600437
0.31748063610419824
0.9434573480911399
0.6641403992304477
0.9468553773439696
-0.7352815821188757
-0.6176494682364848
-0.7767809131767701
-0.5751125871313397
-0.9943788406060979
0.057377991242055164
-0.2794808969983522
-0.1886934498302357
-0.7783464032483721
-0.8483349052887361
-0.44368559915871286
0.39386734700210974
0.10614030377650044
0.7236062504852369
-0.5041280632838945
0.6715525478058426
0.31151771394464556
-0.1332479040415746
0.01627024415722726
0.4909833789215805
0.2955848266874511
-0.25391152370668163
0.8625525626575736
-0.9446160274901433
0.5057430641202768
-0.217940554564981
0.30508508772996185
0.16445773491024124
0.9562196175141223
-0.7924327117048444
-0.49016327536025633
0.6579964668813363
0.2746464548378542
0.4104414000109563
0.48380860401924547
0.752008521143481
0.3303645628998683
0.07647158485587685
0.2922138126944808
0.43760272179983667
-0.024159262612140707
0.3280948000599628
-0.0920324722155698
-0.2617770119946852
-0.2548317774479339
-0.08564102843745058
-0.7255070327817368
0.3787312839662899
-0.3360654019352126
-0.8931233800288868
0.7724390749866039
0.743361381317193
0.09755640699808572
-0.25381823142523596
0.8696974941840852
-0.6459029639667927
-0.7941821575406094
0.36875466961357295
-0.21295240330500084
0.6911189705505767
-0.12928509267305882
0.8505841838531537
0.24227940915473822
-0.26588102725701873
-0.3136658537362923
-0.7990942574748479
-0.11983537480355969
0.08572591826312093
0.586135778973987
0.22448978626110494
-0.22867675064228823
0.03451350358037755
-0.5539615214505883
0.19150780527485436
-0.6221160114871662
0.36334650960467296
0.5415053776710105
-0.20864176273959187
-0.3882523196225776
0.29025736781911365
-0.4849327112833235
-0.08362318718737435
-0.020749003983750444
-0.4473592751142391
0.7518569534227311
-0.03217402654809601
-0.372855958237864
0.46835194319256707
-0.8834149777384036
0.3519083932718586
-0.3178843871527217
0.07658266260761455
0.926366353625552
0.7000200632690302
-0.2508885729285591
-0.9101685772928944
-0.10554667429225072
0.6287321541097606
0.66601732855119
0.5868962690746157
-0.6028839834660129
-0.5049274701565971
-0.9406473801972449
-0.642523257998402
0.15205881124891454
-0.1850024399636019
0.07708527271543451
0.06339522477985048
0.37506088150247213
-0.7347288944358954
-0.9946339983824721
-0.7860160913835005
-0.20612300128307717
0.12197644072681864
0.8539003228091905
-0.9666359084288888
-0.704869484372898
-0.07854514613436395
-0.3490294759915444
0.30869597930484777
0.0968562109788088
-0.11763784842238699
-0.6512379765025486
-0.09913228099748103
0.5470952787371532
-0.6974441338001174
-0.16859608094020276
-0.15323432498135392
-0.3062543392379529
0.25100182021831435
-0.22345108013105625
0.07112116634252798
0.6764462678672479
-0.5718240124598967
0.5240144935286843
0.22377955784932332
0.919538995532065
0.35660997398666006
0.9033605395449124
-0.7794625250745655
0.9399195618886177
0.7473755087652367
-0.43827871294326787
0.46566223462835127
0.09453526089528481
0.673542008829394
0.8351874263601398
-0.18939643288719554
-0.23512837105283796
-0.3632948587751412
0.6268144361940151
0.024195968944518018
-0.8575704776245465
-0.737505126149359
0.38810794101175516
-0.0065573104151318146
-0.6063539848815886
0.6388582386753736
0.7829702791120111
0.03789740111724326
-0.11368797209952192
0.655138878132429
-0.4348563720948798
-0.8664026841296272
0.22560631107595117
-0.9647922696234075
0.9237952433423621
0.351070627607013
0.12056465255933957
-0.7002854754098969
-0.3008813448776205
0.8463166773195825
0.6616860780878223
0.04423940236798216
0.11532594528211364
-0.7975905457409279
-0.4342313624638114
0.9689623389654781
-0.8799757345341587
0.27368263354499034
0.20744865093309017
0.6490467473597312
0.4154158502726255
0.4462485090798527
-0.4615297772253746
-0.7991378104148438
0.7247169076599802
-0.9506598466516801
0.36011418545361673
-0.8045940010959919
0.11334640179182183
0.07873032627336667
-0.8759053040533962
-0.8949765409339677
0.13013657851645208
-0.5492452438121791
0.3144216224300402
0.25356132301886253
-0.6530369672641856
0.6663138835842011
-0.6122363772121996
0.4435028927824244
0.6920499254258466
-0.5987710449727585
-0.18032523982477988
0.704222882611443
0.07555367658513623
-0.7546706317988342
-0.16812908774677848
-0.4020478251032941
-0.06856077680178378
0.6015862348968264
0.7246489461740582
0.3804994032188327
0.6522565036909229
-0.27727571316492244
-0.580688185317452
0.8645521344531857
0.8625574025443443
-0.5097737288451849
0.5237807192532071
-0.8988183104230753
0.9548678432708133
-0.019450865680047818
-0.3869118763691632
0.7104707761298487
0.07981439869517828
-0.2355560384517103
0.4343035020623602
0.778507260545036
-0.7885831199304493
-0.21083700293713561
-0.5618713365632365
-0.014365742440609435
-0.6084803342590465
-0.23219763235571975
-0.8671874792816209
-0.32537622127865334
0.4884003402413473
-0.32661544392892833
-0.269333667941103
-0.17793608104293515
-0.3758125678553833
-0.5704737835749613
-0.30641740674244655
0.07959438097536942
0.2516906516480965
-0.48259661753802313
0.9350488530267272
-0.5273255206537215
-0.7835303416236987
-0.7895923679807584
0.43826873501426183
0.41246477046137814
-0.10151715103222095
0.011746430803021169
-0.8163488411906948
-0.8557461859236629
0.1433143548631211
-0.4091097574131607
-0.5880615136329574
-0.7229736443187744
0.47888505926713665
-0.6389871806344425
-0.9084764491584166
0.5527242086019339
-0.10786467443315573
-0.6722006004857592
0.8744324955245737
-0.34909058178203656
0.4665001049730116
0.5078470363237972
0.8739889456549185
-0.3002386900540665
-0.012184516947613412
0.7042262248421158
0.2785108590434384
0.057386419789446044
-0.5552484504905214
-0.5411468524761197
0.7426110843926187
0.6917754175439738
-0.26659225705232437
-0.899941581678601
-0.05555113142882281
0.46806329100911953
0.04324837244830747
0.05074923251760787
0.30563794693080765
0.7971638990245505
0.6909142155740887
-0.3404274709756255
0.7996852283020721
-0.17726846974477597
-0.6089371632576734
0.8054412499400684
0.14640196639759515
-0.11674207407851558
0.23629069575176564
0.480117960760711
-0.5127357333503499
0.9251416839145634
0.010932689671684107
-0.5838369503663556
0.7036666289204725
-0.8521408762714462
0.8044165883694215
-0.8904919994489291
-0.2961137237054188
-0.29072912135001383
-0.7287649491668219
-0.6337256476084343
-0.9882878311176178
-0.07390860962320035
0.02088321334679055
-0.5137342733366668
0.7591077968137797
0.3374305206150953
-0.9940039154835156
0.9005625936822554
0.9393249163562568
0.18169280161212414
-0.1896117534623768
0.3596673653157512
-0.2394377867654109
0.38275157419023115
-0.1950739331190923
0.8195158242205917
0.020480670817245854
0.5560696305709716
-0.08695523812083095
-0.6201652699218932
-0.8873094921158341
-0.6948230355481383
0.5537583978257828
0.5263053203448854
-0.4042260479426581
0.5997808728740717
0.5053169256490251
-0.3749135616643861
-0.013736999244799835
-0.17829239635549488
0.7348271709550669
0.8733256111024008
-0.38202190160987326
-0.2901378465843327
0.41920255057248834
-0.27193876478648615
0.9858865856413691
-0.22143553576671088
-0.4264937825376672
0.7279054832427809
-0.8532039420407531
-0.3436034689830585
-0.8453764161581417
-0.6278265438286261
0.4997983785488866
-0.28740759103258895
0.571288767492651
-0.10030248208530569
-0.5549229140505036
-0.5244244356487319
0.3192692911018822
0.4241198233717826
-0.36801255176024333
0.3346810728506169
-0.49894796744634595
0.8187847563757877
-0.23721836382792474
-0.049731006586676105
0.6943628837119566
0.5371646375202798
-0.6059154672682067
0.8330909600520453
-0.3008653866043539
0.4240319273103689
0.6080017286443355
-0.9203024657993402
-0.09708964504963435
-0.230743748833668
-0.1372693052169636
0.5369075305723111
0.4275932951264612
-0.5007931262078127
0.7089975074824287
-0.1487446527504588
0.47226858078081096
0.6600032497641743
-0.4855298000023332
-0.7097562790444232
0.19648300931535045
0.12012726271790819
0.3507327718378104
-0.5461981554361381
0.5168086582064136
0.3648326413246322
0.7083079080667413
-0.34443250527254327
0.6215836801408969
-0.591533999198019
-0.7044896865431785
0.8489035647865625
-0.942386578050595
-0.6767171104819146
-0.15782537952671163
0.24329140024511714
-0.2895447590088645
0.2575380397771995
0.1976978408137195
-0.4432335776274705
0.9789395652960862
-0.6164848308116471
-0.1280396144300097
-0.3178142692690858
0.745952003165964
-0.21379447219283257
0.9675146236939228
0.541299190575021
0.17741891060319853
0.8674685138895538
0.15754507175879287
-0.645597328571967
0.2985255468374713
-0.624225504205214
0.7291424218566501
-0.02027208991524488
0.9156296856197967
0.7256195296132608
0.20165018940541676
0.9852528290698805
-0.2700107086749624
0.3103735620676929
0.6238354736413284
0.985891583363883
-0.6474881577697752
0.19446840067654847
-0.07992751306743884
0.3494150821346435
-0.333608767522597
-0.28322046447274474
-0.9894182946534169
-0.17249563346255867
0.9587486200478172
-0.8162100980791064
0.5532780301537621
-0.3965812252236743
-0.9712938072087101
0.42192353858581416
0.7323023465854316
-0.7912273458904995
0.03407529956917156
0.9831550220989086
0.29986958192698476
-0.9710432199169126
-0.701743396080298
0.9727491482813692
-0.9341865728646985
-0.7283646569860959
-0.22275565524097188
0.6167570149736282
0.44808115297569523
-0.8166306790603245
-0.5705703312800018
0.05653407287019274
0.5975405033120514
0.40554716768215765
-0.16297318118705503
0.49914379747328147
0.055679607846893416
0.4993124732431422
-0.8251440066268869
0.4028838713580606
-0.4170960226599519
0.5590891940735816
-0.3242095310524419
-0.23153771979794993
-0.2969681053360329
0.22894887047468268
0.9665005060007696
0.6992864249532367
-0.005047788115745784
0.743103101271186
0.3925581088342939
-0.7342143579441374
-0.5285297795474915
-0.9817698048583205
0.1632118693375122
-0.04183618884783717
-0.357636915691249
-0.7767381311418797
-0.4741046515597891
0.6668349572570806
0.8328607729545748
0.40456380822912275
0.7563117608149668
-0.58175484981605
0.6837299594375763
-0.8341163596926131
0.9205091322845645
0.5001174447407614
0.664256369847728
-0.5391921771528971
-0.32793134698801696
0.5629126156904919
0.4208275810864378
0.05040420029142363
-0.3568037348847787
-0.7051374888955945
-0.5448592672662755
-0.17577124024798457
-0.12180840603283538
0.6896911492932535
-0.28768383520296975
-0.8245404354072364
-0.2852405784792223
0.12849306780561842
0.5905045798845914
-0.020904617211879837
-0.32947672212855217
0.3722292978372824
0.6290191821519164
-0.3255691635809003
0.38975786336922535
0.8971783802099983
0.6093844609629597
0.8685343630440634
-0.23198962049860572
-0.5903506743408067
-0.911486324727115
0.8816007001966902
0.4852142656398657
0.06016430305242869
-0.0995470179258805
0.7212571471320908
0.20613958923582285
0.0943880014120007
-0.5170377979696228
-0.09542267488962762
-0.512565173362146
0.5709273464761675
-0.7578739951512391
0.7960140765372998
0.45405468362399254
-0.9608092035100017
0.002263387716693363
0.9630701525228997
-0.44251781651802163
-0.6613935847423884
-0.44119642403874754
0.7246514996481036
0.12216233992066569
-0.973263426882343
-0.23267094841559885
-0.279029053875611
0.7068640453026437
-0.9796060732183761
-0.9129016635088509
-0.10584897086089756
-0.35510369064350567
0.009647161775577527
0.18245905737951393
-0.6734372778904979
-0.36497855988289185
0.44785732506858567
-0.20137347471135578
0.9033734747102047
0.8337029942184011
-0.8542717020494659
-0.5937745275661348
0.7292400463372295
-0.3101053171829664
0.913121650948272
0.38347913912998466
0.6158898246963002
-0.9750197739743297
-0.6692884081698001
-0.6862173899750164
0.9767484825018766
-0.9705179943231383
0.4988386710729736
0.26981921713216966
-0.715618010553306
0.7616248799014538
0.6290567933624168
-0.2556714393504087
-0.2972771318344356
-0.9250851214965893
0.4911237600841314
-0.21184302045772477
0.7418641714054004
-0.41574896481033635
-0.7694039375108274
-0.16111418881167333
0.022044032428844992
0.01969060706105733
-0.862808076113262
0.9071993445546187
-0.13383533336773393
-0.20194200524162798
-0.14281300518696854
0.4786071098778744
0.7583477618814445
0.513163157684078
0.9411877656460842
0.21745024558837234
-0.8553439081039501
0.6553109750087446
-0.6248746716190043
0.5066802745299894
-0.8822837701970089
0.38269666700196936
-0.01816106050587966
-0.6726167160281971
-0.20844251176662626
0.5176778287161813
-0.3513214642956772
-0.8231969874546987
-0.043436656596442816
-0.30175835208393453
0.8957168282658411
-0.25696030284808863
-0.36646110089168127
0.16324261502252665
0.5263268542931286
0.98185480457393
-0.14191997892911318
-0.2977810516094906
-0.13367667788401685
-0.951277551652489
0.41792556911886264
0.22586648215456046
-0.8866600476476568
0.9559720396870612
-0.2701605562006336
-0.6092423090970392
-0.330515921905366
0.11049240800697797
0.7893035405318004
0.8898105962813653
0.20105920356514612
-0.28914371666302413
0.5216172490323724
0.7472045333481667
0.956882819848811
-0.19926899427682443
0.7177561108147511
-0.8296090260372038
0.7449583827815969
0.9617393631281622
0.8481198898500432
0.9127856397770265
-0.7662457660412352
-0.14484076786503872
0.02014213640726395
0.4000954416428364
0.41686100448300656
-0.3867698094124816
0.8606535343493913
-0.3651364331095007
0.4477374786718745
0.345969203907407
0.4302624379440688
0.13351515092221752
-0.7969966599358356
-0.9085501890964887
-0.15063671218038668
-0.21091140299018232
0.6916292648595201
0.0005354016494327303
-0.08699972976514701
0.5107130938184593
-0.064198249546845
0.6441939062893546
0.4244556366457296
-0.01517466731849496
-0.5823934188339621
-0.40702786959731985
-0.45152338843638307
0.2434295558858016
-0.003857863970150177
-0.2866690904586927
0.06333654697013277
-0.5876381019316681
-0.4738303925547053
0.6501848139555167
0.1521798670759187
0.8927484377883383
0.6724186712781205
0.6920454683232259
-0.29958789124440355
0.027167637840250346
-0.8079264227248018
0.18470505292155567
0.8045599626830872
-0.10222849660665347
-0.1026027498315287
0.8897746231694523
-0.7806056249715287
0.9686148626413795
-0.06802549627980377
0.0891472378503392
-0.41860806665216266
0.3260658062683409
0.3443334899247022
0.10219191784485157
0.16030591806526748
0.7369824796496494
-0.6680722019979267
0.8351149516104013
-0.23524461396238205
0.7508794842782449
0.5480600419519843
-0.4082470745875156
0.8015272055514262
-0.48624223778979664
-0.9385754531183794
-0.019675086631124685
0.6517935584463496
-0.9203844474647239
-0.6530133805746697
0.053229509169084956
-0.8111603157676144
0.18375427880670986
-0.0369137266498744
-0.9442493622326383
-0.5110106882617385
-0.648492037095003
0.5698659482825413
-0.28195120613792946
-0.8735463383201885
0.3017780583895656
0.45214265719010344
-0.16868238926680956
0.7190902082825532
-0.07434309274867315
0.7942504190279149
-0.5619736871696058
0.3829852263448062
0.811792235630483
-0.2712584755048635
-0.980073735247089
-0.1758595110217806
-0.6314886743822239
0.7614925963810256
0.8466426495234098
-0.7000147608565297
0.5973121063780581
-0.11324968535788833
0.9591366514420742
-0.10295827042091028
-0.3954328466832357
-1
-0.5125753721399897
0.27203726440958736
-0.0085534624423893
0.6448423049697857
0.7076014468564077
-0.08132947104036571
0.2998351692797743
-0.40246720510527495
0.07510849015604512
0.017955511928600506
-0.7745723555452708
-0.38988602150779467
0.8999889878076591
-0.8028876652297033
0.8588206406909265
0.27233991423305054
0.3796729296778516
-0.622655084913057
-0.14848437007988727
0.2606549860327475
-0.7122401358990038
0.5368687743357524
0.5536491120319902
0.925061562105809
0.03632918018626042
-0.2751461289546564
0.7005830529355626
0.32971357945740853
-0.940962646083421
0.4522658904188307
-0.6262855852346384
-0.3084461613432475
-0.6987808287652483
-0.7624763719436496
-0.9111325720433738
0.9443891092075748
-0.6141362068473842
-0.8291399693823206
-0.46952600266255307
-0.22450831013120043
0.5273365530008952
0.31924421772773287
-0.6052048465303025
-0.2744871839783405
0.7396620840443817
0.9753488808135035
0.6853775506308911
-0.05042557322221681
-0.8680595281315702
0.3655225687768026
-0.363444489866273
-0.6090066327826723
-0.020440832710867083
-0.5830503296482631
-0.1938287219238674
-0.7633300967838587
0.4684619759101744
0.3676091321801964
-0.04460078182118049
0.788006609051542
-0.9813730843624452
0.5107345032349815
-0.5022092492890919
0.32891252115499653
0.5317883715522776
0.2067823194989951
-0.3370798764326102
0.30926102089557583
-0.09500930602205293
-0.8894142641296411
-0.5073109522813822
0.9982075505100116
-0.1308957076280917
-0.9903830949105654
-0.6707315209235377
-1
-0.20470037328913163
-0.2812746929488953
-0.8504744760928158
0.5243673376944953
-0.8527561025983188
0.45574392662611607
-0.33298028665317575
-0.7172865638455007
0.8796663925527638
-0.3544686357399014
-0.2003752928191629
0.5191188256894421
-0.8336632085806331
0.46663126314625203
0.27980231784097115
0.006494634948039398
0.40360134544594506
-0.09724990084746146
0.572694150713193
-0.9894120805340653
0.43615051873190125
0.03526249920504409
0.12086921982450623
-0.11859781744016926
-0.11974498091165643
-1
-0.9285443736794459
0.05256354660463518
0.023679176710111008
0.4902768995217668
0.9490131596705773
-0.5206166018719584
0.7399883672052842
0.46756908095856875
-0.06787703529354094
-0.7697476211400861
-0.5369887762759067
0.19248106726604614
-0.2808217652211511
-0.9946894398336843
0.9040609005370339
0.3078022696548194
0.7132945108826935
-0.9867745978509438
0.6310341890719203
-0.02104476032411283
-0.2097089600384043
0.007132748282744957
0.6364314853495476
-0.18688663072053924
-0.23235085130868513
0.27134923081244516
0.8805444457560395
0.4543435336462636
0.3618145112551822
0.5056751991910318
-0.4313072980081302
0.3244781853033197
-0.32622120032909036
-0.31346459059637893
0.24645538009300938
0.9244891693427784
0.0681481119905441
0.12606716744833976
0.4970255730751383
0.33635667628018023
0.39886567298137443
0.4718406422091418
-0.3463623030985349
-0.06383588560293792
-0.8748868202156354
0.0826217431170665
-0.7204399127105675
0.7281452877024251
-0.6229716151179726
-0.4084292700906398
-0.6873079619722304
0.6805247344000824
-0.5832038600377885
-0.6093401954331744
0.1697000805083461
0.28040723186742106
-0.7409102032322045
-0.5638450360500519
-0.4337255438265662
0.41342669667093135
-0.4614172428499791
-0.2435692304010897
0.27881392002108385
0.24685948615533268
-0.13112463832848945
-0.14425934581478297
-0.6965537465592548
-0.33065843705542475
0.23378798522848054
-0.2328809504532086
0.26972963175672343
0.0725611218007809
-0.06472448553046041
-0.32575887388266106
0.5562737968014732
0.0014017721258044805
-0.05108581833420893
-0.9243135686310348
0.9311660698779528
-0.8515023243293819
-0.3157127625673081
-0.81134076605249
-0.4006491923200885
-0.751082944417987
-0.7961253238533269
-0.47929494078531276
-0.3174080122093532
-0.8815751118091762
-0.005565825160401365
-0.834465976107087
-0.4154853779643715
0.08476529373265212
-0.6695021845787201
0.20721261923086975
-0.4626498015567651
0.8389963234205261
0.6275579148036466
0.736048982410914
-0.9758887557106676
-0.6598732446800317
-0.9780134989625591
0.817766077260814
-0.3325069016680126
0.22446955084361017
0.8560909946366052
-0.6768690829432931
-0.7725067884709212
0.4316843379388834
0.8706343257918666
0.15300014614097585
-0.20961953575021003
0.25929647820916996
0.03754515365396448
0.18809476539068698
-0.7559396647514538
0.22014105368344702
-0.8335546491822511
-0.8586756425274376
0.10336222257243062
0.9096381827312208
0.619706291041097
0.11167524141724963
0.8451926322416816
0.14386956470696263
-0.34328964470151924
0.4130879803155539
-0.2938882712850052
-0.11804488479529493
-0.5087305401485769
0.42458433895359515
-0.8276497519801183
-0.3916224560224185
0.46690522923286104
0.4787310854644338
-0.6428120910669531
0.9302172113180346
-0.7057384383345882
-0.3551970524649324
-0.10201792264069615
0.31646158525521667
0.06636756655090764
0.49950174287229837
0.419351993899085
0.8502450366384107
0.4291138567646452
0.8465165401523538
-0.6561267129190219
-0.3836705768553174
-0.19947528064281547
0.9684567516793053
-0.6957409842278399
-0.7298840562197231
-0.6980835896836868
-0.059176534635843686
0.7258330375327902
-0.547052442486056
-0.21522413805163343
-0.680987407109064
-0.8527893669808287
-0.12380917707181992
-0.5721434489149597
-0.3464576776934108
0.27686944329749164
0.9444281652264954
0.9462002070257041
0.3091252891176511
0.41694393263097457
0.9798359525610391
-0.030071114432457365
0.595926812504239
-0.6426997676893725
0.25932422529423566
-0.05713843512673089
-0.07379123798312663
-0.9966232354931767
-0.9376980323503283
-0.11588620581935832
0.32516035744764377
0.2422484045053003
0.9902874577067432
0.9065413271718666
-0.7407156802322136
-0.9700161945100285
-0.09617627732784298
0.20230624570865735
-0.8188575103617763
0.7383815116558374
-0.7585358019654278
0.657984912197902
-0.34324534555049396
-0.25899270705500865
0.30601426462631126
0.7859610068753036
0.7463245266533818
-0.3836239323326734
-0.05058992947138089
0.3170279039888318
0.1562425678642128
0.5650758556909963
0.13051639657448263
0.9454036996386548
0.7374719073364399
0.08356622471045867
0.388285100971784
0.14837422540587938
0.6282830838681559
0.7246194762007004
-0.6731558413093709
-0.5596646458202735
0.16744932854538563
-0.9889127802217051
0.6832404259393488
0.8199972672017589
0.056433943799017464
0.6306624961551494
-0.09650647139271828
0.5059466613830117
0.2763015200188789
-0.46503887001424776
-0.4989020070072916
-0.1975547170231288
0.1346512327676678
0.7500633828589726
-0.7041533379085457
0.6063431614867736
0.07114513177021714
-0.9006543693699122
0.05240143699299043
-0.6159461074066992
-0.1387153214296651
0.8045736307470363
-0.3681690558251496
-0.0905737330892858
-0.28685390350692014
0.2701916480019227
-0.9554668326591724
0.6768275737580182
-0.10097816439536945
-0.10081978582209539
-0.12530296046554734
0.11611926489422718
0.3758443094976885
0.5344395179116836
0.6585931239204935
-0.24005679593642687
-0.08988614063771323
-0.7858449976283257
-0.4241341049607535
-0.3064173027045816
0.5110419256131012
-0.7319060407034579
-0.38564432306381713
0.49835715277773174
0.16707097360815576
0.05205743994483515
-0.8582716969023468
0.3932407719224101
-0.35757190758000634
-0.667528744880591
-0.765367114747988
0.3118926280961288
-0.3692913462575838
0.5774920848418611
0.06353641430674899
-0.5920903382013162
-0.7115132085383521
-0.39580670427759773
-0.4077171772155439
-0.21362624952134246
0.3387981129009986
-0.8271091210335821
-0.4795650136653238
-0.5241835731901018
0.016662285427775866
0.042895280442655837
0.4402660104808317
-0.6917458506334752
-0.13804193385811692
0.1544589574581342
0.3559541202650438
0.9282643150081538
-0.5635829265519129
0.8196530287439461
-0.4854947749770883
0.9672605131721632
0.7871766596761771
0.7714960085221744
-0.9859255076352532
-0.17406558229499794
-0.9096696738348636
0.43767608111588885
-0.1749495432865671
0.9300682797842399
0.7272009143848331
-0.7015706823254091
-0.23496051797100528
-0.1628315075293143
-0.858400463944572
-0.5696625281165304
-0.3831302646793747
-0.12739475861794308
-0.3582611790369971
-0.5113542245207533
0.48096506288765123
0.5241340368476909
-0.3888588665220121
0.8995122209848461
0.001630268887900719
-0.6131617667783238
-0.012937089377978606
-0.4090075643981961
-0.8296681230549816
-0.46690339154334287
-0.011762275180960995
-0.669379169744577
-0.34676824148500895
0.9675661185087872
-0.4802346980717641
0.49777432922405795
-0.9699261566559463
-0.666614364202195
0.13262627365988455
-0.5877302420202384
-0.023624689774552364
0.5603962257687086
-0.2121115718962184
0.3902488222688449
-0.49000818387710104
0.8390363068329778
0.16606231348697942
-0.35549003375601196
-0.2403626717688894
0.28324030458507443
-0.8755966508812943
-0.5787401250438555
-0.7957643024105555
0.8406749258245116
-0.24125407908266494
-0.16470249271782014
-0.5694560829430848
0.7084139911647825
0.680705061475015
0.6641572230688392
0.641178147927511
0.9415028577279193
0.3142526959689309
-0.6965853147263581
-0.6558465276435814
-0.5026709331969554
-0.49493229457694055
0.1907799664870553
-0.0695145049637053
0.2893483356855432
-0.5747938602191284
0.9523390492583316
0.8031367268163524
-0.9925966528087079
-0.39067745069901455
0.862277705963845
0.01388414385865055
0.9109478414642489
-0.263901882372115
0.8120344924523973
-0.45671040562827214
-0.11367677583218185
0.2586926243698771
0.15692008766554782
-0.24308440676057572
0.7517529884141955
-0.26962336379013824
0.7357749571806
-0.7675803363994994
0.40536341160554995
0.7033870075090656
-0.873551830843188
0.837023201960256
0.06247521126251247
0.7231736984325279
-0.010733738769286379
0.5877564135535882
0.41888262016043504
-0.5534000744411061
-0.965717191828126
0.34606603540326514
-0.6410590938984002
-0.1460646412768655
0.2727606276580393
-0.5358815653975781
0.1080153054505544
0.6706588691726791
-0.24332611700516202
0.8095886124887656
-0.4608634801005636
0.6129391997636133
0.42844562119804186
0.21165135292159035
-0.8616571291757372
0.8251579740088203
-0.8043508370759477
-0.5172418405894056
0.8273333335504091
0.0685080857171899
0.26255674408057983
0.9942981888807084
0.07349024196301913
-0.2982695474059153
-0.46344854584689343
0.39524678662197943
-0.07872730429540442
0.31335927383421736
-0.5608277868844201
0.7223398634509044
0.888421779899836
-0.2104801038865823
-0.23344180787175492
0.07760161361062949
0.879072170151605
-0.44910479820902954
0.6946424618298449
-0.8991770129369929
-0.22483577057452714
-0.9211185447196961
0.5127090559009284
0.1432782885618263
-0.8170666712927955
0.5662600733515047
0.2256065272257844
-0.677742106593891
0.8867931255137459
-0.5258967060069298
0.48246234133960386
-0.17001872214128722
-0.6530637559088632
0.34924895097152386
0.5356073644399894
-0.9069088118348545
-0.06776300112793701
0.9167072783662173
0.2016431132100445
0.11901617748983094
-0.10400261117030142
0.7970857699532132
1
-0.47206272595920107
0.14477010669337909
-0.6650549091972688
0.5219390823992771
-0.27220241109765486
-0.31049056750507253
-0.9679582191447766
0.9752748172750361
-0.4894433385287301
0.4750180941159811
-0.42532554917138465
-0.4915769782320422
0.7029306350558719
-0.9371920145800987
-0.004531990409377129
-0.1301014933952157
0.33474243439259543
0.2977892428379109
0.10599856130821803
-0.8528379197501208
0.6066449841900827
0.5156414784720821
0.7746857576187577
-0.47468628785831757
0.01638290779222743
0.8883516816863356
-0.48048613756794767
0.5452082175965726
-0.47938396472829103
-0.796764473016505
-0.9804144656081374
-0.3525033678093825
-0.866497484335883
-0.13395975414602324
0.2584736087734338
-0.6586210243299807
0.6606896890461159
0.686373782024318
0.39988686306553317
0.1775266053501087
0.9296087080250287
0.7692633169831387
0.18245863581700586
0.1531783808559456
0.7435084051870334
-0.7442515620751649
0.6238318199995111
-0.4200340067978044
0.956672754018206
1
0.809464227653088
-0.820333880317793
-0.9506057296765235
-0.8808016878593374
-0.941667304649311
0.4066742767402965
0.8788279273456107
-0.6991475046087702
-0.3156202985810297
-0.31050641468904194
0.8854154056920854
-0.749677780558571
-0.06742830938451176
0.9995737337999834
-0.8691003116139671
-0.42615947203898136
-0.24574635678152493
0.15432474051527117
-0.9904421355139306
-0.36566098782302386
-0.5862014706965484
0.3570510738217563
-0.1515704872448725
-0.13321085968020138
0.8252639627553032
-0.6705411487404873
-0.043602124899441014
-0.14689970159672786
-0.00796046414897781
0.17582786479842252
-0.304696530229601
0.7179827125828872
-0.7125810288695573
-0.30249644458995145
0.07571655069882494
0.9164761239242329
0.522348516359737
-0.735723453045513
-0.39634086785988826
-0.6812701862215856
0.8397161528220514
0.5000249823283561
-0.8950016232031203
-0.8641500170286016
-0.4779191222826647
-0.7028849031838136
-0.5134504262551167
0.24732133810572038
0.2227472701039222
0.5674246015818575
0.6389448492418337
0.7907733265955448
-0.27144176394229363
0.6545624885048921
0.6669365733763065
-0.8065144500177621
0.2172640992674031
0.36883767659784317
-0.6852867523188696
0.9738868497940698
0.02894528946767319
0.22047601082332438
0.5170530561760325
-0.9264977174529521
-0.8848554993934737
0.0381987494297651
0.3018593796907624
-0.27100144672056964
-0.4939679506764876
-0.0965806180820519
0.9037366357387375
0.39042149021613526
0.27567816021855657
-0.4506741770423683
0.7848783507169586
0.3109591014812027
0.09675613607375882
-0.464410128005353
0.2875920684406039
0.15470866302955
-0.7668259516517124
0.41354263066742
-0.29828069817195163
-0.27853564781790463
-0.537964323041528
-0.3694158141903621
-0.3004782567641944
0.3576097829039124
-0.09484798355221964
-0.7035859740253582
-0.574166591231172
-0.020141715129752807
0.4335105423649991
-0.8457477231825583
0.6752846323518574
0.29643343008347606
0.660939278727433
0.7492893279323747
0.4630664916428295
-0.29961568396483285
-0.5680696281403864
-0.46970244596538957
0.8278033349111378
-0.647226657785008
0.6321909927059511
0.40457230689476115
-0.6421622037995652
-0.06674454805856687
0.8836231234983714
-8.340166321646296e-05
-0.18992041993731643
0.8246476043817008
0.7069155153848091
0.8879908946855987
-0.06972380166567273
-0.45672569822646475
-0.5050182426822908
-0.6762650915731381
-0.34316689851138266
0.2843182587808023
0.3616762286123832
-0.7344455875143987
-0.1918907025444735
-0.08600610379703848
-0.3417594033778132
-0.7374428586943895
-0.9036227756398063
0.4101291056395442
0.2480844006890459
0.059095762912553786
-0.38554771825597295
0.2200991656232544
-0.9741950684234353
0.9114389863278717
-0.948973329215164
-0.5703975430069215
-0.6430949427675658
-0.5073803475706578
-0.014255163707210389
0.7367167740927428
0.12420546601920261
-0.5650888722169648
-0.8013242670748948
0.0058588623674676946
-0.35280573761607903
-0.9985278025928035
0.06775138006967814
-0.8319890065214661
0.6837715424767435
-0.1903035335741239
-0.6853591844281038
-0.37928571604328504
-0.8090612063760884
-1
0.44465899441441836
0.6653663604494349
-0.29536431006449776
-0.33104150940386196
-0.06694528830047668
0.2667051211609971
-0.22765140964553626
0.3068452216017836
0.8958311555622585
0.3325434087001048
-0.24504421499450854
0.8495184873035542
-0.5810709142870331
-0.7918474046561833
-0.21792563168724605
-0.48275589200355656
-0.5888589843754309
-0.8977652232387507
0.19229221868197338
-0.15491250481718272
0.1424338593773838
0.6799436927171404
-0.6088124257894594
-0.12853294387463002
0.7344438929142927
-0.09243680588832745
-0.386629753136373
-0.7991370996828293
0.6441856769650467
-0.8250398010457154
-0.5568746738533402
0.4084047424124815
-0.4096198492504577
-0.9480438303311556
-0.606831699734007
0.13901218071292595
0.5931392583756255
-0.638298267724779
-0.47461067350139585
0.9928726378723243
0.693935177605477
0.6481576296567229
0.8987974343655681
-0.9097770139315183
0.27938961735028134
-0.7248081861361084
-0.5548429056554818
-0.5785129023753236
0.5277010504858267
-0.6186431778618072
-0.05542300931066867
-0.4893264791514502
0.015174683048681269
0.9753425390679479
-0.3852583770622763
0.41555444876115144
-0.7155492768623217
0.506674088708538
0.7137409570068142
-0.9291161553419701
0.5432918864433783
-0.8199638814516126
0.7400152577925583
-0.11385374650772784
0.6985541120169565
-0.2221663787949985
-0.11650239376098613
0.5039545765139113
0.8645117573263381
-0.9610913755151882
0.9147499434590748
-0.4082787298262389
0.9579730754408566
-0.5169517286300545
-0.4915258093144081
-0.7197497451474913
0.886115019589851
0.37583914498397564
0.680518520157248
-0.8082403491748015
0.2472633265585788
0.7580761603541761
-0.7155143905368263
0.4794209610467872
0.14041024964212268
0.5335212538913882
-0.2854453251461757
-0.34606228000278266
-0.6888844604157481
-0.3859260896253589
0.3376399756917631
-0.03379259078929347
0.5782673899501101
0.07238815221730784
-0.36957202382052917
0.9026007804364451
0.49625000138493053
0.3585146310085411
-0.028343924518026815
-0.18047601195461568
-0.45067388320325313
-0.5480975285268413
0.4134119274621908
0.6894835669546391
0.9100310840951511
0.9994896175343287
0.7115781916509799
-0.8942829188833609
0.42683248002885976
0.45764873577112297
0.7853131861293159
0.5142265492734828
-0.37608795297861985
0.5986422147321366
1
-0.6483115329072627
-0.44924904532345883
0.6355644249282051
0.12350638533476763
-0.8020276857661705
-0.8361860847106576
0.6870450171480569
-0.2670396620496051
0.3838970510193017
-0.08003844871436067
0.8146367273781338
0.6296958701789758
-0.05232295951053034
-0.028694909885974427
0.95184919895483
0.17564447985922835
0.8547983728806128
-0.5270891236883872
-0.35324501819476845
0.42211793098721667
-0.6405153279834078
-0.4559416615268277
0.22684346441544923
0.8033979888347406
-0.6644096364424535
-0.5228155508280373
0.14538366973223585
-0.7398279690979225
-0.12076220888595277
-0.5925757213297969
0.8452999576666484
-0.121102609637703
-0.9516871282317985
0.26738920628538565
0.5025601781852977
0.39821986846529445
0.006868774797000286
0.8056950884558082
0.6969467038538814
-0.33584432729741887
0.6092034146399736
0.9777572287944253
0.01337423028140973
0.8166488360474061
0.145179253615237
0.9929559408937103
-0.7781381111654216
-0.9262742053823687
-0.3513723834704666
-0.6232779103857711
0.0805929733685438
0.2825553074124855
-0.9905060224983218
0.21156548772023623
-0.506501863551764
-0.654671109555836
0.760604843938591
0.49696398892768295
-0.683719328844733
0.4813855353153199
0.9253481041237327
-0.43255647678638925
0.24104213982854084
0.5455952143539124
0.45606807263033244
-0.5178188162821744
0.1809682293802461
-0.7643518776676244
-0.395473156291993
-0.5549212382801563
-0.8851786787287169
0.46135915441859277
-0.4319288623122843
-0.8061558201062844
-0.18251782559730018
-0.8224360772548256
-0.171323227292686
-0.04656670263733973
0.021182499180184042
0.49159937847210433
-0.998527271605123
0.3368441735593562
0.27405099278428896
-0.10488839418971559
-0.42299181810389896
-0.7569457692340431
0.41966101887548946
0.6848282135190835
0.0213284960037962
0.6466891955536437
-0.9167850725875495
0.3935709180327597
0.9247663475179062
-0.4784448311736597
0.5963355674822012
0.38441364870710054
-0.1854368375955485
-0.7147750339476872
0.20492433375691926
-0.22356731970901048
-0.9962413454037822
-0.6180833600639483
-0.3156733032102402
0.8180481386793977
0.29086061209290615
0.9007773029724413
-0.274775323191163
0.18044723245088215
-0.706380939312791
-0.46328477569737164
-0.4611904368316207
0.949728272906295
0.6802121309456426
-0.341750430904208
0.6700224209187194
0.964408086731601
-0.870394743688258
0.40532591346826347
-0.0018155519234129011
-0.9534189252512535
-0.6198075108237496
0.7597170927907817
0.5888331671642739
-0.4601388697664978
0.3853759449402863
-0.2080905686538765
0.9565509142729612
-0.11137605113031326
-0.6430582230474963
-0.24611766117363731
0.9936818765333543
0.44685847764989606
-0.36991095913154215
-0.21115476872509847
-0.8776290294412853
-0.0941086242610511
0.6228633733737132
0.7656933079865097
0.12657916470183964
-0.6253590023641604
0.23909789948498
-0.31607228221899164
0.8078042443102555
-0.08707515225218058
0.07966942745095609
0.4630679427807393
-0.887946365437126
-0.16356711659999382
-0.27999961207499596
0.7807697834868191
-0.6052975324727661
0.059077219917300056
-0.7089430144215572
-0.9159232140974932
0.39413442888684813
-0.3857250701267255
0.18096668100775756
-0.06625186475323064
0.26152277443432925
-0.3750850973797147
-0.3123532886388105
0.7703637618024095
-0.12245396322965253
0.9508926244226356
-0.5471942838971519
0.7410208637177029
-0.2672064081246181
-0.15094450262272302
0.6311721947744254
-0.004741963935357703
0.49179905358331305
-0.6924329165176494
0.724607211695485
-0.946726073495027
-0.09937553158893869
-0.7099027583176833
0.08697499593248464
-0.1975976735334404
0.6766023981085926
0.36626360135009794
-0.5235757494311163
-0.3395753338956771
0.5663331830530873
-0.07360304244735169
-0.3112015342933372
-0.8094493224503247
-0.4524383816043364
-0.6036280695361188
0.16179421719693957
-0.4528106774091537
0.5709705172872588
-0.47581616635764223
-0.7231091171002995
-0.30560417337436124
0.5268928793377811
-0.8514821824058149
-0.5941503224966558
0.880267430673236
-0.8251176511343424
-0.032527528000491364
-0.6964378664654615
0.7514072777006183
-0.17616303925553736
0.29771876515395324
-0.7339765140562261
-0.06607989514934637
-0.776921285574265
-0.822441870216732
0.6271118404745476
-0.5879699980154146
0.041795141198436005
0.035760139254315634
0.3162868281252291
0.23075878976693442
0.3671445077399521
-0.5450843174505446
-0.6705247429684743
0.6769653320496207
-0.08926687325871688
-0.775877694884073
-0.04038123140533389
0.01402542750920232
0.6099425600163074
0.35090089544591957
0.3488695172582485
0.9914997937561201
0.3974882265741619
0.42045864884201267
0.2842216165639872
0.864823046695539
0.7403217459384128
-0.2923300122584641
-0.6261310606364432
-0.2586307797595988
0.5258005231784065
-0.548599383743645
-0.5862790670803899
-0.5717640066219005
-0.22983820582063597
-0.8263325158051319
0.21108327893772683
-0.5472056642921288
0.581542885292159
-0.805679708460276
0.9190047580121671
-0.7015646082808299
-0.8310547775371787
-0.3810913896901465
0.4338717500000343
0.6530885767450356
0.23275223275294693
0.542558040465746
-0.77202713991805
0.3203235178611223
-0.6900436822935587
-0.8746757083698474
-0.4960133270263443
0.47228725116965625
-0.726478442525386
-0.7791900785073238
-0.21324532601661794
-0.5681565918300598
0.9794402072201965
0.8829647428696794
0.0840573365750062
-0.6964724879663082
0.8782564205036456
-0.8381084487552619
-0.48807667631884794
0.32742564501008786
-0.897344163579955
0.9340532511102271
0.6577021041200483
-0.340571779672726
0.10241224968835903
-0.6304256776714514
-0.2641355894662368
-0.6845326716234514
-0.12245695321023069
-0.9594578746509619
-0.10474063591221902
-0.8967856464798074
0.9483091553624208
0.8226525583181623
-0.32562709833608505
-0.9093161884903193
-0.09490817078162779
-0.771882163352152
-0.1679444198405152
0.26274371532962915
-0.25673120922188164
0.3130673986430732
0.14155516821354353
0.5362865611604354
-0.9682648739484072
-0.9573124650641024
0.5743607189607371
-0.2508792811398817
-0.25215858399226965
-0.01553874407718252
-0.18235145936351896
-0.10424666254923715
-0.222701145504868
-0.23353607045162797
-0.7689152849007006
0.9790379660067858
0.869926153592757
0.8941375057474814
-0.8313183685219199
0.392378517929833
0.17578008384988286
0.8231326216406418
0.027651218540951497
0.34368175478936164
-0.3009445674908891
-0.4349276869070082
-0.959467475548072
0.6495445202656576
0.2206298889977008
-0.634040031721331
0.9033142164282738
-0.9057444423970393
0.4019054021480744
0.517586844408288
-0.776132276550521
0.06920963893505841
-0.11278444961417664
-0.6538710780181194
-0.5531978773251567
-0.6395865297912309
0.7747412814835575
0.9467474568965755
0.6180764076247915
-0.07480678244371056
0.41231757122109836
-0.3552697502646387
-0.7394831597406691
-0.22363213379072105
0.693153437707852
0.20436715167219108
0.58353209488684
0.6603697651377196
-0.3569604372863271
-0.14422900048167114
0.3726842341458078
-0.1825744522211821
-0.1717692167320562
0.18552605910653003
0.5653857946484748
-0.13127946456816286
-0.6893878250575751
0.8111348010379228
-0.0893857115842313
0.3319009363319941
-0.8548768600649324
-0.5602732641695777
0.18399650315770796
-0.6317256909904919
0.6854929962370873
0.08849467380893423
0.25976233061831444
-0.9780960908241169
0.45165209048761457
0.7973070034691377
0.10494661270527265
-0.35969257913439606
-0.7487778772642121
-0.3156238086792796
-0.895040037692682
1
0.2100502910873773
0.5823670450468325
0.11435314153744387
-0.0828252566487819
0.10281023064334684
-0.4773261374420023
0.22997231262711687
-0.8123282229616732
0.432504503447958
0.45339380528055107
0.9002864247607435
-0.06690533278206014
0.15259091948560186
-0.15153347606246453
-0.8999827273401145
-0.06995759404661567
-0.5320724355430757
0.30922987001337826
-0.747257097596734
-0.6794095138929319
-0.2303603800185582
-0.6718373941262464
-0.7847142860845527
-0.028929018643603522
0.4210845455567334
-0.26187979446669163
-0.8688942696279212
-0.7695387583902067
0.34425630652432343
0.8884108051016388
-0.24287751948324862
-0.6429909822564005
0.7485870757094348
-0.6569372329079466
0.02338107746860648
0.4801376422817507
0.3573588061097395
0.641271822310504
0.9793410803202033
-0.17468873850293964
-0.4667355467763143
0.16986543717655464
-0.3061049810438253
-0.3045974590929289
-0.9600601735144966
0.33250337170545846
0.9184413839189298
0.19539395851842106
-0.497019836904263
0.7344653238937513
0.09418281285401918
-0.5685621566003681
0.8018826610996935
-0.7250887761961422
-0.17363761300847919
-0.13201284056374243
0.1757990620621009
0.43402200703392646
0.6315968927444973
0.0956667922558851
0.3600339513822063
0.5968151786040176
-0.7746204253964202
-0.2682105324696408
-0.9374947026155144
-0.8581121790367272
0.162517589066252
-0.16809122969183313
0.7962773087918449
0.16001941676184095
-0.8251592893260628
0.34462510362260756
0.6923885970142857
-0.2792474816614377
-0.6584549277392614
0.8185338816311044
0.0994746173230156
-0.6714323017151644
-0.9514317882466684
0.47000168695103706
-0.3630635477310017
-0.43783519799611925
-0.18373693929023352
0.778464340498058
0.48959188467363157
-0.577702054409528
0.5964218809937057
-0.3830824813004127
-0.4703057441656096
-0.3701753857075747
0.9028618401171912
0.9380630096010567
0.42684412363816426
-0.8264995023829756
0.988591925165008
0.28815098188241556
0.2604441768114712
0.8365434077287061
-0.9774590215912635
0.9116631323083078
-0.8958047638642934
0.523226041695795
-0.00048032300593310855
0.49746659833643503
-0.950592737197767
-0.16336444877211506
0.11565003930205167
-0.952624204065921
-0.5745243650056816
-0.5330611282394154
-0.6908152960779197
0.3429351935731133
0.6492329732820648
-0.8134799258499945
0.885478930669997
-0.19727220920139094
-0.4502917544130703
0.17137657733752523
-0.8107294863055632
0.8403270096326861
0.4935585900566243
0.9738770137968399
0.24711996860186947
0.8496203790636433
0.26109376960712155
-0.1948682919193293
-0.7254405129030418
0.5932903444225192
-0.8415352805699579
0.36626541099636
0.5336905014814943
-0.7264386610832453
0.13480491246617013
-0.36043266914980265
0.8230363584123161
0.6380733351350307
-0.44494019660589534
0.691188927705814
0.7191132411204261
-0.8146388966203557
0.45599754376199236
-0.48550574275423997
-0.1176625947671559
0.7185978186534614
-0.1696760216390781
0.059830297286896615
0.9185556652295735
-0.2106117546170205
0.1990819509847515
0.7580271371930987
-0.9885364725697214
0.6956254968197694
0.03293627878579852
-0.06986547235878358
0.8089496013182056
0.7310165061227334
-0.7572579866580466
0.5297297737952161
-0.2008591527788826
0.04177069196809392
0.2233724206312268
0.21392604462288445
-0.9448000927393758
0.07148743273810891
0.9880707314664082
-0.12955020668608225
-0.6110441541586838
0.1216900112316164
0.5974565880233751
0.5489204741572645
-0.9077496548222264
0.7097667531558386
-0.18766263642696318
0.4548531276732741
-0.007299729619484859
-0.9064166738144416
-0.5417993197739047
0.14510124167925315
0.6023393979949172
-0.4101583924351574
0.5199784288310446
0.2543185689712862
-0.2660510752138959
0.5273117540883875
0.7682767876506019
-0.22458428927982946
0.68065143347348
-0.7034792241240753
-0.02141020026930825
-0.6467844691906541
-0.9398015036720133
-0.020731110302120673
0.7967120332338317
0.45595839032227514
-0.8856312391635937
-0.625865654511244
-0.5908310244668596
0.3218770247094406
0.5429869477758722
0.48317682994916883
-0.717929274953171
0.7070004975774902
-0.3022886398885842
0.9280947472709804
0.9243762305821088
0.6906146710564965
0.38241135111559355
-0.8621620527733673
-0.11053386543276889
-0.11843172410922834
0.8846013373997569
0.8414242650315329
0.08478290593558083
0.03049902366984924
0.4907700789484083
0.9019962441829175
-0.40090907948346777
-0.8477898103749295
0.19390845529148557
