0.6487630372161987
0.3756065115452157
0.3517912153809319
0.9783676532522779
0.32753640033197035
-0.7148272287607496
-0.9245182612998022
-0.2564029469200341
0.13967334776557233
0.2483725804534426
-0.843346364170899
0.22928992065061238
-0.352633714449599
0.7846621240545336
0.40683234100252474
-0.8997659491041856
0.7633260035621033
-0.470859830659678
0.5649303666094193
0.1782312424697274
-0.6747174101255226
-0.3095428802386742
-0.4077933117859533
0.3116472494574701
0.4577335725324066
-0.2716085428236876
-0.2281535622723945
-0.43815171874984754
-0.6315360978614686
-0.28469586955418996
-0.18035269435416065
-0.7562264206883367
0.5814191883057731
0.3061522185949932
0.710854708019539
-0.12638358135090405
0.2907028367737677
-0.07818799935690139
-0.8020779318109932
-0.33389591454837253
0.5556400560321214
0.2520228394203065
0.570155624462617
-0.1597376067903559
0.25966765553218923
-0.0821669830195358
-0.23354660632358312
-0.04147399348354484
0.08657306516638308
0.6712984833878974
-0.2689202600069505
-0.8823613275665716
-0.6669147815493176
0.8680128682255092
0.9571475942888363
-0.16115309290948773
-0.7396079109459445
0.6276122446313929
0.9061224608470806
0.24814561911621125
0.9314338287910824
0.5912028010518928
-0.11220368795318607
0.49561719275624283
-0.03862398604914005
-0.8371838825246217
-0.9849836277575237
-0.880816251502679
0.5173498764891225
-0.4650851479823882
-0.019359359995830827
0.7822577152913593
-0.4508476705440999
-0.13510863168948914
-0.07450537124577303
0.836793884841947
0.20231848730256616
-0.3602561006449629
-0.5396036756794614
-0.32047534541984923
-0.4978573758367274
-0.07687965584984617
0.18706431035848975
-0.1644595101669211
0.8090583159241922
0.20627555805535544
0.8516633064325863
0.1458684781370871
-0.754308521346284
-0.824589612140854
0.5332947352823556
0.9057204524570112
0.029265894788824496
-0.5918868217206584
-0.8945346804256621
0.560593811757702
-0.25483701211587123
0.9203142141767117
-0.5988816497099958
0.33139661542358256
0.7582743935904788
0.16408496761527389
0.052701578092031624
0.5095430911405967
-0.4964219853272658
0.46280741496823785
-0.43853256720955724
-0.7368527905153338
-0.9585663739010045
-0.3164726692737251
0.9424345556898601
0.3840100217898574
-0.7923225267763655
-0.8274419210923469
0.5994537055113572
-0.37695356610229824
0.4438129508671694
-0.5470854577888947
0.8988456808100508
-0.3176334300917874
0.37784917991047007
-0.2483007813874409
-0.6339968596389225
0.008515858004797209
0.7311852154145895
0.7714352392137058
-0.2973263967195082
0.48037178057566843
-0.8544509272195567
-0.5472061282356898
0.04472642432219488
-0.3168312684118362
-0.1029094222380897
-0.01662624521719867
-0.43671073192174703
-0.258047314598327
0.4956465798717465
0.7839498077960974
0.41904871974015334
-0.1605915933041608
-0.38514950347289145
-0.9599022606027459
-0.4936457335243661
-0.01904268786857609
0.8169500883412514
-0.9429068742799904
-0.222171308093017
0.7354127865161595
-0.47445167777658853
0.984701146577408
-0.4580132171521884
-0.3012198356904434
0.7266868828126242
-0.7701870052280904
-0.4686967059088023
-0.6748068736365028
0.948576044838422
-0.5159522091006262
0.32358187386553766
-0.4621813097243732
0.07301207004860724
-0.451937119054452
0.35525438586407415
-0.10900218292867653
0.9567053532580839
0.3657986669864227
-0.016211426171929742
-0.4693887297755169
0.362803415853693
0.039268764329460894
-0.09369280408189407
-0.2773199335667121
0.5596749848342142
0.01323511523697541
0.6815071639430681
0.6215434917162278
0.4227648797920397
-0.2514382067676049
0.5170065855468834
-0.7868723089780603
-0.31627270167965205
-0.40439014876090607
-0.4803098465559441
-0.35014103155125975
-0.9391968355246241
-0.45692405207304904
-0.5706658653935481
0.12876444871797108
0.8855085278862466
0.08253295584818988
0.8928348284026735
-0.7729733094542677
-0.3103331738336383
-0.2650115427921278
0.16166347040128942
-0.13033973448490693
-0.6184979427314065
-0.18423464851296725
0.2696822201282047
-0.009359776571782582
-0.20260480530396585
-0.48087388281510757
0.11042113747357016
-0.8491444327251005
0.31279488810656364
-0.2798115263295735
-0.02761175862376993
-0.5828263981040362
0.186473059092482
0.32175860494059527
0.9395263020946008
0.6483765752961375
0.9505052820164309
-0.7572743177312865
-0.6104096933779266
-0.7648431346567848
-0.5817294842866978
-0.9775072820533116
0.05278243914637204
-0.2588106890586055
-0.18040649146277507
-0.7790271947443982
-0.8437629735397895
-0.4472172089554439
0.4042253958957923
0.11780504378911537
0.6990332309815399
-0.5100561612246408
0.650158860876743
0.32478305159850285
-0.1369230514991017
0.02263658323493427
0.5108817799027694
0.2991841208922927
-0.24725735318400327
0.8653358964406662
-0.9683684196537016
0.5082064829926569
-0.19626507424460168
0.3089733150054585
0.14953392091458603
0.9327736008076474
-0.8017868100826543
-0.4743035948661683
0.636314698976838
0.27538827333536514
0.42651056814131383
0.48211655324610386
0.7450278005613495
0.34783831912661745
0.07779127224087294
0.30841817161125046
0.43658881973481484
0.001564549441601574
0.3390704282606912
-0.06760080005564069
-0.2731181158456694
-0.2497295072348294
-0.10524957939537638
-0.7244228055616219
0.3888474869547472
-0.3306059746427542
-0.8938323408172941
0.7552005079507974
0.7443895527910922
0.09549159007658092
-0.25016828097294475
0.8742863738982002
-0.6454485810113251
-0.7944680166195054
0.3761096510241456
-0.21138785874652602
0.7012186339396319
-0.13564824486825727
0.8301044109403695
0.22390115024951893
-0.27224765096796116
-0.32153158526153036
-0.7890649941696147
-0.11138725322315818
0.09403751960819956
0.6166439756748779
0.23042313646241558
-0.2260242218562903
0.049166888397046624
-0.5530448739706995
0.1652119296857299
-0.6235212701698215
0.35964331605326316
0.5374360291489395
-0.20508682637244569
-0.3933504834343018
0.2996365596370316
-0.48928444829631224
-0.07977768207732712
-0.03318062122877072
-0.429623861444485
0.7429724006391809
-0.022181414667994233
-0.3770175399991387
0.47238103954624944
-0.8871379322057408
0.3407593264159406
-0.3089071615490208
0.09138451008236101
0.9284245215952563
0.7213976810890546
-0.2360411460610527
-0.914487358604272
-0.11390012423716157
0.6179407237954576
0.6695216207968809
0.5863055085030265
-0.5938998950507991
-0.49119306570173593
-0.9208520758586982
-0.6501218510686403
0.14043644506309455
-0.1831455590058113
0.06731482174775635
0.05922877712526869
0.3562152288234814
-0.7298082702087719
-0.9772433039690571
-0.786910612807159
-0.218071534904285
0.11758960704057167
0.8439287631644045
-0.9644591036555987
-0.7006128854291372
-0.07570987240416253
-0.34695867589961
0.30550000652312226
0.11885620426258388
-0.10212978204042422
-0.6502344742883259
-0.10459504568812679
0.5157794884029776
-0.7112715086444829
-0.17942219066611698
-0.1688154268055523
-0.2967856318707698
0.2530038677566364
-0.23624757550096037
0.0951350289128623
0.6645203862905724
-0.578391941315176
0.5150545365913579
0.22249733035639732
0.9256584595992148
0.34869623213876577
0.9173138273431021
-0.774131999094228
0.9472651125733406
0.7522776073832794
-0.4432425579707406
0.459107968843312
0.1082641063427451
0.6816511879704164
0.8515745090513537
-0.1981922148355658
-0.2274604952123658
-0.3827412190729836
0.626773425731975
0.033664846211719904
-0.8735841596958296
-0.7533627632364012
0.39617261100943685
-0.015646201041514624
-0.5926733072315638
0.6553183407411631
0.7679160839166794
0.02404032883161981
-0.11041955602084698
0.6529774115384817
-0.4352116457835493
-0.8747141688673714
0.2276197748559485
-0.9547599658114414
0.9266710327836268
0.3498443731114438
0.11978766692818511
-0.6931099160393994
-0.29384538894921913
0.8704807546495494
0.6800364266004184
0.05261187774552284
0.12398130596475712
-0.8106830386777201
-0.44735972642677796
0.9680015203954484
-0.9019928558139167
0.28097768141161894
0.2080020486252763
0.6392897018908432
0.4150992892445925
0.4449917953068446
-0.467867479288259
-0.7888642311978684
0.7244195635123936
-0.9467072908585229
0.37489238128139163
-0.8144433734348395
0.11973242349990215
0.06622255639718509
-0.8679796479555321
-0.8766615095461551
0.1103857468328094
-0.5518033560856637
0.32831478707384093
0.2803224424696607
-0.6513744515070145
0.6649936713901053
-0.6075578292379265
0.44757961862659895
0.693211556695636
-0.6159593056538258
-0.1576747579642384
0.7060356821516147
0.06022548111145521
-0.7656778086124442
-0.1561053989328482
-0.38978728138883467
-0.07440478302309987
0.601477943677588
0.7127390451850976
0.3795298404422748
0.6478187571588342
-0.2804212166502183
-0.5953337785592377
0.8737866506050539
0.8471280633652165
-0.513753012421211
0.5121946876429594
-0.8680205284563631
0.9384595065494398
-0.009645704601598774
-0.3928291359021803
0.7366244776839966
0.09698083679797138
-0.25181046638018983
0.4360677071282385
0.797016162685989
-0.7806433834300209
-0.20856110952142196
-0.5521397989818931
-0.012584008775678772
-0.5939584535233831
-0.23099570557780388
-0.8723845197594194
-0.3241959008934056
0.50110276011788
-0.302798776450258
-0.27626154653774565
-0.1650079757723157
-0.37814718137173176
-0.568283253221044
-0.3124245895782394
0.0767741269608832
0.2460578101592713
-0.48448927362514516
0.9151135817307543
-0.5424769071337767
-0.7992560417958863
-0.7822106968810579
0.42228372972758677
0.4260664257517526
-0.08143270093902581
-0.004187411383786383
-0.8111743317593443
-0.8696386580421135
0.1333631897559199
-0.41846716173126697
-0.5948614206794157
-0.720883732150117
0.49372521744462305
-0.6398287473235399
-0.9157035320948143
0.5404495280415084
-0.11282761112741946
-0.6651499671948063
0.876773500540413
-0.35676537890056975
0.4583915727607503
0.5319757056215267
0.8587446108917098
-0.2882388355525618
-0.013464457043055919
0.6868408355871574
0.28936674647787713
0.0418956675687668
-0.5570692094775814
-0.5348878072481472
0.7522158618453664
0.7156189758694228
-0.2621701574024851
-0.9146602033404511
-0.04613555424188874
0.4645285174083433
0.0314009277026011
0.05217816549092102
0.3079403482738965
0.8021874604455667
0.6976005497624544
-0.3557352776180664
0.7862942149298318
-0.1959885229063809
-0.5939599471599679
0.8207805882428001
0.11680086077128272
-0.12285969037701046
0.23377072588929393
0.5057612351074587
-0.5258160613617537
0.9238419924118295
0.01028833479774114
-0.5892948706410528
0.6884099269510379
-0.8427865907528532
0.795353940546875
-0.8916818254106673
-0.296685823516545
-0.29522858391991064
-0.7284379064550928
-0.6293905653736426
-0.9971433922352458
-0.073481135204138
0.02256917155121292
-0.5139674399011509
0.7673317168031124
0.34722570150592313
-0.9874194855836561
0.9117229178655647
0.9399750340164511
0.17292167961827873
-0.1954764084715794
0.350328816410679
-0.2106561411117756
0.3945767836868795
-0.22449140544859864
0.8159025000202264
0.042182743227825746
0.5472741409985672
-0.09340711784169242
-0.5960151367204518
-0.8805589884142295
-0.689386107477386
0.5520249982049282
0.5210058147626282
-0.4040040784540789
0.5807083243016373
0.48540474787388244
-0.34960688800734496
-0.015269293501090967
-0.17076898372694316
0.7485460923667868
0.8787223565342767
-0.3816026869897241
-0.2994694897698256
0.4379388138107936
-0.25292286895496735
0.9958819349852512
-0.2391335159785637
-0.42586002111393956
0.7241942129719381
-0.8526673406308753
-0.3560379519049443
-0.8404050208094532
-0.6374944738167412
0.49830076460060574
-0.2831960331271294
0.5684290950579455
-0.08504297278161703
-0.5759157431823739
-0.5435235302299334
0.3260759858466417
0.42292564007259764
-0.3756365205722462
0.33252486353234756
-0.49204300580577764
0.8289795778816207
-0.24174570628377368
-0.025396252335559352
0.7009243547747815
0.5452375054409879
-0.5761843577745722
0.8482017980825586
-0.30138922076502356
0.43799334782055765
0.5964027918411468
-0.9239277360234888
-0.08350639280393456
-0.24359318645570383
-0.14477496086068906
0.5367233673919154
0.42363464334006073
-0.49792318507821504
0.7202309921091721
-0.13735260583632963
0.47532171172285304
0.6465335794416931
-0.47921923352596263
-0.7162388858306095
0.17180268250553143
0.134104891152056
0.3584977535411477
-0.5413439381484803
0.5276032453266456
0.3865753149013528
0.6895767232142356
-0.35049002427152515
0.6322254956843878
-0.5756585537375115
-0.6857149426761022
0.8549857319930338
-0.9483447078630187
-0.678719119586181
-0.15882955972555113
0.2525949465205871
-0.30626764385381106
0.2615180787061511
0.20595642811547057
-0.4438636109403317
0.9778424544001064
-0.6180537674942651
-0.10890586397959931
-0.3165116594833808
0.7436356902909589
-0.20977668847622022
0.9597635697947389
0.5495762570671513
0.16901180765139145
0.8838955329750132
0.15850988853836673
-0.6413905027063407
0.29500437318789385
-0.6148009354505518
0.7393175804802857
-0.020747736370467684
0.9240106374758663
0.7427458072303501
0.1962756986313549
0.9911346866464543
-0.2732148888215738
0.2913645790291542
0.6182123598901221
0.9908392840532869
-0.658177620704719
0.21448735195311763
-0.0788217782687638
0.3607907407434438
-0.32766690765874135
-0.2773429959175623
-0.9722148089182986
-0.16663536358262462
0.9552330391670739
-0.8279900505769096
0.5489724401017946
-0.40007224796552365
-0.9383393394941382
0.4266701046329716
0.7420514983355261
-0.7811881462105414
0.019258306575792222
0.9876129707316283
0.30711940648622166
-0.9679557110987955
-0.7107492273751077
0.9601577558952455
-0.95472901934827
-0.6987060171797497
-0.2114143776230681
0.6107664509914078
0.4568033022988698
-0.7991905558985252
-0.5749841430566602
0.06167025054364128
0.6119587285134784
0.4111183823390922
-0.1582881961318691
0.48867316117754855
0.061808838764312424
0.5097742719066807
-0.8129185185891636
0.41824520283385425
-0.40765378261243623
0.5763405954446918
-0.30466892831863995
-0.2336517463399582
-0.30951849709628065
0.2171518816006177
0.9896079322091642
0.7136396951300862
-0.0034969657163068605
0.755370715773679
0.3925476632996685
-0.7120518648595788
-0.5178257407726002
-0.9704688512957396
0.1672484390600571
-0.040302403190353296
-0.3598342110582002
-0.7947322113867398
-0.483292968448869
0.6795563276072284
0.8310930448741288
0.39855807596467097
0.7627954969430326
-0.5747884153804635
0.7054919807960562
-0.8423910680657528
0.9178202930272576
0.49078661045663974
0.6647058717999915
-0.5363102314391881
-0.32044909940720534
0.5631875272704272
0.43135796937912263
0.03823615929715857
-0.33730052488355894
-0.7075434107442133
-0.5677713988176323
-0.1888918430950169
-0.09570219429732735
0.6680512475692472
-0.2914923876700968
-0.8127251035787784
-0.2933137242969452
0.12804341746265463
0.5981636094489133
-0.011248866765101919
-0.33834318698812027
0.3688335246623946
0.6337471681909637
-0.3222566498771905
0.39569479426192933
0.8817236802467514
0.6042309578356354
0.8561339189011792
-0.25269005155931934
-0.5999193874565892
-0.924145128393106
0.870398838571184
0.48505710392008394
0.08102097054250676
-0.08261415646983938
0.708102110295414
0.20419911655834258
0.1222011599700881
-0.5137078004098922
-0.10314242817632799
-0.5034759093331763
0.5736548240840751
-0.743052493830789
0.8182968750472068
0.4679966002514571
-0.9720126494964059
0.0010971313150181196
0.9651465186737325
-0.4539016333208234
-0.6784960577656152
-0.4347985795347014
0.7207858818643125
0.1270248153083944
-0.9617690965183563
-0.2480244573075611
-0.26231839918252864
0.6967544242326184
-0.976518422713026
-0.9083596944474469
-0.1006905550639399
-0.3457207036529528
-0.012283398560156733
0.18571926238684994
-0.6975097176868267
-0.3742541933871615
0.45854954366559814
-0.2164039437802866
0.9082057213496916
0.8510453120090763
-0.850441075612996
-0.5882982637162536
0.7330812083353324
-0.3267107003641641
0.9200798723669277
0.3744815151017533
0.6209678493192294
-0.9575702618875677
-0.6609798705616464
-0.6826605599940977
0.9577699282249353
-0.9831016815892673
0.5314151926114195
0.25005774405191483
-0.7164413643410064
0.7609695291105771
0.6508218807835178
-0.2523406173592482
-0.3038420672018519
-0.917836798755174
0.49041637860960097
-0.22085332935066165
0.759272818764121
-0.41342189635180937
-0.7503205508629645
-0.1456247186803807
0.005952832879197115
0.012204635009202032
-0.8501278092414122
0.8992714455896106
-0.13432363238985587
-0.1959772335284487
-0.1433674330391349
0.49163309088447227
0.7541825060661363
0.5233932717331534
0.9436679705425604
0.20193268400013484
-0.8562240097206437
0.6477807571297923
-0.6256136199017766
0.5118249052807122
-0.8776700487174524
0.3961034310469788
-0.011473437529517048
-0.6930245142875019
-0.22536179405096923
0.5396844721325466
-0.3593383446229931
-0.824842905468173
-0.043940373587587664
-0.3031542150559302
0.9031724021384641
-0.25553811858850234
-0.364926252969753
0.1633509014991246
0.5124409440733151
0.9903779804890809
-0.1476102424586565
-0.30112510466126224
-0.139190287136791
-0.9621132143822481
0.41523697777780966
0.227568773661191
-0.8879086588903172
0.9450405732395567
-0.2826556732966522
-0.6085745253217215
-0.3324033531886018
0.11310627173557761
0.7826408348656875
0.8763814102218963
0.18371497041095522
-0.2830943970835129
0.5289254444157021
0.743159816009888
0.9717899379473991
-0.1899107453766079
0.7191429642297658
-0.8232818271478696
0.7588395988184006
0.9503702526404323
0.8457366453050984
0.9003468262974593
-0.7834929392652435
-0.14591984680528564
0.027593510409714445
0.40241927720762916
0.41400237036586907
-0.40177324314091895
0.8633715337068483
-0.3662287746494807
0.45576781559982144
0.3476994871451461
0.44673947017881027
0.12240794973820777
-0.7739504901977459
-0.9064020680478498
-0.14430190331079915
-0.20655677698547686
0.6982544812362118
0.006898571311360938
-0.09557073011677326
0.5169032288073542
-0.06913812566467137
0.6497601831698133
0.4173199547896997
0.0026468850952451935
-0.590641062620798
-0.4046311033437428
-0.4742867724987597
0.24469649381418096
0.004540245268343632
-0.306791487357135
0.06521843742189168
-0.5969722244583504
-0.48397469916511887
0.646245378432396
0.14080997658162353
0.8928249488603999
0.6740335064925607
0.7007182101993396
-0.280246763746338
0.032269833490380796
-0.803515217338128
0.2087543050796725
0.8159269294458847
-0.09005373783881963
-0.10240692952074329
0.8756227816563447
-0.7777858491569609
0.9573056216084678
-0.08186247533636573
0.07838004793505414
-0.4050811910647509
0.3212996451808326
0.32763857122970597
0.1190466685657317
0.15100943445624626
0.7272595503063956
-0.6730826691658998
0.8098084161041713
-0.23388908297335648
0.7375351299225231
0.549807611491784
-0.4155162775501857
0.8250547089158439
-0.46841401900579327
-0.9283646589304738
-0.029289473953293597
0.6377517042893288
-0.9200785892700216
-0.6450831409696197
0.039359140477021826
-0.8374445467853322
0.18372105487238471
-0.03198556410393387
-0.9156309307867054
-0.5236694596355923
-0.6566704149426575
0.5723138376538368
-0.3006922124367088
-0.8623801299518302
0.28449828493336166
0.466825678723448
-0.162712777881086
0.7101759211655374
-0.06880487079730588
0.7712271162004143
-0.5633852981165184
0.37719789216552124
0.7975979793553591
-0.2756754485506292
-1
-0.18040739376444576
-0.64045213584113
0.7676456036636934
0.8420012898782518
-0.6971633788948505
0.6073209639309315
-0.1290741662894564
0.9590014212423253
-0.10829724819363681
-0.39184440563633244
-0.9960075046943626
-0.5003487082229612
0.27326241981910154
-0.007790077746239592
0.6402554811771788
0.7104509169215947
-0.06588094207865403
0.28808650787160667
-0.4062270885520264
0.06473757242321822
0.021401904937248632
-0.7752616478213245
-0.3759797904201673
0.8999524421685691
-0.801265602147885
0.8522648449097886
0.2675682761802235
0.37425128259597834
-0.6136640058744932
-0.13326902925020506
0.2556384517287916
-0.7052949646218359
0.524352989961622
0.5517482357597335
0.9305317002501997
0.03852230106970268
-0.2586077664472155
0.7008682572185623
0.33241469575786575
-0.9321654182350333
0.45702616201732377
-0.6285589056268338
-0.29366038790453697
-0.6932028758136912
-0.7548151807082828
-0.9315374406359298
0.9566510870329913
-0.620540751477295
-0.8096320530009448
-0.461936225057983
-0.23296171956627906
0.5313808551426074
0.33958694111389603
-0.6200572023157933
-0.29312589843966236
0.7215864491563163
0.9702656788328365
0.6900669045216428
-0.04885805025062985
-0.8805734749556603
0.3709003252476547
-0.35392229694122856
-0.6245741912562639
-0.03662825250139851
-0.5970227373070942
-0.20056056488922294
-0.7646824051002205
0.4565137024573909
0.38068233153836906
-0.04868695885197502
0.7711945450550894
-0.9758586185694029
0.518688538212535
-0.5361600972353743
0.3144208134424579
0.5396867419453412
0.21193953723761827
-0.35743901522832494
0.29440840403178925
-0.12082878216361459
-0.8965340531163889
-0.5106397843667921
0.9938099423377562
-0.14908261199056097
-0.9993636107801294
-0.6491660747049852
-0.9929020068435644
-0.20296163154920027
-0.28408015974217316
-0.852945401024944
0.5248907571530449
-0.8644809500438542
0.4629845910490178
-0.34577739155051396
-0.6990227779529568
0.866609697397593
-0.36401107429051804
-0.20917539617405428
0.5043467667673526
-0.8259419194550873
0.46228744683306006
0.28936150915465986
0.004637054195427319
0.4081652818578459
-0.07154491497600704
0.5637034913191131
-0.9974026781659354
0.4349333699126582
0.02651013556347541
0.1361685171689843
-0.11264692148205926
-0.11873268575046507
-1
-0.9175352554476635
0.06273118148165827
-0.0005477580732248298
0.48707099294255973
0.9635247039719287
-0.5189787223979181
0.7316878354986365
0.4571019921453837
-0.07260988701595712
-0.7735375839783849
-0.5296382599625894
0.17075464470786395
-0.2611068180907219
-1
0.8980849892896161
0.3387868931834409
0.711278532473865
-0.9966751691389639
0.6195061516151075
-0.013454177753515333
-0.2133697117853235
0.014098687527774321
0.6193680305847218
-0.18705046511178078
-0.2522006130265284
0.27542059003711866
0.8753846525752673
0.469959953384031
0.3740868909954663
0.5037119080903253
-0.44486253064626446
0.32283956262649577
-0.3202510187501813
-0.3042608900679105
0.2548398340699137
0.9307833124641555
0.06555368458771753
0.12754241945505013
0.49145884075902563
0.3297532132275277
0.39900568769453026
0.47238809691816824
-0.344659203524662
-0.0696992386797981
-0.8595718356918187
0.0764730024529906
-0.6951731570594559
0.7389282179365513
-0.6280516102900848
-0.4012637953588447
-0.6911888744170078
0.684154469817463
-0.581295725466675
-0.6141116270896507
0.1688430895812895
0.28635358496718943
-0.7466822372242174
-0.5682583782345945
-0.4481031506314855
0.4106986447844974
-0.46010164080589516
-0.24650554037656366
0.27617005770392206
0.25209041939431365
-0.1274979088136982
-0.1482375230061154
-0.677668153888393
-0.32261345024026356
0.22483941596070336
-0.23479016453103732
0.2817248383018424
0.0820310042555581
-0.0653089706758709
-0.33867223813909436
0.5323232468927671
0.016620273700127863
-0.04153315837969774
-0.9314977158451562
0.9365110058973326
-0.8448298958744543
-0.30548718029656924
-0.8150667713563953
-0.4232572337249603
-0.7667087496719156
-0.8071987243766933
-0.4812455433685419
-0.32458049174829146
-0.8767700740267014
0.004445524120928962
-0.8162329066131306
-0.4220295858156052
0.09133717270426658
-0.6826059384395384
0.21049936915875767
-0.45825860926042045
0.8361646021265275
0.6334460808162032
0.7432748488504803
-0.9645608385166976
-0.6366111185103394
-0.9718096145633953
0.8099294556191461
-0.34473161090854876
0.23998136479622922
0.8688015481450921
-0.6749115586966313
-0.78352057767434
0.4313391160534751
0.8892481974676486
0.15418468555603274
-0.19251009988992868
0.27235088416838044
0.0384974660057175
0.19907957822902975
-0.7392442676590685
0.2068877919526991
-0.8398447133281535
-0.8557431644492122
0.07667081903264619
0.9245730737056701
0.6124271037130238
0.10661465169286345
0.8619985766755475
0.15036366451516617
-0.36170327121761026
0.4254898739869218
-0.28255620618247396
-0.13656145663399882
-0.5117051089140018
0.43432749823376554
-0.818047904103315
-0.3904855304511004
0.4734620912255264
0.4674545213943458
-0.6658586546014152
0.9293159513200515
-0.6855621941441008
-0.3645385412293825
-0.11496207853833008
0.31230962274359136
0.0613433715063663
0.48037034904417264
0.42199582092939864
0.859723098716609
0.43729839140365945
0.83194599426173
-0.6488030961992797
-0.37972047792061087
-0.21127613036680654
0.9641032305443104
-0.6896104522790626
-0.727965858944631
-0.6985009165443783
-0.06213892638241432
0.7092097963839149
-0.5632288542072589
-0.20706557920363478
-0.6923488914482779
-0.8657445677610882
-0.12172388973349373
-0.5661939798093685
-0.34509236340353117
0.2665234503485653
0.946301945733527
0.9435396927739862
0.2857426133873199
0.42530088374900077
0.9614284790102364
-0.0456419494768467
0.5892256103031054
-0.653092511623381
0.24511705163741157
-0.0645665177391546
-0.07828927827720394
-0.9972224019189697
-0.9347229930786085
-0.095964076665298
0.33887277206216754
0.23353172231734387
0.9991591315840618
0.9110072134744649
-0.7277435976212596
-0.9796828945547309
-0.09965644894449617
0.1904966962755528
-0.8218385969082641
0.7396558732246213
-0.756874061855045
0.650247376854367
-0.3428456487730876
-0.2628970134174087
0.29591447696506795
0.7720584703571939
0.7467158267161063
-0.3739344523266895
-0.037354070668818906
0.29824412649511556
0.16351010233021368
0.5789147918637273
0.13373123991262034
0.9648831224077012
0.732717503454609
0.08384055929522956
0.3918943308947456
0.15174548910245902
0.6311137172935055
0.7085734970992816
-0.6905740885730215
-0.5667131145617176
0.17421097167835684
-0.9888886468876975
0.7035448371645076
0.840599240043345
0.0367770632656219
0.6195834675750092
-0.10102533069659689
0.49392281078883166
0.264946336239389
-0.47347918421307644
-0.5086879936482328
-0.2105295205130552
0.1302608756533141
0.7567167878258619
-0.6908772975006237
0.5993669374840547
0.052995964272101126
-0.9074470108370549
0.04414670335298745
-0.6060442215538814
-0.13058512577366918
0.7858362675045419
-0.3593213879120495
-0.0935096748400335
-0.2884793621965455
0.2774757418992875
-0.962497942343568
0.6814664476215542
-0.09780301405644967
-0.11371198374058945
-0.13171491551174666
0.12213315865027875
0.3869638755257745
0.5325424750114679
0.6423732969970464
-0.22686923938421252
-0.07869519644270923
-0.7669733207604396
-0.4305068608385431
-0.2945295031275879
0.5207033684357001
-0.7147368656248199
-0.3715452665207835
0.4947906322836618
0.16198013570476485
0.05227210958846299
-0.8637656350820778
0.3838780898332729
-0.36518750303418224
-0.6570999480467744
-0.7561384284959703
0.3060230097978338
-0.34747441251117284
0.5960146325901958
0.06361837713836813
-0.5942489948467949
-0.6953590379475203
-0.4050555572204114
-0.4028427788605065
-0.21598303382195494
0.32388904993414563
-0.8373143568983588
-0.4647483433940928
-0.5345854873006384
0.028879055266571543
0.05857992749811506
0.44673027254554104
-0.7061272295244452
-0.14207678354325998
0.15587902598533812
0.36501082027926657
0.9422886538180383
-0.5748686051497772
0.8110199140604816
-0.4763249380424033
0.9875084234849649
0.7873961895892244
0.7589622579097917
-0.9944019330204397
-0.1780163883728982
-0.9046217973827255
0.4379707602978928
-0.20070797031448426
0.9203576016054779
0.723192195456078
-0.6979445252758725
-0.2276674454974792
-0.17186739498233122
-0.8562118622353471
-0.5974351506626825
-0.38564812823500205
-0.13158610596014522
-0.35436704424811105
-0.526093093095568
0.45819558239162717
0.5262088603164764
-0.37306079780337953
0.9027508582442386
0.003734789001139681
-0.6195052804395622
0.0024460684442987237
-0.4100987204796768
-0.8527252995312697
-0.48290667110936225
0.0006583599575772578
-0.6825391960689191
-0.3482629572332675
0.9846377015334422
-0.4581647684501853
0.4993001317873613
-0.9545450242563147
-0.6784554681808788
0.12351271405693375
-0.5786666390427917
0.002633876711058468
0.5716837762411567
-0.2279125544883074
0.38864063074693084
-0.5061813557760423
0.8466743598537357
0.16088113900224346
-0.3718612480135285
-0.2524742606117701
0.27618056815317266
-0.879389400574892
-0.5839029329897931
-0.8210521396317287
0.8530139017750965
-0.23048406353361303
-0.16483686131974565
-0.5757070690548611
0.7101881324439366
0.6955768081901329
0.6679403510031614
0.6473311059867838
0.9278512138132939
0.3325867723847201
-0.6812710702973838
-0.646317008304976
-0.5190559304526358
-0.48269681875469483
0.18242883446827765
-0.06933271452446167
0.2962293154476906
-0.5730980812273294
0.9479677006287467
0.8080190920067325
-0.9917796309984097
-0.3837009397220904
0.8773426818975614
-0.004230764674316534
0.917911156184652
-0.2793137395072398
0.8059686595032608
-0.4876681690726783
-0.11203396196036775
0.23813479473276297
0.15096116944651924
-0.2445143282004955
0.7629715888150347
-0.28425159722931875
0.7462629764563781
-0.7667072999621276
0.41138922121440075
0.7168358991554754
-0.8608920141937074
0.8245345322830917
0.05120664100613115
0.7389918854443337
-0.01728651500868786
0.6072959518397493
0.42160322169755243
-0.5449529229115491
-0.9666723932860594
0.34423982350455856
-0.64612585129669
-0.13381528989396854
0.2789763852369879
-0.5570043303442067
0.104025018202391
0.6457849264480308
-0.25444769236422055
0.8222550757283006
-0.47465391960632547
0.621875274789472
0.4524491628784476
0.23435510794825976
-0.8785223721962071
0.8424522982644999
-0.8151625138386454
-0.5128171735564221
0.819118750314241
0.08401666535271277
0.2552974299666018
1
0.07776670138309791
-0.32695028507184515
-0.46383221584995343
0.38621929465249455
-0.09067811356307326
0.3007320519925389
-0.5667382907717922
0.7096020535200552
0.8913270031381404
-0.19316488790283323
-0.21643248837113188
0.07627680709965143
0.8681061650745927
-0.46364727772074926
0.6665877136843538
-0.9078052427561445
-0.23152820074620206
-0.9343434863120719
0.5047109888532627
0.15850199271073365
-0.8078858018578338
0.5637765523554723
0.22599008493057643
-0.6839591233892831
0.879850633323696
-0.536991071437826
0.48005529590185275
-0.17260939690966443
-0.6513514558196388
0.3699292399037454
0.5304390648299026
-0.906434883777919
-0.0711271050201955
0.9225177995181598
0.21491814576915078
0.10637305712205418
-0.1283507522917606
0.7973887566040063
1
-0.4944574023470279
0.12750270641276432
-0.6755431981674358
0.5108136131337077
-0.28082197280584514
-0.2994642299595427
-0.976048880137271
0.9733503944663523
-0.509084131316177
0.4631850291143305
-0.42660576358953856
-0.5073918113398361
0.6997569033241893
-0.962259683776539
-0.0013650770992265672
-0.13306135401836744
0.35387245927839317
0.29573372701080414
0.1274644199373458
-0.846648340020462
0.6013586269503183
0.5092734519477423
0.7760302238063648
-0.48647005823391776
0.020105490491417247
0.8887918921327727
-0.47058017737920815
0.5460791585220057
-0.4963442523887666
-0.788636846485426
-0.9939282830001435
-0.35535258601612263
-0.8755327299075932
-0.1252364339108635
0.25994692067519626
-0.6507222030157261
0.6686879528811953
0.6855455332256936
0.3934962924009072
0.19489656112840784
0.9351773431116979
0.7683806427503219
0.17617389037231396
0.16912422133730665
0.7627547434197373
-0.7241538338071575
0.644230162446583
-0.4210101745535475
0.9526613176411638
0.988785998480783
0.8125243349855961
-0.8357395504456758
-0.942214683028149
-0.8780126942395048
-0.9423467511389173
0.40388868833965863
0.871198591855619
-0.7138982542927043
-0.29187058587924614
-0.31011178204070217
0.8956814491759498
-0.7624840092127589
-0.08604656032873391
0.9942476268255491
-0.8679982057769453
-0.44464812810288745
-0.25305670878521885
0.1667622146165565
-0.9935241458193416
-0.36160167452121167
-0.588243947944197
0.37395582190323773
-0.14304776983726117
-0.13344581359999008
0.8243900367825756
-0.6528370822572873
-0.03161076337674028
-0.12833012189779233
-0.019398499670602407
0.17791186579711732
-0.3167768760985307
0.7132825866077888
-0.7100875866276204
-0.29145353558643183
0.05233506235954649
0.9166665930731874
0.5108751685567593
-0.7244480581743395
-0.37310830841209863
-0.6922840146931455
0.8397302043565747
0.4842462229211054
-0.912673412267117
-0.8528356847385544
-0.4770429954345074
-0.7022259273717915
-0.5148616057051325
0.2538610078086137
0.2191611806777703
0.5667467181395174
0.6358443382745756
0.7974196235240196
-0.284512474429312
0.6711442120470162
0.6545194492751554
-0.8267091855989842
0.21595209846933727
0.35804576781989594
-0.665199530555196
0.9959208446694646
0.01707959289649965
0.22574299165592218
0.5110514986304721
-0.9356846060490771
-0.8850077789983056
0.03894949897252429
0.3004718522052941
-0.2868406345405294
-0.4905259395415266
-0.09304917874675406
0.9054073887061926
0.4018419678623501
0.2856305807979921
-0.44458860845632386
0.7971516334122098
0.31118216103497714
0.06972381468503222
-0.4835995146944437
0.28314106751426477
0.1449497365098343
-0.756963084063487
0.39747374699853943
-0.30923806963172357
-0.2700477539085507
-0.5362972800820541
-0.36483784529507823
-0.30939078147071924
0.3527458186306423
-0.09990195214815215
-0.7124859846128762
-0.5811187116464627
-0.04643921475301271
0.43951456159944824
-0.8427950511908774
0.6952569246312531
0.29249601489938515
0.6457476512509325
0.7383397343388801
0.48142369151727504
-0.31336259753631707
-0.54681528812731
-0.4687728157847253
0.8127766718434509
-0.6495031402804315
0.6579592475445486
0.38658610582146585
-0.6500809546014701
-0.0539412935154727
0.8713907632043114
-0.01436903412453115
-0.20682761700416588
0.8164950273711962
0.6946143825604383
0.9000365492322511
-0.07594949481078193
-0.46097702399464696
-0.4919118915360301
-0.6716017402121466
-0.33919640044438704
0.26328080080550376
0.35446959614473417
-0.7460287453331661
-0.19633523817059048
-0.07338612009537539
-0.31833143300212596
-0.7232556180440312
-0.9050673321581371
0.39775599346254575
0.2371514934307107
0.046745862234421544
-0.3857205673936513
0.19790768585984195
-0.9873103529940385
0.9154633706446638
-0.9585875997698068
-0.560657043579554
-0.6302348843787519
-0.5143756675125932
-0.016834093349195826
0.737552068690656
0.14542173448819642
-0.5681241997322501
-0.8055707770528606
0.016208655737316356
-0.3423102760467742
-0.9949235180337528
0.046886426346799674
-0.8375664414961009
0.6530466205142502
-0.18057811474624852
-0.6744062443004206
-0.3914575652569797
-0.8204402300170162
-0.9929213402173711
0.4437695879305647
0.6693387567789901
-0.2810082633236728
-0.3415439729549258
-0.06531893157649835
0.2513705543438947
-0.21522046999021116
0.29984002478557725
0.9116182196149831
0.34384381219725396
-0.2552233294520519
0.8446105971978728
-0.5709928189647195
-0.7794492702240315
-0.21508902785721173
-0.4978167966456234
-0.5884156622852089
-0.8936111747507829
0.1862938705211791
-0.15268863191230028
0.11299566470167642
0.6789382669595654
-0.5942083673929704
-0.12923798533069447
0.7321702684436169
-0.1133043454275918
-0.39500579743575126
-0.8003044398119281
0.6499122649991848
-0.842920998085587
-0.5641412257718872
0.40932269350024747
-0.407439971830748
-0.9646483834938157
-0.5837935423612656
0.16423584311273748
0.5912525627233245
-0.6303648591357219
-0.49447510657279453
1
0.685385377308204
0.6646591976951958
0.9013467557882419
-0.9017485089998389
0.26056277443435694
-0.7113546505760883
-0.5547591116322442
-0.5634779623907155
0.529012767763053
-0.637387192320476
-0.05985914971693337
-0.47881788602558
0.01609860275323436
0.9894840223218192
-0.38651736310859713
0.3975936864491414
-0.7040199571438681
0.4995339592080998
0.706685649195995
-0.9180642067060046
0.5491137107328722
-0.8009332220731649
0.7207064944222513
-0.11980083939118956
0.6985912223863454
-0.216895490166853
-0.110917397932166
0.49576367060570753
0.8746733095574061
-0.971437634455723
0.9078405340687099
-0.40349914775918966
0.9678991140334605
-0.526480951699037
-0.4945929065787574
-0.7258259346554379
0.8744823069406161
0.38280056049951405
0.672970581792775
-0.7956048188411852
0.24387376781120992
0.7653222100696805
-0.7243170250433136
0.48809635498417303
0.13681484998954
0.5211430060056202
-0.2938110664682917
-0.32377867922943127
-0.6856384795011508
-0.3880456921437547
0.3101925356538954
-0.047296957248025136
0.5931294932533886
0.07277944938143159
-0.36000122144741065
0.8900067818729419
0.4828745199714007
0.37258144157791223
-0.03418733719040317
-0.18807953617619197
-0.4386265225545994
-0.5570669066158266
0.39890817841532733
0.6958656374775213
0.9033533614735777
0.9877051261497892
0.7033023981985813
-0.9075347984829667
0.42539527331435967
0.4576065848699193
0.7997962988966962
0.49811635516623287
-0.3644641344025808
0.5990053604661787
1
-0.6419925729299373
-0.4504389725287101
0.6208266036594406
0.1415344219082124
-0.7943790637441417
-0.8431561152624019
0.6752507785224053
-0.287433330265294
0.38386506299502876
-0.08382489193761351
0.8205108363971616
0.6354179347802343
-0.04733983698914401
-0.021870944986804537
0.9373768209595112
0.16825266972628183
0.8485135516685479
-0.5377980609044581
-0.37976533421362885
0.437452254334322
-0.6318181851795508
-0.4618060820600462
0.22687017620817443
0.8251089323741133
-0.6698888252703332
-0.5119105883188064
0.1212173831925189
-0.752189099874298
-0.11726997961735966
-0.5909528303288427
0.822822237712284
-0.11998157751810855
-0.9560429350516678
0.24955006797727558
0.5018188249238302
0.39161099505278324
0.010377264154653504
0.8185576906307458
0.7057607753931504
-0.34711946842489744
0.6089466230408649
0.9707612087896267
-0.009992539504393244
0.8178263986174075
0.13413496483224613
0.9946803340254656
-0.7650497387672649
-0.9288649245668887
-0.3352066382942147
-0.619485630155705
0.06526949013703624
0.2573380790865277
-0.9842535891224925
0.19454764851931855
-0.4864624659520369
-0.6448078899115711
0.7554396831850063
0.5143281463462827
-0.6778284385102803
0.48980662865364133
0.9358958079830204
-0.44953627620072134
0.23804328356071755
0.5491712729130209
0.4616193807780467
-0.5199148805992848
0.18193790348947905
-0.765372252992984
-0.4159971794231653
-0.5513154895822984
-0.9039093207147804
0.4699962113725569
-0.4248909557983293
-0.8140303633472165
-0.17034416571253433
-0.8163511030110511
-0.17487334937262392
-0.07295840275628203
0.015212257694391825
0.49330204404613853
-0.9986530226050736
0.3347287375086025
0.2729213161358582
-0.11190854133744048
-0.4212349739152777
-0.7489339186362157
0.41613736593330264
0.667032924918358
0.04530709344194491
0.6364904325195537
-0.8875160920777703
0.37551099517128494
0.8970445428991219
-0.4934656029651639
0.6090491021977494
0.37645785918776964
-0.1814054647379256
-0.7105918824831919
0.2128404456059865
-0.2334821976566973
-0.9930181642451097
-0.6238643935847115
-0.3038046713202574
0.8204132636589495
0.29118020485043694
0.8911640395748425
-0.27539974916217314
0.20218671681157813
-0.7061263152037253
-0.4795877920193292
-0.4508309002655048
0.9427573490117719
0.6828373529787302
-0.32549853959722236
0.6658326471527543
0.9536955773251107
-0.8750878064663118
0.3934717388410525
-0.0014405710263760787
-0.9385039849404893
-0.6015343069073821
0.7372717328763876
0.5921074554743962
-0.45086471183227245
0.3815521539037171
-0.2231381984865139
0.9770686742636633
-0.11732274376648653
-0.637898488824402
-0.23457573246686272
1
0.42641205846226105
-0.3831601136703806
-0.22687743622008089
-0.878526330441804
-0.09055933163185771
0.6193383150368995
0.7711216089185199
0.12231278761970839
-0.6148138609107517
0.22893607462713603
-0.3174491305223121
0.8284591562228963
-0.08886265337281533
0.08520081436245498
0.4610055553826816
-0.8877493935648665
-0.17289309474961465
-0.29352445067060273
0.7749632425489841
-0.5932507660914959
0.07273370865364004
-0.7218454191585699
-0.9269373967553548
0.40472838101216463
-0.3980936589734884
0.17911692843324842
-0.05553195392972756
0.2400325160273874
-0.37540060649362406
-0.2951998177864856
0.7706521731123385
-0.15053273731569555
0.9334362913644885
-0.5413368554556068
0.7448318216509076
-0.26575373233794364
-0.15393705075757363
0.639454386557905
-0.005995409469288121
0.4931067326585798
-0.6735978013923639
0.706409033374384
-0.9621421241127734
-0.07648308622544038
-0.7002966156709897
0.05886027385385445
-0.19160102677814372
0.6892694628500264
0.3661119977018485
-0.5310513653240037
-0.31549502817636926
0.5596315768115863
-0.06744167791632462
-0.3248647816991372
-0.8015488590956146
-0.4474210235082496
-0.5856834871236946
0.1609575076156027
-0.44146509236405473
0.5601432310457188
-0.5048658459287223
-0.713193415517674
-0.33239456040697674
0.5212484896532398
-0.8542690810116909
-0.6016819575397057
0.9035580803200858
-0.812426451332769
-0.016673907612100285
-0.7076310758588682
0.7653468272614354
-0.17099394269397014
0.28053261781347677
-0.7316648793692904
-0.07044955294377479
-0.7731317597458268
-0.8174976029504153
0.6074347686282252
-0.5930898725206878
0.053388295510387984
0.026559616357284516
0.31016558554197454
0.23950800008634598
0.359514637825899
-0.5275675838960687
-0.6735620231034131
0.6798327264549644
-0.0909011209915121
-0.7765366927465364
-0.053104067211570564
0.029670248380193113
0.6135863704012099
0.34583313732664395
0.3271734749236835
0.9914159431720074
0.3652902885153881
0.4230303602212647
0.28772961653705786
0.8511302797281609
0.7265813797834881
-0.31138422351546974
-0.6404641661867395
-0.2566196514255408
0.5326718243889591
-0.5559993135008903
-0.6033460109005647
-0.560019954992111
-0.23799536669689392
-0.8239687584858303
0.2129523505437114
-0.5598515183757948
0.5804963715964248
-0.8056237044292847
0.9401996495319804
-0.709226386045899
-0.816177653657706
-0.3801183567548847
0.4208893676472747
0.668027413894728
0.22361039597617008
0.5563106361571147
-0.7662778818972361
0.33172159106574245
-0.695937488566805
-0.8855424963351706
-0.4891385093510861
0.48044821159152906
-0.7155894348868436
-0.7869146885946943
-0.2283172564620701
-0.5901937446371773
0.97852679863241
0.8922338162366412
0.08758251458857576
-0.6766407134995706
0.8998979900643613
-0.8247133482525404
-0.49922325578075954
0.33076448787092294
-0.8952957833134743
0.919011330330837
0.6690693434011916
-0.33021507302704517
0.10444522026162363
-0.6202370869315643
-0.2623895230332848
-0.6825361194746515
-0.12227773084295465
-0.9740102348387494
-0.10010898465504423
-0.8897758406313278
0.9349147543055791
0.8142201025162119
-0.33309827427366145
-0.9222527973728064
-0.10298580444324354
-0.7611769113756304
-0.17298999184095942
0.2577809363978012
-0.24329463065602674
0.30467215467666237
0.14502414057389526
0.5210715043311271
-0.9594851329395853
-0.9668551847524346
0.5747198718142479
-0.255114523938197
-0.2482608002375949
-0.004546605002160905
-0.16834100717256364
-0.10586760776170351
-0.21994800432689923
-0.21672539221291917
-0.7642028337848303
0.9851742629914053
0.8701885104520812
0.8803702311330136
-0.8066865872307826
0.37823628723283953
0.16048205635589174
0.8381701706260429
0.025636369699998628
0.3429989814993447
-0.29538517358846167
-0.43873558060769285
-0.9712889571549113
0.6515678536069553
0.20899470209863208
-0.638250177349793
0.8974419747416805
-0.8997251700382657
0.40098380374470544
0.507107923910424
-0.7799362995780261
0.06185654004103886
-0.13327452097640868
-0.657107827820364
-0.5458054210864925
-0.6186082372427918
0.7713411506452444
0.9399497217776359
0.6152012970558547
-0.09464067177499362
0.4015315080991627
-0.35976032094611804
-0.7416304869189562
-0.23862715240546903
0.6702363474403705
0.21361820224951214
0.5884165849059438
0.65410718638262
-0.34132371873000195
-0.1321331168131199
0.36858942162480085
-0.19003572632412657
-0.14436678362481872
0.17614368795004376
0.5685709170560438
-0.14053008100061445
-0.7057387737185342
0.8216586598568603
-0.11264113606555674
0.33807153810087154
-0.8535416562709917
-0.5670766220459755
0.1921062401261639
-0.6190769416772773
0.6789871625503141
0.08576418019322135
0.24540582817883194
-0.9963909448201613
0.45911322616283956
0.7984384797932874
0.10721244899392246
-0.3460366090850725
-0.7609734425065157
-0.330563052235702
-0.8913360610370349
1
0.22509998500329667
0.5838038089515623
0.10519206690796158
-0.10559572358411302
0.10565334756148992
-0.4843246404420316
0.22823687240787138
-0.8107810333677529
0.4283589565142896
0.47913659289485105
0.9006477426860824
-0.054387129424786296
0.14268213210393432
-0.15824913078558195
-0.9070064175968141
-0.06372711036261643
-0.5330289312733753
0.31220824052844387
-0.7453979152825717
-0.6733516002791611
-0.22712314308489479
-0.6688967623479362
-0.791916163797777
-0.028195290106750995
0.4126320455397132
-0.2730925648254243
-0.8468275059948025
-0.7663075700470462
0.34134512984647175
0.8717334542301495
-0.2437265258039008
-0.6432481508541101
0.7543356755467576
-0.666249709420569
0.02231620999583362
0.4671138241385191
0.3371774076245974
0.6166307375016424
0.9928920524835
-0.18798028874595518
-0.4460707588033641
0.18323573118596814
-0.3147946838896708
-0.317329493522262
-0.9690418734927505
0.3285163415618388
0.9319380327644525
0.1903253193755786
-0.4815537830954536
0.7291535020980928
0.10347047388999019
-0.5580277650460332
0.8015097101145413
-0.7335812206860295
-0.16321846266697912
-0.13669364791887553
0.1756148774824991
0.4409717472740519
0.6197435478279646
0.08754055220938523
0.38243270433979665
0.5826299357302501
-0.7844865282374761
-0.2648498088663446
-0.9199584256826253
-0.8534061460753815
0.18405382300427217
-0.17722642485271495
0.8070666898398399
0.168203751014016
-0.8323473137624249
0.35914228918977736
0.6966390157581869
-0.29206530694263433
-0.6556586802346395
0.7975617247097517
0.11146248990547511
-0.6685034989938672
-0.9365271198117854
0.4492513430424439
-0.3524308579441127
-0.43249019511901865
-0.19861837183309475
0.7807426274736979
0.49649746106804094
-0.6062365026684079
0.5891444809513045
-0.39275059764088993
-0.4563748538509894
-0.3748797190781436
0.8920855061842701
0.9359260640155992
0.41865153166655117
-0.8284850392910911
1
0.2777034936748656
0.25210532698003507
0.8321109562023168
-0.9520098935625144
0.9118833147899048
-0.921637709438367
0.5168858062235663
-0.010342042359379128
0.47600620774984925
-0.9530225909878164
-0.14989253296217583
0.0889274316568711
-0.9484879690060436
-0.5713637040056673
-0.5477344018057989
-0.672990166717235
0.3314175041485937
0.6542153100826582
-0.8081653802102776
0.8833997677955255
-0.1974084125438167
-0.4597470772820594
0.17585844583158275
-0.8123696610651105
0.8415990593269971
0.5088514991738678
0.9839243486063812
0.26006817630637624
0.8506414158255676
0.24562959713036914
-0.20514552758918056
-0.73540418501015
0.6133991549295946
-0.8538685898302718
0.3613281708200359
0.5251877711646414
-0.7354062144005656
0.11751402708407228
-0.33907861484489493
0.8184557491001275
0.6429417093013001
-0.44742906031288626
0.6824003121712908
0.7322034510738021
-0.7982700103049429
0.4617426958722086
-0.5075225545928047
-0.09892905328423834
0.7232505528090689
-0.1581320005215472
0.04334436417130311
0.9244486880892805
-0.20288983486065354
0.18060663263967752
0.750620628486331
-0.957151739828832
0.7016699205510901
0.024380404283292245
-0.05485192577381943
0.8187697289526723
0.7406611481192994
-0.7751980224981831
0.5451271147098399
-0.20188878539465197
0.038950344227171904
0.21483524585538283
0.21847213414000777
-0.950624335279121
0.07850062952323632
0.9887558501067822
-0.10863171235948732
-0.6006138304749153
0.11621027512170387
0.5948431335753732
0.5608048993301233
-0.887877720047948
0.7158285933270593
-0.19221799309392845
0.44716839853099344
0.0037765047456195504
-0.9163328967282355
-0.5489401807461795
0.13841022310432943
0.6008229070006316
-0.4071982633586645
0.52441990494047
0.2665450073614647
-0.27242430228952114
0.528684388617614
0.7587275824276961
-0.22445573112448922
0.6798793420493869
-0.6889994016426719
-0.02928969887601927
-0.6392050961825494
-0.936085215680351
-0.020783128143846877
0.8059862804055067
0.45861351429348096
-0.8819151230012947
-0.6232237928414666
-0.6002739052928332
0.314866481643703
0.5390370674982297
0.46895764266850215
-0.7371234894459717
0.70813628705821
-0.30399972285550436
0.9034993028292004
0.9289727803954174
0.6991882356834523
0.37979873017991017
-0.863770920521036
-0.11144975078293447
-0.11199709900320705
0.9011335926577758
0.8263644708945819
0.07701133640396884
0.03411433429651996
0.4973540993163542
0.9062267995678527
-0.38652628590611965
-0.8418820328088764
0.1894372423125332
