0.6768745327304168
0.40419935948515706
0.35048495795095486
0.9711849364890381
0.32179633057248896
-0.7143056909109995
-0.9286563291544659
-0.22210510761448116
0.1338596614080013
0.2606394771352676
-0.8005755368646413
0.2221375032555425
-0.34568519682665055
0.781934578081805
0.40084189147430843
-0.882797982571663
0.8622465338674798
-0.47847909536557054
0.5707716949056156
0.1955007979048974
-0.7098256541367707
-0.3281034352360264
-0.4470286836665799
0.30604584094479786
0.495190060977899
-0.26690392709888977
-0.23724719320432613
-0.4969306297844053
-0.6471912065261646
-0.2855321101990177
-0.10587098325851206
-0.7856618596050344
0.5924207395771395
0.2733476186361672
0.7130844421997435
-0.13161470810281362
0.28594649329164684
-0.08483902177798706
-0.7466174044101621
-0.2962734155699659
0.5780404342123789
0.1991978415421502
0.5508236316835118
-0.23908528516509575
0.2718027002573424
-0.09446046738490944
-0.17771307414109694
-0.04137271323439068
0.12796612669858318
0.7242083384890339
-0.25619276809081937
-0.9338825787891779
-0.6961138882321145
0.8624268494364583
0.9452840629104737
-0.19625577170067474
-0.7346357901212409
0.7036508203173967
0.8594357543923313
0.20245570666332774
0.9201025725565394
0.5782152197290147
-0.07202487623886414
0.4613278515891546
-0.03278891816034303
-0.8758850092125662
-0.9441969953783587
-0.9004848396769094
0.6201923057967166
-0.48008083122355005
-0.031630925017746496
0.7296384944155642
-0.4513735571287838
-0.09663355251633235
-0.08033065824154209
0.8252829139934342
0.1752551727468358
-0.3883971724572335
-0.5150093829249038
-0.22781124771263442
-0.49629395986228003
-0.08804395275642586
0.12968812288360332
-0.19416853020198735
0.8345338973639288
0.2658354340746127
0.9255099117076276
0.19013018363463272
-0.7438607625950503
-0.8121485241508714
0.545652288303776
0.9305894965827188
0.014026588042486847
-0.5833003941696836
-0.8467550447899695
0.4960685336638969
-0.27277437774399366
0.9476668659700018
-0.620089246991263
0.38790366974306434
0.653111451623995
0.19343612654877854
0.03027733822185046
0.5626655083064284
-0.5015513128105796
0.4792316441831744
-0.47119527492289076
-0.678509360205474
-0.9490752817431669
-0.3142178759063191
0.9325079048770701
0.38761294744214086
-0.8038474649760928
-0.772620078280035
0.5981835958734413
-0.3790050565063395
0.49850184615934834
-0.5958448450922031
0.8669631745629081
-0.28118823459718445
0.3363294006717098
-0.26754749910497394
-0.7235011357697103
-0.02514414521631306
0.7784484160192113
0.7503253576210223
-0.2623288139313097
0.4502598445557689
-0.8853747648098769
-0.5338148436621996
0.00917180461502669
-0.36485199734135565
-0.11507940413183224
-0.02865805582115443
-0.4009679775833746
-0.2898374656147734
0.486126664651505
0.7773848304339208
0.35114442372365484
-0.18906683450150577
-0.4103799250480113
-1
-0.46340800210569816
-0.043953162802469366
0.7957192148045987
-0.9295161224844479
-0.19755357180152427
0.6651185506618353
-0.4544629678882892
0.9568499183927486
-0.4103288606964564
-0.25806269697005524
0.7478248453817905
-0.7789783658528006
-0.4061497615516812
-0.6844902605784355
0.996219799331453
-0.4830646170295237
0.3429642335096261
-0.41780102130657076
0.06528102419686435
-0.45603044976708457
0.4117061154912611
-0.12568965837319962
0.9704064969272873
0.4077607962686728
0.023561271194784166
-0.42100069022214737
0.3157638225316531
0.07630010237693624
-0.12822787173619482
-0.3135230774177807
0.5756387614661421
0.05349061905744234
0.6995163413259954
0.6908443190416799
0.42363698609513983
-0.3327030685640313
0.5578777324368552
-0.764410099460846
-0.3987681460136997
-0.4336418741743078
-0.476818746114248
-0.344287718545196
-0.8764576116776884
-0.3950062897811984
-0.5525702195271117
0.20365154900705015
0.8258971179357036
0.12198370374515957
0.9715570951223236
-0.7470129724128394
-0.26287893737101947
-0.20465129315707523
0.12977146636147754
-0.1904570788973759
-0.6135606302761422
-0.1358568885233517
0.24691791155386925
-0.031013728820197366
-0.17400940224855477
-0.5241576293821114
0.150359348861564
-0.8587341585244525
0.32929957863364495
-0.28774298704243056
-0.02218775856195117
-0.5787253938394034
0.2174032060367403
0.3241672983610914
0.8878914942537125
0.5699504073163429
0.9485810532875626
-0.7605290081177847
-0.6446790477919914
-0.7958425885320433
-0.6522642163580558
-0.9588701973718512
0.07580881022102091
-0.23134758584379064
-0.14343103641816538
-0.8003612594719202
-0.775031953087858
-0.5328553828313227
0.42522858019126974
0.10044033130219181
0.721549304146094
-0.5271522186777835
0.6612810546794099
0.32057925758330996
-0.1522767696726166
0.011578277350064097
0.5168248875808908
0.2856399368157496
-0.19741130087329217
0.7536811421319768
-1
0.5906636407829942
-0.24786478799249081
0.3441909878732765
0.20281000472928357
0.9009080360996603
-0.8057822985193788
-0.4316774460374247
0.6605785366051171
0.2520779223221868
0.4508220579710368
0.4224765782752165
0.7180496629021236
0.32131209180203296
0.12638658941050546
0.28854656334128054
0.4348482156067387
-0.017544382252641624
0.33949628928116227
-0.03740523623978347
-0.25679073638908717
-0.2870453462182567
-0.05762245490218718
-0.6627964079385933
0.35185721318602764
-0.4079089844963027
-0.9379715674297525
0.7421523883385321
0.84055742699892
0.061121212271994234
-0.2887200718558265
0.8920923687342583
-0.6446651403850487
-0.7354331908897654
0.3749204126555738
-0.20949118870772387
0.6482795925756553
-0.13271713169552105
0.8330667958514508
0.18982394440138092
-0.2582861351792835
-0.3191785776672449
-0.777069443834944
-0.07871298898856471
0.0639427882491284
0.6530363356985172
0.21605640505479662
-0.21610462324799912
0.04315148240305574
-0.5628271842385802
0.2204143651748564
-0.6402088120520918
0.39090472948779287
0.6281140241551499
-0.16759164774821023
-0.3821517088592551
0.3049436634985092
-0.4582483671092011
-0.12293259176231526
-0.006215618462766767
-0.39160905945541635
0.724016509278678
-0.06999801831858782
-0.36276123760645257
0.4351201330526619
-0.8488899756678059
0.3177891138407669
-0.287737621866365
0.034047852498569744
0.9782047175418257
0.7191265920171094
-0.18604072762039464
-0.9294565237961186
-0.10237437132012238
0.6246921312961109
0.7041738873220383
0.5539522974615866
-0.5114848791498998
-0.5225596081798457
-0.9864999958608586
-0.6623913517426847
0.11516511210893099
-0.1936634369153011
0.06343689198997825
0.13380812048578777
0.3344336380917755
-0.723442693141427
-0.9556202668511942
-0.7819399034789126
-0.12958350596245016
0.10253806323559457
0.8885513529711235
-0.9993399787280659
-0.7104559491628475
-0.03750012106797244
-0.3808588961284016
0.28671039989711866
0.11070437559251907
-0.09854701049915207
-0.636281798030238
-0.09087095599794454
0.5324443456890634
-0.7757494014979521
-0.1428537543278686
-0.12670467221979728
-0.2865056058412195
0.26319604504343524
-0.16299515178166996
0.13425043363060282
0.6251652002784406
-0.6075530981424111
0.5243996734190033
0.18036088395393848
0.9196734069229149
0.3444627553582148
0.9046948383201378
-0.7116215969817832
0.9436382080980217
0.7232073050936163
-0.39956380540085834
0.4865557651760174
0.1230595554774468
0.7234889948196956
0.8884823570716673
-0.16658927978480487
-0.18723786450186578
-0.39134684472150716
0.6355430617888939
0.02680882239334183
-0.8442521540148371
-0.7655036865840479
0.42349892926116517
-0.024804486552991997
-0.581382532680725
0.6772128372129518
0.781014640210881
0.033727779746877594
-0.12118680199522834
0.5985148714505444
-0.40359193942222565
-0.9088028031974995
0.284100453595589
-0.9338688335254921
0.9671025456141917
0.3255494879076415
0.1279655609803913
-0.6885368014618594
-0.2843083451521041
0.8655244266414865
0.6846413844524174
0.03813305394286115
0.14558952708879927
-0.837275703313201
-0.4335389191353578
0.9459803303335226
-0.918154367522121
0.30857921309426734
0.18119173971337899
0.6379580967583802
0.45165050029050363
0.46677711452348564
-0.46743004598731414
-0.8038666625724565
0.708415095691268
-0.9843006316700502
0.3436874946805301
-0.7953624259328033
0.1742554559343899
0.028699396710010996
-0.8990624228571981
-0.8674612765570044
0.10302388927896534
-0.5139517653635223
0.3966052477255553
0.2546435368232887
-0.6440739772348771
0.6296802301900505
-0.5555296369270094
0.5267650863553447
0.6874069560563469
-0.6219327075022135
-0.20202120378354144
0.7040283073619473
0.05505533637509959
-0.7903943725721706
-0.14549128973833642
-0.39487817354566973
-0.11141922943937253
0.5157818830463687
0.786562757581733
0.44418083458146373
0.5655078158827673
-0.24555364911890948
-0.6238334457651217
0.8618900465010515
0.8170941048272059
-0.5987208078910248
0.48781401466960994
-0.8581781179057139
0.9733321879128141
-0.008745696498525756
-0.3461930588632401
0.7357554763605121
0.03558552876633306
-0.241360964085136
0.405342219993817
0.8001264099385245
-0.7793069472044248
-0.20534353505616768
-0.5666748815523739
0.07618992876732937
-0.5937815422309227
-0.2240927717775368
-0.8528538868553934
-0.35710803298041616
0.5025762577231433
-0.23914464976303426
-0.25556196029343947
-0.19080417996629456
-0.4130928013202483
-0.5218990045664256
-0.3298292419446433
0.1287457976658604
0.2331058736738369
-0.48998884280904104
0.936154975838988
-0.5375113017974451
-0.8168311081183603
-0.7811051102443547
0.4221883982918025
0.4698374298885958
-0.08270059948025227
0.022729188287112623
-0.7947247681104502
-0.7874999416798476
0.1683237864658816
-0.43045694878502355
-0.5515966919991523
-0.7613551883658517
0.48608457202178545
-0.7026508341430263
-0.8735985352596993
0.541769921222293
-0.2270563816819456
-0.6525214349777567
0.8643808119206405
-0.37052179896318876
0.38708849541529833
0.5699888206026307
0.8707557249591517
-0.295278230331894
-0.044618623429567544
0.6396007885809218
0.3229533622453653
0.050345521517668496
-0.5471042841279266
-0.5587777444896205
0.8160933474904297
0.6685449565301596
-0.26553681052151545
-0.8907314085050668
-0.03616123888505752
0.4147196675164558
-0.026858354021310316
0.06603425398588918
0.3560381067470049
0.841073979759009
0.696378124910999
-0.4160115869120096
0.7655064274119335
-0.18179957954977893
-0.6209593214995106
0.8333987632427401
0.09359635881246844
-0.10903838723562537
0.2661278005217939
0.5587745977198149
-0.5437288251922292
0.9492721065434812
-0.011300247837318079
-0.6198694392353237
0.7416532093610692
-0.8175018854191528
0.8582862713384313
-0.9319567389942746
-0.2813512212390133
-0.3022733418158254
-0.6865039092906615
-0.6598586231277012
-0.9822824769515325
-0.0790633866837582
0.017541644548273904
-0.5294928915104945
0.7730323092183833
0.338944845146616
-0.9894918524478474
0.9132761604018167
0.9696609882418635
0.1597545655309031
-0.166224893782094
0.35998401544380626
-0.2105134391193426
0.4737329232030405
-0.21560699093732277
0.8066022303775067
0.04737862983954092
0.5163836925300591
-0.08431045665879815
-0.623903194041081
-0.8945428181418573
-0.7115781351461774
0.5552048262018258
0.4682958587472635
-0.3426974423565991
0.5897514676514439
0.5678372164646263
-0.2934453427634013
0.05336338026458876
-0.12205628414768056
0.7413940994233131
0.9063241204621657
-0.4554748258609841
-0.3177709187919259
0.43249218759588554
-0.21248957995392442
0.9386542775799848
-0.2642155013465532
-0.43730411143895903
0.678458371966175
-0.8707831089217746
-0.3482092858405252
-0.8735550435502137
-0.6508799758196182
0.4837775926283337
-0.2612587263190167
0.6013843970616908
-0.13934884649887494
-0.5535600975862515
-0.5572773434128517
0.3599078544550847
0.37543955615394387
-0.36223285209189887
0.32393555434352306
-0.5265902029630418
0.7473974624697316
-0.2206054001837945
0.0033217436870504125
0.7108402301189723
0.5463695845885576
-0.5852495635326929
0.8360641315606622
-0.3092090972051092
0.4336365300953176
0.5562339086596372
-0.960427703010679
-0.07754958410368246
-0.2387672990681397
-0.07267968725344524
0.6028854723419713
0.45600049488242234
-0.5065972704585799
0.6924338207292737
-0.1709167139360063
0.4804827102217034
0.673015384552905
-0.4423160138803336
-0.7146552296886504
0.18838109213462662
0.11273644347169105
0.32396970424901916
-0.5684390023965608
0.5044091159630448
0.3922266193478852
0.6994617690006798
-0.4178371613922331
0.5748901125120798
-0.5905376510506837
-0.6539200733880423
0.8526294999669348
-0.95246027999181
-0.5880329726300144
-0.13336878644784855
0.24743384614351785
-0.2805185279771049
0.2652518132411766
0.22173161600934588
-0.4429105630689186
0.8904064342415696
-0.6186136798118773
-0.09848476290691635
-0.32367735473831755
0.7772505695322215
-0.2450385829511908
0.9415700269641124
0.5374086733483034
0.1174623355806307
0.8607711118004655
0.1869338890447308
-0.5979672803798701
0.31624224091120146
-0.6719687954217021
0.8178233107249433
-0.023769427118098808
0.9194827275800954
0.719274302663541
0.22634197950974766
0.9893459274252933
-0.22763680460377267
0.3224201252219454
0.6320438262741723
0.9530701236690678
-0.6476051622001338
0.2478968317702001
-0.08599619946141984
0.41812905616271484
-0.30047412135361584
-0.26095698080943003
-0.9488791186368057
-0.19846043864357013
0.947916723618005
-0.8179892708524668
0.5295747084702203
-0.42663881305696016
-0.9244283737019204
0.5011850003508496
0.726963985584805
-0.797042699349361
0.0698254764676929
0.9384293832075535
0.2779293443914657
-0.9420849296077618
-0.6821379293081089
1
-0.9189559166386836
-0.7178833387082728
-0.17517167705888795
0.6562765830947107
0.48550897383326685
-0.7901693027093308
-0.5247756316092537
0.029074548926707106
0.5537170881276867
0.4754936299023981
-0.09642891136092412
0.497782436182442
0.08975453581342624
0.4967067254905689
-0.8291453227052088
0.3986403400135166
-0.37249860482870134
0.5558840143844823
-0.35869738956300323
-0.26730565869940337
-0.2819368210487595
0.20554376797696092
0.9515603444389625
0.7171330973144521
-0.054313103406236456
0.710982958860224
0.3841320820643799
-0.802171685696824
-0.506265953787237
-0.9700387319993218
0.19691450397807495
0.007967658309617692
-0.41569666795496213
-0.7811321568172265
-0.4887515377279002
0.6374782389119673
0.8458998657474412
0.3786380657198123
0.7624173786109963
-0.5214401524027535
0.7066008455231857
-0.8576867885948611
0.8961003342484483
0.4829333197450574
0.6991302191307363
-0.5454694634902109
-0.34904886843561417
0.5793704974977388
0.43192850672832356
-0.006475440104098332
-0.356740772380556
-0.6416790488471195
-0.6642392626957562
-0.18470267914412747
-0.075380769277146
0.6663595351048905
-0.31934199897956883
-0.7466285156280421
-0.2661305072383836
0.10454263385692956
0.557621774025889
-0.0005730991145880973
-0.3290504576365717
0.31385814842388926
0.550137870716852
-0.318964058753609
0.37423637329604714
0.8918606395669718
0.6100216816859062
0.8337966757882451
-0.26136356672459343
-0.5493376062333223
-0.8682863813112256
0.8662942820881925
0.540158188081551
0.08313598496796262
-0.06125128959772267
0.7202102757937341
0.23898455289810244
0.13321374895613358
-0.5011264082047303
-0.11238978916184052
-0.5133712098455501
0.5248967613361464
-0.7204518290173184
0.8230512553747977
0.4674178505901998
-0.9185811393343554
0.04914528144250564
0.9970508798861712
-0.4538703954131961
-0.7129514123357702
-0.4631808917115485
0.7242284744909863
0.16144089485350685
-1
-0.30878606769748773
-0.31701135630160937
0.7232915356871928
-0.9805168330902253
-0.9133350679574078
-0.09648933983309038
-0.28081680807284715
-0.02128075954561452
0.22911127749053864
-0.6661669605424702
-0.38704312762816484
0.3669071490515805
-0.2019656509254373
0.9303788477340921
0.8672680196815689
-0.812227572791559
-0.6198724148873603
0.6923645054135286
-0.38108256654866024
0.8701479701540007
0.3519602721767257
0.6136276094993763
-0.9797147822755896
-0.6793531410539242
-0.7511625503384638
0.8914933561622493
-0.9772528762322078
0.5244320568174405
0.27690306937609993
-0.8088522146892031
0.7984291649344657
0.6753893741370892
-0.2195976678236556
-0.36206902045470796
-0.9048884534039061
0.5235531973118586
-0.16931218564436964
0.7881936157025281
-0.4127717597535619
-0.707417072684131
-0.096130509651102
-0.009611296434792232
0.06669904806496338
-0.9045203685994024
0.9070206630339995
-0.09169779314623455
-0.1498451665233072
-0.18198348931555403
0.49142536069456655
0.7462852581241816
0.5083105421080105
0.952190216981731
0.07862864404310983
-0.8037257581089834
0.6430107293233258
-0.606699694466478
0.5158259717070126
-0.9085942062701253
0.42490011177910636
-0.06177842151661421
-0.7022013419808076
-0.16330793419994863
0.5066078628692953
-0.33268663458895853
-0.7935480902961819
-0.036699941840311105
-0.26100101555980887
0.914991049263937
-0.23146613918166098
-0.33449140956864043
0.16658797588761437
0.5249212379800864
0.9312756901161534
-0.14717393305093288
-0.24771342426099557
-0.15629753430540308
-0.9975175598102057
0.3990773672704483
0.2559130333614606
-0.9175249574616792
0.9940062174895488
-0.30515785882220864
-0.610913650429967
-0.2767319643115893
0.11532549939517704
0.72846961126382
0.9303301780017449
0.1432822601892832
-0.2820642314893638
0.525219064377531
0.7533337775573303
0.9445796319264368
-0.1510712941043402
0.7757735626882907
-0.823057057574621
0.7255349626627906
0.9133371693951118
0.85287746921478
0.9160492299227656
-0.7756431150385703
-0.19528095404171808
0.01689604582302609
0.4186038595001935
0.4394925018697629
-0.36523253501426245
0.8702412940768366
-0.3407877397374118
0.46390625499290156
0.28248831283489645
0.4119578165582728
0.15718888697190395
-0.8062365907780206
-0.925294767879548
-0.19902752955270714
-0.13980007356346813
0.7050401574445199
0.07041548445077259
-0.1274363888803698
0.5098678963041772
-0.015409220191397127
0.6743019630217141
0.42027671725882454
-0.025987643756433858
-0.5940394403527653
-0.31752712096363
-0.460988344815641
0.28442905620282977
0.053643127236861585
-0.35680537602244533
0.0959730468824927
-0.5692693928734492
-0.5220428371005923
0.6568544263414794
0.08275745763253423
0.8520102655824787
0.7054257517362587
0.7408868800686754
-0.31584898823200014
0.12335222826510879
-0.8307581094413288
0.2652179420988552
0.8242975289175597
-0.1437127471784205
-0.056187267876804135
0.8717978582677312
-0.7680711735804331
0.9888777343306638
-0.08264320162075481
0.05070941291579639
-0.4057015761942004
0.296040044750802
0.37107350226631247
0.15320965407092288
0.19097079313619286
0.7913894509447006
-0.7133022679796811
0.7757623055661438
-0.23242813857647032
0.6975211713004471
0.5824498764500781
-0.42035917751873053
0.7988279200029498
-0.4112446659417527
-0.9264720521591221
-0.011166202824895957
0.6328871822996951
-0.9678407867740432
-0.5992874739629319
0.08276972913615313
-0.7995482632089495
0.14625201035625335
0.013729947505595988
-0.8614785078497451
-0.5203261971711391
-0.6724294944258045
0.6326162931439356
-0.31180538988966866
-0.8650382096248365
0.3025096260029739
0.4899232639687424
-0.08399964239866348
0.7051839265739621
-0.11687721723582385
0.7584167045118284
-0.5326817408646044
0.3985866297321932
0.7566966289530715
-0.25165942585551326
-0.9616619686195373
-0.23088542729904699
-0.6520516264520017
0.77520563778752
0.806374053753648
-0.7431919520128077
0.6225277420418862
-0.18256772680560068
0.9304462384136855
-0.08926477903991355
-0.38712657551891766
-0.970353525528956
-0.5690597144618506
0.2413782299962531
0.06445409654261174
0.6023895252768063
0.7215016825770993
-0.1290433988968557
0.31397670619128554
-0.5033189075404186
0.04650244668142818
-0.018974197837453226
-0.7455570745579605
-0.3957279355249789
0.9231576769599811
-0.8278310999952726
0.8529927671755716
0.2840092402888707
0.3933833720505335
-0.6113658144272194
-0.08080493805708734
0.21417028419768389
-0.6754011501654391
0.5186955697705345
0.5364869271702944
0.9975811281170801
0.07176355439631837
-0.32309254982669733
0.6892866386376012
0.31820234396345654
-0.8940191043779192
0.46645542043646415
-0.6222442754596514
-0.3713920288161906
-0.6632275786666728
-0.7892526355752294
-0.9323266714464348
0.9038507449330525
-0.6311817343133763
-0.8319582382516075
-0.4483119729034261
-0.2633979310736836
0.5059070784162991
0.3147969236707115
-0.5614858958779072
-0.29257129907901175
0.7214641669044067
0.9059871829150192
0.707440086759242
-0.13094901023871153
-0.887915738055014
0.36537046612300117
-0.3736604951336737
-0.6260725290225289
-0.049563868335137755
-0.5657138814253831
-0.15539687232196514
-0.7314823107759858
0.4124795511816866
0.4017938124495458
-0.009696197345747802
0.7412048187257874
-0.9415265462040978
0.612077654475202
-0.5458132845123004
0.34686068835262585
0.5384324511004249
0.20799841115130882
-0.386541115014764
0.27506962796708245
-0.14936681588922543
-0.9107137480067208
-0.5396466915121574
0.9295941465202431
-0.1311518707481262
-0.9696621661237812
-0.5729610899104793
-0.9556646409120916
-0.2312543224633062
-0.2650833981221278
-0.7940967669094438
0.5161142357522499
-0.890410417348415
0.38134712838956353
-0.31154716803524857
-0.6757364476793739
0.8414321043215921
-0.44584925805352665
-0.22191990340228732
0.5304048520676113
-0.8252696554076244
0.5059079205934048
0.3061909748096827
0.0010493025430888066
0.423309289595352
-0.10035355177542044
0.6093561328327404
-0.9153839117032309
0.4420831711524258
0.010236031446012237
0.16201853102676275
-0.10228860965455494
-0.11048435288467004
-0.9892959027921301
-0.9922709206706277
0.01543966850859932
-0.025416448597331144
0.4736391705918452
1
-0.4600735131406215
0.7511089858326269
0.46386668303253026
-0.04887193853412604
-0.7275405493468794
-0.5461560710776162
0.18353723791573265
-0.25005055362331263
-0.9839062708282491
0.8399837474151018
0.34963074049224707
0.7274339704212507
-1
0.627524844891807
-0.018519612749977193
-0.1775038735470423
0.007220019410933994
0.5688431667181282
-0.2042804707932577
-0.2524955163918971
0.17396905765069395
0.8217451690550805
0.4286763216955541
0.39039056496056984
0.5195266140062107
-0.4062125554598226
0.2987237347462155
-0.30683949932682886
-0.37541359032146143
0.21773044377959833
0.9198191786729312
0.04786969471114155
0.05961086826569812
0.4811484279061008
0.3465120254014332
0.404603409718147
0.4787204139762341
-0.3426129214843492
-0.04833792681136356
-0.8731965021279036
0.12534156477959107
-0.7797266430334616
0.7274548594225042
-0.656648122831057
-0.4163551790584567
-0.6145686770782576
0.7051428930614538
-0.5728246623876324
-0.5979267340924048
0.1816782946548956
0.31047807105804864
-0.666834670575319
-0.6140996959376575
-0.482420793135251
0.44907275872384084
-0.4159337114361176
-0.1904946375503965
0.21234453857032579
0.23618077990517183
-0.04873259097001979
-0.10246461146642877
-0.6441763105462561
-0.3562212925640941
0.2170766666674793
-0.23198231542030806
0.25775819416675216
0.08764597668588042
-0.06944723881861505
-0.3299259310680416
0.5315022027031969
0.02865644882906412
-0.03107998929882372
-0.8902927496556143
0.9379688302584759
-0.8034407896260157
-0.35000064395269365
-0.8336474475023529
-0.40710720257276806
-0.7322552057744548
-0.8677021199842789
-0.5701968395403079
-0.24437957909801217
-0.929112161908405
-0.034738257834095974
-0.7968256709204504
-0.4075908506492441
0.09984508681534822
-0.6714772676868432
0.15760161019924285
-0.46441757256524235
0.8341432810892786
0.6345660143693493
0.730546771595907
-0.9068396280124988
-0.6705838836447131
-0.9655889490633242
0.8100593713797901
-0.4044567228282239
0.24256164562878457
0.8841111481153993
-0.7112301744126157
-0.720817017582466
0.4076346344179076
0.8501883102656179
0.16770181448878285
-0.2159054564538852
0.2649026282028125
0.019378152960102722
0.17475404884496598
-0.795378414767022
0.20177702249332874
-0.8420026048780757
-0.9065739524409444
0.0637131219969769
0.8870290054953616
0.6438542363248768
0.12200314677124226
0.9087271490160209
0.11665288682463852
-0.3774597655815951
0.3892771372601399
-0.2286735476270636
-0.13639113602165243
-0.4586666202664225
0.5065142331956577
-0.8412506920917455
-0.37601292575551504
0.4147156486238003
0.4650878086800058
-0.6312384852854367
0.9617282140565625
-0.7308948133796488
-0.39362670741646927
-0.08995053788164424
0.38262113383594104
0.010390050434693973
0.48890328989176385
0.4761929061755509
0.869189614473533
0.4816753445275266
0.7835978590935826
-0.6645154795993032
-0.3772222776805721
-0.1317002847602517
0.8948018523071564
-0.6960240880781854
-0.7687104289191372
-0.7024466395321466
-0.12405467314159627
0.7234961112339183
-0.511904017111935
-0.22762075420883846
-0.6858233069226004
-0.8501685823008412
-0.09964506506428594
-0.5604688617539628
-0.3361279325736095
0.305550716635288
0.9719575041886942
0.9124116997880349
0.2819687129969603
0.36588288054675755
0.9399869498000095
-0.07734573373730282
0.580338907481849
-0.6692481900411544
0.24285768928818866
-0.000764307086835296
-0.09379941063213275
-0.9846091955956259
-0.8884491435916132
-0.08130415978581533
0.31801399227856997
0.19424359942679753
0.9561593565690186
0.9051629785896191
-0.8153372354716155
-0.9992809691831328
-0.0468493252230216
0.1453844153933821
-0.8263550821413158
0.6832030982648614
-0.7434963748496358
0.5757108987551417
-0.3650686083143024
-0.29765602375312883
0.3119998442087705
0.7859171611331716
0.8138214456746373
-0.3370239681250928
-0.06466282646223985
0.24191856871838638
0.171057005074417
0.5605549667785816
0.1990239309431052
0.9077652090881044
0.7938008186950094
0.07462411716985516
0.40390995490670595
0.18610974304844233
0.660089179647014
0.7300638258382742
-0.734846056235163
-0.632936821194079
0.18874036945489409
-0.9876059468369647
0.6656036861165104
0.8729990752268953
-0.007621967023862616
0.5992497311674639
-0.1062059349570305
0.5423426954007767
0.3412949315233376
-0.504837827313608
-0.5920350222090668
-0.22908225499753035
0.12641325062295738
0.7940210593443735
-0.5943434310127006
0.601404732034034
0.08138824710208384
-0.9181644426580465
0.051510713313379135
-0.6254598599936626
-0.1649811258779391
0.7336915070028842
-0.33592189209630297
-0.12326876928895247
-0.28583912975000036
0.28163226809431013
-0.9836333543581643
0.6584087398266785
-0.0019005485284898298
-0.061595741797207504
-0.13591038008158557
0.17902462908719677
0.33841561133357084
0.5880479411962474
0.6343839751074763
-0.2456991499058177
-0.055591419941471355
-0.771871184397078
-0.3968379947529965
-0.27129014420021286
0.5272374173389301
-0.7726127788827403
-0.4074493632954252
0.5579894998041288
0.19555566801790109
-0.00872206612871167
-0.9407485385036134
0.34786949540968587
-0.3815295167637132
-0.6969103495387206
-0.7961214567906093
0.24482325475201383
-0.36626145634151097
0.5950489414280264
0.08733105657267691
-0.6157555709209863
-0.6907912113299801
-0.4129628673522522
-0.35334172449535334
-0.24457001627255248
0.3142745832452737
-0.8110207720637043
-0.44343454633827517
-0.6199122688960252
0.03829445765248661
0.05176679775003926
0.45907542351095487
-0.6994799414250623
-0.08351705661501965
0.15470567709275948
0.3729964299454137
0.9596328875754322
-0.5674261946626574
0.8152132905206225
-0.4795444824969746
0.9853698620557221
0.7527066349356306
0.7679411601736411
-0.9488201402180442
-0.22683963876586904
-0.8727222623639738
0.43173635532019533
-0.15133721001014103
0.9541335809356251
0.7421646893510218
-0.7108270885716856
-0.21939273444891
-0.1459675036425436
-0.9074028134814633
-0.5630303350742394
-0.33067787169497526
-0.14981781297933566
-0.3445273580644063
-0.5893103824347186
0.4309404061196606
0.5284442300670864
-0.3602756791519425
0.9517365928689163
-0.009709901045982811
-0.6053630731583726
0.035207166721414884
-0.41308401938836853
-0.7731124648356767
-0.43920144039288583
-0.008214114628726846
-0.6767661312039195
-0.3843338753522606
0.9995248620718451
-0.44655946856641615
0.5218467935945363
-0.92351797451534
-0.7058676226495031
0.12594202691498144
-0.6184205243086335
-0.029497566289902404
0.5554299163928257
-0.2786361085055068
0.3700005137486163
-0.5248538631541058
0.8582367649322797
0.16767719198279482
-0.39104476405514266
-0.31484396713989626
0.27494233951838265
-0.8816472209088783
-0.49507797087113153
-0.8406875234749633
0.9455036239205594
-0.23919991143018693
-0.15502081394356754
-0.6261785549995854
0.6576514840205211
0.6823836355461229
0.6215113439788743
0.7185395576192979
0.9172840133172449
0.3073263530050768
-0.7181868245525287
-0.6839589747372579
-0.5270380195436882
-0.49045086893557177
0.16404288635874606
-0.025868297474966054
0.2880851916312129
-0.6076317436864694
0.912713560919431
0.7806909314533368
-0.9756213713029187
-0.317614861685837
0.8592272173917064
-0.03229541764903299
0.8628379070448313
-0.26859997691010123
0.8448428021676578
-0.4866963883673299
-0.12641958110706564
0.30663638248130587
0.10400683712013045
-0.29042532616365824
0.7339609381816814
-0.34387373847977215
0.7164761730443673
-0.8166888022593888
0.30738083968201957
0.6938012794286549
-0.8311956427582202
0.8077334131312828
0.07255026064112226
0.7369769911293558
-0.022255067567415517
0.6097777175753881
0.4422796598636347
-0.5135638081617768
-0.9728715547522704
0.3031980410703012
-0.5718266439119836
-0.15622390709079817
0.24024224768989913
-0.493116538273332
0.1023907808882877
0.6520043973537231
-0.26594177520557005
0.8814348636076279
-0.4570876146892059
0.5952676510415222
0.42932278129030826
0.28870553228518747
-0.9211447406902161
0.8394639971692472
-0.8391548392946043
-0.5113505339280747
0.8105957022232391
0.07333953067033736
0.24491263585863107
0.9908525545867992
0.16994117191526448
-0.3040991374182466
-0.4939006928598056
0.41782944442516606
-0.08231618639559456
0.3769073537218515
-0.5754084473610059
0.6401605774819539
0.8787730588944107
-0.186430308300798
-0.22188878065539008
0.07461683242123851
0.8114928378606677
-0.4850161749653754
0.6983803002266772
-0.8890249074206327
-0.2452465010670838
-0.8957190738419621
0.543049341071309
0.10636636946175285
-0.8456894421560462
0.5585826760554478
0.21842943301223458
-0.7037631054574103
0.8809380309183603
-0.4902412053069584
0.4822006149370975
-0.1632809692040833
-0.6054764501280427
0.36077539833660216
0.5361195918820554
-0.9134732120216853
-0.14473343299231134
0.9465026036756401
0.25689986835222595
0.15607700770908337
-0.11550622101521668
0.7685788991664334
0.9927949226145751
-0.5033243921703116
0.0979917705540529
-0.6331609536065318
0.4786054537984606
-0.260242103899117
-0.2929175413662025
-0.9536277051979662
0.9929930678318513
-0.48576042601666564
0.39831316700579145
-0.4373585944784514
-0.49205809079222745
0.7043639920748317
-0.9962168008481747
0.02572595099295316
-0.1660752925530549
0.3272125798759107
0.3151091737360113
0.09186339751050789
-0.7543228200134049
0.523567857387211
0.49547395422271995
0.7983529652659666
-0.5518445959178118
0.07615269674000237
0.8823681472146736
-0.5353761916949318
0.48073315552684026
-0.4861662742590655
-0.7216738465480096
-0.9360602981944964
-0.3146364196454008
-0.8835646052220762
-0.11825446800287515
0.2771479971806091
-0.6287142906832622
0.7196825779213092
0.6442777232635482
0.35987954847786924
0.13643242986582238
0.9065086323096476
0.786020852751575
0.1531453115544061
0.1456326443916659
0.7871383224475461
-0.7256052316798186
0.6394619843279126
-0.5024145971580335
0.9242994463922752
0.9972508843483151
0.8368912974741431
-0.8776595614578174
-0.9484501289731992
-0.8464537927864536
-0.975382112183096
0.40141406197906954
0.9071644734233213
-0.7457881637874706
-0.2780841015584258
-0.3174540163428989
0.8712158394268923
-0.6812283970879446
-0.06836434285115982
0.9882316153111428
-0.8579267296019517
-0.4346883144517492
-0.2505663173686832
0.17533560987952831
-0.9843474981953007
-0.3948096992417136
-0.5908941384809089
0.4414852175051631
-0.1747402820752721
-0.1403341476496048
0.8023970551070859
-0.6434243592410693
-0.01283196210143869
-0.1606770270387012
-0.03750449412592114
0.16499450449496633
-0.3572494005361323
0.7104395956451637
-0.7233123316450043
-0.2890900674228184
-0.015419344989825893
0.9319338204525259
0.5103697115942731
-0.7715080322629162
-0.32676029844997606
-0.6867323286822372
0.8647629758729924
0.4869401046829026
-0.9669549697405484
-0.9021997943520174
-0.47618696800225063
-0.7458321515753623
-0.6152021620809369
0.2012409835392468
0.1788306684718713
0.5693547517207899
0.5494360171352541
0.8363573828601681
-0.3614089961169123
0.6377300375996691
0.6499799249241835
-0.7492409135703251
0.23652277094586663
0.35281591548883695
-0.6570803990405939
0.9485729674929543
0.03678411348529834
0.18810131497037513
0.4932359768591286
-0.9684527880655296
-0.9073946524735423
0.06482174637097987
0.32280378603752935
-0.28730161567927043
-0.5368343549258319
-0.07074921144460908
0.9214405306320305
0.40065284765066955
0.29708637414423406
-0.432986335859482
0.818587163918408
0.3163943460558328
0.03951662988207144
-0.43981180763588335
0.2900263354446499
0.1438757579636464
-0.7370052110832703
0.4445333685356541
-0.3028866065717709
-0.24680544036507052
-0.569134774493829
-0.2674928137847282
-0.2776800834225144
0.3903906720644964
-0.06942899349629181
-0.6696858369998328
-0.5515504123019176
-0.022550339962705793
0.45804698702447083
-0.8963239504179763
0.6954295507514653
0.34238249191008724
0.5927644005739259
0.7094135302939317
0.44397709633641175
-0.28677473004056264
-0.5047368850278181
-0.4173585438146846
0.8363902698094143
-0.5882419744443729
0.6074989255308276
0.38942788674138096
-0.6857033125172494
-0.060704630014220516
0.86228765155956
0.08743018637873941
-0.20907968821415612
0.8345382379097696
0.6373012009755443
0.837821817505646
-0.07193976714559296
-0.5212281418019299
-0.46922012180001227
-0.7553795294415409
-0.3319500471179879
0.30620346679229715
0.3596972123720053
-0.7046003641686157
-0.2144136052840036
-0.07021238637794834
-0.2558461627216838
-0.737410460576718
-0.9284753144737552
0.43958089751676227
0.32676404713403906
0.04824734826980841
-0.3943020341061789
0.15743736622917517
-0.9562080657128657
0.9904540015989965
-0.9117463868418684
-0.5582875141399417
-0.6221847234146445
-0.49328518740028987
-0.062063100982702374
0.6937990570387831
0.17782547687695463
-0.5992911113179382
-0.8167881456426915
0.0568610254200243
-0.3872433161190909
-0.9693358221217302
0.04752172021452844
-0.8525902889388788
0.6502691156695384
-0.21547333496020407
-0.6785951375271807
-0.4540562677531693
-0.8614310466361808
-0.9892709767821004
0.45619464206111315
0.6340735743341263
-0.27793220008137154
-0.3696559372412184
0.004388390125899392
0.20896035075830627
-0.13122457848711566
0.28206984067352314
0.9561275061177251
0.3915555562748598
-0.2627829579947199
0.8626568123769252
-0.5987417817672077
-0.7975761592833441
-0.17667449923017936
-0.45942900546194637
-0.5109387759584575
-0.9006700201412305
0.18432690299130755
-0.13124109145663623
0.11065718472793143
0.7795909042227093
-0.565556002144594
-0.11594404740913816
0.726242643923541
-0.1163781163765479
-0.47612197377194676
-0.7786895412210065
0.5865875437719106
-0.8368925757509005
-0.6121389857800678
0.3984325464405682
-0.4324007407257569
-0.9929218454830229
-0.5816956204284249
0.15673316078355307
0.5652446030728617
-0.6231613197073013
-0.4660795772641182
0.9648856503638603
0.720189390913267
0.6601086104994008
0.9139059888711123
-0.8368845245924863
0.24922775860562085
-0.7324522777881315
-0.5602481361560145
-0.56368990297601
0.4411768532279308
-0.6476423142173579
-0.07405775004824587
-0.49527832861887433
-0.011343491912499868
0.9830675421544144
-0.4223647870549963
0.35168724998093626
-0.7433104550105003
0.624854303452064
0.7349434724967989
-0.9205357897269331
0.5648898075775824
-0.757011593366205
0.6925691536932334
-0.0889709251089435
0.7338824304344301
-0.24235837055972437
-0.08366146435951509
0.4441669493642169
0.8432341181623799
-0.9441686819099209
0.9199353315412985
-0.3947068799192524
0.9475727329555462
-0.5320845453632237
-0.48244632039254415
-0.6813917004212462
0.8985523011296818
0.42515486778708583
0.6791711600950925
-0.8203603731909538
0.2976350597077541
0.7744320447323882
-0.6943503211517449
0.4945630804975246
0.07004673356867687
0.5582625768495865
-0.30574462799803775
-0.3106056025069487
-0.6660252052762491
-0.42369153640422574
0.3008587443841166
-0.07992274002757761
0.5776151844069841
0.03182556707882071
-0.4051244797804802
0.9628074472548898
0.43667377456018114
0.37922047612513893
-0.026318168606226055
-0.17741497503485854
-0.4395204876918676
-0.5332424716076337
0.3729886887447364
0.6700791603864492
0.9008577000255795
0.9762172535734254
0.7250198492172878
-0.9094221949243808
0.4256446203132717
0.4730122087492815
0.7741109998604538
0.540538448904468
-0.3756346645816421
0.5482508026557203
0.9804158004068686
-0.6272664713808292
-0.4048359415078703
0.6413361870334754
0.11363428060012311
-0.7494708971792654
-0.860251600403085
0.6940031027456611
-0.394882289669218
0.40656892973631537
-0.0982034494978267
0.8675254010996882
0.6467327266026269
-0.0785967700064025
-0.09533600850428647
0.9433114694530034
0.18827535598038025
0.8659334910990472
-0.5489175869575634
-0.38844327206684665
0.3971114659855016
-0.5714968285930925
-0.4349019604094201
0.21125934091389428
0.8166356471346579
-0.6790144688550246
-0.5023549762985269
0.09232990489699246
-0.7459254103901385
-0.11378531463376977
-0.595508547727718
0.7838799267108483
-0.09175799386540592
-0.9002629388068459
0.23993343996600972
0.5650456109379868
0.3884217603234309
-0.06383764323135026
0.7607896458407397
0.7348075910573004
-0.3899691189594585
0.6218540574938498
0.919991080815514
-0.08452677980147047
0.8026916916512244
0.2156428221717997
0.9937316915549386
-0.7177781941786933
-0.9088462913578799
-0.3540808614788348
-0.5953341020309251
0.05406565543900138
0.33318063541763504
-0.9726795232582544
0.24241214693016913
-0.5333920073941745
-0.6808895420813023
0.7392535715165164
0.47207523475476076
-0.6899310665727156
0.48518402511352654
0.8911101707976554
-0.44696034903344123
0.2402512688562006
0.5635667790250385
0.48353842279855
-0.5158635966133838
0.19927675455668176
-0.7491867855046448
-0.40185738378059466
-0.5486642851365352
-0.905398783211858
0.4926061977456314
-0.44208288736558066
-0.8063627743972668
-0.14412643510398718
-0.8114931385826649
-0.16843643265713454
-0.05927484086179938
0.010615605942014465
0.4812958630310992
-0.9662567411645302
0.36682398395610605
0.3179319801224777
-0.11510116724473002
-0.37313082857657626
-0.7290612335639427
0.4505408493021276
0.6681238620262367
-0.024222901885979316
0.7160858720186628
-0.8728214453081558
0.35871557906297247
0.9462026873224917
-0.46386307446076547
0.6118567482175883
0.34883312719424586
-0.2017435027536526
-0.7673358370641388
0.17413761590103297
-0.1985667884347713
-0.9828861978344148
-0.6003093676640578
-0.25766815863313797
0.8041072497503806
0.32618568128914144
0.9216172173689265
-0.2898454097870513
0.26613689151304654
-0.6532127107965302
-0.3830746101901169
-0.4351678971910425
0.9351270035435746
0.7205174554223174
-0.3429613478700706
0.6487237156812081
0.9814012777715264
-0.9288846316158934
0.40806646768084964
0.035228491453763826
-0.985251577856098
-0.6567001883706693
0.7897905371499949
0.569679953547171
-0.4559062763174333
0.31298397730952776
-0.21117025272156936
1
-0.06213326016600389
-0.5825123482146646
-0.22505072703267676
0.9916302855977491
0.45778294488085625
-0.30698966405755246
-0.15877323672366203
-0.9293380294554224
-0.17425235970498718
0.673423089826286
0.7632066542519181
0.14670301600963076
-0.553747652052415
0.22285046449853146
-0.2536484456621848
0.8674040593656623
-0.09538452263280407
0.05891196536113775
0.5108977445653033
-0.925792443930239
-0.17623556143276575
-0.3354791614695615
0.7175713077619774
-0.6391942385668341
-0.012360050805822144
-0.6928893802977062
-0.9753114863774478
0.4342539510713298
-0.4395990102770125
0.15363222767314597
-0.01629398708360095
0.25732019141029666
-0.4157010297762277
-0.36514832237836903
0.7566461278514067
-0.2152195210249456
0.9359097328025141
-0.5807414616058862
0.7126484689808782
-0.28900993735062364
-0.13920680246691483
0.6639521858249725
0.0032410930514093876
0.48850209191818716
-0.6745698898339024
0.7150177857966948
-0.9413530728198871
-0.11801776552671726
-0.7191118296159382
0.11219970277196192
-0.23692391303107102
0.718158588282047
0.36850462250738614
-0.5368013248397313
-0.32045993982192256
0.5403937070089959
-0.06908079491993843
-0.34288923101669555
-0.810931969900197
-0.4527547063063938
-0.5581677043257982
0.21735799748979823
-0.45938697790665334
0.5416441706113537
-0.47154699562451424
-0.6944352897972057
-0.3169432024543018
0.5233691356664829
-0.8227367561700256
-0.6752685401350927
0.9475173201186579
-0.800126988855117
-0.05051718006739252
-0.6931675299921822
0.8144959480842181
-0.1567948676122671
0.3165321109235727
-0.7091649365690714
-0.10032315733710645
-0.8357070113256897
-0.8196209728520671
0.6634907504693772
-0.502643357086497
0.087731763044758
0.036108242295947356
0.3076261310054336
0.2656572075203536
0.3195855863877767
-0.5203005691130163
-0.6758202633237312
0.6927930092934598
-0.05087710421342985
-0.8155416765241316
-0.03417656210891865
0.04368147672991526
0.6056834817523161
0.33378355495639334
0.3688854156972316
0.9836192778426952
0.38985161807314644
0.4032827318708117
0.32320132337547014
0.8263028014505792
0.6568991769529926
-0.2950168547950126
-0.6013386473685637
-0.24146768511810146
0.5344330122221992
-0.5522718307308494
-0.6273106005596794
-0.5892722837266239
-0.2525929447890001
-0.8274417831160624
0.19770449840510707
-0.5517650915243603
0.5637028900129788
-0.7493593399130232
0.9316452835479252
-0.6808117837343306
-0.8683174922740785
-0.3631381104836777
0.41227804523110007
0.6205062443823116
0.21577569472841002
0.6017741953027597
-0.7766768715043298
0.32620866665658543
-0.7049371371092439
-0.9179259971662774
-0.5847582288348879
0.42127595992874034
-0.7119918621662403
-0.81903036336144
-0.22504063072034317
-0.6490032187056034
0.9069694587650095
0.8688598880951907
0.07351005176253457
-0.6148454102998608
0.9270949340737733
-0.8330858711920882
-0.4580564801235889
0.2986963659458347
-0.9398242762931522
0.9781665458940119
0.6157821058819108
-0.3869943192156418
0.18212638760639685
-0.6137245349932288
-0.2203068398549242
-0.6475765862516938
-0.07701918978036787
-1
-0.11925595262832692
-0.9318084671929193
0.9874311514706164
0.835907896831614
-0.2923568987088305
-0.9411495867176616
-0.13109619994531968
-0.77697343064168
-0.20183035400748453
0.2467898752147782
-0.24189606736874203
0.259937577612987
0.13872926531702678
0.4634550853408659
-0.9961837881921181
-0.9325195417871895
0.5063350195296622
-0.2683443819346806
-0.24970233721741403
-0.04348801685304223
-0.1624065496679724
-0.042426953716384365
-0.1716633957383455
-0.22675983017595602
-0.7297275743769495
0.948182259925028
0.9021932900288085
0.8805087664914742
-0.8268914671657278
0.36052354087650484
0.20449660257638871
0.8150603710736264
0.04571288768877645
0.3718554080500091
-0.2147255576465976
-0.479511155042546
-0.9798534471549605
0.6326685096183654
0.27775981862454496
-0.6434988873191213
0.9336418778250796
-0.9392791178974218
0.37751020281551423
0.5228058794579525
-0.7929162848193236
0.07189016716974507
-0.11939896159730937
-0.6703232999018626
-0.535350539012408
-0.5253967998160183
0.7697847176618998
0.9775268695633273
0.6088394533449397
-0.10709089077888284
0.440206748973211
-0.3902286774560357
-0.8315136203356625
-0.294111589778594
0.6883954466680676
0.2510854024384717
0.585781973206626
0.6115957790533253
-0.3923921307625977
-0.1380027812064143
0.44617230681415226
-0.13882836593706885
-0.2339017223263804
0.16551135846359633
0.5868758605630188
-0.10207925473201915
-0.6507061550908498
0.7414285183876639
-0.11462857607229561
0.4015376160267448
-0.8980385042325593
-0.5910948900081051
0.2397812273091048
-0.5524636559553179
0.6590600510053506
0.08384176058469076
0.22114915825455372
-0.9900162790039349
0.4839552176956509
0.8037732482108565
0.09456196103411235
-0.34717954148237384
-0.8237967725601262
-0.31137231192461345
-0.879536603199455
0.9824010819415133
0.17102249485305793
0.5528899838740352
0.15093305617093125
-0.15576147142178604
0.11292465558986825
-0.4321151994427099
0.29877097524121526
-0.8277117350842764
0.41672176878964695
0.4569408629399832
0.9261262019313673
-0.0870744963661321
0.14493785580354684
-0.13301353686096007
-0.8784682344881295
-0.07448888530193597
-0.5289714708524722
0.38740335189084113
-0.7549071153438627
-0.6455789334681977
-0.2314377783404792
-0.7061423577949123
-0.8391591610911363
-0.07500232746059564
0.4472815378024278
-0.26475718617545074
-0.7801743934737458
-0.7670054704069584
0.33784791123461305
0.8497763403953577
-0.2554088742580797
-0.6853590678475886
0.712056169021694
-0.6640398754701697
0.01966406054900887
0.5089616879624919
0.27572266870072765
0.6426592042787734
0.9441930775540766
-0.19985179750684484
-0.5026061809927569
0.2303338042292569
-0.3203087785463819
-0.26190279500751046
-0.9473280897108048
0.3982174045421582
0.8299847332749097
0.1841203069000373
-0.48904488451034445
0.6767324104337346
0.10009927834144877
-0.5437548901033158
0.6718116316291134
-0.7527194992143644
-0.06644307201956089
-0.12599198876729986
0.19889673219140194
0.4068190480181871
0.6542849082257678
0.09911235420912938
0.462597001132647
0.6336597890502744
-0.7888069812338364
-0.25196332463958754
-0.9691047182142504
-0.8899365057480534
0.15580960229513127
-0.1688351739037136
0.8106828090507969
0.16317599205162503
-0.791448978418755
0.3450297451591624
0.7173392043593158
-0.25286630324200476
-0.6623797158589918
0.8530252467748234
0.10376398906029229
-0.6362288306110186
-0.9304813846502673
0.4030205273393599
-0.3971471308334577
-0.4302683164733272
-0.1754689688888988
0.7557074851227933
0.432703099771546
-0.6221021324979846
0.6004558712750858
-0.39298722444993583
-0.39300761647419147
-0.3791922097499199
0.9062806505420036
0.9863190557579946
0.3743193836100808
-0.8161574308520974
1
0.3472626957371289
0.24254412953663773
0.8720011350135802
-0.9734479238140326
0.9313694763427913
-0.9217840672567438
0.5800250736158746
-0.05351460386307628
0.45318316605474096
-0.9543273396031832
-0.11077081259718656
0.0824341815185255
-0.9246678175135522
-0.607074732231337
-0.5364281686576987
-0.7087308183735647
0.34923934327389167
0.6767570162500975
-0.7629696436664407
0.8694731563003952
-0.2179761277524169
-0.37847027214142087
0.14323558165273154
-0.8170501492731004
0.8678158146730062
0.5640696618732456
0.9780126364368058
0.35281223691932123
0.8834906597388448
0.2596579940604918
-0.1521533932996159
-0.7328186806457846
0.6118077187430324
-0.8617463883041054
0.3726263587464605
0.4763219795817131
-0.7504259096750627
0.1322687797062321
-0.3097061220891075
0.8283692461526848
0.6810052340247627
-0.42767363177492884
0.6384161819461276
0.798681237232114
-0.8126243555004649
0.48596141808809307
-0.4560614533193988
-0.04983103109817079
0.7577598102123817
-0.15893541714357626
0.04826372904644545
0.9307427623818215
-0.21519674493676594
0.10935641059449701
0.7179565029955227
-0.9982635460376347
0.6377411343335572
0.06754917536627575
-0.012090387705656142
0.8187204028498983
0.7415732096889116
-0.8080557994308616
0.5913046391912196
-0.21207741839667799
-0.020996378433501137
0.17080318644611137
0.221607052450754
-0.9890196337519481
0.1069426714561002
1
-0.07022376486098124
-0.6006983522933037
0.12157219468820299
0.6060719624245335
0.5307509765205262
-0.8351218642603809
0.7320734430225677
-0.2451097705010773
0.49190489494108974
-0.059319973059728415
-0.9211747727608608
-0.5012140035291289
0.1500980473050283
0.6536886549906412
-0.4163511866583904
0.5253277144432829
0.270782086324526
-0.37245268806259235
0.48783752606002273
0.7490544457650352
-0.1708676642577146
0.6820177957019529
-0.597871663265983
0.007283650030269929
-0.6158144937094874
-0.9853438047489361
-0.024727938716785296
0.8405259401180727
0.4971964545730844
-0.8808387788623454
-0.6138460011701147
-0.6689827728792421
0.34750620472101573
0.5040396931801898
0.46124031948860583
-0.7700523589638524
0.6803174499988941
-0.28884867148085497
0.9019519280315702
0.8828215734984727
0.8080231321953302
0.35414136226942283
-0.9151805192216071
-0.12081225093373756
-0.1444734833497385
0.93428383247007
0.8283354814258831
0.17816298581380047
0.08876146782610486
0.47798552192770016
0.941539980605935
-0.4197985051457255
-0.8294763363608476
0.19269043498817018
