0.6642567346720455
0.35835007955771436
0.32585172964138387
1
0.3123739357777128
-0.7243348864731238
-0.9335859132178976
-0.22809283058606328
0.14803811908094597
0.23962368024725128
-0.7757846167958006
0.1953093217268082
-0.35549655115748147
0.7573619441618158
0.4384173616725544
-0.926963592658206
0.8023720195247508
-0.4768207959060528
0.6183315489953991
0.148738825146731
-0.6845128878314162
-0.2986401100510294
-0.41780719780260384
0.31870561714772305
0.4842882950048585
-0.2726042908866219
-0.21035184114487587
-0.4591494592851679
-0.6003693335238959
-0.25816021998041355
-0.1426238540943381
-0.7794612623604156
0.5847663325584982
0.32520029167559533
0.6934991023933147
-0.061638320603459654
0.30804054457274715
-0.12110632042324805
-0.7744395322253504
-0.3429968713730324
0.5871702482358645
0.2279051654940273
0.5913940007844404
-0.23437419295254297
0.18666370200475346
-0.03764450618699421
-0.1797244622221904
-0.06320297708480949
0.11216596349773202
0.7173868378922154
-0.2869433420971067
-0.8649809037019397
-0.6587868623935821
0.8693376471746286
0.9302643481868934
-0.21561517517107573
-0.7773883291011348
0.6250098189769177
0.8513210017534774
0.237772091350893
0.8606459699885833
0.570006475153968
-0.048172518524701155
0.4592746291663665
-0.02257822640557645
-0.8612216081775852
-0.9548652829328853
-0.868199763448887
0.5598742695116229
-0.45023111678692823
-0.03246616949708451
0.7757045554924629
-0.4606025889429988
-0.1163928353191519
-0.06601630130408774
0.7932018074228199
0.21992411775960902
-0.36758801052777146
-0.5234863160032732
-0.30776887148170795
-0.4615158208801328
-0.07988473836565049
0.18410070110346555
-0.16774623808405925
0.8062711968322094
0.23401020420812654
0.9167811633098979
0.18912064079523566
-0.7328761380081074
-0.8303908837677616
0.5113554105134751
0.9247610129507611
-0.06023608451241005
-0.5753398370612821
-0.8798328494408783
0.5111940541010183
-0.27462937075688887
0.9279858606988162
-0.6166614392585673
0.33607864235409524
0.7250430060839395
0.14523772035373764
0.06805360654369724
0.4750457884236416
-0.5115642186420852
0.4717657091437577
-0.4518973664113171
-0.6916929335566433
-0.9034375613098645
-0.35063329298314816
0.9379665615221467
0.3809282340636926
-0.7894100238075163
-0.8036848109599523
0.6317075418742671
-0.4594733046004649
0.4939631663088168
-0.5438649120805419
0.9213133681912339
-0.35993119636337206
0.39441680245789845
-0.23925421802268998
-0.6234564848225032
0.003652100456633998
0.7458812453367102
0.791150579546487
-0.2558803105063906
0.48729317750840767
-0.8414545462180258
-0.5379582715976372
0.056779953602177614
-0.2997203530737258
-0.10792918351139491
0.04806038937569099
-0.41993590132978975
-0.26398755512015415
0.4836496659586531
0.7916751939279868
0.4153958038223788
-0.16876439566672594
-0.4402885445692493
-0.9654462504598186
-0.4534081082922728
-0.030532166312341843
0.8526486157073625
-0.8951077546213504
-0.19175958983635394
0.6709474824000545
-0.5150563912532655
0.9655562376792793
-0.4472243062090211
-0.2567985514343659
0.7442348021495688
-0.7679512411332968
-0.42885591320788197
-0.707998893600631
0.954895986350898
-0.5463653361151527
0.36629756379705297
-0.4473615899574863
0.04471938422345577
-0.45741567994323495
0.3447253987006295
-0.10733263493281195
1
0.45607740799887586
0.025225634298937535
-0.4461967847913969
0.3403804360354212
0.08013210103829173
-0.14405203191202415
-0.3100090886414008
0.5652123092620187
0.03898652359287839
0.7125374280905247
0.6060798668403898
0.40919153790197943
-0.2900999028527628
0.5066520934670352
-0.8174018341170636
-0.338978314280854
-0.37697521743682444
-0.5358056650005755
-0.40682121202327687
-0.9410997392080851
-0.4532417481543841
-0.5150607912713403
0.15797883506516291
0.8716218479106428
0.15132665557732983
0.912038408144147
-0.7438819886563667
-0.30006506016133694
-0.23147256890152443
0.1577396611560223
-0.159929452825053
-0.6045240389548827
-0.17755887459301417
0.3036216051891197
-0.015149502764569995
-0.24461959216678109
-0.5205808010794806
0.13134075314856275
-0.8511949155383963
0.36318069381035617
-0.25185599070059217
0.032595850026039104
-0.5346390139660109
0.19248045838953412
0.3112858206319701
0.9057457682382215
0.6228513156529303
0.9245720175860108
-0.7830864970302421
-0.5857847779972714
-0.7650646433710471
-0.6545742785511061
-0.9754963552084698
-0.0029662847373323207
-0.25562858785730963
-0.1540983308202395
-0.7532616418592669
-0.8468675083129656
-0.4533582172505856
0.43329185583675117
0.029697588228622666
0.6951321494233154
-0.5156492525728579
0.6946136597954113
0.31312254205402373
-0.18967710098567575
0.0641631866857888
0.5355532769881924
0.29235861672361546
-0.22100981356567626
0.8164794384366793
-0.9980236924571281
0.540084606117288
-0.19373144651238755
0.278943472158807
0.17861351236007947
0.9209760120947432
-0.8353569254745123
-0.4542505757430592
0.645638355808081
0.2731847554029543
0.41935788547433567
0.49134624869792
0.7480942061814068
0.3545503497526146
0.1289535490932879
0.3692534429101531
0.47431352668166166
-0.05234176734987046
0.3754873647932371
-0.05662147614227123
-0.2253254670095122
-0.2010219456354602
-0.05714848094895797
-0.6642547406733348
0.3813269572648893
-0.3478312469758157
-0.8983327169603454
0.7234230003819101
0.79920135180897
0.08064448705766539
-0.2836645073317989
0.8952274033806431
-0.6690322002609852
-0.8124379515728616
0.3184363391066624
-0.17223353700732777
0.60987835337843
-0.17314168770694038
0.830679207005282
0.19631238238954835
-0.3134782981294672
-0.3193892842017096
-0.7486875857915883
-0.1371710589915482
0.09232362489145857
0.6225172408582441
0.17963960643779026
-0.18616647314394583
0.028210222671156145
-0.5407509687973079
0.1927429635415718
-0.6216959760766853
0.3335915742912933
0.5624306258582387
-0.1905443847304737
-0.3884893282526023
0.26674896898365935
-0.4836554449031263
-0.07666027741296332
-0.052670541893240705
-0.39511208897751987
0.7330372360207127
-0.06996992598035925
-0.3507064339188711
0.49119737075053
-0.8938769469486922
0.27476672421238135
-0.28379907527944703
0.06007276111793462
0.9137293351875077
0.7317996801007832
-0.22853820066463407
-0.9581203891835293
-0.08000307552422004
0.5885917128123925
0.6706714720367698
0.6095366447766593
-0.5830248444643908
-0.5603896668858831
-0.9460250812311579
-0.6274022707098933
0.1264639687745004
-0.1548083726242395
0.07048523105748489
0.06565409589520868
0.3636653314377326
-0.7810321236753905
-0.9677436152042138
-0.7822171274497691
-0.1749166248859632
0.12956734036532472
0.8710561608222643
-0.9621673347509457
-0.7005262078744146
-0.0518305124412223
-0.36736211386299394
0.236816630445817
0.16556958820195383
-0.10251398773504974
-0.6947408112167225
-0.078477026773148
0.5428809375419201
-0.7322037078624792
-0.13761447017807849
-0.16450007079056927
-0.34004351381262066
0.27077765207740023
-0.21608632893121918
0.09989109143222473
0.6317973658435326
-0.570910534062829
0.46250035052521554
0.1942911974051836
0.9619325491757559
0.36741124241806944
0.9103201251023211
-0.7348736827024578
0.9487726656648321
0.6888755949547553
-0.4722274957648296
0.5072976572425885
0.10249738301063366
0.7022488331844322
0.8433801874861395
-0.23333329599421415
-0.18017144749104907
-0.37816739930670057
0.6176554495395369
0.051964235776717806
-0.8358278197901449
-0.7783868946176392
0.42251086204639593
0.005626150149785363
-0.5783604942328467
0.6770858439742495
0.7989250592667151
0.07644675735876771
-0.10657184375649212
0.6011406186929098
-0.39438279484230715
-0.8624495389987188
0.24855420387181565
-0.9442441085057959
0.9318694770302182
0.3180675099544903
0.09810144196605589
-0.6168221593505047
-0.2694275534345253
0.8750251665943315
0.6360722225601986
0.06443220004401642
0.10487401501748396
-0.8660052404009569
-0.4897645790058521
0.9365380015367605
-0.9177320421291906
0.31557663711395334
0.19852716730083253
0.5819609471205872
0.4663868105263676
0.40368749745571736
-0.4663503762805216
-0.8249704777226063
0.7788503059590801
-0.9817365557853842
0.40321764824361395
-0.7932285423673263
0.15659299081053094
0.02717431357660992
-0.8461789014352279
-0.8518967034788999
0.13196738382380122
-0.5550013830076082
0.37580773308954396
0.2364040834460127
-0.6796289654415356
0.6562127994789193
-0.5458140100135175
0.5072804806567318
0.6702352403265034
-0.6265567676443621
-0.15972741022015197
0.6941312050793516
0.07093428255355183
-0.7685128013190011
-0.11973144183576136
-0.42851935246326317
-0.10053299914989229
0.5554390253971083
0.747819505756836
0.4073285861985648
0.6583140957005035
-0.2273177785811663
-0.6484429272775716
0.8889531913576307
0.8167897060567919
-0.5379756171190013
0.4550453732684248
-0.8464074639148385
0.9271341130386715
0.025022526037853904
-0.3838173075029046
0.7516959699580416
0.03910324139093044
-0.2176341691591147
0.38689883888160437
0.7965371363634421
-0.7766842469903383
-0.20055142816056032
-0.5631831720185886
0.06517282711685765
-0.6082177065521382
-0.21218913173550716
-0.8557391580021899
-0.36580739368556187
0.4995906282162698
-0.28875334993781926
-0.28806696722043873
-0.1668668674399112
-0.40425468361672173
-0.573948218775349
-0.3592987536149641
0.0840094281150248
0.2578363366582887
-0.41735925999152007
0.9522006248616807
-0.5358174949259836
-0.8162815879104228
-0.7871580210911701
0.47892813820349767
0.45048174198731544
-0.03092836869438259
0.013037960223138963
-0.8278978621314617
-0.8508181533320104
0.17161112759296476
-0.43970907829824674
-0.5702839250390642
-0.7216740607424417
0.5218362222514997
-0.7106041218547021
-0.8742466994845665
0.5788446974391803
-0.17195163834982363
-0.7016274278578659
0.873797929165096
-0.39167911940595307
0.39492834888445943
0.590107105173105
0.8214374113650924
-0.2549796633292442
0.032883082092130145
0.6816429427103837
0.3057956200764178
0.02200394998264443
-0.5711624267295311
-0.5882401029935443
0.7473279130270643
0.7105838608818014
-0.2310181597647247
-0.8869591966895947
-0.022273896683587383
0.4236163600870846
0.009480350601820443
0.08534060163028626
0.3225158682348331
0.7717143469721736
0.6716974469753992
-0.32377527249627774
0.7487824341272541
-0.11663609356352761
-0.6486104386945699
0.8459000429837328
0.06917187267640273
-0.07568881376860762
0.22630738160920813
0.5110596772164194
-0.5514392856155864
0.9682016231581544
-0.029597780371709688
-0.575788714016947
0.671003756087004
-0.8095233828880218
0.8643223121437505
-0.9365588205547745
-0.281851108676077
-0.28158380813806266
-0.7023865826116036
-0.6481675382638006
-0.9844291559377358
-0.11256212056879193
0.03387590776117522
-0.5340819049852841
0.7711554116670365
0.36795441622149166
-0.9904048259713168
0.9064280119942157
0.9296229218777058
0.13680436946246322
-0.18686569798482436
0.36933047965727783
-0.22405367747173857
0.4412514215524749
-0.21145753490450267
0.8330753087198122
0.03935918605688084
0.5158150938520008
-0.04611626872014892
-0.6436365052924594
-0.8209001785596519
-0.6920217853008034
0.5580336127965594
0.5086347300211955
-0.4058989138653497
0.5743468575911174
0.5288905563648411
-0.3566542717838483
0.023079514097127593
-0.13158523356261043
0.7898453547654088
0.905587466878076
-0.43100680044113054
-0.3375388125513695
0.4439138462518398
-0.25129524226907696
0.9546410820372203
-0.24740254789006047
-0.4109343709715044
0.7016615010177945
-0.8919351958846375
-0.32812264350205556
-0.8703678737779272
-0.7275907264218183
0.4641214123918475
-0.303160379330866
0.5967993247945393
-0.14899558393022186
-0.5723992928492702
-0.5650766745445452
0.3038030850741916
0.4150887837213312
-0.3677342434076517
0.28908756046856765
-0.48237616132710953
0.8132681468981143
-0.27761726648659857
-0.05198750366767014
0.6851409083475535
0.5630636322147957
-0.511220930080234
0.8362486459690632
-0.3171157327837031
0.39825439171667315
0.630336859561203
-0.9008814034852709
-0.08083874026181115
-0.2492478845471789
-0.1533072280599826
0.5757646720383689
0.49991273914138584
-0.5043621076060498
0.6843313640498648
-0.14165109977701637
0.497138799255969
0.6389998190329936
-0.46371051478039105
-0.6955548915780587
0.19306585061350415
0.19710792874119978
0.362253191024976
-0.5449362579851471
0.5365254691921648
0.4073346060678841
0.6551285226554862
-0.3436868258174154
0.6234931318509371
-0.5546058186426834
-0.6706948725272633
0.8392983037322538
-0.9353626966107775
-0.6720679709573137
-0.14757562969116342
0.3164992550142208
-0.3058556093309807
0.26034945510075047
0.17837612882769116
-0.4405341261223273
0.934926537856867
-0.6589029457591584
-0.09694809640238777
-0.3398296756935832
0.77244003303326
-0.2813329218272393
0.9400538898287303
0.5355806023399002
0.16428221274153848
0.8509097952941073
0.18344327205107291
-0.6349328171586931
0.25508277370927
-0.5690600155867617
0.769655975412906
-0.0006624177667882808
0.9238226581608979
0.6892713706929476
0.2216152105580785
0.9957807426892211
-0.25902244031096733
0.3486483473619325
0.6019892461378311
0.9538624410679862
-0.6488453701666178
0.19943942303662365
-0.08523316470903344
0.3695691980605931
-0.3056518788545885
-0.21849558449227288
-1
-0.1820783627569426
0.9668070696410367
-0.8251482023605391
0.52373972026046
-0.43738136584650017
-1
0.49001072850427563
0.7417196049159388
-0.8157626085577568
0.06163616962093861
0.983433532263372
0.28370508407391587
-0.9647639289784149
-0.6700160757805022
0.9741337455876299
-0.9313470533028988
-0.7586505329369554
-0.18809388432469362
0.6061834816162018
0.4855719181912674
-0.798947899306284
-0.5450773427929241
0.06597149325693415
0.6128893708138022
0.44075571574612654
-0.12068435279553266
0.5107753533553587
0.07021092483691808
0.5243188474357682
-0.8314600150618624
0.48609436126715644
-0.4169359901429075
0.5482183876174925
-0.26990967295917895
-0.21172181816708416
-0.3122187946636697
0.20692665762458057
0.9881740647737358
0.6847706915330488
-0.051233505789949965
0.7139089650042674
0.3450046878085144
-0.7045269891771753
-0.48102369482012364
-0.9589964391276957
0.1290366533251853
-0.0385301775153654
-0.42565105947195225
-0.7555867925619404
-0.4712253012270728
0.6699174944272263
0.8454919193415548
0.40790312227662723
0.7567775459015277
-0.6001819830286962
0.664460502988243
-0.8719121509925497
0.8742064463793665
0.48185410551902985
0.6388132939168235
-0.56783857794295
-0.31000902553409054
0.6062982307781779
0.45020741402030384
0.009556969326364845
-0.32898823950126393
-0.697808869498051
-0.6460050570444202
-0.1897051445058779
-0.054029027955708644
0.6683760859340334
-0.33046062654950054
-0.8169500929153821
-0.3111374745442566
0.12056316605514678
0.5347487496405898
0.011565159996041225
-0.32230910732528134
0.38783771282117396
0.5844280473326424
-0.31464772349502473
0.4149666512167226
0.8821030167482671
0.5748804031158148
0.8333800626501423
-0.288661880460641
-0.5776269674325142
-0.8976601255767802
0.8724895883914984
0.5152613708154874
0.09513038387453289
-0.08951134424630595
0.7304154217188457
0.262604179652443
0.16642620503125768
-0.5446323460247814
-0.05635798323652795
-0.5224358507522597
0.5267320351898339
-0.7568223421830962
0.8516026083772419
0.5119890964545059
-0.9363096960989439
0.058460554509929236
0.9638325824554894
-0.4932910396169837
-0.6783369810206884
-0.41982662331125165
0.7264227594322283
0.16439041938076507
-0.9816464968977104
-0.2860496404270874
-0.3138759039124069
0.779891378339749
-0.9736102329177257
-0.8991636881016914
-0.04659979411632523
-0.3470926253662529
0.029446238109190476
0.22279358033514504
-0.6649274020837938
-0.36061116233039575
0.4373350338997159
-0.1811214669188299
0.878359334030523
0.9316476071038534
-0.8162252971006041
-0.6379859718897084
0.7288231827144267
-0.363862392952711
0.9374999298215356
0.3561283742314587
0.6093993122751594
-0.9937015261678882
-0.6481738192294113
-0.7134633839909279
0.8519289535099155
-0.9936183703221758
0.5144145645762621
0.26335141569866377
-0.790408361013874
0.8043423473614261
0.6681112059245522
-0.2669874946839311
-0.33367780957514437
-0.9259567328659413
0.5120566452645955
-0.20155233203044506
0.7622512867389086
-0.39865067933871984
-0.7054438108709385
-0.11708950909730763
0.03911808441521854
0.018027564413459814
-0.8477074219396797
0.9227840492178144
-0.17891190542937338
-0.1680876095016982
-0.15293713102981815
0.49525175105077013
0.73534972008921
0.4986609907315732
0.9476640612577426
0.13302248411636927
-0.8160263676183724
0.6196099563673739
-0.6254858350628263
0.5363372226797337
-0.9035560935074352
0.4065904532533347
-0.07996973448692253
-0.6726299156722608
-0.22750596099855172
0.5334435066171672
-0.36353828189250953
-0.7539489917655979
-0.029060880830584793
-0.2816431685569339
0.9359253666430849
-0.2192827492056882
-0.361558317445586
0.20894594436784475
0.5483630172585695
0.9343273446563511
-0.1324559706284189
-0.254777785089593
-0.11282034221101198
-0.9870947776570286
0.4390781218963568
0.21628040570424095
-0.9164879726510684
0.9481847472778724
-0.2675789090003826
-0.61617816967582
-0.299113041002789
0.1380380156057971
0.7734273461675171
0.8854026913085874
0.21812168196029677
-0.2554135204688982
0.4875815320445754
0.6992474105191572
0.9520714054473011
-0.1144793166811567
0.774710025692359
-0.7736457817838432
0.7668366545423776
0.9524793022279529
0.8134239771167845
0.8793270945611521
-0.7989153613027138
-0.16630781653081708
-0.03616596440430977
0.4529861052109682
0.4204383820166341
-0.38399200871245875
0.8458114027555782
-0.33396728263562825
0.4270172331967634
0.35224704971422455
0.4497728203822309
0.17999421883039451
-0.7988025831189066
-0.9056303911167696
-0.11531063983993647
-0.21996594743399533
0.7043729897171922
-0.009177829840399856
-0.13466444022835497
0.5596272567548898
-0.05188398214884964
0.6957349000469142
0.38954545640471877
0.00224615921917945
-0.6557413944522048
-0.3483455176394576
-0.47679552928226454
0.2987209071516645
-0.0004183887184972205
-0.3258882432920331
0.08186322770915712
-0.6155433436481879
-0.4756938835498131
0.6428145927972477
0.10281491854241913
0.8265931479844388
0.7086661650063301
0.7439695349930977
-0.2532114981315702
0.06303152135377474
-0.7941363439118049
0.30737769674106885
0.8787449935001138
-0.1020792029941772
-0.1382135006707911
0.8766491620677742
-0.6966240730212352
0.9792629236648865
-0.04678655782324837
0.05876617568157293
-0.38848148309446884
0.30634452665110423
0.34095116562713923
0.12052736017336417
0.13210806308418763
0.748462210509118
-0.6842615573048431
0.7971630202038487
-0.2779773778740861
0.7513622736186205
0.5532471498868806
-0.4316089126463243
0.8382260404798688
-0.4601552857941789
-0.9068061646042467
0.03610666306676103
0.6399150985788786
-0.9895435532668843
-0.6507076684425884
0.0631994371580063
-0.8055877126902552
0.1744820473942135
-0.09163925775383337
-0.9490367824913369
-0.510921544787469
-0.6599565830309194
0.5883927536621708
-0.3243546623263004
-0.883178080928531
0.2951934303790608
0.44456021209817076
-0.14854904633317856
0.7445664481191232
-0.05454686513386293
0.7804652196352642
-0.5349651369740708
0.3706461249690251
0.8004062290709283
-0.2759734041811301
-0.9695963854614885
-0.20741389548056977
-0.6181943497908287
0.7925495628922083
0.8551917962120844
-0.6691267140344447
0.5511453147179772
-0.16058585932977507
0.9070221883326208
-0.12562168330825918
-0.36101930419350087
-0.999229426748883
-0.5441514534284977
0.27229577859550397
0.006551843300103262
0.6282806861801814
0.6741368677128219
-0.06911029999906282
0.3214482003340026
-0.46512501070905393
0.06374332502921116
0.012261520186059754
-0.7341950795128106
-0.36919493948247323
0.8885198592745518
-0.8691355741403428
0.8244444759062048
0.2972984361837091
0.40563177775821735
-0.5655679953370615
-0.0716110170282765
0.230894756880886
-0.6353986401385464
0.5277460118998786
0.5579333705942138
0.9530077657375666
0.054820160401021785
-0.3233267104096469
0.6589983219377372
0.33881448532315983
-0.933074455265892
0.48149965316510174
-0.6734346425345851
-0.3278894374639962
-0.7161734638162592
-0.7874743954236259
-0.9400200815850728
0.9143312061708421
-0.6053076989882397
-0.7933005605957947
-0.42221783746533637
-0.25436165215282597
0.5232805321887075
0.32509049243008714
-0.5983851781022145
-0.2701313222661743
0.7200770326129607
0.9140322308178945
0.7056964438795511
-0.016992750739337825
-0.8531324640850494
0.33323192624252584
-0.41457894071095036
-0.6710711457856701
-0.047176219007166335
-0.5693795782559988
-0.1573320118373507
-0.7303567251201187
0.4546780562110648
0.3763241817841075
-0.08361288392966225
0.7709970085143285
-0.9443710402196843
0.5466375710107663
-0.4982258445426325
0.35486063639080956
0.5168609459137492
0.251537908331281
-0.3604983158074155
0.3066889458128574
-0.12998928934600143
-0.9182364172335541
-0.5529852242674073
0.9832024288137328
-0.13231209371168642
-0.952169936756966
-0.5956997704607591
-0.9519984331490452
-0.22319211780121573
-0.33619665177632274
-0.8335693012843144
0.5218915799546846
-0.8871660325549766
0.4271538184037493
-0.30246791478833795
-0.7173735886348762
0.8647937342659504
-0.3839105841161153
-0.23229717268194716
0.5036842386469034
-0.8322657631547156
0.4510058417470409
0.2902185219066634
-0.019404657404644726
0.35523218226186365
-0.11658727105901827
0.5905869741631189
-0.9633177415867654
0.47655846935829166
-0.028304572602739088
0.11935854526666123
-0.1092934790143986
-0.13304141914483691
-0.9851453516214541
-0.984778628441858
0.030231037775798286
0.011269512797439173
0.45499298888801787
0.9867513613251943
-0.5041766286956696
0.7714822217568955
0.4475644659657113
-0.11549674741764542
-0.7099218961453735
-0.5621757973654062
0.15022545247423416
-0.2698253928323043
-0.9291142439413055
0.8925216704348031
0.3514474067415985
0.719013984155641
-1
0.6353003433785516
-0.047141656453336456
-0.21587099238944646
-0.026400867093214965
0.584138141198413
-0.2182531943414422
-0.24431325267945467
0.2081772997904786
0.8647326706990076
0.4818297892640469
0.4085074556802736
0.4497652969320957
-0.400356697387141
0.3262919633073791
-0.33030137022532086
-0.4014416315266751
0.2466791534891045
0.932722076317005
-0.04681755933935633
0.13079917086947393
0.4512915231588888
0.3133474962747814
0.38225582798109187
0.4777015009586576
-0.3802994012388542
-0.03530050843725167
-0.8900397956509098
0.04686066395053105
-0.7174406693202775
0.7339753254371445
-0.5993366821282066
-0.43532123012190277
-0.7116256452011751
0.7163971841492952
-0.6155190525434011
-0.6200810860758221
0.22785975755832227
0.31869913334197536
-0.7000563778141811
-0.5830458596524716
-0.4493312624376551
0.4466013064865416
-0.4692340821112889
-0.1550899696715929
0.2710595375219732
0.2643721317023419
-0.10255576908253346
-0.18618652851592987
-0.7129696601742216
-0.40881296718924776
0.1845936700899759
-0.2743892050618865
0.2626969804133641
0.10744937368135316
-0.11877524914577756
-0.2827628083779292
0.5055720639508334
0.07659357796103065
-0.05528454860072805
-0.8937095798526163
0.9523372367066012
-0.8367630683982309
-0.3466328102278137
-0.8529506449565477
-0.4178791397665625
-0.7030569774758805
-0.879596983655681
-0.509440271302991
-0.2773856447088587
-0.9076334860385088
-0.012313896510964015
-0.7511190282091338
-0.3990367124596328
0.047249320852255354
-0.678550893942508
0.18099957317250798
-0.3969430547982708
0.869550019639063
0.6345505429943609
0.7199914759982642
-0.9577554200886498
-0.6413002167249722
-0.9878947352055416
0.835664275889558
-0.35976355106048513
0.17796575939831918
0.8395837626742582
-0.67378441720229
-0.7721837116978482
0.39069546156366547
0.8545763259265194
0.12901682603867032
-0.1876495236031844
0.2678681547135605
0.05436221914903481
0.16865964104188041
-0.7501474173222471
0.2356693397835738
-0.8645878450955006
-0.805974104705375
0.09386313440935463
0.965218139569707
0.5684857528206975
0.11107550133157036
0.8735538401301485
0.13391660942911945
-0.3568222791578546
0.4194513061498157
-0.2877406666088332
-0.20131357170101266
-0.5127020042688464
0.45600985643360264
-0.7866454079672063
-0.4065777636208691
0.44940638681476985
0.4861533414537937
-0.6559015337171055
0.94531794464651
-0.6950785610559396
-0.3691797392181725
-0.10135685971301502
0.33220264040972936
0.04567089315574449
0.48392434440695115
0.4049310583341037
0.8909581309013134
0.41867008425340396
0.7781573285899307
-0.6014647144345449
-0.3854031776530106
-0.19352620065770865
0.9471078827871501
-0.6852280417767815
-0.7934001771018304
-0.6729285554984252
-0.046167046989034004
0.6939700490294306
-0.5734923685961919
-0.23052774033167517
-0.6796050215655356
-0.8795260235937733
-0.09225111286121322
-0.5853045958297551
-0.3737700175909203
0.26508421790846426
0.9343608324369447
0.9189402351885613
0.23801578007441068
0.384651264819428
0.9611890878306016
-0.08575179407609368
0.6352394992950459
-0.6692152299783928
0.22992754717685165
-0.05100215303659862
-0.09315231760874515
-0.9960201309112942
-0.9046596107185841
-0.08678938613700307
0.3927412291185565
0.2418614935595688
0.9944010993412264
0.8923142306917404
-0.7300695440276982
-0.9780687538812726
-0.0856273378911336
0.10919399680662437
-0.8145746734464012
0.756881838191032
-0.7406155353686033
0.5696776228800802
-0.308480679589074
-0.2702426844760466
0.29887592624320125
0.7884754555287851
0.7417941116217176
-0.3301995360936769
-0.015794476967577385
0.18822795331495842
0.13718412652313663
0.6123512174685568
0.17475906122052526
0.9298725620591942
0.7806228518480394
0.11395337008340319
0.41546054941878163
0.15626772601278757
0.694083685110674
0.7418544332770771
-0.713739982538957
-0.5967582011645871
0.15667910165729096
-0.998973389825408
0.6826074469031105
0.824454518535563
0.04120381107365365
0.6062173043026515
-0.14484040095592626
0.49169739167933657
0.3002101391672337
-0.5027810549193089
-0.5124674978263098
-0.2035251525865326
0.10389927128960026
0.7949508432116741
-0.632950644801993
0.589685811901623
0.04480569935676724
-0.9328720813935605
0.06122512699741441
-0.6640715985578739
-0.12678480749371826
0.7735544453392942
-0.34721271138788284
-0.16249722672326714
-0.2851925698547393
0.2696450287336076
-0.9956944381683859
0.6562467506167479
-0.059231954591099145
-0.10749860359804989
-0.14789967833937095
0.1622584410826198
0.36836821533304687
0.5573528055241718
0.6214878362496407
-0.20779734993571652
-0.03168139620487382
-0.7837663229287605
-0.43823464498314557
-0.26528780547433445
0.5073116809795098
-0.7446235500429367
-0.4160307355110254
0.520814707482632
0.13454436678547657
0.020409243488736017
-0.8682367515322562
0.3537266445006041
-0.3836443707201182
-0.6632934313884485
-0.7802483894327079
0.29066066329351553
-0.2934170355270739
0.5359162342153433
0.015097058041184167
-0.6267592962628731
-0.6467065577320431
-0.3809708744602268
-0.32971324967938087
-0.20270973241885085
0.34217206797018673
-0.8077111467435899
-0.4329288075285993
-0.5453653930294521
0.024838650508064716
0.10384473950050553
0.4536383471155165
-0.714585098115683
-0.09778537160871537
0.20363291250870857
0.36665343378984766
0.9798946860273855
-0.5837697759521183
0.857266705332993
-0.4690071599300957
0.9546098224154139
0.7268557469152536
0.8011208419047458
-0.9984636349382238
-0.16279167972855474
-0.9169930131287906
0.4540161957869404
-0.20924670818971805
0.9229137540266268
0.7408678221607383
-0.7262751796789215
-0.2550402361505791
-0.19113381403694
-0.8587545469358484
-0.5658418387370293
-0.34937455495016606
-0.11118988892605373
-0.3526197534717722
-0.5949010462832974
0.47004434924921495
0.5803109597309815
-0.41383597318605453
0.9098114074381031
-0.057642199480662626
-0.6399647728937286
0.0501880884728636
-0.4076117208241694
-0.8329117161970319
-0.4690744725927743
0.052869633854180434
-0.6550935309905587
-0.35591589457157297
0.9978702687795195
-0.47024978530066314
0.5254793643379462
-0.9146031565198105
-0.6851347494083085
0.08073425219314619
-0.5784600100793409
0.03702130001324617
0.5886202408864561
-0.27507949301229034
0.38381162966873716
-0.5738200459404432
0.903193911016465
0.16600308082099757
-0.3649548684693512
-0.3146937409638735
0.289985817177463
-0.8867116441228696
-0.5001568144127919
-0.8426905953293073
0.9060833883688041
-0.21998993911879397
-0.19024818223986437
-0.5942818049620209
0.6554800199430847
0.6648560628041889
0.6005708553856308
0.6582493091509108
0.964977367036571
0.30589602211289146
-0.6951654566049009
-0.6796722486890967
-0.5072477406741805
-0.5039798684235224
0.18464533018860507
-0.041843552928938786
0.2949901635801247
-0.5983310147358214
0.9683384980059337
0.7989791423821814
-1
-0.2778309912239958
0.8527644039903068
-0.028977095428730445
0.9238002292159199
-0.28486992209865747
0.814309735636599
-0.509388968161604
-0.20063940473463543
0.2116909147213774
0.17682270944728942
-0.28780858323438624
0.7351348057283636
-0.3381455563835523
0.7670749135254836
-0.7599126920232219
0.36895376968271604
0.6945882420875797
-0.8430880950702536
0.8509532676567675
0.06793405571554252
0.7610390806310173
-0.04182822473769147
0.587960429839786
0.4150241137433063
-0.4714845775662138
-0.9663466561929318
0.41465185032352064
-0.6417673563271752
-0.08011543790098039
0.3042254539027964
-0.49089262326751476
0.09973481061967372
0.6492271926870395
-0.2713690853773433
0.8240470241650274
-0.45364017707525783
0.5884406641018686
0.4574729154899833
0.2629640649097773
-0.8650269174972224
0.7946244980425006
-0.8498162893153722
-0.5215812922231137
0.828302632494869
0.058094806601644185
0.25911123139684084
0.9992432506012927
0.07950864782725578
-0.3209118350156799
-0.47937431859906404
0.36547239710225826
-0.07263152917591853
0.3197953231806015
-0.544296590758702
0.7201858533667125
0.8896304015429585
-0.18312438276189244
-0.24169256576167153
0.07232513073957016
0.8911209813451195
-0.4525162122158365
0.6973685684522807
-0.9104971713135073
-0.20807438903110304
-0.8973660255225366
0.5229482866745527
0.13943739817919423
-0.8869600422236811
0.6136059190266065
0.26129960016130005
-0.7343822628313906
0.8877455641780988
-0.5042636593643756
0.5281130009720726
-0.15480665966701326
-0.5852446893683096
0.4024845601869324
0.5438287174266612
-0.9046662415361395
-0.08914906622129229
0.9687629930139168
0.21227055380098483
0.1221024279704949
-0.10060025777274248
0.7271531947330739
1
-0.5328469990409284
0.15015288023308157
-0.7184634447038705
0.4904865440524726
-0.2695808504627291
-0.3375920097671596
-0.9855689657300405
1
-0.49664719580764655
0.4274619845208947
-0.4698772489896531
-0.49384185639019584
0.6848512889395882
-0.9755278148630987
-0.015192550718690762
-0.16844684525318535
0.36775779151363064
0.3109885211915554
0.12862246451585546
-0.7820971722524528
0.52971349344176
0.4854431699483944
0.7994470410046867
-0.5253142073908842
0.0866879710157378
0.9099014472724603
-0.49863647707450487
0.5964507041107026
-0.4632316467317705
-0.7831845503005006
-0.9911234221324801
-0.4088393061372057
-0.8819223174546906
-0.11534812082909804
0.2549156401813777
-0.6079059791449499
0.6898374872605816
0.6337073961572015
0.3627810536781094
0.17293191111843037
0.9258872622191077
0.7749358862818424
0.13407471790530232
0.16926515994409133
0.7982365893928585
-0.7389182813281927
0.6074622916658999
-0.46349848861107223
0.9424252500247347
0.9418181414446075
0.8003661912308292
-0.8157439628129486
-0.9775021358425979
-0.8683798379028451
-0.9840276716614824
0.41925639187325225
0.8910260208375372
-0.6799097210791033
-0.2980816745007341
-0.29822734994956246
0.9244792847906355
-0.7605984123456949
-0.06445965280251086
0.9858249668415873
-0.82789560688674
-0.45811121739407534
-0.21891352982396714
0.19444200820328505
-1
-0.3489849258526174
-0.5905003499670589
0.3857994428758219
-0.17556198110656665
-0.1912681133255952
0.8596869117620689
-0.6546212751831512
-0.040083199479501
-0.1649271936282164
-0.016880116364925715
0.24622083619329174
-0.34027754491523654
0.6883936646842903
-0.719695898251867
-0.29906540369970624
0.01267186441193512
0.9190645195644028
0.5517461044466762
-0.7393533724415748
-0.31369533979442876
-0.6554703413167776
0.8279736344702119
0.4463860155263755
-0.9309195857610884
-0.835015332623599
-0.47923587341777696
-0.7590292170905371
-0.5621232399678012
0.23773140274876947
0.16694517981040455
0.6104574398282545
0.5426519444226722
0.8302987034877022
-0.3139702472725392
0.624874211868458
0.6551262201017707
-0.8409031831172147
0.22434055500465708
0.349522911036788
-0.6952844386900643
0.9688187088960047
-0.009242208772766458
0.256927977496298
0.49772475018114093
-0.9254028844625894
-0.8806266930511959
0.020550203337232485
0.2492219673382984
-0.363718941028204
-0.45477958063564433
-0.06710533224621874
0.914083777539929
0.41311771360857086
0.2453753048425679
-0.42120945208262095
0.76895052440211
0.270125922398275
0.07022485672357508
-0.4507221996663193
0.2626643032789203
0.1322728512706701
-0.7645245921748621
0.35932240931549847
-0.2988823486677733
-0.27505393083346225
-0.5719879422440404
-0.30903345707201874
-0.24163072123272758
0.32896345373276586
-0.09967844614165815
-0.6656894847319815
-0.5237099919316597
-0.00922038609500157
0.4616251937089927
-0.9093018143532999
0.6464905890364196
0.2570741194478283
0.5963653250750521
0.6913377662118345
0.49547302288322476
-0.2829939212792818
-0.5806880088951423
-0.47225558640790444
0.8065887247475718
-0.589956801764198
0.6484613201760598
0.3328383519706056
-0.6786583420105876
-0.0581325545194277
0.8451097503845174
-0.00788000541396923
-0.19883796817931368
0.8319378419839476
0.7301552236453874
0.9234277408158645
-0.06532541926699124
-0.4867195934671622
-0.5394704788447222
-0.7623435979882137
-0.35226295303190186
0.23632659374930626
0.37309130149666747
-0.7777675168947955
-0.21836089569556955
-0.11602449993335728
-0.2936688317304326
-0.7079068315904186
-0.9047374456680225
0.3714126364367181
0.3026609374048983
0.07393898049825637
-0.38762523613730865
0.23992816856454888
-0.9995717098929007
0.9371782438238403
-0.9409666361659508
-0.6153210831618668
-0.5955192290939663
-0.47028327779135654
-0.024824250150569476
0.7429456099856568
0.13690835231629822
-0.540656056415099
-0.8734056623457925
0.016251351578832337
-0.35913649525750785
-1
0.08210176467745886
-0.8288286480002609
0.6568525695694717
-0.22105737493302127
-0.7121633879814638
-0.4077326639320344
-0.8361663469788757
-0.9995891622711668
0.45740192173906535
0.657495460411111
-0.2732945158649851
-0.35220524226334876
-0.02721559500363281
0.2621645091078053
-0.18046146774573918
0.33533096827183106
0.9520246724708812
0.36135544513266527
-0.21760886670505628
0.8272756650096684
-0.6035416010692186
-0.7746614607523965
-0.20744674677884795
-0.5581201568895444
-0.5422022808831938
-0.8950611761774682
0.1507630941995916
-0.15869557977892573
0.1318758612042088
0.6961259905418571
-0.5633126400188299
-0.10935977632177142
0.6912274102396929
-0.12278817230842602
-0.45051415911840564
-0.8020670421867886
0.6367702768400137
-0.799611629905535
-0.6036077102461245
0.3634969311668843
-0.4112126714835396
-0.9589271048751241
-0.572548297266468
0.15591222718668876
0.5946274740605282
-0.6521342961414668
-0.5342682095785592
1
0.6945690958613738
0.6604683029218903
0.9116752329050564
-0.8783921940090985
0.22585279794760105
-0.6948962127259463
-0.5477972719725167
-0.5738997492590818
0.5047542531067425
-0.6444174178255025
-0.07190029906474171
-0.47697978123578366
0.017362487648625698
0.9787120481530001
-0.4472171577875439
0.3993026282595989
-0.724964426399173
0.5619158411791122
0.734371082094493
-0.9156587437400695
0.5720406267204151
-0.7735551739759614
0.6757220246112279
-0.12768941269213852
0.7423082954021265
-0.24548433134709122
-0.11537043494702307
0.4418242645310513
0.8766118997392995
-0.9349925744542584
0.928623259030179
-0.3880479786473298
0.9541649427329802
-0.5381070703016483
-0.49237943116284705
-0.6884241052150943
0.8909100192323359
0.3838056447437042
0.6583718680322183
-0.777782061124405
0.27458929918866287
0.7412800709757073
-0.6540295743648203
0.5596670115656689
0.14448113723900036
0.5407855097518484
-0.3120471948427874
-0.3313106308401986
-0.6780205614802407
-0.41286320835127427
0.3279532361504207
-0.09621357889046088
0.5997976138463494
0.12426606653825495
-0.39520217084157405
0.9337253974853912
0.5280477437771006
0.4079374986556233
-0.040734181666434895
-0.24036032127451357
-0.4396333804531871
-0.5450977421396552
0.3645242814428784
0.6586010063670603
0.9568672536092122
0.9995961815275446
0.6992769319311195
-0.9028465933964835
0.4352954659835361
0.4408647041690284
0.7750282655455181
0.4879230123396584
-0.3794910559819548
0.6060885233095361
0.9919653289133136
-0.6522459695300457
-0.45790729564280375
0.6147264382462755
0.09817128749827149
-0.8085226396943688
-0.8857356232248816
0.7251056437818671
-0.3093169226684406
0.39847310141961223
-0.15222712613012684
0.8022701865450093
0.6499606084917037
-0.0591151256572111
-0.10195551359373281
0.9492692542445915
0.18110212000846534
0.8558822696658483
-0.5587014769864462
-0.3804479121646279
0.4103797588552695
-0.6229256560191339
-0.40977790361927646
0.2246448008419877
0.8368734583828986
-0.6844358386955995
-0.5320494487621046
0.123644969155812
-0.6928460908594221
-0.11676808652171289
-0.5731633633105782
0.8543386604570758
-0.12815580912169006
-0.9498120777916517
0.23228428861517506
0.516013901119926
0.36366254760388933
0.03033839646354847
0.8181511263046702
0.7331827491617893
-0.4209116883292174
0.6160063185049881
0.943511843674591
-0.03924693303147414
0.8044628637808529
0.18461302658237466
0.9643173779541222
-0.7272062573944955
-0.910892217447572
-0.32233272416330555
-0.6726865113124793
0.09983858480402487
0.27890108423388776
-0.9559149355166192
0.20852563817322584
-0.5147481071934413
-0.660043819979706
0.8275128927976989
0.5141143767701998
-0.7120139247860794
0.4861869380499184
0.9176723016277182
-0.4731769826036292
0.27189175726845716
0.5918249911321105
0.4455820659182734
-0.566918580327334
0.14751689619392147
-0.7800902502035869
-0.3998231329927396
-0.5861978616037545
-0.866029439503001
0.47205888317810846
-0.4146411666032046
-0.7788563050207536
-0.15958528515297726
-0.7589689689118355
-0.1589590925788097
-0.03988872678045545
-0.00031319670726014624
0.49379388957624276
-0.9820682059670689
0.35074471045352107
0.32810972555570217
-0.10197594622270585
-0.42785466984920434
-0.7676080463216
0.4081197709610723
0.6545710153361719
-0.0009314559691660845
0.6053094053000121
-0.8925265270363033
0.40147693811324386
0.9376766589209663
-0.4660675890063757
0.6036779591831222
0.34343225791612453
-0.2268362733893013
-0.7427016670081082
0.18775128582833958
-0.24027718627133512
-0.9798870794981768
-0.6546322996538231
-0.2551630999391767
0.808261519445256
0.29592542036615016
0.8849085195054642
-0.283696801765975
0.2122073653782469
-0.6427577098286157
-0.41171941220563696
-0.40300361242197835
0.9528235855161035
0.7046397479341391
-0.31378636911008445
0.643893159777812
0.9728325363216074
-0.8289147969896328
0.35397188912679073
0.04510094988941945
-0.9766749019662638
-0.6658275711324944
0.7664789552625996
0.6070510619574749
-0.4664095708955628
0.34664607219328625
-0.23375298914469705
0.9716370074500764
-0.07980600207027815
-0.5989099179267285
-0.1490733824360686
0.9974641184120118
0.4316927922139923
-0.39405262486342274
-0.2503943041348463
-0.8673558296258201
-0.11968396535529686
0.6789022438189805
0.7768741364285991
0.1495849880619641
-0.5629027637500436
0.2602779135156214
-0.3237266036118154
0.833372760837679
-0.11117341348202786
0.07226629369215011
0.45340816139453566
-0.8686322283077034
-0.18628799077202468
-0.3063532299730006
0.7584561025033083
-0.6173163350342777
0.06706992378042849
-0.6794332006354574
-0.9506840029149513
0.44084210197849993
-0.4206738627465984
0.18721593288753624
-0.042487606319407865
0.24427145369688416
-0.42423279616421666
-0.31300762427070905
0.7721734960894796
-0.16717436944694017
0.9039755414155944
-0.5932665204261324
0.7813293143175101
-0.3016575074613124
-0.16969096217302848
0.6664559622459452
-0.03136385249348891
0.470497794831683
-0.6714558247817469
0.665109055468144
-0.929620111664297
-0.1183468803607382
-0.661614177789204
0.09400653988205596
-0.19217618545147697
0.719945349239931
0.38219050263165166
-0.5507820444828017
-0.30228448902150973
0.5309086141212702
-0.08726812966802948
-0.36498873024061623
-0.8127225385338644
-0.41814397626062344
-0.5265300932585943
0.19913495786818192
-0.4169789042377992
0.6099833093028827
-0.545161904845947
-0.7451032727320972
-0.30955279663723134
0.49748876465617003
-0.8298266564638197
-0.5842403524911568
0.948969074364661
-0.8411097481180555
0.031081348291845244
-0.7728749949084077
0.76906542415214
-0.1732385286656406
0.2723895011255051
-0.640871224433499
-0.07833674731034922
-0.7555468175143283
-0.8022374836577892
0.6371199513837366
-0.5156380200189661
0.09992246266474814
0.0707021912688905
0.2858947556599224
0.20575470655697814
0.2978131132476871
-0.4729530345933659
-0.6968391429166814
0.6826116194160352
-0.12684725623944765
-0.7917288496372075
-0.001030461321885702
0.04236426495371006
0.5831863537560503
0.34187869607198307
0.33788551330191297
0.9926273760490097
0.32931070690575204
0.4410037082848235
0.2911183096749922
0.8507335755049648
0.6999147603850725
-0.2864083205782308
-0.6063493928313337
-0.2421072012478041
0.5896379214265199
-0.5262014227064331
-0.6428879105473739
-0.5669859519690424
-0.24742294123033626
-0.8732959276084169
0.15724059095952117
-0.5155816276332869
0.5648944738956895
-0.7646277497898067
0.9380747163725885
-0.6742925834209302
-0.814584875361394
-0.33932317105532556
0.39326617769937877
0.629051353322373
0.2179100696554746
0.5992674358762562
-0.7456445080388191
0.3723534993526578
-0.675239122841689
-0.9175535712462803
-0.5404465873827419
0.4503537897788731
-0.7201545808461415
-0.8161018382346314
-0.2520266740295642
-0.6301769721906293
0.9055150589271104
0.8605109778661443
0.11759601952173278
-0.6148947499479981
0.9249651112085188
-0.8520062630239943
-0.4781913013745686
0.35041958839777804
-0.986312101865725
0.9578261951625154
0.6965976987120387
-0.3199931889754568
0.12885839140035407
-0.6731273445972535
-0.2439463132376798
-0.7204347817904033
-0.08504564452931318
-0.9426849362020305
-0.07038371754125744
-0.9246552583698063
0.9576165758642639
0.8127535817513709
-0.3536578454900134
-0.9215728023028767
-0.09033844887087714
-0.7841109284707943
-0.2035139427535224
0.26751602894756166
-0.28941866066578287
0.24784794706631114
0.18000588279780577
0.5148371531503976
-0.9376621712457542
-0.9289015012895884
0.5219580005901362
-0.2765883458643728
-0.32360862776459515
-0.029815015923194306
-0.14035908042434236
-0.10662337437202764
-0.20947437890005316
-0.23837765896882165
-0.7313434315360675
0.9867651708147966
0.8229188612124975
0.9073718980949599
-0.8141357264370765
0.35995136682875645
0.2109234104341369
0.8402563141715509
0.02877757157524312
0.39283126582707384
-0.22985881023912794
-0.4212389703975346
-0.9720109890965216
0.671856862467641
0.2640761588828984
-0.6332750515049356
0.8804158184007763
-0.9546367518476078
0.40563198806509565
0.5762458650689654
-0.7504096761887906
0.10322065393946056
-0.10749236114103436
-0.6693743168868519
-0.5614559363446857
-0.6068147885404169
0.7590281644582035
0.9299496433273176
0.6183844858507325
-0.09372443930954054
0.41844978040508746
-0.36904132042432813
-0.7775767274084443
-0.2508153197963245
0.675036064107098
0.24161156125961744
0.5861641224503777
0.6710015889262931
-0.3741133784661454
-0.15299125408430198
0.4212078459638201
-0.1561509165555357
-0.19012172205514158
0.2060456724758334
0.6140433742708147
-0.11797878371877984
-0.6770228859681665
0.7822901323254509
-0.10526822864155748
0.3241815156813624
-0.8237089717904846
-0.5490795488012439
0.19241970328751862
-0.6076942978107728
0.7185905932192322
0.09920443369898635
0.2556458469495529
-0.955919501773398
0.49967782830782703
0.7930122592908379
0.11648284858310758
-0.3166663653935804
-0.7544433126133838
-0.31692948712858515
-0.8316233798179424
1
0.23724190042376955
0.5910307411021415
0.1932285483470573
-0.11466646899632016
0.08261634060894629
-0.4928905374844719
0.27195344798195586
-0.7775062108831707
0.38590089274895445
0.4847426837573324
0.9251800597065324
-0.08578963215648719
0.10321882837780894
-0.13800095583979954
-0.8896040982092721
-0.03309938570216166
-0.5959009254080228
0.33040772690701353
-0.7690669899612894
-0.6417740754346404
-0.18888406360741494
-0.7090339768306787
-0.8107122121184483
-0.01776295556953076
0.46908885549862717
-0.28184942339216473
-0.8542798136305159
-0.7494788831184176
0.34856720162731364
0.8145031545837241
-0.22709607458949974
-0.6520281686298336
0.7475513813004581
-0.6192024118395965
-0.03577085095973398
0.4866059672558906
0.33621639974374357
0.5856803112096154
0.9583450421885248
-0.11940411958788177
-0.4513131477960401
0.2453762883114953
-0.30160540982136114
-0.3129372534982403
-0.9621764685121051
0.343738708528628
0.9203257508274242
0.20059819297880344
-0.5201316914388243
0.701313918589517
0.09368232262325185
-0.5514803376716445
0.7747208328670799
-0.7371617876815703
-0.11995587728799313
-0.1464391773159184
0.2040888237371031
0.46381227275752784
0.605227392836385
0.11079705806890516
0.44708368921229696
0.6146081894752049
-0.8061789347204307
-0.2584790563179767
-0.9367746266503748
-0.8595478086145375
0.13725322639384818
-0.18070213143195787
0.8526427356378683
0.15723459476920182
-0.833989507871857
0.3660931035261845
0.7293324052935857
-0.24821658465123494
-0.6649235453553545
0.8788273608536998
0.07482908101975741
-0.6965469722550433
-0.9315879499603761
0.435340549100529
-0.3985187924737153
-0.4819051628302263
-0.202645610041572
0.737300317430732
0.49626102835337943
-0.635660288365744
0.5826640468536357
-0.38724912653936133
-0.45402991894142875
-0.34333007867099335
0.8902697248368387
0.990651804486468
0.4149262463983138
-0.8625240266284074
0.9481941643877935
0.30401148651457677
0.25691994060142853
0.8347786638711036
-0.9310396581155831
0.9615049904166891
-0.9084443504157027
0.5862746112862327
-0.0018912232671547085
0.4817556840188991
-0.9385234612083445
-0.12962114537011363
0.1297348254182035
-0.9699263222348831
-0.5720702974258113
-0.592517194322929
-0.6643731951796492
0.34216665376732414
0.6797956426256855
-0.7630088794508865
0.8898936544521704
-0.20422737971076077
-0.41201564728083623
0.15893845826925412
-0.820145819540739
0.8549338791610633
0.5018211728878461
0.9830248665619307
0.3014196521823104
0.8639062796092359
0.2760199057000306
-0.1999077428703374
-0.726354583924388
0.6575174939737426
-0.832634948338321
0.36362871916144424
0.4932126717275195
-0.7934894343844344
0.18504080813475812
-0.2648320251742181
0.8071612312207173
0.627307159085666
-0.44067914060884184
0.7412282667110369
0.7266191445678449
-0.7660593899537421
0.44484991788506595
-0.47725795600732984
-0.12628411419053895
0.7200733857411517
-0.19874349047351111
0.04221474195909203
0.8992352705842265
-0.19580702149635165
0.11227344024118037
0.7308211407928641
-0.9758218604195414
0.6684549684760378
0.0534153064567059
-0.029448941597251404
0.841174893298366
0.8022103072729692
-0.7281087729954296
0.5288825536654195
-0.1598270659710283
0.024021236079294524
0.21036772309673668
0.18841321937034883
-0.999327618239727
0.09670484496878437
0.9936784976517266
-0.043107858711125
-0.584339369181024
0.08865623052562524
0.6133646947852064
0.569977967559052
-0.8383092412801607
0.7809296238844774
-0.21250490348743697
0.44552731297701115
0.018284415567110343
-0.9052664950865985
-0.5902038363780362
0.11677257629277318
0.641591888493152
-0.39100140859188076
0.5517650402048729
0.2267877654149299
-0.30368503735559776
0.4985705088032595
0.7831954332365982
-0.1998729312817265
0.6834977383089346
-0.6471088968220498
-0.02521690104981658
-0.6594777260337356
-0.9176820428647612
-0.03319006528706074
0.8019322212244829
0.4991151539422864
-0.8174227822706839
-0.5935860350595775
-0.6138419774028697
0.315031763867207
0.5333981498557454
0.47802070158555193
-0.7334654222547302
0.7078124768916988
-0.3554823939646771
0.9026559340603391
0.9311078903627266
0.7204132827520845
0.3606746913955138
-0.8731071614574201
-0.08420645063119953
-0.14855771621855288
0.8866676908130142
0.8175087698860822
0.11663877301544971
0.062243092911438196
0.48538033770138084
0.9247052376704861
-0.4066151771084665
-0.8492170453055305
0.18985359423092724
