0.6236362411159817
0.4355046108906913
0.360678076500653
0.89021067305782
0.43563740581897287
-0.6329856835227871
-0.978201929409184
-0.1670251519080096
0.12482915746936439
0.20616923602120968
-0.7197004519364701
0.31770436539549235
-0.42874333066917386
0.8119354906568826
0.37019677687588387
-0.8837286118513089
0.6878182173424476
-0.5318873684245128
0.635297105122803
0.14619806917842565
-0.8488909842533231
-0.3222389733766289
-0.3270558023343609
0.3954268345664109
0.47482536637116657
-0.30362912371761047
-0.1582825190588634
-0.43144619017538477
-0.5394084624526776
-0.36859280201386985
-0.18166459358823858
-0.7818818009536925
0.616885003085453
0.345035906319514
0.6834942441923569
-0.10715317348205129
0.26172881613510585
-0.17241751777457537
-0.8153697307407625
-0.2596977166949033
0.5821826834550277
0.3059337368957227
0.49764636522642064
-0.19046236972689057
0.21757131549326714
-0.0656616453719553
-0.4255046521670751
-0.15732056478010578
0.14330814920736892
0.8122460189096438
-0.20817310527381225
-0.9573974265785227
-0.687801422875254
0.9244859259740772
0.9202602577319131
-0.20683682389751984
-0.702015050576061
0.6555033876870132
0.8545699529681732
0.10336749972588927
0.8687587565237268
0.6354247333256694
0.03238899517306449
0.5410120626997947
-0.012797063593434854
-0.9831037156101889
-0.8413468928169228
-0.8213958032630598
0.530601216895191
-0.2939214107228016
-0.040402671091909884
0.7883664356549338
-0.37087533218388435
-0.08628579075541293
-0.06898338335805683
0.8400318749434174
0.39760706729894013
-0.34653358812194607
-0.5594933565114679
-0.21492298935567009
-0.476653074471962
-0.07813493272015629
0.2502384551341497
-0.1572420139050026
0.9087554618193584
0.18578878178691885
0.9590806564506751
0.1290777274607532
-0.730245452247466
-0.713907031864194
0.6368927665678188
0.8836625794577209
0.05468736078947421
-0.6062266563522573
-0.7853589803875525
0.6078476803981893
-0.16017990821270406
0.9373014106942473
-0.6814108317451913
0.40612707376298335
0.788770304792145
0.08482546158674509
0.06617729714347795
0.4971276806112603
-0.5613556149630042
0.4451125347164736
-0.5095415082194182
-0.5281743807111104
-0.9052806108268125
-0.3309658056621219
0.8646036688652774
0.39300399729491026
-0.7183723614911784
-0.8496219519369468
0.7879359832463839
-0.42254775226975616
0.38663874842762636
-0.5329021948939107
0.9510738841695516
-0.28919541698327206
0.36515353446967086
-0.29895946635964404
-0.5801744459487793
-0.050367727588633365
0.662643378853839
0.8125739685188008
-0.23590939743427122
0.5909397540134358
-0.8615880786925597
-0.5781440714020077
0.0023083153683428753
-0.4844558290376331
-0.08182874193848991
0.04182070641813279
-0.39701381274817926
-0.2244845390186384
0.425996547380572
0.7536755860274275
0.25418856177887117
-0.08957338850200747
-0.4043055231587013
-0.8921695682204513
-0.4504020662713542
0.09804303937140886
0.9456733809865115
-0.8318462355162622
-0.25258267874145196
0.7814558818483464
-0.5045394349516512
0.9642709155829979
-0.31596692129967896
-0.22583228823131912
0.6998255155826056
-0.8508841125170731
-0.5890139260651074
-0.6932318014930613
0.9308564055263258
-0.45470386305443056
0.35707014266514137
-0.40534995184928024
-0.03530443586898128
-0.42115846249157407
0.42222603441647066
-0.20561527638393773
0.9704551677849299
0.4555329754340171
0.021791361909801698
-0.5199733794181784
0.2783729143775197
0.13099537399689828
-0.14340208371675542
-0.3127786768874777
0.504691143488165
-0.006868211702648062
0.7162678399395797
0.6656521492899261
0.2424658655651119
-0.3778136734105142
0.5993705238340924
-0.8511929912250309
-0.29203856159192537
-0.5220977951277971
-0.5255068205735075
-0.471968290278659
-0.7241448720470542
-0.4459547399555739
-0.5872312729235306
0.26172975256127723
0.9780572740167008
0.1856619500516156
0.963832877841239
-0.7439182966938569
-0.25353719841772265
-0.3643071107629225
-0.023751146313129662
-0.043798107232466695
-0.48832028120359233
-0.2479867846870062
0.31215235655401535
-0.010314986594716299
-0.1454284457160568
-0.47473259703380677
-0.009201826812121998
-0.8986417193299581
0.33163528098919465
-0.20457314453729136
0.046439580231717396
-0.560034321330523
0.19707987592611323
0.35281508105117476
0.8565609717378053
0.7906286895798275
0.968556159802462
-0.6349565296019057
-0.5705625087185623
-0.807349492854925
-0.7835508949602138
-0.9266045545814752
0.17690187060222123
-0.09336894707783877
-0.04835529210672174
-0.7301365759915541
-0.9125880192491047
-0.5158930955838431
0.46185866530469766
0.10462855513175962
0.8233637492997969
-0.6345935427103842
0.3920193704904834
0.43363223143220375
-0.12536711671694692
0.019624469866207153
0.48907204743812194
0.3506739416759696
-0.24836457533449696
0.7126072310925003
-0.952284284538045
0.588371076081764
-0.13580526249010527
0.4330667345956128
0.33312137236386635
0.9637613874181367
-0.781125031027069
-0.4555944606275113
0.6957248656138557
0.2841588335500544
0.37322834808352645
0.46082892877980175
0.6070907891603039
0.22028968291635304
0.07309441504566051
0.2765568982932417
0.41936622036558285
-0.16686504973052152
0.40219266832791395
0.027734315822165474
-0.3331751977826967
-0.29475435249433396
0.005029280799073122
-0.690942321347542
0.33101641253830677
-0.3403213936502441
-0.987996090893355
0.7327343321392856
0.8903007807352599
0.027394721217915294
-0.39293640932072776
0.9541216318134804
-0.8317416550588335
-0.7597091229004493
0.4148131711611759
-0.129323006907126
0.7375062974244164
-0.17877860237357554
0.8244090441014772
0.12364853029890241
-0.3382088504191076
-0.4306672449406623
-0.8115334956660044
-0.13898552099170886
0.0851076985490716
0.6293683730033974
0.2805159546570667
-0.23700308201619172
0.00046933118477501226
-0.48447152511190406
0.2129658589984657
-0.6094829466760164
0.4952577525405434
0.595822189306849
-0.15808565787449474
-0.3471889895774476
0.29670985261386834
-0.4925479746661878
-0.09042777173242054
-0.13652894744390112
-0.22205713309573588
0.746458224202468
-0.05696207572038472
-0.2615296778056174
0.5532902212516493
-0.8504278908611077
0.5192111447409488
-0.29668445430478824
0.09163858261279516
0.9206208160092296
0.6672919127864476
-0.276022964586646
-0.9799965078923477
-0.050696287631446554
0.5505778737256177
0.5301499046931291
0.575543839586936
-0.6443245774792655
-0.5674743612698274
-0.8723450920136814
-0.7319401943523237
0.08869969606771648
-0.27612671702390446
0.09903614719952372
0.15625229144439082
0.3974608779059652
-0.6645433429002007
-0.908075286818049
-0.8572200648092834
-0.1830863734036909
0.18712819906544673
0.8432073676305285
-0.9224823365036197
-0.6436540147971533
-0.010566639885534726
-0.3866852687769211
0.19220691547644497
0.048449077097258965
-0.064412929688524
-0.6620241133732139
-0.06577554978162545
0.40717263454063185
-0.771270669398992
-0.15190573808065408
-0.06369534084774926
-0.28676649680887145
0.39846289782104904
-0.18033845341944874
0.08604091531762015
0.7169344244862408
-0.5958365828525849
0.5658126515818824
0.16499493520373565
0.9194506278957525
0.43719216113212045
0.9677946602197907
-0.6224390391787133
0.9322657261677842
0.5087743229763939
-0.566907989198223
0.4556767336961512
0.1055619903774638
0.7322389617403315
0.870770366192693
-0.20251494529017383
-0.22144180179479517
-0.3631582966090429
0.7083439814639095
0.13781731222224114
-0.9442261292854495
-0.8590408926900097
0.4270561629210529
0.07473576454578079
-0.5678961162461794
0.7671823953612045
0.8668094089030406
-0.07310123888809296
-0.2171508759405549
0.616184305142468
-0.42767635424331824
-0.8741336177637258
0.10674623933603508
-1
0.9251052935555496
0.3557235586950718
0.15797293910836285
-0.7709053687819126
-0.17289674376215625
0.9926870159742236
0.6011459151516896
0.06431976946537389
0.05423302097019507
-0.8990811033226291
-0.46002375543526
0.9644859766574911
-0.8611499516528436
0.09689814850826661
0.14540164724131185
0.6637873313646689
0.4261713655983293
0.5857144328061119
-0.4054424531416754
-0.7429184113639198
0.8131097506851066
-0.9476830561661236
0.4520003650734567
-0.8507174333824316
0.1571281536275132
0.12874360081862435
-0.9922339855360398
-0.8405301838646784
0.17640957522581313
-0.6563371295719935
0.36357558726581396
0.3844672539926723
-0.6078012323443828
0.5248083045127596
-0.5138730968348428
0.3937095380617319
0.5817847882751279
-0.6793651578243166
-0.21032099815905703
0.6836613452461973
-0.057087958997339906
-0.8416710859249381
-0.16842166528536232
-0.5639083866855691
0.04841031408208193
0.5952987831576609
0.5782951319506684
0.399873849954592
0.6422450172752324
-0.32524347502929235
-0.6108794280789563
0.9783101236016506
0.7810874553332323
-0.5825076987711858
0.3811217167302845
-0.8942413148610656
0.8842401930313335
0.016964516400417313
-0.4092268915880786
0.6625081447279684
0.005147735559075946
-0.3446062690748715
0.4350501646857418
0.8429087388176795
-0.7361224325502481
-0.22844858110617558
-0.5894545324712156
0.1655921233095653
-0.4952352060860709
-0.24639165371780622
-0.7973458830503989
-0.299188060503147
0.4541330848652698
-0.2187490528803409
-0.2722721470586594
-0.19469858680069194
-0.47811212863282776
-0.5109847233311499
-0.3720768571521993
-0.00942388121444131
0.10885545533930949
-0.46553823884547246
0.9669132189247839
-0.5520450572148822
-0.7610293247005959
-0.9125773049725545
0.5316390101822708
0.4992305582063376
0.03734263315420999
0.08698589533284964
-0.6999254613507078
-0.8792437853931458
0.25036902449274434
-0.4079963884606531
-0.5538393046914862
-0.7788385978280354
0.49343951065758695
-0.7825623243446662
-0.8691338599970763
0.618321884929897
-0.26951040709707125
-0.7046394281236433
0.8255745469629583
-0.23098859181219664
0.501867543289099
0.5822338394631517
0.8267510503460954
-0.3658424448721717
0.023422270651601653
0.628370475554863
0.3291641804392452
0.05892464111726098
-0.6109735375590173
-0.6476614800599292
0.6479839435227939
0.6466725164872642
-0.08260506093489255
-0.9895982742515667
-0.08911112551959643
0.39862787488366563
0.040960898762334545
-0.013892209008766278
0.29362287537209647
0.9778358790165356
0.5976008446136097
-0.34865773655037724
0.7608751698546563
-0.28665691659408377
-0.6089211667982295
0.7665239394302596
0.15798823809551837
-0.07592089340831308
0.32285796670772626
0.46980990808902506
-0.6676618340318836
0.986633121938553
-0.07299713033278521
-0.5374210240191848
0.5996748508961968
-0.9619062418922655
0.7894498123050919
-0.9992735639239281
-0.3332448402318896
-0.09982108308639871
-0.6395602520112483
-0.7000360321875806
-0.9240076331531554
-0.1365675478641441
0.034091936139216246
-0.6359122402402937
0.9366524865084065
0.6070792941683625
-0.9729545659119377
0.8278535493527593
0.9389435056339179
0.12002729738899179
-0.06871764657684717
0.2731843945432169
-0.28057518568859446
0.44179796351131917
-0.27096221084667876
0.8482621620256275
0.06187999201146093
0.6478482458208153
-0.094128459295131
-0.6905001718170175
-0.8727036242498613
-0.5794178461786372
0.5582012716897214
0.5543482265401015
-0.25966771016408413
0.6891934465948374
0.6391424198384731
-0.25892052129576903
0.08923820750335341
-0.23611434808333187
0.9343661825195528
0.9879232497615599
-0.39874084064737314
-0.360589773270657
0.4308191746717738
-0.2514104080827514
1
-0.32924508330493313
-0.4039137674537188
0.6631849394000813
-0.9911244427246884
-0.5108827242306053
-0.7991842085493864
-0.5888043175628507
0.4293813414524818
-0.30226475831887933
0.5821840635278253
-0.02979124610091788
-0.5600000736364004
-0.6596683112055294
0.3662310388326723
0.399703540778514
-0.3114549337786409
0.3480855998649576
-0.5538625502840445
0.8999545156470489
-0.18926785907272012
-0.02952962661275206
0.6499187688601658
0.4257416229210966
-0.6329861716455327
0.8955125614370054
-0.14945849761359128
0.3882379290030918
0.7440056391002904
-0.8530058443299258
-0.058770170747375845
-0.349621631306959
-0.16220816085670028
0.7612344405723718
0.40949818956272094
-0.4699309831363509
0.7205619330544857
-0.17615005774521325
0.5016219349327251
0.6694199199853975
-0.5001657999872311
-0.7322844418328941
0.22084823750907132
0.2227679508884081
0.42578008926358146
-0.48890008084075764
0.4860665339038808
0.32801926462263087
0.5963177557980444
-0.3581690168497185
0.7245013744393665
-0.48425706101109517
-0.602987270421581
0.8639039719173176
-0.9646450560228915
-0.45390758850891844
-0.16995846012341664
0.33615866645997733
-0.33719531994587404
0.31434506284393765
0.325563674190887
-0.5688513340105519
0.9619075714256187
-0.7008243138390554
-0.12526087553283136
-0.32391037906655334
0.6719450627002502
-0.34774653869605754
0.7469486415404987
0.6363787233352756
0.21096547783346684
0.6858789333355907
0.30152552614187367
-0.6053969240264996
0.3929739984715969
-0.6106542778449254
0.6059651777651419
-0.049489375126205604
0.9581885948573355
0.7708132521423724
0.4388522225740189
0.9716825517448731
-0.3062218326991701
0.3563898137717925
0.5345575749710587
0.8800580230217916
-0.6920439360826064
0.19479266053030012
0.21395113436188126
0.29079055720397023
-0.19376393788817795
-0.22084681835927286
-0.7370722530515577
-0.11275621200594897
0.896084238669223
-0.78308322459261
0.557850021268098
-0.535140872872851
-0.9548816665600324
0.49554289361244225
0.6805121711949371
-0.8537103166855353
0.07647048664550742
0.9741712243822258
0.14525178492077875
-0.9954858739674455
-0.6842632433292326
0.8673308416338094
-0.9572524786313111
-0.8098715749176142
-0.23594338052281907
0.609137301004318
0.4103668419337998
-0.7978636740140576
-0.6098820223632269
-0.024275249644863155
0.5774216634278553
0.569750551311949
-0.14411925735116854
0.44959118633293466
-0.0046795001739554695
0.5203410365644381
-0.7086944283939259
0.2953103146980141
-0.38283646234410407
0.620268648581747
-0.33282520873524696
-0.3451450316834773
-0.24655813050703396
0.17887359184814558
0.9903464472593241
0.6343040384804631
-0.1293020742036322
0.8972839145248914
0.37265164100059944
-0.7320938272045752
-0.4965293592396335
-1
0.17846874762285062
-0.04959083283735424
-0.30129049573191374
-0.8216908195570177
-0.43394846785011737
0.645497795769918
0.8194621125751719
0.4130518059291242
0.8263426461040281
-0.603914652515338
0.6383704628271993
-0.8788140691968358
0.7814248174024019
0.3886697920974367
0.7933102628666465
-0.6421694743751272
-0.24740418362066402
0.579381065915396
0.3356321882187999
0.0479662755984817
-0.42121569665100067
-0.7529941262546855
-0.6307391399183503
-0.3127399443927218
-0.14439400439437097
0.6355698464424273
-0.3733862213383143
-0.7393988655086009
-0.2615404988604984
0.03963188817543607
0.679932190230359
0.014120785090269858
-0.2428568820290594
0.37472088344210586
0.622074716803491
-0.2579957069773094
0.5083747413567318
0.9080455981923276
0.6078547721159697
0.8438037648063191
-0.25953728012098787
-0.6148073116611507
-0.7410098257450641
0.7529701873263929
0.6329984143454371
0.030055518076052785
-0.2169682101170022
0.788565672321773
0.15689149223746796
0.05075982755931618
-0.6252934982069754
-0.03630022437762186
-0.5598956155758652
0.5521070982508759
-0.8779835000425062
0.784423001637263
0.4947791311400092
-0.900227099397762
0.09098764406093572
0.9985579720408999
-0.44744119105203634
-0.7015958716161463
-0.4794670992153563
0.7783306232250019
0.10946651893874416
-0.9373260953299751
-0.24055876444042767
-0.2640221703433131
0.7190755306200411
-0.9340172204135814
-0.9010525990369961
-0.15790773880185566
-0.34638354591948883
0.17741697635517042
0.25735103028556283
-0.7369552045716568
-0.3556825518869295
0.5504364764044369
-0.21585760216714747
0.8653518174923417
0.9314591247807201
-0.7582498217458646
-0.7319085469042091
0.5939955574725336
-0.29945884347228857
0.8897788630079725
0.28943297638725857
0.6329008312932642
-0.9687220998967184
-0.5847246535453727
-0.7129884556306805
0.980633532767645
-0.9890094496211455
0.4801996745333434
0.28024492255730904
-0.8133249991252355
0.6739413599927057
0.6203575928871862
-0.20480629029357794
-0.3983381547724111
-0.8928753127701857
0.6970541389067673
-0.15108164317839706
0.7630344267027139
-0.2947245179344584
-0.8075359133819096
-0.12230107050483696
-0.044439196241280496
-0.004942168116173681
-0.8601759127381456
0.7393866649111751
-0.17648905188916536
-0.21221255367963882
-0.1350985852946214
0.557335034882076
0.7243400827973506
0.5853375633982862
0.8608983288720425
0.09402107578537654
-0.8564221110275523
0.7554436156200629
-0.5719458157264622
0.5465943995978578
-0.7915737042137454
0.40733725210032384
0.016064634162466878
-0.8077965462985361
-0.2500020584152102
0.5421898149446776
-0.29694287926423346
-0.7558551729689823
0.0567322700229825
-0.2012987987869672
0.8914567591389674
-0.179925718549214
-0.3274095815351526
0.054722157208988084
0.4509035601960403
0.8821974109465801
-0.027149024833607614
-0.32152735668475596
-0.1562927600093346
-0.920977665226879
0.2801409575426036
0.2133603195337809
-0.8026069614588518
0.9205962353113466
-0.3660813781043278
-0.6266323829350117
-0.26086328134570497
0.19564799487534038
0.844241756825568
0.8918540808467011
0.26266371129722943
-0.14924763470986477
0.49656221571589904
0.6632963319359576
0.9948743413295391
-0.15667591801374928
0.7034084417455434
-0.8310202691379351
0.759305290416289
0.9889224452788121
0.9680012549075352
0.8444059688614494
-0.805499791877551
-0.11986461292032995
-0.09263675281726083
0.4867484756812075
0.43230415593683746
-0.3414611329626242
0.7394778516486982
-0.36785251744205955
0.4701755425896099
0.31335433936715673
0.3390701255352115
0.15844069032145322
-0.6221131121713015
-0.7850367168311286
-0.14155042428533343
-0.3923098938258414
0.6916627086797063
0.014220025814762578
-0.3291668922349003
0.37371850185576927
0.16985579545735024
0.5031522215631975
0.328459264908989
0.052490730437117626
-0.42581149704097127
-0.3805489242770686
-0.4424376997263288
0.25749036514849066
-0.047730965958947096
-0.39969697723461745
0.18103188815787435
-0.38991262918882696
-0.5741727875560316
0.7423475746212417
0.1777036204190272
0.9035846290804186
0.8106715942382492
0.6747713469562895
-0.24636262507864806
-0.062127323535009556
-0.8157243689895324
0.21938133108231347
0.8812252660175003
-0.2099513981953821
-0.25996267953874047
0.8275788024837832
-0.8533214468189454
0.8830370932560146
-0.05354953060622521
-0.04150585048843939
-0.5267512506675894
0.35818770991411936
0.2802343557273864
0.11809539446842283
0.2604962014322949
0.6993029959828825
-0.7533394514007662
0.7302732135397424
-0.31155919033071455
0.7858727500342437
0.5681651891631078
-0.3548209653206337
0.7356130867704872
-0.5061656794095525
-0.9121685496404335
-0.12215515232022753
0.7141638273412448
-0.9851774745966556
-0.7909409191829557
0.08106898832718801
-0.8686691361360452
0.24007455442115164
0.03383817295940514
-0.8126979194755771
-0.5165992528579444
-0.7164083524516595
0.44865940959221784
-0.38453628573264714
-0.7890791855561808
0.14319862540799658
0.40929807515898975
-0.21381931942906127
0.7342110556574291
-0.06336578252662968
0.784077287755269
-0.5401848336963831
0.34381190129923367
0.7879039726673974
-0.3203975099261937
-0.9148224909906036
-0.26530798475666645
-0.7356409026719337
0.8259892376479101
0.829737445810249
-0.6019873186036315
0.5615901192643956
0.015203815658809893
0.9807094136172413
0.01214583358959374
-0.29284144385403005
-0.9293652915372907
-0.6334878538290399
0.21828808530435223
0.10482891501554858
0.4687700899266957
0.6275451234409474
0.055078905150964017
0.31614264144773546
-0.4857458038206514
0.04431686059856735
-0.038390118249968054
-0.7443499216944442
-0.524253857968103
0.8567529029708566
-0.9403803590958038
0.7914522738625691
0.23591313914512693
0.4506035936963269
-0.5946904338232785
-0.12894212338838704
0.2520766232027753
-0.7242499808552976
0.5207500437703032
0.7119638651403354
0.9688928212302982
0.07580565587676714
-0.3008698517484698
0.5746834844878165
0.19900571573745346
-0.8442892590470255
0.4247419776339292
-0.6786515199052348
-0.24229265941716602
-0.8234483232107386
-0.8189749282034858
-0.9636494115818482
0.9124247385696528
-0.5988009949489801
-0.8604741918923041
-0.3707425704042106
-0.18776550211633514
0.5358919630867099
0.2998349321842313
-0.7423478523324027
-0.3403342748657634
0.7603726435178129
0.9001148327579589
0.7155901545537611
-0.04702653419265226
-0.8872046192839117
0.46180273781054004
-0.5190580323153267
-0.58225586816759
-0.18030957611481427
-0.5203488272886141
-0.1762739359015021
-0.6619565017635304
0.4351380485845973
0.33165781236871933
-0.06109017029599288
0.7416212387628967
-0.9709489468164041
0.6305846190532558
-0.6202066960844531
0.36955052663582233
0.5777513661057594
0.17121386188463256
-0.42446190359520836
0.34416130690929186
-0.23533927192157136
-0.9040182993619241
-0.443030206497561
0.9898765042219249
-0.06872734053283229
-0.9311108070702171
-0.5285687101234033
-0.9311990868855204
-0.17767644507543162
-0.3255847542436404
-0.8068219405793845
0.6466728154806758
-0.8665135827627337
0.45979085735112707
-0.31697228127938715
-0.6931019945383539
0.8196907139661015
-0.3209041620061771
-0.21986032185351434
0.554740249377214
-0.7753293598008814
0.3246168516489627
0.427469314770946
0.014675191700369877
0.5223242671749947
-0.014809838670443604
0.5921856526497231
-0.9989932663241944
0.5678350105897351
0.1806337152197458
0.2347213021343911
-0.20333394896053053
-0.11763540048128646
-0.9946718025108465
-0.8174350257283453
0.034477201177056695
0.050384103742992715
0.3999437579705104
0.9679491971866996
-0.49252526730945834
0.7188267677920592
0.4852348359758671
-0.007629521588868844
-0.6680572767542199
-0.6398112863835986
0.062079381122454015
-0.2665409111002565
-0.8922168513268423
0.9216710731893287
0.34076325025150384
0.5511295962501056
-0.9803032646689219
0.6229956807263037
0.04785818294448096
-0.2856835413044902
0.004892657808829528
0.5253542911256001
-0.1864505827451587
-0.17328704949938692
0.19920692332650639
0.8608016187248422
0.3477111154467539
0.5094780000836749
0.6026317650373925
-0.4583959078842862
0.1856342757947179
-0.30654753633540194
-0.48833187307030324
0.1795986660897875
0.8310276444164776
0.012642812402096484
0.0743494820133981
0.42505272119248527
0.3668309844898653
0.4972628791572242
0.5119371027449555
-0.23407940632010207
0.014049770851634278
-0.957284790499282
0.010134139431458456
-0.6817036546365126
0.7673856952141113
-0.6080450934193423
-0.500152176028695
-0.6407035428604959
0.7263466120704444
-0.505558495228012
-0.6685384381354443
0.1949735557116705
0.2975152655076082
-0.7300154993144085
-0.5592813905210133
-0.5938935038658694
0.5473151931340982
-0.4165573848420072
-0.2258973190048462
0.1220195069687415
0.23320551713636578
-0.17685760340814619
-0.16613269414819612
-0.754325895875005
-0.29507096433579577
0.22452375926571022
-0.47890376193124073
0.32152517288880916
0.10912543025777224
-0.13995762110738652
-0.43286618054120385
0.5168593167664011
0.10272030284031008
0.036520827360308906
-0.8591844089857253
0.9519887504307997
-0.8260053910575582
-0.32986701515933187
-0.7142985473837505
-0.2113867947610464
-0.7339545196951478
-0.9303536974738129
-0.49439258949275616
-0.2797143689581952
-0.8751378268967742
-0.006513980472140326
-0.6780088861748718
-0.41357863612317597
0.09591712508639287
-0.6611758725837301
0.1194205433658187
-0.4393825758867431
0.7274017107622781
0.6630906206091777
0.6202571035821912
-0.8770315189035105
-0.6580268630052281
-0.9186914736448708
0.7301822476467427
-0.3902529266640697
0.24231981977116934
0.920900072728375
-0.8808495522428827
-0.5847315787667018
0.23080711637459234
0.9095545850731266
0.14163453549504956
-0.34507317701245144
0.21538801918532066
-0.08626866216713373
0.3345527272394357
-0.8096352853663445
0.14612166586776007
-0.9742743266543366
-0.740096019561066
0.11978046144451414
0.7650542138778247
0.5821533169036679
0.2820740931435776
0.931326958405423
0.002647283416247822
-0.4084913812306488
0.2977942160720557
-0.28070357086148506
-0.3194999793107132
-0.6088983072464185
0.37898457600849333
-0.7968834640213275
-0.23452738871774084
0.38585488496801945
0.46264931819816296
-0.6144855163226347
1
-0.7213049993127957
-0.42569656098965036
-0.06727128493683149
0.20057016791531512
-0.042671068738669
0.3540713068954673
0.375056132629181
0.714409324415374
0.372317497671704
0.7934128237853202
-0.7513371840746679
-0.34692002231774466
-0.19505931823264783
0.9599634035992277
-0.7488414967336433
-0.6386066297940558
-0.6861458342241684
-0.013916745791046415
0.7426290045981699
-0.5889003960360304
-0.3715374039945679
-0.8108410684385945
-0.8155765496816231
-0.15957563180092188
-0.5999547755624758
-0.15982845846311217
0.22141458959660804
0.7741934753646393
0.9364643795481447
0.3671707825326425
0.3951866928127212
0.8448209128283228
-0.1487897854346433
0.5684092603503681
-0.6393969994413058
0.1807847127868225
0.08936562270469506
-0.013529227702688154
-0.929878031822749
-0.9691601262086466
-0.09083999780347404
0.35721491623350626
0.26916507876785606
0.9192223321336925
0.9302625038037557
-0.6708599009797719
-0.9898710465921371
-0.058961073361840304
0.2412919418759574
-0.8634852447274666
0.7084993713579274
-0.8506184005943761
0.5066232361211049
-0.34417346050522785
-0.22917595929821702
0.3067699414768303
0.8612224626500566
0.8273305597771884
-0.3123153488428419
-0.03418744630632092
0.3344545116456317
0.16973197295944534
0.7424899005291457
0.2579655950473388
0.8428074493184103
0.7726882013359532
0.09084063663173653
0.3690581571170518
0.09709118041230508
0.7446553771612808
0.6345607034373891
-0.6674898786925862
-0.4958464842833372
0.1074424195134959
-0.9765498405214867
0.7042444115501083
0.8113302889656139
-0.07950136465890657
0.6541762889445799
0.01944258999870336
0.47861365296132397
0.21142084442314152
-0.4671882964550975
-0.5732012300700879
-0.24638287981699034
0.19272322085357513
0.7290524834807582
-0.5960416429307703
0.595920416445115
0.04398416448621338
-0.9744466340680116
0.038631060796127964
-0.7156279323851066
-0.06489646328676921
0.8001046107869647
-0.3660104080126808
-0.22997382516196518
-0.14853598597621825
0.2242015574654496
-0.9476352810920932
0.6231197734530837
-0.0721881779897935
-0.1630406827784912
-0.2167326140916465
0.234806834792129
0.297584671230247
0.4596154250285993
0.6490322552136683
-0.2522178739973448
0.004154985095066494
-0.6838295703523991
-0.39204484775757564
-0.2976002175545433
0.646111947712692
-0.7726400030667049
-0.24826961408822865
0.3655980756053844
0.3132834867440281
0.10254523849529762
-0.9864991137933629
0.348269364180759
-0.34359687211329754
-0.5315511947713563
-0.7881080650876333
0.37376217099307907
-0.2430723907963631
0.6086146455523452
0.11398972409950509
-0.8563902603015673
-0.6863470108362169
-0.4815287066147148
-0.35339598110448034
-0.2108349367437591
0.2762286780175239
-0.7638166940847753
-0.42988886004377247
-0.5966699487937531
0.1597462339599396
0.06592996681126377
0.4911067674396279
-0.603543837669618
-0.17894430276897696
0.05339058331251941
0.3940389217443101
0.9004312685604624
-0.6249603061510746
0.7396429117578205
-0.49570543437478576
0.9519470298418967
0.771141850243808
0.9971159668378017
-0.947808944873624
-0.21553566169006014
-0.8490466910074539
0.38356420065836255
-0.26014508222309163
0.9961374541256183
0.7517022635589092
-0.6987599345357463
-0.1430535925051843
-0.11838880009260191
-0.7938067211986375
-0.7222030825214956
-0.3542001505862995
-0.13372127310919618
-0.24547288689863192
-0.5575719705550661
0.4425893142109281
0.5708958528420727
-0.4748397626954522
0.8080359394962829
-0.027768434291323064
-0.7257748635173129
-0.021588937360315922
-0.5358134704968758
-0.8175512993335574
-0.4549467485482589
0.1211162301390366
-0.6923642176711117
-0.36118709463651727
0.9412171217263693
-0.5202003036866273
0.5639845469568685
-0.8546754603315141
-0.5845910030248533
-0.07697882111204515
-0.5815755553549204
-0.045868099140909065
0.5031643197717441
-0.24698567039047029
0.4393267369031774
-0.5525498698736582
0.88988860079776
0.024737569010486352
-0.4800690302383144
-0.20838610841790597
0.4407320723768712
-0.8499620460703401
-0.5349783140351708
-0.7597769065818308
0.9909945725715182
-0.17575603960472533
-0.13161753973214696
-0.7389837002800526
0.6529148485341583
0.553307187341668
0.6366515754014626
0.8596899298465795
0.9171285246815497
0.2479625501634001
-0.7426509456163487
-0.8566106017405033
-0.532543508481909
-0.245101464291308
0.26036710347518305
-0.19948171108055657
0.27346748056084547
-0.6392156700939917
0.8804333706805074
0.7867909129763132
-0.9668973127898273
-0.33414518963236906
0.9406312809418385
-0.09895700082901072
0.9947740686958454
-0.1406322843050085
0.7783407181516689
-0.45225066416800075
-0.39192801695765583
0.10056153693279288
0.12166837231620496
-0.2723582264303024
0.7150513981263055
-0.3544517031563649
0.675843463492754
-0.8978016832794046
0.29563477486686235
0.5640360866397434
-0.8226652885689505
0.8134652869238425
0.15370048298637887
0.7257822725384626
0.10477009805230736
0.7601090179938037
0.36935222431667675
-0.6005873816349755
-0.8201255679281148
0.15702979991456517
-0.6742810110111679
-0.22880915863589932
0.14420498256267192
-0.5819930523313878
0.10370761884349186
0.8419935227884451
-0.24698571364222513
0.8981119915823578
-0.38976563522378427
0.642382726335943
0.431625027853309
0.3560556726087021
-0.9947992906863383
0.8792377286276888
-0.7534534784078714
-0.6284477119706919
0.9179594011714503
0.06926810815086035
0.10021879439925574
0.9608937345577059
0.006077234843675087
-0.3847393262879686
-0.5215909075405067
0.22250265987568188
-0.14350534559561384
0.42019651589076645
-0.5756026921575603
0.7819471119619145
0.9111067067079197
-0.15293021249664626
-0.36395467030062406
0.15905722499019712
0.9142451297163884
-0.48176547256562663
0.6453238492482936
-0.9064841883294862
-0.08650894713648069
-1
0.5088439165389074
0.20075236970737162
-0.9232499456677626
0.5217352170123963
0.1791996118919145
-0.5955204570296132
0.860316081426766
-0.46048898684581635
0.5599239104046451
-0.1584779677022086
-0.5670091008422227
0.37432126748004807
0.5916752537134843
-0.8138674462632949
-0.1243509417819526
0.9957804690530587
0.22976589657743157
-0.0601036067036499
-0.060615238924761415
0.7348294172242631
0.9096292774061165
-0.47692598276433124
0.24293019178043262
-0.7015027066276414
0.6448513080612038
-0.3013894236908809
-0.23754007361385476
-0.9095896047475361
0.9307439549276744
-0.43066492279601587
0.36535352651949227
-0.2770108610842899
-0.4636990880551077
0.8096741096428682
-0.898830866414862
0.0751728338279442
-0.09109314455916309
0.2697610113462248
0.3209288251012813
0.12203108799111358
-0.950513575210198
0.6359165289651927
0.5165427769674218
0.8532396984107387
-0.4590197109643717
0.09784691370739176
0.9935819821792522
-0.37244398165113357
0.4799410982535917
-0.4859088027795631
-0.8773793523605642
-0.8663489005790992
-0.46790643387350667
-0.8445263819703176
-0.15624088676606596
0.30690678918042275
-0.6288619312705735
0.8088409552787751
0.6461211133410185
0.39428924699058526
0.07238096903079523
0.8087172799123221
0.8506122807434229
0.15715094801566534
0.22074555491392903
0.8351363226580251
-0.8234977740778195
0.6311590642170017
-0.3110909656525197
0.8240336501247338
0.9488125549639789
0.7832139647906854
-0.9574703367040326
-0.9381733928248953
-0.9193793250895941
-0.972217117793284
0.5951573634987567
0.8034379672066512
-0.7456007839606937
-0.2650346248302783
-0.3898643543837858
0.9010381692107108
-0.8347640433516957
0.04914845073843129
0.8681630861138129
-0.7921055818356748
-0.5733247237990506
-0.31586733766335173
0.273216918854903
-0.9961825848215704
-0.2416591339431603
-0.6288147640728985
0.45553412184581704
-0.11879203731131056
-0.3536586405775845
0.8160526359654147
-0.618139336758486
0.06512014963491236
-0.23046526827258612
-0.0005540935373568173
0.14302750099071923
-0.36743836542000957
0.7018449160949165
-0.7718625296117058
-0.40115718882297113
-0.071429056567904
0.9133449438700396
0.5963966667169556
-0.782273152318724
-0.24909699005500974
-0.7575342382986067
0.881003419877673
0.4666925338048995
-0.927254166951231
-0.7786843214864044
-0.5177832338196213
-0.7328460459649394
-0.5351703782256051
0.21938990987224027
0.182547202592584
0.4949434727598752
0.7635351611430616
0.8635594439517141
-0.3127858620654277
0.40425695135993556
0.7120132886120925
-0.9342603982724288
0.2868022462871492
0.40131542369586276
-0.714669365809089
0.9757608821563689
0.12798982343266127
0.17405414708912437
0.5115173566343597
-1
-0.7381698759858228
0.04482792059142523
0.20110182006264055
-0.17983753157796442
-0.44752197573078806
-0.07662628375688377
0.9421356170812442
0.3967789656282292
0.20459792696338694
-0.3972230302017381
0.7419208102540484
0.329483523646138
0.09052836652841241
-0.39116414920568465
0.1933469235465343
0.1859836791668267
-0.6804835729866859
0.3512328283946646
-0.3076376354017418
-0.17296762683410505
-0.5898456411175013
-0.4012681286410323
-0.30084527531010163
0.5118219195424483
-0.08538657465154886
-0.6667502027010997
-0.6494501692067213
-0.06155591205276165
0.3728369214942866
-0.8490943041187647
0.5988249389106202
0.30053396004238514
0.5975740857603536
0.7674582012126313
0.5954401119482449
-0.1979683678318871
-0.5793543927563082
-0.4193329039381423
1
-0.53417605244442
0.5215751731289714
0.3673474394366235
-0.608103929093774
-0.03279908492102639
0.8666055940214932
-0.13931799457185068
-0.2717746197653635
0.9064411454555737
0.7707200681079873
0.8702585100971568
0.01937756212180929
-0.490210914949477
-0.44151113594716196
-0.8560026903098091
-0.2687425771979546
0.18960234779476023
0.23642832089127788
-0.6827978427703828
-0.1884848023777234
-0.1483356171145649
-0.23464313355079486
-0.718176910490119
-0.9288905840208422
0.3737270416588662
0.36758947300963635
0.0228493367440395
-0.41769349935395034
0.19529600491273266
-0.9705575776098837
0.9395870165738665
-0.8412130869867636
-0.6937566617261516
-0.5084231715498962
-0.6286276540164973
-0.10432442898593434
0.6680943948697179
0.11656005976371603
-0.7398169648651017
-0.8517968078053361
-0.036879307722723846
-0.4666616499855105
-0.9876332419854562
0.11101371210123696
-0.8642039418863704
0.7829866355521532
-0.11395727106809098
-0.7175698571581063
-0.48042236396618976
-0.8982585741652862
-0.942317391637354
0.4912697796068282
0.6043830843491382
-0.0966023094128238
-0.3993705072645856
-0.0007247394082905778
0.1534032259874765
-0.27117331579839393
0.356946646012428
0.9588286321494965
0.39356250367384876
-0.3034146781294249
0.8801591114137154
-0.4779779789918892
-0.71542245469453
-0.03345749271243557
-0.42522401330523313
-0.5087480522151747
-0.8809020779119889
0.23625392616534557
-0.26602051889451295
0.11932930849850876
0.6475352685095734
-0.7220135193092408
-0.07502067929785838
0.6816311685325338
-0.12372251240585805
-0.5009811269813867
-0.9342507358472901
0.645744734538372
-0.7739865415837622
-0.5928920442164013
0.46369876837535484
-0.4664032789507474
-0.9426883228351965
-0.6387157813901299
0.11473083551457558
0.7582800313245486
-0.7402884110432773
-0.5594305175068599
0.9118090354179812
0.7089012487025858
0.6754332438034777
0.7565716291662133
-0.9814198486661465
0.3038756763564289
-0.7222746086989719
-0.6731430393017938
-0.5563970643397306
0.481625644255919
-0.7232082881313303
-0.05288244670262796
-0.6221074220912137
0.1685428952340473
0.9161442992973124
-0.5362586214984193
0.4314076860290224
-0.5877364984443072
0.6403182730484451
0.8876835808409534
-0.9596036738447645
0.5069558561643409
-0.8245857836606544
0.68250724394273
-0.14976903509968575
0.7563091131139795
-0.3039735165265945
-0.1390597564065857
0.521301433360425
0.8269748902834159
-0.8424634280116259
0.8192235523258555
-0.39961996584815035
0.8831933263531196
-0.5772037748945092
-0.6502622848483764
-0.8498901872868988
0.9330330850497582
0.3880107010833402
0.8127458080643445
-0.7285282657477526
0.3094151847770051
0.761944226605021
-0.6812136790406328
0.5345027201258302
0.026516330427696043
0.5542731047644719
-0.2887337486074464
-0.19533408417851755
-0.6177173381449594
-0.5094750494140156
0.26673483300420314
-0.03360432102250769
0.6557411088813367
0.16937473426172286
-0.4062971057878087
0.9993712855564978
0.5118478580118797
0.4606243601217319
-0.02145094649639352
-0.23804858445888902
-0.5534918241222554
-0.5828115706249768
0.37281414206156743
0.6421881678565105
0.9236286636099009
1
0.7614655546714911
-0.862848156794072
0.5372971661828609
0.4699213865290241
0.639552787274646
0.44445674341968733
-0.29251790489758656
0.657300395812634
0.9472190357150801
-0.6320980560677687
-0.4190119338085819
0.6891131790198205
0.04754304820281044
-0.8582847773374661
-0.9186500016691166
0.5951082123839885
-0.4265096062611269
0.4419617768067248
-0.16079393483641855
0.8766331684344536
0.6305857867176996
-0.09185153517612671
-0.20454197741121438
0.8884583991844149
0.1250266771258799
0.953690915067328
-0.6233260771525362
-0.2739479266927298
0.49859430811165617
-0.6092405717894297
-0.5255250695285876
0.21088973466304015
0.8178810916072463
-0.6098046781559826
-0.5623488507327319
0.07279317521013617
-0.7872559095327375
-0.09047400357254408
-0.5528002050926087
0.9345282292403102
-0.14371183280716837
-0.9948031744325484
0.23750810196021765
0.6253137116396077
0.37286560386478806
-0.037566932759082176
0.8323974347981679
0.8115291494682092
-0.35000562646502104
0.7347681677695583
0.9914881168246537
-0.07606011752565292
0.6691561305124959
0.24539250296398912
0.9863752987700397
-0.7833602342515997
-0.9579384892861929
-0.33209308952012917
-0.5761701347334555
-0.08008949498449895
0.37573241835570625
-0.8610506049943258
0.1250375088969575
-0.4998341879833536
-0.6875655482331338
0.758235265525438
0.3392071754684421
-0.6296367493660615
0.5940582787176575
0.999092865916863
-0.41478650142014556
0.3248795717855702
0.5061974677155823
0.49146137826531766
-0.6206082285567961
0.07113453722555431
-0.7854719840246329
-0.4263497153886887
-0.4940476808457165
-0.852537717843227
0.5035836528489789
-0.34333648897943453
-0.739410779383093
-0.21755867035447166
-0.9032129598003918
-0.26067118764238834
-0.08103373396679224
0.03972514536035935
0.6831610018171123
-0.9316053406961419
0.2737757788625248
0.31974266414170316
-0.11166485432482144
-0.34000870381890463
-0.7710361027346617
0.39988214429791097
0.5667132896335104
-0.01525344170019913
0.6472660154337491
-0.8470973931706895
0.41783418583774035
0.81858831966623
-0.4749386955843431
0.7410302911109834
0.2512899476144335
-0.307231326349103
-0.6160891042045731
0.24089572403917986
-0.3403026599835784
-0.8835070789572947
-0.4823472027994363
-0.32328767871275116
0.7522997617622388
0.3193045797870707
0.9811569618787606
-0.1372668212289582
0.20503324443288762
-0.7090497730356711
-0.40510275551300523
-0.5176206530156716
0.8506811655191365
0.5936528581113154
-0.31022310552240434
0.6983288318210826
0.856787056682646
-0.8535834591383663
0.3559214838982076
-0.08248724069212228
-0.9759052169911488
-0.6601411565770801
0.783011686283914
0.7093030610306286
-0.5740344172793911
0.24273467759334647
-0.22671869944674986
0.9760752086177379
-0.08512616538205725
-0.5461163519855207
-0.1297684781359008
0.8017067974078037
0.40405574687214124
-0.4496922260949216
-0.2785360261034155
-0.8372702882562962
-0.11520725020640063
0.45608347657589005
0.6933733835426487
0.09439698373306885
-0.43915231174039376
0.2926479301185885
-0.303656472226432
0.7274273909815879
-0.1623184319519391
0.09679131594080252
0.4793461309278783
-0.8470179278005635
-0.2393407536835336
-0.27224000482486865
0.6807909459733278
-0.5774299510272809
0.08795960315647078
-0.7703087966105788
-0.9620887172935965
0.4341032824076969
-0.37379257516657766
0.29893236403266427
-0.034047384239073664
0.22086950449849843
-0.609592372889296
-0.2795902693286938
0.8756296204736438
-0.14906017285963585
0.960685871205691
-0.5910086779468005
0.8388749690958384
-0.32906869530857064
-0.16546038944001745
0.5655467071256763
0.010182828531745926
0.5733189896099462
-0.7346130111941591
0.6741804407665162
-0.9229288662014729
-0.11995470853723962
-0.8050055248365967
0.10962054140670857
-0.1656888044897121
0.7387405409563684
0.2446296007484581
-0.632181356807975
-0.2962029446910813
0.8041100426551553
-0.0073461953192250525
-0.3036841274817038
-0.8156418341263337
-0.453119083188876
-0.6034043692778451
0.11901119752955779
-0.5826945114192669
0.43771423233604173
-0.41605209709654384
-0.6595218293053948
-0.24734503742178177
0.5156395001393899
-0.792266244002189
-0.5514079819032925
0.9036453809656176
-0.8348637040751461
-0.0734837768108015
-0.6596087195429629
0.7998758688614491
-0.18614719165239804
0.4047158009988338
-0.6004537531725599
-0.0431552115951163
-0.8279776153531141
-0.9092098590398594
0.587784782146141
-0.6214115583908024
0.13527070938149036
-0.06500805190921584
0.28499912538305017
0.202427045735472
0.2967695334454812
-0.74759292451078
-0.841038250100016
0.8341164982293838
-0.09983843998342112
-0.6588001561731475
0.06281856196568075
0.03534979504364601
0.5349799584797678
0.37717429377043166
0.4721696128178941
0.9458458687162457
0.3948668554110964
0.5109609606856453
0.3464491745870546
0.9602388591251545
0.6688235895438184
-0.4273806347599788
-0.5298933640803838
-0.2963584491625278
0.6856975593227775
-0.3702386019806792
-0.5539824678615153
-0.6117373240813919
-0.20223334138595928
-0.9440346365748481
0.1748503755856643
-0.5822624045241281
0.5804672836076532
-0.7231030812497822
0.9580483289804793
-0.617212667454218
-0.8835951593165877
-0.33774354468230106
0.4408349514887563
0.6981094702316233
0.23609381612924826
0.4176289172749353
-0.6265204011852462
0.4577677688620938
-0.669295094596204
-0.948116482377003
-0.35347598825595344
0.4962342737543344
-0.6838968929273639
-0.9630391510682528
-0.13833544644873585
-0.5481524756110383
0.8787946050878167
0.9724453030064805
0.02848345759882443
-0.6376442424234293
0.9012734290765534
-0.877682260398239
-0.5450622939742653
0.3952894110627032
-0.8456812470231417
0.9904091698992012
0.5866982804811208
-0.33505649229859585
0.054617875075599016
-0.5748753598761769
-0.3449733241585222
-0.6929791391670626
-0.19790245077839966
-0.9589875582019532
0.08262227514293159
-0.962474520031377
0.9686005138196794
0.7360004936672888
-0.3069653465159748
-0.9186205688669854
-0.018478180247001628
-0.6115519943391633
-0.1401554040611923
0.2984529174474082
-0.16474290197180286
0.18980130013226276
0.18095056333465653
0.5002637043978548
-0.9297573010918081
-0.8619569209333994
0.4591123917891392
-0.32538071266522667
-0.17281252913727035
-0.008283213452296783
-0.1496827816440839
-0.05489806296821365
-0.09075378527814049
-0.19559621305003216
-0.7232787087117367
0.8908709556424625
0.7836844149876149
0.8644345717458057
-0.9054337167285935
0.2896523963471343
0.19926810866610084
0.8616414720130274
0.051865282664401574
0.42313179404983003
-0.08689054349411648
-0.3600008655511633
-0.9632291430955585
0.4518864147642743
0.35900393118264823
-0.7514118076126209
0.9221838486291637
-0.8215132768918662
0.47038676020189335
0.4292894932282963
-0.9437367724155898
-0.016346615829876364
-0.12193732397317553
-0.6031209573897851
-0.47308802331371796
-0.6976436837804951
0.8770638140938438
0.8025470869897665
0.4433507911548002
-0.20960551318750753
0.4310880879971976
-0.4430485387477585
-0.6312782259978924
-0.11780782616386214
0.5773577210462535
0.15086989428807793
0.4477196718729842
0.6096358648360608
-0.3771321024217718
-0.03775535856627967
0.5031453752715915
-0.0122769289797649
-0.30166611571875657
0.14651840900157528
0.47838405590001587
-0.1251975433811821
-0.65111014722915
0.8323650216645967
-0.10368694501399346
0.43671481266492684
-0.9667079660991625
-0.5138993937139278
0.049237992190523265
-0.6278784573496373
0.7858407467052956
0.09976631779497512
0.3176455375765571
-0.977058778837944
0.6076786375752852
0.8677205737896259
0.16245072410383166
-0.22622311777108645
-0.8572320054456558
-0.27336296981629554
-0.8677941192256928
0.972564858949076
0.22099613340784216
0.6432711473505898
0.09507503374376798
-0.10598684414269997
0.09717298510486472
-0.47368375309280175
0.4086898544052118
-0.8722143962442069
0.36855871255161526
0.4604197459939414
0.8670097394592875
-0.051884493659994105
0.08314163934253019
-0.056773188794960294
-1
-0.10350104757295707
-0.49466251472025186
0.435642231642751
-0.8769536377938403
-0.7317178753274167
-0.2778516126545203
-0.7575766262459251
-0.7309775954492599
-0.045965365551643086
0.49126457845855853
-0.2548087081720851
-0.8376921431723674
-0.8682220842874817
0.3142542902414144
0.7179847787756914
-0.16459222357317776
-0.601255902351687
0.6383730542430052
-0.4382659160800451
0.050756274404420425
0.42322489501477445
0.22695137594436518
0.5224040683631379
0.9516362165860313
-0.10990809734420415
-0.5397624052940657
0.35538585596457783
-0.34722567790872244
-0.4111560923222965
-0.9952386757728475
0.42343127443291334
0.8955474769340249
0.1610669835905259
-0.44008475797977237
0.672994062786648
0.06162665107035929
-0.38032213549228844
0.7764839217449693
-0.8235857784835641
-0.03926561659988548
-0.1425620437196338
0.1755029781874345
0.5053171588890458
0.57646338022168
0.24407188597588242
0.5023832700216634
0.728233120212088
-0.7093200646229836
-0.2704161811583499
-0.7804232074467145
-0.9452406173544529
0.026401803027864955
-0.18768384013611542
0.9757651660453062
0.2475031864196769
-0.7780110199515553
0.4112308459796627
0.7155060320771888
-0.07611253056788594
-0.6638827075044641
0.8650503372231376
0.12757478630123448
-0.7038818186342503
-0.8924796352714389
0.32148108366583106
-0.18152673292297092
-0.39439470971043883
-0.21777337054646656
0.9098145585306272
0.5109499066948515
-0.651891879366643
0.6252679637567139
-0.5151972457657699
-0.2604548385882773
-0.5623540717234637
0.7712111957390013
0.9887915734907206
0.4187751864245647
-0.7801500157054847
0.9619872992453768
0.31349599029685554
0.30973129805307104
0.7687214972935774
-0.98338951796598
0.8804074842263216
-0.9356346842734352
0.4113010411888043
-0.12066641824490962
0.36435388000441016
-0.9193417510422162
-0.09240274141411865
0.11874333107638174
-0.9250727845844674
-0.6474330530258375
-0.6012660711528139
-0.6836892507295519
0.41581055356254654
0.6650278223643747
-0.863663001152696
0.8504301453499058
0.028078564023101674
-0.35512455243900637
0.15293988984507703
-0.7926576013862917
0.8324820635074505
0.5331483400592023
0.9425284279029986
0.4514811536400144
0.9025905162236765
0.21520932363857045
-0.15079946733859217
-0.7258235184042418
0.682416112725485
-0.5893146429282295
0.5077840819844982
0.5235178551159377
-0.6904912827755982
0.12677524964395206
-0.2292264847607605
0.7329232987141774
0.6858132514314069
-0.31702366280770444
0.6083004516591379
0.8301891913882634
-0.8581773041493083
0.5096335703420859
-0.6984687385605807
-0.09630206945860784
0.7332572307405306
-0.3001365889961644
0.04369275794466953
0.9084390844036543
-0.1718432342246458
0.05760777996773468
0.6167849010802111
-0.7868402894682778
0.7865503596201278
0.08516083981696303
-0.007575457933469045
0.6936737288965293
0.6737949266871576
-0.8186424448570158
0.5719455099276857
-0.24536274178554326
0.09238484320369056
0.12432178107335823
0.13133185947414075
-0.9621800221309867
-0.0013276820456832976
0.9612328261273941
-0.23012318936167553
-0.6311700027569144
0.13848069913687808
0.5723706605334414
0.5000235102240559
-0.8785684216860428
0.7724236259179263
-0.22209431856916306
0.3420326329326896
-0.05321751460518051
-0.8612222633998626
-0.5096964788765409
0.040543504785171026
0.6206965821074344
-0.42812506687789587
0.45447763188983714
0.3419992177608937
-0.34675460501800087
0.43867128783352216
0.688668021464407
-0.18782619939499562
0.6744870088502424
-0.7739672398083433
0.08369071113242726
-0.678059064540896
-1
0.03548493725080008
0.827487483690117
0.6755863048496112
-0.8982097018801849
-0.5656159714534499
-0.6129356980743544
0.36966621939071337
0.6182892636306038
0.41828112933911615
-0.809021294332174
0.6076750262721757
-0.3165855002322677
0.9541578164982953
0.9729781319710533
0.6525240110119359
0.4953698112560918
-0.8535724770038033
-0.2205237503839218
-0.09894899114352129
0.9487991020541565
0.9010889833093902
-0.00229587893199828
0.12034899548912242
0.4430223554560192
0.9804592282013095
-0.4452212168980346
-0.7926362471009271
0.3112238802185108
