0.6461661823066114
0.36994886632469653
0.3471181860339948
0.9815199503904266
0.3208186906023826
-0.7342641110482612
-0.9115322859163038
-0.25814003556978765
0.14568042615977625
0.24598657835868443
-0.8436910239225487
0.22293163588139947
-0.35863034897689083
0.7914489697164526
0.4079929636258536
-0.8956095951311941
0.7472991347687452
-0.4601085330372469
0.587409667548517
0.1801927652191041
-0.6635478489171871
-0.31064793188992035
-0.38514982962675726
0.31688893586185773
0.4735955874323765
-0.2537954283312714
-0.21914024415228367
-0.45549568978532323
-0.6197370429691478
-0.2922759368642393
-0.18887117706570677
-0.7578797848969666
0.5690803605026833
0.3087322069567219
0.7302182954576648
-0.13612193432448585
0.29419564914145674
-0.08265063111099703
-0.7950141848128565
-0.3500004035339406
0.5573070625744027
0.2528794366895203
0.5650825325664696
-0.16333438779257567
0.2827031533042713
-0.07605182799416843
-0.244531258036624
-0.024199442741272142
0.09685462598837134
0.6582371930755496
-0.2864888744434222
-0.8929139766275195
-0.6494159264194046
0.846260438809599
0.9480958389272012
-0.15638428645875346
-0.7515280648690459
0.6068927422418284
0.9031042488466733
0.2644794569270812
0.9562628782467717
0.5709880461284436
-0.11937928120150092
0.49190917815834095
-0.020600506614704577
-0.8491885514499545
-0.9866021744691852
-0.9061324670396429
0.5057510655405661
-0.48015167434347567
-0.025140524726855802
0.7904247664184478
-0.4767701230575332
-0.14713900544860323
-0.0857860668794471
0.8206693553396534
0.20296820042375882
-0.3644162985249259
-0.5541779667972981
-0.30604938637418816
-0.48519148496242254
-0.08016125446808155
0.1913907896365613
-0.16064057576654756
0.813560977020689
0.22955747572068705
0.8389620756146936
0.1673752558808603
-0.7341978447846063
-0.8386490432136281
0.5363150979542657
0.8987024077240853
0.03672489063436816
-0.5680470842553846
-0.881959957440967
0.5440375422175853
-0.25292470074843076
0.9194693185379901
-0.5908700492596999
0.3304100882282745
0.7820563966472809
0.15601837026985163
0.040673112406998196
0.5068571503651444
-0.4888929902166334
0.4761942635500317
-0.44303525559393725
-0.7563006654204082
-0.9467939441621522
-0.32299825159773
0.9639019274379856
0.38847678327746255
-0.7791271058659354
-0.7989359840850304
0.5856784356905814
-0.37562227314040203
0.43138005763089526
-0.5526797579285734
0.9123078611608751
-0.31656648604030685
0.3887780143936186
-0.23824826764219018
-0.6405176677073443
-0.012258938888763893
0.7202560337234309
0.7574507145806051
-0.2996762020325174
0.4734635904717106
-0.851052514816564
-0.532652609936408
0.046158710135637195
-0.2998203375596921
-0.10745350588995652
-0.013419937554789537
-0.43548964636442117
-0.26842241051394794
0.506971494993172
0.7965737994586247
0.41969305876028323
-0.16215550376375973
-0.3590218004119831
-0.956850792606217
-0.4973385865723593
-0.010013663544385007
0.8294595758487278
-0.9547253624700871
-0.2127993308337646
0.7586070993648931
-0.47844354211938556
0.9982308083887416
-0.4724189537142689
-0.29319284212392394
0.7294283522070155
-0.7844129684871046
-0.4699628918703927
-0.66783496283366
0.9488395541221251
-0.5003073783775922
0.33696803280598936
-0.45935831226274926
0.08081353987473752
-0.46549853091552607
0.35369047591145447
-0.11780825208367723
0.9562249767630365
0.34478922981061216
-0.04002396836906174
-0.4733570748735958
0.34634005980557947
0.03933822626212709
-0.07356973193476894
-0.2764179755851541
0.5569871515782825
0.014458183459466211
0.6870478064413194
0.6299608567363392
0.4302263200971306
-0.2674908224226177
0.5164379940150695
-0.7851778180080109
-0.30116380924286446
-0.3935082172309081
-0.48242561461823047
-0.33975499844412843
-0.9489449556797136
-0.4689858142610375
-0.5859072729599684
0.1476370732777451
0.9038336939317075
0.0939772324706081
0.8650763936621471
-0.7692519655534676
-0.30366950575594653
-0.27187349034421665
0.173844307921787
-0.12414015522780282
-0.6219137518531301
-0.18970648082382904
0.2736585152634731
-0.015860923065871075
-0.1954407089036799
-0.46885606646454586
0.11518245369649456
-0.8602922083147947
0.3134774013696658
-0.2638338703542697
-0.008691711480025455
-0.5839934571264094
0.18775804274227365
0.34847971376068754
0.9383344263767494
0.6515366987020778
0.9521130679924475
-0.7633094690719432
-0.6260863986571529
-0.7700040560359454
-0.5600112487815179
-0.9699461805445446
0.05668543423932862
-0.27928156625029976
-0.18211225375778972
-0.7806615343254839
-0.8462406121056655
-0.43285999021792504
0.4011597242337718
0.12548666644279452
0.6876922516320554
-0.49943283229102875
0.6676691483831437
0.3284646088414189
-0.1355406027241558
0.03308903698371787
0.4873611859862875
0.3163618960833153
-0.2507409650629122
0.8468442759412481
-0.9826093354566323
0.5156984581185099
-0.20619622973978546
0.30967045803168375
0.14853832770320904
0.9271024626431447
-0.7701361952765112
-0.48303796690824025
0.6318676789945064
0.26495883196351944
0.41779974124509667
0.48942593134140244
0.752963163934568
0.3643156321260677
0.060307578273316405
0.3122083290038186
0.4353877598995673
-0.0036261575398736723
0.3440072823915121
-0.06840144890876897
-0.27678043924658635
-0.2625149555408487
-0.1201275953853289
-0.7349754412179704
0.4024912474543429
-0.3127746603701824
-0.8840834084766694
0.7252318128931861
0.7397616783390069
0.09089434326523758
-0.2420801922210089
0.8820536744626412
-0.6320703827292377
-0.7794360211159604
0.3727790194613234
-0.21345234401383956
0.7087353046245407
-0.13959596352579612
0.8042303931244607
0.24492186530523943
-0.2698644715586022
-0.3207314353465068
-0.7717033276849335
-0.1190938096576709
0.0935671707305938
0.6030930236456071
0.20741371705214692
-0.2141375365889017
0.05868090775703736
-0.5467995202197233
0.13384573096624164
-0.612721268280721
0.336375632700649
0.523329786838496
-0.21350711891282598
-0.37296919342996127
0.2852233105425395
-0.4870408331867759
-0.08716487509782525
-0.055355065524855925
-0.41143060566057665
0.758421726529715
0.005361878631658936
-0.39229045759839337
0.47988672626155426
-0.9051319474779652
0.3346434477454422
-0.316748516482003
0.09326527105386676
0.9447327684827989
0.7209818193379792
-0.24900330908844634
-0.9179387697816875
-0.10858410705328445
0.6347467317601186
0.6676679821905427
0.5777302342057227
-0.5907723833934247
-0.4886063307980566
-0.8994857534906544
-0.6620487124044379
0.12891679140458892
-0.18442570918867932
0.05051059896522555
0.03846347089129937
0.366205562986619
-0.7387911930282729
-0.98356225918751
-0.7803664823786681
-0.2234886541313888
0.11540433172943053
0.860179240253116
-0.9576319935965385
-0.6841277836153822
-0.07436698115926772
-0.3576589380703432
0.29876978189425046
0.11827625033432253
-0.12118070207423072
-0.6087235626176791
-0.10492956210621995
0.5218002638221201
-0.6994990066982054
-0.1734937914103748
-0.1502320936010122
-0.27916152118827103
0.2397667022462702
-0.2213416395340334
0.0892006172773636
0.6658001367395522
-0.5844776280923182
0.5186956462282529
0.20944394623965917
0.9309139027469174
0.3465668427890692
0.9228238132174907
-0.7712988508281449
0.9362147806148309
0.7455448277125895
-0.44595520799591165
0.45128880927924353
0.08298210838318348
0.6693743248539576
0.835195878805761
-0.1841086295220829
-0.22966777307960506
-0.3898944418630399
0.654448277232947
0.04833564253837301
-0.8699354075206728
-0.7793415257477954
0.4009633310072628
-0.010547891279486972
-0.5777265598868683
0.6562186197595961
0.7654956151861861
0.0002258851133622626
-0.10324952883693862
0.6348886276103766
-0.45229446521048894
-0.8761762251763142
0.23874634321806204
-0.9375099128519858
0.9442757128928392
0.3315144900074506
0.12323857900306116
-0.6695008192263092
-0.3132201559168682
0.8995828840926413
0.6773175845774305
0.036092369860393186
0.14728400428754052
-0.8010822772823805
-0.43793725908700354
0.9681110803326958
-0.9184799675298693
0.28913500613192705
0.2139841558668507
0.6631700794576835
0.4271857004747605
0.4656417916849678
-0.46567885843018886
-0.8027797007659021
0.7355795798768398
-0.9435897650406235
0.3851787521223866
-0.8322033561999224
0.09936964133976912
0.06141484528619901
-0.8478685127557352
-0.8522032387457734
0.10393004835587136
-0.5696059836841549
0.33744438421291884
0.2918587734892692
-0.6440448788908151
0.682772878676214
-0.6197018525331592
0.4534510759747089
0.6976502702493651
-0.6178156417278611
-0.1339651431327162
0.6959691037506732
0.058860054155795094
-0.7519026559034765
-0.14917787655206738
-0.36209193550773294
-0.0777955865426095
0.5924761263876457
0.7076399502785506
0.36311283292163776
0.6363440906194651
-0.2886314366091678
-0.5961200370064097
0.8962983252121499
0.8394967924559127
-0.5271201450252254
0.5167791027370559
-0.8711849031519423
0.9287638487398711
-0.006973780763491808
-0.39169583893609755
0.7550023965681391
0.08994626179641153
-0.25720381749323773
0.4406421398733544
0.7561690098071402
-0.7693887487094924
-0.19450013000486205
-0.5500228085279051
-0.003940164220438285
-0.5950126984408876
-0.21147366739662402
-0.8900227943043721
-0.30858396391425563
0.5036488646869753
-0.3158612565220354
-0.2846334810676228
-0.16536897094650133
-0.3882930943825308
-0.5850929473677442
-0.30971256795203234
0.07530317246859343
0.23096574897325087
-0.48160086537020774
0.9239677197027769
-0.5298510931088674
-0.7911284230561921
-0.7969012805541589
0.39648639578459105
0.4111240100452368
-0.08756885588739186
0.0033752607903353065
-0.7847045176057236
-0.8607413069169417
0.14232110545238258
-0.40694542055496385
-0.5922332067650279
-0.736147771910647
0.4817568517366997
-0.6407560485266018
-0.9120809658038749
0.5541101914735768
-0.12503937044756314
-0.6766876044055801
0.8845360286197335
-0.37161516109317777
0.4571561866244468
0.5006046480286112
0.8731743278086596
-0.2736654105051988
-0.004981193434945821
0.6887132920424219
0.3005335975012543
0.04256138602864835
-0.553110183314047
-0.5333576462131848
0.7448055644870073
0.7295092381011544
-0.2705135208358659
-0.9055657077626891
-0.04166889711863496
0.44167110306620017
0.008561670320614709
0.05677982628332859
0.29398641770235495
0.8057226557933119
0.6901333305329636
-0.35139126551831595
0.7953545905113778
-0.1864629862820145
-0.5650929557165064
0.7937258707472431
0.11833684754288834
-0.13774457157080036
0.25460827355564286
0.49795869913451324
-0.5307037749488467
0.9131993302695892
0.007773141508214897
-0.590625795990799
0.6965628584401812
-0.8601497669533593
0.8160822070024643
-0.9009119383438803
-0.3091451744655253
-0.3001434016132693
-0.7343311464591146
-0.6334383608303371
-0.9768030394646284
-0.06761376056962748
0.019856753112514842
-0.5149465916993977
0.7642998046120626
0.3444872222351987
-0.9678793936632821
0.9206537258470412
0.950527437100938
0.17968053957122637
-0.17196308101727098
0.328031531729551
-0.20746797956408425
0.37802901928645066
-0.23778449005761998
0.8268241738198899
0.05138603955364413
0.547779904846377
-0.10690235394199883
-0.608500414465442
-0.8760221206246342
-0.6842311964701968
0.5557748081921887
0.5264427062386382
-0.38864797369103765
0.5667727844796885
0.4757738711580594
-0.36592220763255195
-0.02797079745638844
-0.17681151435000314
0.7344448504658875
0.8751280966905697
-0.39042061771933945
-0.27108560662269204
0.43757032011543195
-0.2306508786283001
0.9831700654458914
-0.23210773533263265
-0.44139634092661023
0.7291074958791081
-0.8426776866771413
-0.3534737475307155
-0.814832958714699
-0.6379054450682042
0.4642599191875406
-0.289609411443954
0.5708941848409042
-0.07135921367755266
-0.5961504323475332
-0.544298266093712
0.3238480063500097
0.4223963923937821
-0.35772696888622735
0.3413212488942066
-0.5155195708559757
0.8527607197072767
-0.2636584691713362
-0.01601030487045882
0.7170456140842544
0.5485155644880574
-0.5746936661784052
0.8286314592521519
-0.31095000681759627
0.44732839137513813
0.6064905530826931
-0.8879732773402814
-0.07744065605286976
-0.2245249085120559
-0.1259672942451054
0.5252632713646603
0.42676947843611424
-0.481207653412697
0.7430275039129564
-0.12798962944532424
0.47138882228663176
0.6544623639091344
-0.45956558450422585
-0.7211862526233802
0.1590827678619274
0.14937920804817664
0.36291621741374835
-0.5402028207543031
0.5415982427930989
0.39484446285068603
0.7006487487240662
-0.34829019196308697
0.6380660812833453
-0.5843444323569063
-0.6970145314090945
0.834606611360243
-0.9719747457544278
-0.6725061515855555
-0.17498235012151045
0.24869816061968966
-0.3020148907843141
0.26063946177788777
0.19531290543942295
-0.45453941888946936
0.9761915317799226
-0.6101422498859418
-0.11415454338860666
-0.3046923353206528
0.7122838504176201
-0.2150813596020302
0.9822363104488948
0.5616244295935648
0.19472843466692927
0.8879718560642308
0.1495620568307083
-0.6472492356134076
0.27686892837134003
-0.6525793657544282
0.7467982666571444
-0.0147897005542702
0.9219247886694084
0.7456088241751052
0.17948168144254284
0.9778983137994237
-0.2614089662079711
0.2756119355255236
0.6091332231312618
0.9772135255761929
-0.6551484875803131
0.22832723332604232
-0.09692916237984638
0.3657611273790916
-0.33171050699223087
-0.261276391466852
-0.9687388227439689
-0.15288009008793327
0.9664911580565124
-0.8262813778254058
0.5255903841580074
-0.39602018207609013
-0.941881327414726
0.43615078756538644
0.7427531243206401
-0.7591735001092076
0.011747949574097047
0.9652814906852095
0.3086146091119705
-0.959164980592848
-0.7247714265376509
0.934683457085793
-0.9453609073742553
-0.7259355164719005
-0.2008254877350812
0.593465866804983
0.431169571668058
-0.7981176239313302
-0.5793056689747099
0.07220060936811935
0.5977257412259748
0.4103654435984033
-0.15994361433447157
0.5012929289837615
0.04006892941272584
0.5170228677740566
-0.8221818803331625
0.43724038452451747
-0.41387859681839845
0.5723366799774403
-0.27790275461618114
-0.22759402621025365
-0.2904961220367049
0.22048944936308915
0.997065123967698
0.7071234958615656
-0.009633241726424595
0.742719518817705
0.4004632413578041
-0.7159385127486846
-0.5111453984732363
-0.9916931562473901
0.154782155552069
-0.05641041121226438
-0.3509265080619536
-0.7691032227574017
-0.48077696462733027
0.6767772759273285
0.8195115325266166
0.39032439274101915
0.7623593027735512
-0.5601551001741544
0.6984378977895505
-0.8366815273654659
0.9212220680372356
0.5067692930343508
0.6644865420313885
-0.5452895608557653
-0.34323296766778505
0.559698958852298
0.42700232574235725
0.04573029599769989
-0.33794814879179175
-0.7040211115892274
-0.5729044387176732
-0.182891148534776
-0.08340835251578572
0.6688288310410413
-0.28990607989256556
-0.814648164471195
-0.3064970197865559
0.12881740238877934
0.5949507921105489
0.007908352083828495
-0.3485703491067178
0.3724597762624086
0.6208985360295689
-0.3354647519900024
0.40199884327955243
0.8982897858907578
0.6240079676580462
0.8406699098031468
-0.2359705041483469
-0.5876899418354682
-0.9317463210208825
0.8690658867773197
0.4639609563876618
0.08170954522953405
-0.07013481706366084
0.7080479961088745
0.19754085628209314
0.1074477737889796
-0.5069189091607462
-0.09850904169322532
-0.5086490613723121
0.5767908050262638
-0.744324174087607
0.836712410038622
0.45583696317452727
-0.9873167446605838
-0.0015625628283613166
0.9585531546993403
-0.46369565201737106
-0.6765490980482666
-0.44771321982354917
0.7319251970974149
0.1163679146616925
-0.9708728065301839
-0.23573024147200844
-0.2525752820567377
0.690717081101526
-0.9598175010816079
-0.9091114200497619
-0.08390175579726351
-0.3258878193391026
0.0012628283577775217
0.18288086772900097
-0.6973801154770772
-0.3487339830051528
0.4417909794874195
-0.23670545045893115
0.8794899630361495
0.8436320801429983
-0.8633931859085985
-0.5662268223026976
0.7360666970474538
-0.32419542190591616
0.9309540050680047
0.34507169922048386
0.6038810574710043
-0.964551229247405
-0.6561532591102474
-0.6910704282993438
0.9645426409924344
-0.994993460511686
0.5327751872318899
0.2615502091654017
-0.6987980188351461
0.7573511107095345
0.6557111240745552
-0.250293117876369
-0.2930648809231251
-0.9159291153173978
0.4965834468908821
-0.22197810655959302
0.7429156959884399
-0.4011595076705879
-0.7373115892843795
-0.1581924459888759
0.00937788888999392
0.0034732332935510975
-0.847732595705328
0.9174549199242332
-0.14451594875937854
-0.1788962048871903
-0.14680377537195693
0.5033111107836824
0.7484015112348512
0.527678368555196
0.9173290726316715
0.20848250875865884
-0.8504527572036076
0.6501696191288311
-0.6170312072090683
0.5107873246662245
-0.8699984539363033
0.38716724951056725
-0.005793422642513986
-0.6924721625714798
-0.22029488475733783
0.5548835165774154
-0.37954023032448303
-0.8201527595848411
-0.04751596224846154
-0.3067906636119843
0.8927594197524346
-0.2577843148854536
-0.34854380451772426
0.17863149475640566
0.520690637028754
0.9849829407818756
-0.13803486819851
-0.276009648188946
-0.13756074413460723
-0.9784076712737373
0.43768745295237005
0.2356779114584847
-0.8924644451485955
0.951261211366342
-0.26786057488949866
-0.6127502586546921
-0.3253648506440861
0.11171952923516527
0.7884265457561317
0.8754634631910017
0.19364876252636287
-0.28106564706979614
0.5060882176376341
0.7562814030226691
0.9940790816711286
-0.20599291189372193
0.7310535171784491
-0.8305595994369219
0.7550361657339978
0.9584332205446424
0.8218441794923993
0.8844106999012866
-0.8066024419930349
-0.1421132976121956
0.034807240479651384
0.39272739440495297
0.4113075099342627
-0.38743332001345404
0.8665456944640114
-0.3683048493295578
0.43341939733607465
0.3395528056929408
0.45754792022579244
0.12255388695391425
-0.7716471704442366
-0.899872778301806
-0.1529929420978073
-0.21276480575328743
0.6918785331092385
0.0031697369230957295
-0.09847884606755085
0.5265476102975657
-0.06272692244884323
0.636220502686796
0.3889943938293286
0.019757788950078077
-0.6023010078322798
-0.4035140158200422
-0.489249120384137
0.2533797935367245
0.0035876502153270027
-0.2951533772942891
0.06443916712684619
-0.6047719131572279
-0.4712609709566577
0.64571463302528
0.13871151429451303
0.8929012215859657
0.6649640036959064
0.7105954870499642
-0.2736540866259799
0.03750983847244987
-0.8131497324390689
0.19746416631636668
0.802346801673908
-0.08438813865774533
-0.11525460541877044
0.8919561387203135
-0.8134783160000356
0.9642904178162688
-0.08060058782907904
0.09163733761358082
-0.4258600860623074
0.32413227452683746
0.32813614380754724
0.12689540363623866
0.14919848615985096
0.7192405935258237
-0.6762359313458978
0.8262763624485255
-0.2367034995258169
0.7511108405984411
0.5601960900166145
-0.39277553206076554
0.8021879573480961
-0.44396799632677814
-0.9179642327598185
-0.018420168048185782
0.6320101646755749
-0.9282790561321312
-0.6410464590812244
0.029686384845866907
-0.8461047363890701
0.18978785817846117
-0.02632068237254397
-0.9283387770229725
-0.5045948211426496
-0.6728342378240845
0.5999034030571759
-0.2797581713662251
-0.8408318031698041
0.28341413588377423
0.4536601717449071
-0.155057726902918
0.6976612921200618
-0.09095527531232622
0.7462574756541424
-0.5402542484016074
0.3676170490458283
0.7823069364908091
-0.2531280582937222
-0.9885580635065815
-0.1811099768285161
-0.6399418995988602
0.7746949349462516
0.8400219266123066
-0.67017030764286
0.5981333173019169
-0.13553727246413524
0.9240973763417463
-0.1318487280219265
-0.3801653923931144
-0.9981408188939895
-0.5180920606259078
0.25876903106506693
0.0009683571256913466
0.6555886872287058
0.7065763987387017
-0.061655903466457794
0.29690360164494034
-0.4006874751156452
0.06890690042686401
0.024079261571100494
-0.7775892186930178
-0.3630236382361607
0.900572852524465
-0.7792611098354384
0.8536089628623659
0.2875400844821748
0.40246316677572913
-0.6224481944348832
-0.1468978209711264
0.25739402043629067
-0.7051479708634144
0.5344991598907135
0.5671900012159202
0.922009504882417
0.046419765298370164
-0.2522420980680531
0.7172927741307698
0.3413106817754013
-0.9436697680388938
0.45471535284150366
-0.6230209123283872
-0.2825435269279121
-0.702875149787045
-0.7479972742306642
-0.9409356611465677
0.95794666006498
-0.6106584951851657
-0.8261871122024319
-0.4757060732531286
-0.23130579083869154
0.5337010142327397
0.33658291310001703
-0.6396615551765191
-0.2963199249832543
0.6944681052005699
0.9675893025199189
0.6855271095022001
-0.06592401625775476
-0.8799758168398363
0.3808438020505827
-0.34040261047779813
-0.6369310710016948
-0.0491202095612412
-0.5815656362695738
-0.19320076882602055
-0.7603543697076975
0.4392209126620119
0.37759562539362923
-0.06105024950371854
0.7626511163665118
-0.9953322429370479
0.49466006865148
-0.527426020959734
0.3124255132888708
0.5537012765646573
0.21869224458879474
-0.34285359693750583
0.29202115681334406
-0.11906756915665913
-0.8911102868159292
-0.5311172541761823
0.9698992141454652
-0.1551029078928721
-0.9887519809855334
-0.6436021714361452
-0.9750594643053626
-0.2072796915440748
-0.29165708407186
-0.8660411631362249
0.5294522749331999
-0.875056664341303
0.45214234186057656
-0.3505383764269908
-0.7147529707933987
0.8782448938066026
-0.3777641962416268
-0.2109996831668928
0.5254317042764366
-0.8291439415847084
0.45815199673337687
0.28708175530006413
0.018045418421433486
0.39593460482116993
-0.05998146411011392
0.5678044399048473
-0.9960907140121343
0.43651885304329924
0.006333969457917249
0.1352560141003625
-0.10594188608964449
-0.0932488705959286
-0.9971697878538809
-0.9295161887760935
0.07359316313848824
0.013413532846384678
0.49091513731825565
0.9685396056145043
-0.5291483940287105
0.7325246487445944
0.44564546928242726
-0.06696185703591424
-0.7547738311301198
-0.5048876961187094
0.15371798567496742
-0.26057880893742236
-0.9967696611289771
0.890289934494667
0.31950136106998694
0.7316995787254537
-0.988068486979343
0.6145077389017518
-0.01264205198958631
-0.19726143422136264
-0.001796190615276804
0.6315068519220866
-0.19361039767727337
-0.2672726413889711
0.2608646460221761
0.8613137916550905
0.4833859969005156
0.3840262824313486
0.5172596366481923
-0.4398597494885496
0.32301298652657734
-0.3434696375236069
-0.2913099142182706
0.2731418579848831
0.9381782686066502
0.06018596900763912
0.12040108869402633
0.4920547107744266
0.3381397713552489
0.4164630030160717
0.4652817470067913
-0.3572038247827079
-0.05702315597813702
-0.8687379734261793
0.07481885910883054
-0.710628211961656
0.7244720994226543
-0.6272453431070764
-0.40057269920261
-0.6982742178003886
0.6777586579364849
-0.5686108983218346
-0.6207391048033336
0.1595453027826128
0.2724349912184521
-0.74559657603082
-0.5897893685096589
-0.4533577380117196
0.40033118716518035
-0.44161456033242297
-0.24942093918688538
0.2735129546303176
0.24738515343690623
-0.10972945099908678
-0.14462795836619555
-0.6629135874957465
-0.3154008102308848
0.22461927408914573
-0.25286892252477006
0.28778220727674225
0.10717676264344489
-0.05820736339560443
-0.34385685300071583
0.5424447466597544
0.034534382949992164
-0.051630096471343714
-0.9214384697637772
0.9512642177426085
-0.8628496691823668
-0.3097210296974775
-0.8205323515209996
-0.4144276441716972
-0.765980374950049
-0.8098487306029089
-0.4835447737086068
-0.3300126988934549
-0.8679214390971017
-0.012162692853302133
-0.8064537423983328
-0.4026204171155216
0.0845590815726635
-0.6873097963608327
0.20143936667416132
-0.4659601919601616
0.8610996116616415
0.6338157761681705
0.769333108694779
-0.9719050078459638
-0.6163380926147455
-0.9801349047999334
0.8171113390798797
-0.37518077047917125
0.2511839243706203
0.8572652690660661
-0.6787749472660932
-0.7718047681801485
0.4133052917705167
0.8912817824215697
0.1490376767434485
-0.203962000631693
0.24524405934672877
0.035208248638401135
0.17652463896487197
-0.7459336949283243
0.20958599825596766
-0.8251955658544319
-0.8605122793843729
0.0842911081472626
0.9301675484115337
0.6113837657031603
0.10020934538711751
0.8524068106333706
0.12692386528357472
-0.38773207818779093
0.43016976598828727
-0.2970685659665317
-0.1244032932672707
-0.4987162617854802
0.4472356344251786
-0.811154453869224
-0.3998769571307563
0.48628713798833745
0.4488973245213457
-0.6471305930891179
0.9370345962813413
-0.6969344120961063
-0.37302740288693553
-0.10661619417944147
0.3291078902541302
0.05109466783767403
0.48047329188939586
0.4414903943234884
0.8492050353492985
0.46134109076175145
0.8188672602787858
-0.6450362938181431
-0.37276916520564735
-0.2214023157335757
0.9680718973029977
-0.7104471585151194
-0.7384050715920778
-0.7063536714168536
-0.0822023163350223
0.7083886520313353
-0.5660682123088407
-0.1965321309811595
-0.7060075260470503
-0.8741617361877427
-0.11329360842615284
-0.5626009615311544
-0.3353957032689529
0.24710081022267402
0.9462947472019647
0.9324067180670067
0.30033674518231257
0.4424137060614738
0.9567879837398652
-0.037530752281061425
0.5954672769385403
-0.6607671527265272
0.24730089962913732
-0.05970468847455624
-0.057695336660480455
-0.9746818139356561
-0.9388452953541256
-0.09208659626167784
0.3501307632316265
0.2321678247751905
0.986316504984706
0.9378162107820149
-0.7234869145600327
-0.9824362687574929
-0.10312916497490926
0.18320123523829085
-0.8085555647298588
0.7349493807481472
-0.7593052379547859
0.6512136707893486
-0.32545428545642846
-0.2288570789005639
0.2965731230679414
0.7949004493267539
0.746577180584404
-0.37398449987627647
-0.026050079366478907
0.30514092867651715
0.17513102341345593
0.5869396098351476
0.12609951677091036
0.9787636319686486
0.7601133984880569
0.07592056020070824
0.3847783847063408
0.1658230179045792
0.6211710134735942
0.6955598648998395
-0.6612742260789064
-0.5493268433692593
0.18320497261430646
-1
0.704128065949348
0.8611425598515439
0.03708704567561989
0.611891644658923
-0.08493774713868923
0.49137725785652453
0.2550014446579243
-0.4702986487952432
-0.5278523892005184
-0.19065326615995457
0.1195692682483257
0.7885721895578768
-0.6861011698396772
0.5897947462903702
0.07620558630747386
-0.9152021913115791
0.02699368171822673
-0.6045167204139139
-0.1467294377080695
0.8077824912425906
-0.3427192568949247
-0.10125052923962459
-0.28923413150881677
0.2868431033684831
-0.960875110920454
0.6887798638795859
-0.06876155442988023
-0.10726264564150113
-0.12797853988592206
0.12503661076506806
0.396948717088176
0.5395777026975862
0.6344854948952726
-0.21448065912791112
-0.09222917008727916
-0.7629195936481167
-0.4377566932175419
-0.2717176273735581
0.526678998600686
-0.7152067016088286
-0.3740822913991089
0.4781654778181485
0.17286147357701045
0.04313392405177665
-0.8474589741027327
0.37502830624440875
-0.35189527213600896
-0.6575611262309468
-0.7643110979947593
0.3125598758050182
-0.32919499898919036
0.6038546352291555
0.06712667016492982
-0.5787910374802587
-0.703391103142489
-0.4038998889955466
-0.4089602741099477
-0.24372433971691512
0.3371504603410198
-0.8384783264256519
-0.4528763003585017
-0.5209590167587114
0.03451332699871345
0.05342935298266265
0.41564212545110446
-0.6831134766079929
-0.13390454682481595
0.1457481180755878
0.35468344331691465
0.9664488554612122
-0.5876520291211869
0.8196725082717562
-0.48868638056562547
0.99559959107643
0.8150597616127095
0.7489809997600108
-0.9915524471244853
-0.17865493259121248
-0.8805022024099842
0.4246915753564546
-0.19317409460249602
0.9226367281196298
0.7309452629427915
-0.7069428655380591
-0.22424648314999607
-0.1869192154232544
-0.8462289337471399
-0.590702954745349
-0.3985724953700664
-0.13835333971277108
-0.34867788108791825
-0.5507209934164178
0.4340355601393035
0.5183637497892203
-0.39590833576616985
0.9114965104995584
-0.011411603222110107
-0.6049707462071582
-0.005032726242695413
-0.40941508380652597
-0.8643009673819597
-0.49314261819366356
0.006527924977628942
-0.6964121934877443
-0.33287489484452626
0.9950960980961785
-0.48557192504057417
0.4961075760075527
-0.98751570632965
-0.6740615337071335
0.13748967931802106
-0.5798524265700594
0.0002864165591658194
0.5662925153366118
-0.2371605001157325
0.3909173473769835
-0.5090556925509917
0.8303490819084762
0.16890936416136468
-0.3867505778688156
-0.27689403015705766
0.2710005359192305
-0.878208766353908
-0.6011770007159913
-0.813224492429149
0.8708393691578742
-0.21054154778306494
-0.16440771262723963
-0.5863754330826353
0.7382002260184536
0.6903242136758695
0.6878722661110956
0.6392629980372522
0.9507223079974629
0.33617470384955656
-0.6709347378350257
-0.6374495613287413
-0.5080907455298168
-0.48323350499892676
0.18276357630087137
-0.06742141983891671
0.29398544627731454
-0.5836556161130163
0.9732944668352893
0.8161656762307403
-0.9893775534100553
-0.3651815331160808
0.8852475805733546
0.001005593260515714
0.9419184315686167
-0.29589039877675366
0.8184157614059195
-0.47714162375903
-0.11916616354039775
0.2380918107463142
0.13664932821537606
-0.23708643767950818
0.744188029866968
-0.2868106889363557
0.765251779337626
-0.7417122647370878
0.42772964003881925
0.7200568957614074
-0.8689338094985785
0.8489557202868621
0.07390090102241433
0.7338139288429593
-0.012416340481099533
0.6104499146196063
0.4327319433038431
-0.548311130344265
-0.9618758386609926
0.3460442255261036
-0.6569754661503002
-0.10916550220071043
0.2638147563607984
-0.5763395594958771
0.11295133935053737
0.6552364109499632
-0.24955593701477224
0.8104335252126601
-0.47519274927459654
0.616397667375624
0.4339351945129155
0.23556927844215655
-0.8827848144757146
0.8221443355250073
-0.8107645280219413
-0.506028164958512
0.8140401225725392
0.09196543600507834
0.27799305403345803
1
0.06771492842746521
-0.3331675330862013
-0.44959779309199166
0.38362840650675245
-0.07425697557644985
0.3005427925970013
-0.562741759932303
0.7049952667799895
0.8632327872869907
-0.18245605628129966
-0.21796315087706913
0.07891350332498859
0.8643390845558342
-0.457082167804793
0.6710185777047734
-0.9303927513048416
-0.22632706677365919
-0.936809746455498
0.4887862411104042
0.17209702223897677
-0.8043812758443888
0.5718023934506627
0.2116992945844557
-0.6914649180249108
0.8656234324353498
-0.528590082008595
0.4816800743710358
-0.16454958730838512
-0.6594149344511325
0.3596935759726745
0.5245521877426867
-0.9031830408461599
-0.09834014149305555
0.925651351513606
0.20005703601712863
0.09830181490518176
-0.13502455251387568
0.7817587852355787
0.9940249921859309
-0.5020657760173373
0.1277337152275161
-0.6673173583801878
0.5159578308271473
-0.289668802717014
-0.31655600565000896
-0.9719119197086049
0.9744236412464616
-0.5135439675920587
0.454008396336158
-0.3964270951928346
-0.5218338184654158
0.7052326844737701
-0.9572635870312172
0.0048797787248028345
-0.12136933780396741
0.3639333052784719
0.28043756262982833
0.12224783463940148
-0.8450052433177431
0.6275229117004729
0.533705185576212
0.7949955022158989
-0.4872063043324956
0.012105088975467932
0.8869608426054231
-0.48025787588689095
0.5498517807674956
-0.4970282858231317
-0.8120715280211384
-1
-0.34567316062274306
-0.8651894314530797
-0.12735215907209385
0.2606948656205675
-0.6603436606811132
0.6794149407943111
0.6724972688312831
0.38831489749103215
0.19378049404625616
0.9200878287208392
0.754020470121141
0.1719173109410572
0.18803984020270775
0.7680054179224549
-0.7290543710399505
0.6589264348369482
-0.4212856926065804
0.9640350062761845
0.979063789798481
0.8228820188415678
-0.8495863095660969
-0.9569097950233314
-0.8740919703119155
-0.9474594325938743
0.37744755221515924
0.871073905558179
-0.6995069122563914
-0.2833258214051065
-0.3089204094163453
0.9019146083834179
-0.7636441059590598
-0.08080990734012776
0.9694091297163352
-0.8691703680644266
-0.4305369750189874
-0.25326670187123473
0.15215468222858985
-0.9867842898486254
-0.351499070614439
-0.586607172386093
0.34980601274328554
-0.12108767751206781
-0.13384364197609694
0.816876805888548
-0.6637149867683999
-0.032706362529335696
-0.14209177492181455
-0.016324765088834788
0.20121151210947802
-0.33140894103255336
0.7046071196389185
-0.7207596570582389
-0.28836509920391057
0.06041046004242132
0.9038087597692692
0.5067241186317905
-0.7074569001727508
-0.3702649165182628
-0.6925424002350961
0.823802205357747
0.4729571609634759
-0.9142660521906603
-0.8710967856035874
-0.49910598349834795
-0.6894185396545859
-0.5351997274250628
0.2323362201593232
0.2272360176595909
0.5729451216138716
0.6262431832497973
0.7941884598918044
-0.2640286388985876
0.6549814286384975
0.6381434393452396
-0.8052950194329027
0.21898046918968392
0.3611150872424668
-0.6598897655923818
0.9928485157418303
0.0050545655424380255
0.20680867513011814
0.5054420163345256
-0.9188862261977209
-0.920507192700083
0.025084958772629805
0.2975904773783262
-0.2838935769401251
-0.48933184868402696
-0.10889963271678504
0.9271163969991456
0.39660513396652813
0.2913414172041088
-0.47698751697268765
0.8063478842930986
0.30502896173456395
0.07096354306764027
-0.47927803840095273
0.26967505163484856
0.1551258702474937
-0.7880112961228991
0.39970407698055604
-0.3234558398610983
-0.2767725026880314
-0.5331798458154097
-0.3826623194908399
-0.32581349380097235
0.35619359470587686
-0.10840350124673548
-0.7096512967109029
-0.6001797562126364
-0.05261277312835956
0.43011081270383544
-0.8559995960577025
0.6923079139024535
0.28560771790789663
0.6546126696202529
0.7255551357961247
0.46939436346237945
-0.3220883394341942
-0.5312849921848873
-0.4816316970409633
0.8404668711110896
-0.6474100576887661
0.6486504013263109
0.38157577351420185
-0.6617233995832219
-0.027163715262580802
0.8680557290114459
-0.014588537211455014
-0.21361659731295146
0.8097773352238454
0.721370547534264
0.9296372581650912
-0.10013745230667277
-0.44651152462771226
-0.4746982943837816
-0.6751366705640743
-0.3307026715117931
0.26226269096944405
0.3786791552803663
-0.7656665973078898
-0.19800743598640283
-0.08141918966202186
-0.3242010111508463
-0.7301780020555344
-0.9108690149488538
0.38220757844678954
0.22925525154547816
0.02867939642301171
-0.3985248950874198
0.1966040527615022
-0.9727648138183229
0.9144952048440925
-0.9683345366817562
-0.5395217611501097
-0.6295488334604653
-0.49055369580657965
-0.006587666479915821
0.7495618565802075
0.15312667613609984
-0.5727322440938112
-0.8154423434939643
-0.0033194807334909126
-0.3380297488864379
-0.9972483861480059
0.035277156290578725
-0.8510820622681734
0.6716768181524213
-0.18156248034624597
-0.680888464535101
-0.40837551330632554
-0.8175026740851075
-0.9927645778758002
0.47108163871671005
0.6870319218596873
-0.27903919451479253
-0.327140188032358
-0.06591230610187639
0.23507454828496144
-0.2138094326517717
0.29715888327080164
0.896570832419424
0.3276010863683115
-0.27432730179275433
0.8282991027308858
-0.5784189845933291
-0.7749082809205629
-0.20584407585098446
-0.5080179524728765
-0.580302446574815
-0.8878451417706277
0.17601398801973145
-0.15645073760055903
0.10653876795473297
0.6682821090154759
-0.5876903150595256
-0.1335246226423313
0.7472753099900797
-0.09738052311373689
-0.3921618095120563
-0.7912302147281218
0.6634862574798595
-0.8484585234368398
-0.5633329299887676
0.4312418675270494
-0.4120600112508434
-0.9423711918652281
-0.5757105683530841
0.16994175515973753
0.5826584868169016
-0.6144589544237493
-0.4891908357066013
0.990617786657199
0.6859505709526836
0.6670159054741058
0.9037344470736506
-0.8935298587741083
0.2630082721306391
-0.6964631890716055
-0.5677885711487761
-0.5548879110915411
0.5347239894580986
-0.6356789074106493
-0.031002912605410875
-0.4999736861098641
0.011255972511831733
0.966906003280814
-0.3870030066374336
0.3921891499497493
-0.7104476608819659
0.5107465899202687
0.7029916732591531
-0.8948207312901965
0.5313522293614173
-0.7917883857987795
0.7315911074398458
-0.13198188614580117
0.6780313161970626
-0.22598128821525004
-0.09521352531672399
0.48341290694896094
0.8871622456387791
-0.9931832065104776
0.9015967791323787
-0.384588631906595
0.9809600163825002
-0.5418409854652084
-0.46720382862984083
-0.7186569279289072
0.8548375811820395
0.38425809994255017
0.6964549533985271
-0.7908626467722639
0.2536759522235838
0.7711256882707693
-0.7084924216642546
0.4813724873765569
0.13226595856669995
0.5393485679697702
-0.28146200932160853
-0.3205072856426353
-0.7043752565981225
-0.39184655349750214
0.28802902301985345
-0.0545682013461031
0.5786706061109188
0.09067999317147674
-0.355433786018284
0.8997180326009346
0.4741954611178978
0.35021041213818954
-0.03242902077969148
-0.17158204667846805
-0.43663282377631635
-0.552842163551072
0.41710005696562413
0.7045363916968411
0.9139093330989098
0.9959033113174526
0.7152093819558191
-0.8929455076735593
0.41411715225161627
0.47076033349802054
0.8090614161775034
0.4643161481816947
-0.360589991759715
0.616551752179465
0.9948451932194972
-0.6467983139894544
-0.4461066114849154
0.6100533793249551
0.14506038467384447
-0.8059495431581429
-0.8119138919064354
0.6871392685215519
-0.2971071628628609
0.3918607612530549
-0.0674685510544958
0.8224463229407287
0.6332903344107492
-0.034111232457521526
-0.01861595826200476
0.955081591798298
0.18054086460122648
0.8353119408567268
-0.5318812295416883
-0.3855410201179036
0.4394987206980717
-0.6373623498417349
-0.4704616381093271
0.20899144504792327
0.845860409457806
-0.6815436658818568
-0.4924792406690182
0.10015233000557636
-0.754994036865824
-0.1212165890926151
-0.5937665391847712
0.8207609209450278
-0.10837785002696526
-0.9597965474945509
0.25945522148674904
0.49965889486692816
0.3852172047032464
0.00037149312477857254
0.8429980451740732
0.69087430362975
-0.3362361878402173
0.60309956681598
0.9441761541163259
-0.020562197114841342
0.834835672423564
0.12872610531588102
0.9949781199993867
-0.7672737872844365
-0.9202620078584342
-0.3332285570692061
-0.6057513975275188
0.06944949089705
0.2577820128297406
-0.9677665452429659
0.19802942980176402
-0.4875070090033013
-0.6340296225875409
0.7808182554256937
0.510142411703316
-0.6805118801453538
0.4776343901100869
0.9263891190891939
-0.4253870269021693
0.21983874425781472
0.55760301485292
0.4628585624173856
-0.5030865008977085
0.17570978022529668
-0.7578208774765203
-0.4089445724071358
-0.5562881942156904
-0.8821341333849898
0.48592198722935825
-0.4287853851655365
-0.8200307197678173
-0.14492138002999175
-0.8255707333065591
-0.1789786977177377
-0.09288415043557996
0.0013342205597831397
0.4894027677495207
-0.9830515365445023
0.32775373123500645
0.28468372414275045
-0.12268869447689208
-0.41633178567124546
-0.7383388002686555
0.4392876648611913
0.6638348247603019
0.05016750180271772
0.6473823687459117
-0.9048808275274042
0.3679624236462096
0.9076438532438874
-0.5069311547716467
0.6186715393368418
0.36393210809204884
-0.1671252177055914
-0.7189645386954682
0.19921042234392378
-0.2348738967064067
-0.9953413416005106
-0.6309744837301586
-0.28823708057058256
0.8113269677423184
0.28136015531080893
0.8969222523730768
-0.2880142171103846
0.18678792919219428
-0.7279450205971814
-0.486844621611661
-0.44596485521151186
0.9313815985235436
0.681229158415106
-0.3141855459523331
0.6609783022714355
0.9703426586762182
-0.8812586437838328
0.40268061868697097
0.005964871836157778
-0.9395346000269102
-0.5987696676286587
0.7291305237603509
0.5840983546145395
-0.46501392915352663
0.3877518072485941
-0.21916917563276586
0.978204381950809
-0.1216118249473653
-0.6214935129967855
-0.21329350020853569
0.9979553986197641
0.4352690215382232
-0.37240521294056855
-0.21562399377389121
-0.8932313217010899
-0.08354776839741768
0.6214420594950805
0.7586890312331483
0.12337286207339361
-0.6072332034069617
0.24006343245786174
-0.29369526609433727
0.8225832946537016
-0.10785071234979737
0.09482636507668149
0.4590075364891245
-0.8984465496194901
-0.19381930218077636
-0.2973773460922839
0.7796373798479442
-0.5919406166376576
0.06821149800047022
-0.7461534146854709
-0.9451515434459918
0.4279542293329387
-0.43063240150103876
0.18550527486427248
-0.04570393446697633
0.2352474315196592
-0.36676948721729835
-0.2636598684581704
0.7728203812809936
-0.15688028061860723
0.9402349416502539
-0.5428268664883302
0.7415806728201602
-0.2665928306563855
-0.16018476120099745
0.6621967981709036
-0.0036266118038621262
0.4732726459762257
-0.6676891289749118
0.7065681390247954
-0.9669444395241219
-0.05772934269109145
-0.6988785324138194
0.06387883036349813
-0.20405317895306643
0.6946913758412119
0.3668997881214781
-0.5113328998868307
-0.3057812181860342
0.5534371990710222
-0.03032877658532567
-0.3287821719379153
-0.8268312430108419
-0.4377253942692201
-0.6040697145970015
0.15498625879739694
-0.41492357653416156
0.5543385088476511
-0.5020882997547675
-0.7022158653446533
-0.3357553176373687
0.5286023242457175
-0.8207940333419426
-0.6215877494645055
0.8999818873367914
-0.7979828562464315
-0.032256478091558224
-0.7058446932207414
0.782967696209882
-0.15790221172943178
0.28124307360761347
-0.7206232916183277
-0.07078591062393276
-0.7678891568998464
-0.8202161811224423
0.616057890590265
-0.6230695386106885
0.05243447580014509
0.03771402546130238
0.3219998981848362
0.22306413038780207
0.35845147052180765
-0.514746307464578
-0.6863398562750634
0.6964202289016665
-0.09878024215784051
-0.7644278891028767
-0.0644481505242992
0.02017673252030884
0.6251134252877064
0.34879868796393043
0.33679346421264933
0.9791653938747319
0.3523839221370464
0.4167521117200671
0.27012976410257467
0.8564062487114938
0.7188843677118052
-0.3276175089280654
-0.6453177761973193
-0.2754323974305407
0.5392376049044945
-0.5654757582252459
-0.6149753265387259
-0.550682798574873
-0.2408129675524806
-0.8161183321146456
0.21867398562462503
-0.5333941205687801
0.5880791590949542
-0.7870551822690603
0.9538147168316182
-0.7165099692177799
-0.8241389160240997
-0.3929259555050703
0.40334434418500503
0.6644073863887162
0.20235016143598553
0.5512954203177247
-0.7543740687831715
0.32637130249526014
-0.708270250454565
-0.894145972505942
-0.506236342658393
0.4789057971634687
-0.7120133431157678
-0.7758360687102377
-0.24851717150888045
-0.5982125795810638
0.9745771019116178
0.8775179593160233
0.10214001618923992
-0.6753274596196379
0.9133728220513384
-0.8109793128322729
-0.5149297447272738
0.3180104105861464
-0.8858952098933379
0.9131154664949463
0.6717402993303274
-0.34645081273785394
0.09855268959811717
-0.6097760721891048
-0.2532509359046943
-0.6725651124030579
-0.14492499284380317
-0.9785886111839226
-0.1126538466180762
-0.879338647435859
0.9459518609241758
0.8098141040801901
-0.32547844669413367
-0.9067367582028892
-0.11696666136584358
-0.7771489344999649
-0.16862721686317103
0.2337277670247354
-0.2494656518434682
0.293736968681305
0.1592614732011238
0.5161296858744869
-0.9819926261361793
-0.9312714580526013
0.5613414565440029
-0.28056990880845656
-0.24142849506838465
0.0038828367905599788
-0.16922980470574764
-0.13099500054475885
-0.23777154698256195
-0.23056352863867516
-0.7363263004312951
0.9648774454064148
0.8851497012465559
0.9099605940123009
-0.8014463829355467
0.34985195280353176
0.16149784120486166
0.8512403179408194
0.03965861108943165
0.3494490328394282
-0.28848372431836244
-0.43044476809599236
-0.9545763018034482
0.6425603688319685
0.19351906570157562
-0.6494658996060997
0.8752220031733835
-0.8942019669545669
0.3926181938286929
0.4889178724559672
-0.7686098788693784
0.07579370258179488
-0.11416663490326076
-0.6605937419514167
-0.5318538636539
-0.6161886035672891
0.7504517562032872
0.9254661740433391
0.6139009215166965
-0.07353905995177103
0.3877497574845939
-0.36011097535274544
-0.7388917705600272
-0.22625407923375845
0.6885730486722547
0.2271732789811387
0.574484929651374
0.6553014888344287
-0.3513980347015938
-0.10682908642840055
0.3754777715439248
-0.17879005658953223
-0.1255113104713106
0.19933292685067228
0.5880356671667089
-0.16951034997847897
-0.7103239109777145
0.8007594884775329
-0.11604534358542674
0.3430292512351676
-0.8774421401759217
-0.5487988087299509
0.1896599420151178
-0.6298032216058584
0.6852053339710084
0.09933538578078263
0.23844738589061307
-0.9849559061107508
0.4246045744365184
0.7889293320125399
0.09815863943345576
-0.3492057003471253
-0.7536027455588614
-0.3467235075308224
-0.8918460772089019
0.9971704975067934
0.205834060345617
0.5863909672611287
0.11938261439575573
-0.10174866185361237
0.10253805732431724
-0.48396613911900255
0.22470885827240125
-0.793944996045134
0.40382967295757205
0.46044073169894867
0.8946328995469209
-0.062498909200948645
0.15128785877804451
-0.15853900805962257
-0.8863338125089326
-0.08461201147499445
-0.5060307156615764
0.3090598356421908
-0.750412403318628
-0.6929332000833998
-0.2283612690667855
-0.6753390515894838
-0.7602384307128996
-0.027935769984208072
0.4024349857296288
-0.2632878501982883
-0.8585346635775271
-0.7740229330605828
0.33734985436179116
0.8585117192521741
-0.23071700966365125
-0.6524470931501857
0.7803974450479522
-0.6714263475941462
0.03619295928535507
0.44635447418745505
0.3419889378790647
0.6349514654132206
1
-0.19081266509450814
-0.4577476248252831
0.17973882021407106
-0.30324658262125875
-0.3133950138999816
-0.9538240157602117
0.3260275601409952
0.8986177853558857
0.179967099856027
-0.47883803351203275
0.721555254693555
0.11478381313585378
-0.5552391827631735
0.7875658300621831
-0.7230628873837002
-0.17655549531133896
-0.12585002715916913
0.18495578450431974
0.4344735237237533
0.6245866282345346
0.08734455875415374
0.37195500136377174
0.5824951259957516
-0.788901497998041
-0.2533576926199685
-0.9451832881103897
-0.87803485757178
0.18482272069507996
-0.15688249709202104
0.8160803358304011
0.1498830342580613
-0.849948657219438
0.35139363992791206
0.707983584773866
-0.274384179964701
-0.6502988090745857
0.7606285724619078
0.10468858418877736
-0.6989235607035303
-0.936773704948199
0.44355108853618497
-0.35285551841085705
-0.42992349848473527
-0.22683682437057381
0.7677913578591968
0.5139377757417777
-0.6203819528392268
0.5960909044542448
-0.4031902551088643
-0.4589719347551603
-0.36705578175374687
0.9113462253949529
0.9415157636637697
0.4008492612241665
-0.8304791245988242
0.9760398168257374
0.26108644919898055
0.24563319234644498
0.8373246419817958
-0.9419966929803855
0.9287140018961529
-0.9244062517408396
0.5310727772478666
-0.018661655847076235
0.4525055264807003
-0.9500939084295577
-0.15737789966376584
0.08838735279018486
-0.92934634722655
-0.5657284184419251
-0.5386602542736538
-0.6672183962785839
0.32822869221696366
0.634262178117277
-0.7959567996961662
0.8749782201690984
-0.1771596958993995
-0.46738852117528473
0.18735551457809702
-0.809400591936394
0.8470055122403772
0.5148493319322249
0.9896743546117748
0.2679350469360814
0.8342503328059259
0.25788437269400927
-0.1914453969575364
-0.7246836207806319
0.6078556697717565
-0.8479636748590006
0.34160865004445135
0.5242910586820769
-0.7417835720846183
0.1274358884252198
-0.3264657878936626
0.8225233045078907
0.6591146100677451
-0.4528300162691258
0.6672916136314224
0.7452291613094731
-0.785503381282796
0.4374429357867983
-0.5063842132270985
-0.09939229441688506
0.7368095233351608
-0.17424071583885287
0.04974825643597306
0.9108737146835868
-0.2090673348492485
0.1826207463119235
0.7276217059852256
-0.9459107038374334
0.6936889106893676
0.018978570119334865
-0.04068296448093732
0.8154913969572654
0.7239084629298773
-0.7834131686528905
0.5449483837051246
-0.18228272241076995
0.04963685269294717
0.202541865006595
0.21725748468410663
-0.9617870758904195
0.06804308573854354
0.97891246173949
-0.10355795197872353
-0.5989299978620297
0.12360445653776611
0.5934938901876591
0.5692143782999524
-0.8843955641245629
0.7281510949244914
-0.20919934760227646
0.4404112372756252
0.010039873857441393
-0.923873724045306
-0.5562767430609804
0.138915346679299
0.5746573476432898
-0.41330020165624254
0.5440526855805994
0.2869650410375748
-0.29394569145618704
0.5148795537043055
0.7597459943727326
-0.21790783567215755
0.6848900643202399
-0.7026543574135008
-0.03378562015404236
-0.6526204881733928
-0.9351629846696533
-0.013726623137353244
0.8154251038959573
0.4636900779935961
-0.8935533521557094
-0.6145913256564906
-0.5787305606831572
0.3350171148763435
0.5545086891746126
0.4554547935796599
-0.7161128662182695
0.7081733107950178
-0.3188813056979816
0.9207134239595357
0.9437636957896082
0.7016562922735042
0.3820015131510107
-0.8755103086355581
-0.12264140127334412
-0.11205554621685143
0.9000756729320865
0.8188751576535993
0.07069350636781166
0.03750962350463939
0.503469719408928
0.9008430319804276
-0.3702741163820683
-0.8455579823028234
0.18907423762917405
