0.6434525661721241
0.3732682303049616
0.33802691079367975
0.9859159217242194
0.32704565575549377
-0.7344624100937013
-0.924637827702749
-0.2538696159987335
0.14218710697204262
0.24287116970533154
-0.8529983866501073
0.22297507244101003
-0.34723077335277697
0.7842571842630102
0.40034507144472237
-0.8991182428948233
0.7668558561083669
-0.4684703747381166
0.5749708119864451
0.17263010921034913
-0.6541487571382711
-0.30314191518925965
-0.3881621699997494
0.3059626857815114
0.4705223626255255
-0.27178973870412654
-0.20894242530401144
-0.4493978818819627
-0.6310050945258958
-0.29415071736433934
-0.17079573864862563
-0.7654960489147373
0.5694766746177105
0.2945298291184748
0.7099211443964988
-0.1325241328229842
0.2984332656227118
-0.06370835248542445
-0.7883615403561818
-0.3412986936659754
0.5663818805801727
0.25455787594803897
0.5813633878261082
-0.16851709227764333
0.2788945820718312
-0.06281502257144402
-0.2437320874112565
-0.018094760724753158
0.10488745677804039
0.6813699377929479
-0.27551987756166524
-0.8803338028533166
-0.6581697424251095
0.8575706714063623
0.9523111348658475
-0.15769970711714779
-0.7408990316793016
0.6213415647237388
0.8911721792981172
0.25029678753632467
0.9492351683509878
0.561539097964206
-0.11608296287899475
0.4874710896287099
-0.028318903962185137
-0.8593670158890796
-0.9721584497162611
-0.9092984614892056
0.5006921687391696
-0.4940394350947841
-0.01076952790314149
0.7901492245411881
-0.465088064284779
-0.15173554841016282
-0.07718561283491954
0.842092549754705
0.20165580658561755
-0.3519659063200923
-0.5473525771047327
-0.3126080330170016
-0.49302362691655
-0.06859105661700303
0.19329107799693415
-0.16535153963844834
0.8198268961677767
0.21454124085771142
0.8482528246859403
0.16092901965102122
-0.7449448785168261
-0.8502193569923683
0.538185384368122
0.9072751649405846
0.02454785750787129
-0.5692924889962349
-0.892843221626155
0.5510273141602138
-0.2551761690581408
0.9119949102530321
-0.6002523372373583
0.3446454622416521
0.7798630121673247
0.1555142748391053
0.03528771141417825
0.5171774358675073
-0.5058218567994224
0.46515719159540436
-0.44743712307763406
-0.7590169858911867
-0.9574999538044268
-0.31788662332022266
0.9369913327015893
0.39336735843865184
-0.7854321650057267
-0.8058462721197501
0.5982001309464964
-0.3706119112066435
0.41506133295340786
-0.5464730224632571
0.9135884851455073
-0.3211215092677644
0.3780585334615755
-0.24125444410875
-0.6390499292965843
0.00503893524620144
0.7344884832990533
0.7651525680200657
-0.2970874564952406
0.4861699244575331
-0.8619567247664294
-0.5328850340777445
0.056930131743321
-0.3129859519864346
-0.09818543862408735
-0.017587011185908115
-0.4328737821660494
-0.25841707723942614
0.4923503006991299
0.8045582399428958
0.4180132474376403
-0.158299186979613
-0.36471447324769724
-0.9639961454639793
-0.4885582326564044
-0.013968516839433641
0.8237365213667828
-0.9480667119939917
-0.2103718983244901
0.7572397277187188
-0.47346819601096196
0.9786349579800012
-0.45852496530362713
-0.3064730598346581
0.7093484607811378
-0.776464202598694
-0.4852997927905788
-0.6811969761884483
0.9579024166199821
-0.5117058503296561
0.33269655078898414
-0.4816940193688223
0.085682700102584
-0.444505785951232
0.348180084609269
-0.11205215640770055
0.9562949976052124
0.3529930110477638
-0.03255282724245877
-0.48145535623595775
0.36564761652694905
0.04174931912811016
-0.08902250213486987
-0.2835805647769839
0.5647510705732274
-0.005829629894477327
0.6715604785331856
0.618178840935911
0.4288358026409347
-0.26438372386203
0.5100628415791052
-0.7931769075897875
-0.31974149056784845
-0.4070503483945446
-0.4769250422137185
-0.33972675124324786
-0.9512617817738731
-0.4637145136431161
-0.584006732781903
0.13955028905369293
0.8920306714359193
0.08206504159914571
0.8794717584228701
-0.7616887411333799
-0.28826697482438396
-0.27116412781458343
0.18894327124658483
-0.1223762436255193
-0.6125229499452327
-0.20173178386390855
0.2731617666606359
-0.0025361015821043975
-0.19002408171964122
-0.46209937905991355
0.11320970593252162
-0.8515679216102912
0.30964245692023107
-0.26701299581608506
-0.010513138924829208
-0.5946537190713593
0.1747690876346108
0.3333371898185197
0.9406832573179447
0.6529449753829342
0.9591039547327631
-0.7645500016659034
-0.6128021345107796
-0.7604940369952014
-0.5588307818137235
-0.9683278611264289
0.055009533958563006
-0.2686251222158064
-0.18023565745590772
-0.7699395101792207
-0.8563309900338265
-0.43526500971731436
0.4034522784320666
0.12344252034525527
0.6993080072369934
-0.5152876383774333
0.6550727964590777
0.31117538998305444
-0.15434903896047378
0.035378227824466514
0.5002501380857808
0.29799724897952573
-0.27488034919207527
0.8473960618620374
-0.963245041305261
0.515626178105278
-0.20067670590601913
0.3239532626544346
0.14502841647107229
0.9229305076879016
-0.792818717886066
-0.4901393475718477
0.6367513946661745
0.2684664230118557
0.4382574080262845
0.49088132640441073
0.75458838570531
0.35938753830955605
0.0753209639564125
0.30952026981551106
0.4426644387948878
-0.01050412029640734
0.3367136621035584
-0.06710129189325707
-0.2823045524878985
-0.2637500768466749
-0.12569980784926948
-0.7248520248332182
0.40224281430510705
-0.32186483678822947
-0.8846802980544456
0.7420452885068617
0.7427335293324365
0.10686441847516781
-0.2534432157717932
0.8743907373527311
-0.6269162905613204
-0.7798040194040309
0.37125480051941373
-0.20883786717185787
0.7019847243104821
-0.141482117262998
0.8128310251372174
0.22985266730083306
-0.2662418579976734
-0.3160819197073497
-0.7791211610687769
-0.11902127641203655
0.0871596558759819
0.607443897880535
0.21860280345910788
-0.2071744373866655
0.04857103063182524
-0.5483846853270296
0.13581308258177235
-0.6170360642268237
0.3515965374447728
0.5191634166585529
-0.2147648367683486
-0.38181088514726
0.28386987709598316
-0.4668194081043613
-0.09557801272126615
-0.04842573081583193
-0.42528859217989007
0.7544414005682847
-0.013023249888460074
-0.3825642068888168
0.47489136192670217
-0.9013049276234358
0.32627013463407084
-0.31952309687543806
0.08130458666349094
0.9503606686695902
0.7287991044010278
-0.23336570492364678
-0.9171009948348824
-0.10035527080150769
0.647438185880256
0.6674617666860809
0.5823944934512816
-0.5941014444894193
-0.4879961055036818
-0.9211371430384616
-0.6576860641471924
0.1333120403358171
-0.17033535520108206
0.055305024982822824
0.03627881621968014
0.3666261809610865
-0.7420191335062867
-0.9763610077385168
-0.7730643126060373
-0.2344956964281077
0.10516902250459903
0.8418620351062719
-0.9467746514939486
-0.695045450451463
-0.08654329369639657
-0.34913614405802645
0.287163377998435
0.11489569976292735
-0.09711104014389194
-0.630471387237302
-0.11687614850712581
0.5283223649728387
-0.7025394021486868
-0.16421629966841103
-0.1520378289945619
-0.29313978619342995
0.260227769606829
-0.22045041227437878
0.10299225209785365
0.6656346846084514
-0.571181793303354
0.528026978480311
0.20891127615876506
0.9297484547239336
0.3466527326976305
0.9082293368469468
-0.7728127649036852
0.962054688254805
0.7478263539283402
-0.4404170401383227
0.4697220634784549
0.08732994490912398
0.6735504546192781
0.8442001750357294
-0.2021758617570126
-0.22692510004763247
-0.3938621720676912
0.6348323679547161
0.04078086037678273
-0.8733251668876203
-0.7712650216721432
0.4049519983251074
-0.001453882965516724
-0.5915438455732898
0.6497214580324108
0.7537675657015604
0.014838867221400999
-0.10413870069387052
0.6484672574457881
-0.44050425689507083
-0.8689576376639659
0.23113598314046252
-0.9444948527614188
0.9481235081971273
0.34000047147187906
0.13353319201890576
-0.6817620009634837
-0.30755209317655663
0.8752667022069938
0.6649455981324828
0.034859755927420175
0.13701358729033586
-0.8061449827293837
-0.4441189399958535
0.9685162922108694
-0.9214077767795714
0.28072989717832714
0.21606086554591433
0.6572402291349503
0.43120696109527007
0.4529386068915309
-0.4633358146485572
-0.7842672514274084
0.7402315615328561
-0.9328066418884189
0.37606660647436907
-0.8471814523600598
0.11190356188507689
0.062184150082817476
-0.852995097399828
-0.8646185589436493
0.09389677489595753
-0.5587188979356211
0.34876585010427097
0.2879766645066041
-0.6287321408017468
0.671760836668701
-0.6084522426682376
0.44853031666446336
0.6837274269692928
-0.617283536532118
-0.15791400654669505
0.6998562437740655
0.05475460265666506
-0.7542556421819537
-0.1485087876810441
-0.3822944371797996
-0.07723118837490436
0.5864157825541744
0.7159390651276026
0.37190816448043534
0.6468543501258467
-0.2757292754191721
-0.578695838062056
0.8966057562237784
0.8450149598577283
-0.5070645146560139
0.5047689026650677
-0.8623960308572769
0.938703875870502
-0.0062617965929347005
-0.39071690341906634
0.7536670933502545
0.09606766748340778
-0.26592148109961516
0.4523808038681536
0.7725123633729795
-0.7575667791895184
-0.1994521284165551
-0.5389074237230208
-0.011029631755879118
-0.5923560668815208
-0.22716398032114332
-0.880403434580643
-0.3141167493218
0.5206745828954435
-0.2978443238127716
-0.2835735336818179
-0.1645806824213452
-0.3851292959308192
-0.5780604295068364
-0.30653559490316334
0.09442677957552868
0.2340606035070024
-0.4751748845408021
0.9060901686068101
-0.5514590650537274
-0.793192828871999
-0.7887288948606971
0.41953565743071897
0.4183531074305643
-0.08550927022337426
0.00828175106399517
-0.8075480266771523
-0.8646348054842988
0.15073733451970522
-0.42161121478591845
-0.6097768999004692
-0.7292600173578092
0.49801307149042773
-0.632512028631951
-0.9009749573922639
0.5491888818420958
-0.12094042930495369
-0.6799531178636576
0.8818943634201393
-0.3656941063660508
0.456392444117243
0.4993574967130783
0.8673894582538614
-0.2664522348676116
-0.01216809751975562
0.6883623019748705
0.3030489130913752
0.04599930973707097
-0.5538798863972162
-0.5302266043898574
0.7606802806586775
0.7370724604161694
-0.2731822117729964
-0.9046852807678261
-0.061573393740585715
0.43833358538084755
0.022315506893179446
0.05890668985672904
0.3044006443444925
0.8137029592050895
0.6883580283062216
-0.3652570689176962
0.7967209204514581
-0.16950412870052028
-0.5774833336059547
0.8043323717023826
0.1219264465362885
-0.12573466829422772
0.2361062859612504
0.501580701106698
-0.5336060745709577
0.9187119332269745
-0.007835593237347411
-0.5796325452728164
0.6959166611124029
-0.8637102095635558
0.8009434753020858
-0.8949295760750036
-0.30509648443080895
-0.31021703956803925
-0.746037904020316
-0.6217390790368048
-0.9896133487924795
-0.06289908345799823
0.018939721809718646
-0.5237213687447465
0.7583916921419495
0.3596171343947878
-0.989201038426042
0.9364672699062653
0.9610655198137772
0.19348784125904628
-0.1814350432972934
0.3373516411638348
-0.2155205618808859
0.3730569541446135
-0.23116916586735345
0.8180167694036864
0.05042891595052179
0.5496857405354085
-0.10811841173642844
-0.5980473103539526
-0.8720096115186939
-0.6760149698210672
0.5552656851348102
0.5143219145033814
-0.4172197883374873
0.5776072508288894
0.47774522118903484
-0.35915801648864937
-0.009839117260734666
-0.17271314353881723
0.7350271086696086
0.872465749806086
-0.3838537127105373
-0.2810495595582449
0.4414459809750616
-0.2563867345514653
0.9926466220288407
-0.24992252110617713
-0.4502013907472232
0.7332042037810252
-0.8602302584274927
-0.36326416914974163
-0.8231288230535093
-0.6346786849950339
0.47741704515945715
-0.2787759917422353
0.5664589612711213
-0.07823045965542347
-0.581094791662937
-0.5470603988939945
0.3329292112811169
0.41480203426086854
-0.36444385993579775
0.3420091339284447
-0.5090364793841486
0.8438412321640463
-0.2743783322340887
-0.011397780865059192
0.703703815993189
0.5550472681685459
-0.5715185112056377
0.8300159085732715
-0.29852454319758054
0.4354076781807827
0.5895471808546442
-0.8999300880277741
-0.09118038987564205
-0.2391480560154907
-0.13953041966586302
0.5325210862531128
0.42183970482582833
-0.48344728601224257
0.7209372940293788
-0.13108870243752083
0.4734673464268854
0.6512241593804172
-0.46247542794336505
-0.7179172922783504
0.1705801796704668
0.13159259605645376
0.37054126338448884
-0.5478554572631743
0.5431890984820653
0.3830179325669011
0.7031506603098069
-0.361954721158655
0.6361537046848281
-0.5791900446114269
-0.695081798592954
0.846918147234543
-0.9612210196389239
-0.6854869157400186
-0.1617281289673673
0.24248645038072414
-0.3049543945220445
0.26692648079521053
0.20719614148958732
-0.4502038206568116
0.9689502056929433
-0.6348485205210748
-0.11359543479377837
-0.29648630929407693
0.7317899026368986
-0.2083250008321714
0.983524331606827
0.5566984558501533
0.1765607660079556
0.899629608782945
0.16907016397705685
-0.6343072305406662
0.2751383581177734
-0.6305868603226903
0.7529117051469095
-0.04003794078954143
0.9221013830361586
0.7461202956890697
0.1903851979242459
0.979757593780798
-0.2533804701065888
0.27802769023671275
0.6134500962265228
0.986186770592788
-0.6633876115707196
0.23380747744102673
-0.08654301532605922
0.3742517909512644
-0.3418455412384374
-0.25326604435490124
-0.984929833963924
-0.15306590330526604
0.9505966278674942
-0.8258509337314092
0.5432463977498014
-0.4001959103888059
-0.9291705435430763
0.42211998429264097
0.7467053491795695
-0.7683957401430915
0.021303384173389443
0.97335749910461
0.2942050531080333
-0.9605132154784917
-0.7091864831061047
0.9427072080244085
-0.9507276021903028
-0.7034420793428252
-0.20523690395526703
0.5953561665621474
0.45077191107926706
-0.798005638942597
-0.5711759335344455
0.0662994580211432
0.6006407299588046
0.417569165076085
-0.15633405799097272
0.47861280190202526
0.04617629197034479
0.5135136041656317
-0.8187756056251734
0.423052729987757
-0.4194347926101327
0.5690541976037637
-0.28931652679235337
-0.23631337853542822
-0.29986184415796113
0.21134448432849062
0.9860470442642099
0.7113451619456476
-0.02236516606117847
0.7487433679817764
0.39233147120879097
-0.695061928029055
-0.5129468896759131
-0.9880042478149879
0.15321031399027732
-0.04008319863558222
-0.34190837307362754
-0.7855454600983975
-0.4876129614634586
0.6910529458997356
0.8192708160713176
0.3848343754410459
0.7589196721584727
-0.5703038710749668
0.7016560755744585
-0.8477394973414707
0.9269828395470249
0.5150928595494574
0.6569140855519614
-0.5394172807592433
-0.33997008696716213
0.5619648682934634
0.42298349712848377
0.03360400450536631
-0.3252973400956649
-0.7157080599556611
-0.5672182436482212
-0.19313291269821503
-0.09811290711603604
0.6724322112929636
-0.288599268202915
-0.8132288599071084
-0.30897151007642526
0.127545122825364
0.5753109119845171
-0.010147361637732366
-0.35774463112604965
0.37860826538959524
0.6214304552882369
-0.3322882398244764
0.41020404778691233
0.8809003333797868
0.6159008841355029
0.8442978067136284
-0.24870514393578688
-0.5977593812424733
-0.9301532772970819
0.8615950379359596
0.4688385910388446
0.08325881570759727
-0.0589348618142806
0.7006156772205041
0.20832776840613745
0.11796262881808961
-0.5266534170959174
-0.09906251409115129
-0.5213075515165608
0.584586528852583
-0.7615245277656881
0.8461321200714861
0.45473548561157145
-0.9837944185678098
-0.003881971077013241
0.942263213355764
-0.4703005841502705
-0.688358484264415
-0.44018880220029744
0.7125428743288845
0.10794527414826308
-0.9695240127232676
-0.2497596009071362
-0.2523405430671847
0.6921608034737379
-0.9673723804664596
-0.9091377081383232
-0.0853221443512158
-0.34327887122498263
-0.014661950695055851
0.19435038034350582
-0.7096773409356015
-0.3624003567222456
0.45329137264511044
-0.2283807069103263
0.9040032287888449
0.828157649414775
-0.8790136436555053
-0.5649863152899464
0.7340423688475768
-0.32532926160717734
0.9302618963316955
0.36953059667685445
0.6210370277918058
-0.9654454972543549
-0.6547862240393102
-0.685635752020501
0.9511977031343668
-0.9929019967315184
0.5312632955899165
0.24147393097247788
-0.7195062989666517
0.746634278525641
0.6446413947438392
-0.253372636222808
-0.2978631764343517
-0.919418569242901
0.49226698893293985
-0.23911639155931777
0.7555117116460103
-0.3925331056531519
-0.7447904515293851
-0.1559430130945534
0.006039175100190796
0.019935583141761717
-0.8540680275951495
0.9136650833492798
-0.1352038768211017
-0.1772712743927895
-0.15167754372002343
0.5088884823246645
0.7480937207628436
0.5166144117045645
0.9305756940324632
0.19518766504114496
-0.8479084601069439
0.6689265910115144
-0.6092725885161892
0.5088091934111828
-0.8856051376008943
0.39809746116531114
-0.006254080202978858
-0.697192420907859
-0.2352904474599669
0.5381689514857317
-0.36398301988168585
-0.8068271699932453
-0.04016849055168284
-0.3025782217560267
0.8910020306126045
-0.25448332005280616
-0.355267915502936
0.18294814815713295
0.5191327962441887
0.9860153096523486
-0.13239118412237927
-0.28511422213980003
-0.14043147003699794
-0.988906533779868
0.42452591083199004
0.23972825400028233
-0.8857566641726129
0.9575428939140342
-0.27170283346605006
-0.6265334311576353
-0.31340898576122
0.11063630724285525
0.7856045908094396
0.8850366184927102
0.1850297612300665
-0.26834678288157277
0.5188267110835912
0.735249269113841
0.9806489101678942
-0.19847170003276093
0.7260201864670391
-0.8290745929595839
0.7539365398811076
0.9498274285460763
0.8318582764576897
0.9025940277791238
-0.8035182591661816
-0.1498581833061371
0.019228025480522368
0.37357346155531945
0.41882265941060765
-0.3857309593348883
0.858932321965007
-0.3693716972667771
0.44990870890762813
0.346855849132631
0.4620017056878812
0.14044697945732815
-0.7690535995927662
-0.8978652905003898
-0.15172341137063838
-0.20421673951245603
0.6981237549324067
0.012994670486053319
-0.11213261373650094
0.522776466896907
-0.05763218033809407
0.641791385783021
0.4087765045010984
0.012781721089640005
-0.6141436572152784
-0.40532720462897137
-0.47679061039452963
0.25406201435272335
0.01695822507370561
-0.2936899800083418
0.06830109866624717
-0.5975343150559173
-0.4690022790786235
0.6407331410239803
0.13721546107600124
0.8831023230276528
0.6633872413843586
0.6947811676325663
-0.27655174040262387
0.03195617261042629
-0.8134011368367248
0.1912082506771453
0.8043496035824456
-0.09242910665149252
-0.11431114352011645
0.8695966320565482
-0.8105387211092575
0.9655365071023794
-0.06828070414875956
0.07839544318759915
-0.408591820477367
0.31877718122934473
0.3202787835790291
0.12029608605244012
0.14481435959868078
0.7287090475287784
-0.7001547489661908
0.82304184469639
-0.22641413949925926
0.7445083016564833
0.5623962136731089
-0.4056347727448318
0.8195613287003497
-0.449878247899654
-0.9195265153611416
-0.033900768713668074
0.6178584241795334
-0.9276469805488842
-0.6666495287271238
0.026829595438840524
-0.839048315914052
0.18194824474506918
-0.025218690226953562
-0.9363358793633119
-0.5160821406151637
-0.6531194299988774
0.5942060171634922
-0.2830881128836326
-0.8508192948015458
0.27679851231472397
0.4631903655485511
-0.16723865799407892
0.7041633962589381
-0.07275160969253999
0.7623420160808139
-0.5533543425452175
0.36156559210916583
0.7931811030368923
-0.2651841988955477
-0.9872051263125973
-0.18331254326829752
-0.6495706960474865
0.7685317453601603
0.8242899361218722
-0.6908776514270125
0.5870127006242617
-0.14675667413649623
0.9339109603617362
-0.1091857672202203
-0.40250103937522425
-1
-0.5096872812999311
0.26882178851214217
-0.002577922501458445
0.655752905483026
0.698496937529811
-0.05487626006265122
0.28809279968430146
-0.4174268732411304
0.07150558217146633
0.020478404168349958
-0.7780364814131288
-0.3783738554146314
0.8874908343478948
-0.7907617751550728
0.8622574287238928
0.28876287017853136
0.39218460623239687
-0.6215725674055131
-0.1284667053095169
0.2579217142518079
-0.7029387000034355
0.5138013840827643
0.5695614801372535
0.9155807515546812
0.039458993572295376
-0.2476914837384353
0.7042693428359231
0.3438416752579705
-0.931489820825483
0.45358930266887015
-0.6277135587880015
-0.28384467203496466
-0.7027212636913449
-0.7499814659902581
-0.9329461251872735
0.9613673497883938
-0.6027197734918304
-0.8338337294340947
-0.4707127522312683
-0.22895568240548558
0.5314523919828722
0.3523922771151152
-0.6342288745493039
-0.29763604814393935
0.712644554345266
0.9745373911903991
0.6641738212116454
-0.07263492302407862
-0.8822142058661847
0.37757584492953766
-0.3604257769798959
-0.6286439077962708
-0.0491596094957746
-0.5863994437809882
-0.196021825519717
-0.7631079603557295
0.4534193436405396
0.3839587201218633
-0.05232474878058925
0.7671787426240346
-0.9868444271128725
0.4856191355450573
-0.5412027874370958
0.3028567867381671
0.5371582612011666
0.2099379158569577
-0.3373023397054772
0.29818007676709274
-0.12563539780321625
-0.9027856928848883
-0.5105200692279873
0.9879001217961987
-0.14409942218603922
-0.9883850528323703
-0.6448052785695096
-0.9862622844365582
-0.20231182298327108
-0.28743111566031704
-0.8654803490350164
0.5303390266228213
-0.8701201103274253
0.4565802856759663
-0.3437698794540979
-0.7048437094244072
0.871522523192971
-0.3723232338634338
-0.20822966143500254
0.5214550249047954
-0.8318965242011473
0.44156064752080015
0.28961374918778277
0.011864833040154708
0.4096118367162901
-0.0629725458870987
0.5753721197527752
-1
0.44441035620916797
0.020996630813202993
0.13317652311437728
-0.12630922330604555
-0.10425282709161843
-0.990239332543612
-0.9345271667876324
0.06685913395309433
0.01121222537267931
0.48185336108692084
0.9637106663645181
-0.5258173842609805
0.7301651146303518
0.44951230462050623
-0.07194523421831595
-0.761671913890863
-0.5218150125666313
0.17007357874627324
-0.2702062849508177
-1
0.8993826085490035
0.31930774385889843
0.7086006737113316
-0.9940421112516531
0.6180459852164313
-0.0012910253255916573
-0.21516801355356704
0.004908828590719935
0.637925390280144
-0.19351392950546728
-0.2510512603704482
0.2591991312959979
0.8657188703103434
0.48054331805679873
0.38324855842904926
0.5098085479455973
-0.45359516778810083
0.3239974926248164
-0.3420933062209674
-0.2844386586822532
0.26697541275224185
0.9189452475604473
0.05442262341830842
0.11607516437739887
0.4845068269990163
0.3163247139062508
0.40273001144323806
0.4752139734432284
-0.36806662989513905
-0.0600147753667821
-0.8756308681777747
0.08157434633383337
-0.7117561090940308
0.7325627324168217
-0.6305520654579289
-0.3885533325808076
-0.6896044857116714
0.6651279140386763
-0.5639489521157276
-0.6040613460197256
0.16381174881239602
0.26845451083280847
-0.7638438043584669
-0.5827920928882726
-0.4438619033376252
0.40325379642853465
-0.4352595751637669
-0.24626855810993384
0.2801327161912752
0.2628687118244168
-0.12070791011684101
-0.1592338213659543
-0.6692684791258631
-0.3077151110813003
0.22097075511939593
-0.24530731247126614
0.2854661278484058
0.11238699755055165
-0.0741497997609986
-0.3521827250789173
0.5236083124915416
0.01703935917498666
-0.04201134740490189
-0.9327635922975246
0.9481606507432444
-0.8585388058710303
-0.29853843677308545
-0.8102115132957444
-0.43661505899645503
-0.7656294914185531
-0.7983830533542987
-0.48656592130426574
-0.32391977834050323
-0.8759690790126488
-0.019276938286241465
-0.8045349806654415
-0.419376209610374
0.0681999873974353
-0.6810804750962999
0.20167413357134015
-0.47713274887585694
0.8537025165267988
0.6323777878715451
0.7708651399261705
-0.9712733860115735
-0.6153169102356153
-0.97345047479044
0.820456865332746
-0.360867130634589
0.2456843353510531
0.8702396134697463
-0.6643535167553218
-0.767923510879972
0.42028737380564135
0.8747476267210568
0.151093552015155
-0.18459219842550195
0.2587878288175627
0.024298909175383535
0.1960177971001177
-0.7412475265311897
0.18299034089870678
-0.8207369488071763
-0.8431967991402212
0.07448574295904163
0.916549019587946
0.6245306900435357
0.1126114745847096
0.8371739712611951
0.13717494019877646
-0.3780940087609846
0.4280461634471993
-0.28378019403864285
-0.12217527753703959
-0.5012446099982272
0.4525210959672229
-0.8291006407220312
-0.4057052116575503
0.4908957846039891
0.4597883250119487
-0.6618131072759735
0.9356144958016197
-0.7006943667210396
-0.38733682690461774
-0.1003399199590081
0.30601764270983656
0.05561942864468911
0.469772251682334
0.43699960480951416
0.8686343132847052
0.4544553523372523
0.8176337815826941
-0.6449314779009961
-0.37405729579812363
-0.21042768559393588
0.9585026680456973
-0.69721506174614
-0.7341639863479619
-0.6955782152888739
-0.07502324012524196
0.728494053360938
-0.5738026233511269
-0.19655373220385522
-0.7073888827664482
-0.8783473647307968
-0.09213353226344127
-0.5703351915857748
-0.3335828543897098
0.24641631814275383
0.9426674625762538
0.9341083828622866
0.3032800845028511
0.43237708483304577
0.9633587165871106
-0.059051686118405756
0.5958354216473409
-0.6569345965317297
0.23427370489720195
-0.061798934502019634
-0.056851299392314994
-0.9882140507934966
-0.9227612589236784
-0.09710293671066622
0.3514784061711752
0.24161397092943462
0.9778633996886774
0.9129000139788915
-0.7330879473299106
-0.970820937066869
-0.09933391674981215
0.1832332450640196
-0.8027971929425108
0.7408845408588659
-0.7534968440714067
0.6635193831597488
-0.3376331287446076
-0.24934044309519363
0.28921856396741935
0.7913006455764389
0.7509001672914571
-0.363200795834945
-0.021088289700996927
0.2940609952570571
0.16480664976131584
0.5960672308067905
0.13513426388503647
0.9737128512852572
0.7418618118576827
0.09356826128814731
0.3932383728823044
0.16936980478606986
0.619762106976963
0.7068668271128818
-0.6763548348504548
-0.5492904839189177
0.16921474344998091
-0.9959269529662567
0.7142781335746381
0.8565317264089115
0.03495522213780566
0.6073944716195493
-0.09881579067050975
0.49498981662420827
0.26269414705069255
-0.46809529995581417
-0.5274744232284532
-0.19962583754249397
0.1319140472809436
0.7846187467126482
-0.6769918383014712
0.5842329093867253
0.07543462317513136
-0.9103248967338727
0.026057113314787644
-0.6005808961676495
-0.1512414130900723
0.8085625402642524
-0.36019587526905145
-0.10964793580196872
-0.2936045874022574
0.29425949927381195
-0.9557862010615016
0.688498255743046
-0.09213231304916057
-0.10576804275278784
-0.12137744621250096
0.11813082925875727
0.3839604558258379
0.5483270724054043
0.6436145581032997
-0.21211357246010148
-0.08272220201499572
-0.7640867374407617
-0.4468254365043532
-0.2787664431223401
0.5225311357717102
-0.712127027004354
-0.3733982442997175
0.47057660557286346
0.1626473068575956
0.043281997487967024
-0.8512228012763361
0.39138750359746144
-0.35656145709320164
-0.6499537654830526
-0.7625302754848313
0.3141104837214738
-0.3270278040973618
0.6158487092856524
0.06940028608553862
-0.5780142350712849
-0.7058052753897311
-0.42098598404925136
-0.40620574550666316
-0.2262077932125012
0.33978819622162354
-0.8534499002682147
-0.4538048595135274
-0.5160019703848522
0.02743241832180924
0.06363239559247312
0.423311766139335
-0.689539750640197
-0.12789030998953727
0.13990225133751163
0.3538126673273867
0.9492316786528461
-0.5794637491052769
0.8284070151080699
-0.47331580824604774
0.9792758409464756
0.8026991895947801
0.7474096673505263
-0.994509226425834
-0.1752902277042403
-0.8741367623128261
0.4283954706334794
-0.20688311769297288
0.9040663793255803
0.7203229442846237
-0.7029397709052835
-0.22658320404638202
-0.18253797661048635
-0.8530743669837186
-0.6012476153611492
-0.37745187309600003
-0.13836257097590496
-0.35845494824293106
-0.5301864153525092
0.438864697781638
0.5268668842031045
-0.3863660945113877
0.8986304688858516
-0.009075720549394171
-0.606939385160512
0.0013045005232920391
-0.40838276353590003
-0.8537657389331953
-0.4896963038781729
0.01205636952830921
-0.6841477944304138
-0.33412930555661274
1
-0.46882633827538733
0.5031148596822419
-0.9763578022596823
-0.6747719652115537
0.11638178055885366
-0.5814422677771158
0.01121660579968961
0.5657190934625648
-0.2296924697879825
0.39576118815777417
-0.507385617698938
0.8244579518841665
0.1500934549987909
-0.37724015989134335
-0.26080239710827713
0.27492140088912786
-0.8806154525154477
-0.5798690704444117
-0.8152550030374456
0.8590165378357795
-0.22635074661576035
-0.16671306199976696
-0.5705588109287537
0.7351163985936482
0.7069378408511602
0.6742127817791816
0.6508655661412289
0.9466482606475393
0.3288260115600715
-0.6863077866039311
-0.6525626329875981
-0.5211944821423147
-0.48888167431654556
0.16611795448111477
-0.07760414003738994
0.29729782953526895
-0.5646361883166029
0.9641603400057124
0.8100213897582306
-0.9932734454958362
-0.382908540556967
0.894477548509389
-0.006361265066343514
0.9253760633066533
-0.29432395648738596
0.798880385326493
-0.4998515507579397
-0.13029873505280404
0.23546404787819925
0.13802232325345606
-0.24938874036852116
0.7384514673044544
-0.290938118790867
0.7593377999293004
-0.751606435077971
0.41329258266452157
0.7276050085981595
-0.8731682787856614
0.8362952178245968
0.05311301431967158
0.7207420200171267
-0.007361223010666346
0.6002530458272192
0.4198418056733798
-0.5401797401142446
-0.9601970480167571
0.3278830864131362
-0.654449277490113
-0.11403636472291456
0.2794394284111735
-0.5693231205017686
0.12045516849408112
0.6638286084357845
-0.2401221288355987
0.8255209128489909
-0.4815229391231153
0.6262716735910868
0.4409991225959359
0.2368475893139818
-0.8791744412924506
0.8400667070767245
-0.8150261785025594
-0.5085040281946176
0.8183305153669808
0.09434699814181423
0.2750239128127878
0.9989848314291873
0.06979567031513259
-0.3361705663455908
-0.45193745494963034
0.38589932849084047
-0.08180243761178312
0.30147873929479996
-0.5635085982342407
0.7151514588712007
0.8641281099819011
-0.18889688225535495
-0.21977632875192418
0.09883844893277852
0.8551270658370513
-0.45467780594156554
0.6600608676361497
-0.9273195404702773
-0.2349472223047567
-0.9487903537205464
0.4804159026722414
0.17341671291488425
-0.8129460536566515
0.5845800852267447
0.21717628613968057
-0.6775174218296045
0.8797002468997485
-0.5130317979957353
0.47904266692595876
-0.16206872883643525
-0.6622196955317831
0.37382403170651435
0.5355297569660679
-0.9131931742994235
-0.08544009681022438
0.9378307638708421
0.20431238025746337
0.10383848111337063
-0.13658819041748482
0.7824365777454934
1
-0.5129360549504023
0.11302961964948312
-0.6651404495391712
0.5175467104914797
-0.29212029166174214
-0.3090103816485524
-0.9769838162566062
0.9736717879502098
-0.5218013530651499
0.4450374976417903
-0.407138345136778
-0.5086995948922559
0.6995114565424153
-0.952239592965187
-0.012836932258349438
-0.12833552520329
0.35928350973215883
0.29677398484196366
0.13127849128866212
-0.8436065124007867
0.6200801524818671
0.5214185762121594
0.7886421126805587
-0.506168025267449
0.03204497537802648
0.8858643531177074
-0.48039168587120373
0.5373109153874224
-0.5005226386669874
-0.7948971354160302
-1
-0.3616591568593355
-0.8779721996926999
-0.1335506730865884
0.25637794482809195
-0.6610324697865912
0.6672572117138076
0.6722988495874961
0.38797605268355395
0.2169450892515661
0.9156172566585059
0.7575807799605322
0.16776248910013858
0.1810222458622435
0.7565890889932679
-0.7153671666482162
0.6481475881040578
-0.43031988957537864
0.9706092566002885
0.974053468119329
0.8273415765335645
-0.8466706350430075
-0.9599282579785857
-0.867350109362479
-0.947841759969455
0.39593720484508244
0.8607555514898699
-0.7129768683671652
-0.28922564318742733
-0.3105376316450422
0.8988738363590798
-0.7547611192206903
-0.0957447286335989
0.9771007319932277
-0.8738340017915308
-0.44433685413393664
-0.25675766148715945
0.15103055756353087
-0.9970270128286819
-0.3434621730558648
-0.5957038704951273
0.3470154752512195
-0.13119077426053757
-0.1386266422958251
0.8104865939162208
-0.6462803213603018
-0.03918341937981466
-0.1357606251323295
-0.02467430251095305
0.18926731549537182
-0.3205135125718918
0.7122589850859375
-0.7306672140182732
-0.2999422610726449
0.046185279579250546
0.9111744038705337
0.5178301336541828
-0.7217734256938338
-0.37657157876485264
-0.6836539507285142
0.8354503939083487
0.4707875335788213
-0.9020648296783044
-0.8592416595918707
-0.48667333108801286
-0.6946490318935631
-0.5314879759583474
0.23240129280853972
0.21964100967174566
0.5599707031994904
0.6390994023284722
0.7976276168225332
-0.27192154990116124
0.6606673138864707
0.6363256759376476
-0.7978426451493962
0.2251708419887899
0.3701882377546694
-0.6650856883695392
0.985641004872929
0.0173019759135614
0.21437626493783163
0.4929679015546955
-0.9325702549923434
-0.9116553424511151
0.044455720802638085
0.29163663916290467
-0.2959611506075323
-0.47969079571592027
-0.09369329485695159
0.9118619392675738
0.3919381898393637
0.28219404999289177
-0.46208048806918134
0.8113490225993957
0.30488143796075556
0.06690493241411243
-0.47747197941400715
0.2581164009801701
0.1391618077074967
-0.778221548673542
0.3917090430444777
-0.3007356291362081
-0.2805168948043419
-0.5486921745363841
-0.369840226697622
-0.3263120166153854
0.355969760824695
-0.12489228778715797
-0.7099193483210462
-0.5975860293220341
-0.05389297606685935
0.44544841662631296
-0.8535230401981813
0.696892727589496
0.3058317412874684
0.6492864000802756
0.7376771749374
0.4661567234154373
-0.3277921720753841
-0.5385769991053733
-0.477899141511853
0.8271180753288986
-0.6275522138606016
0.640482890284876
0.37834693574237277
-0.6549435968675903
-0.038794307880879675
0.8663522965868944
-0.02613132354991368
-0.21034782995468806
0.8346979668184377
0.7105399312893745
0.9227514072234442
-0.10423727201047796
-0.4713134601634414
-0.47946086200618127
-0.6616968661675658
-0.334013125093399
0.25179056635786223
0.3612028952383567
-0.7753533943901617
-0.19182908334414375
-0.08107837482198113
-0.3222944607872055
-0.7218898226271515
-0.8924547400795222
0.4015414937942327
0.23837101860002258
0.031067340105436592
-0.3872162087750982
0.19297605795803804
-0.9720130183500073
0.9020118858759428
-0.9579827212837807
-0.5499404697825611
-0.6281976126671853
-0.4919098760483733
-0.017118603390629338
0.7354034020681409
0.1515769629445877
-0.5714653907500623
-0.8122449716659572
-0.003156637977540836
-0.3471294322434931
-0.9920907554350161
0.05717284173231675
-0.8461071350050552
0.6561393805439033
-0.1803239970092656
-0.6780534397094762
-0.40930458281387616
-0.8025775827789917
-0.9759916955030061
0.45370853414481427
0.6866692052797251
-0.27829857151715676
-0.34316677836535586
-0.06943226437101965
0.25390223593587224
-0.22424823073589475
0.3034528044537498
0.9191727372512842
0.3496955301294588
-0.2689132204688573
0.8412852225200472
-0.5737170531760161
-0.7758984719199751
-0.20530793277069354
-0.5068084648685016
-0.5759410882132106
-0.90413878027502
0.176864017333551
-0.14777430990323218
0.10312421834941585
0.6668539014905215
-0.5945374003920431
-0.12503456279117
0.7414917590844106
-0.09137045004342395
-0.39223938501160116
-0.798684963660556
0.6687182451891105
-0.8418986741986494
-0.5673453125506646
0.4253197319672343
-0.4183458805917525
-0.9459542782793898
-0.5862021561501446
0.16405437850774546
0.5931883882804949
-0.6145237531597603
-0.4865938466973908
0.9934679954923997
0.678483137543632
0.6649049200491245
0.8996246121161015
-0.8896075007348649
0.2697948066485104
-0.7093476380403723
-0.552709459215305
-0.557940555760784
0.5243176385394969
-0.6332219125149783
-0.03242200620264571
-0.49069113844153295
0.021447405806581953
0.9903929690541738
-0.37764790208544974
0.39860902609822885
-0.7125509697602257
0.49556046912049984
0.7004293329357842
-0.9002469567038335
0.5235546742148076
-0.8078720170866605
0.7271548490631813
-0.12947523143118997
0.6719275552223288
-0.2206892295362289
-0.09701209456811412
0.4993452079605269
0.8826266536001183
-0.992645796357003
0.9059955139036767
-0.38954814560165796
0.9756891521203035
-0.5135898416152692
-0.4786932756821924
-0.7124532994263154
0.8615846367200505
0.396589760266317
0.6786400782115029
-0.7901794534771217
0.24773214116729472
0.7557579013509618
-0.7167543256507146
0.4808828570196833
0.1382736473491977
0.5386079475133649
-0.29421091898168056
-0.3210703674346124
-0.692734280293722
-0.37732609030119973
0.3036803961680157
-0.04857705758615333
0.6017738274331002
0.09791298420624338
-0.37161151698323885
0.9186036355384203
0.4917376057464894
0.3514615641773519
-0.01953060278496119
-0.17617012794522205
-0.4407679300291898
-0.5483004554084485
0.403938538210476
0.706724843807848
0.8994412201891732
0.9898802210871277
0.7075873351573474
-0.9042465725476032
0.418616974067505
0.4498009474782454
0.805002261894335
0.4772792969779888
-0.3602854356076848
0.6065724377231236
0.9834783506566892
-0.634697406032339
-0.4445979527089663
0.6294132749457606
0.15666194677325565
-0.8039330079741188
-0.8169608156427429
0.6825412719489641
-0.29241526977430043
0.3937072603693748
-0.07332196095152528
0.8110646735883721
0.6321275068331342
-0.017510160100355172
-0.01934208340424933
0.958293072738131
0.1785095467802706
0.8387344002017013
-0.5355697528934651
-0.37243757570389635
0.4471860920176372
-0.6443136500543254
-0.47678888858792534
0.2010522198692342
0.8366530001798793
-0.686950322843896
-0.500088047204003
0.11196228122488765
-0.7692266704484817
-0.1174662153148841
-0.5777590623397223
0.8137312033733327
-0.10964677134983625
-0.9628313551752684
0.2698308813940984
0.49818355409408566
0.39259493887564256
0.01378413321846968
0.8405967977683746
0.699014984774063
-0.31883483457155287
0.5901775231100954
0.9387002809278312
-0.020993216578742854
0.8318739792768007
0.1449043470108478
0.9842755091182784
-0.7623129561030031
-0.9126223245710936
-0.34191555869260093
-0.6031749705846046
0.0691748560764775
0.25778811610444097
-0.9726611131158898
0.1863859271302791
-0.5040883685448587
-0.6370467890624364
0.7681045362202439
0.5206152531552669
-0.6733647887725072
0.4802940957024323
0.9443029928032871
-0.43226158671319326
0.2447702709457403
0.5533264503971976
0.4654752387175084
-0.5018993411868024
0.17590191140485775
-0.7734852368877774
-0.40767565632560676
-0.5516552828737927
-0.8962622333292939
0.47266462315722413
-0.4301027662666396
-0.8252444877496026
-0.16310926770926662
-0.8238781877017114
-0.19008144111672265
-0.08220268635948896
0.012642618528880272
0.49642180697173843
-0.9894592413417349
0.31945333263581593
0.2900064612792463
-0.13264381654618657
-0.4085359278181187
-0.7431293145268205
0.4405600523027341
0.6725711867119051
0.04723014890025976
0.6299388515607135
-0.9044978811785898
0.3776410603421052
0.8960927559277655
-0.511623382759596
0.6249129718303529
0.35776322982207187
-0.1761148811862667
-0.7159453415260928
0.19339619921403134
-0.23644604457499735
-1
-0.6362997091349994
-0.2948938072124588
0.8183493753176482
0.29018592351606887
0.9008686111352591
-0.2830823494191262
0.19826592200333817
-0.7199110104815748
-0.48614046299323216
-0.46235907933527703
0.9291467281522805
0.6845666383131408
-0.311844732480094
0.672522817046142
0.9548120857978164
-0.8681008864137055
0.4056782566935016
0.005462836700391103
-0.9409285728930947
-0.5997113402341279
0.7240074174743473
0.5938661567512971
-0.46512060223438817
0.3783836324043443
-0.21045087996614242
0.9914644814371771
-0.10417843506717683
-0.6311910358697436
-0.21185476272182152
1
0.43413603920396593
-0.37924396026042817
-0.22159195290922507
-0.897660479864749
-0.0803474502448788
0.6160315039763468
0.7669978582129963
0.13726293752239205
-0.6108771137894716
0.21465292334918765
-0.3148244535434841
0.8237128688511759
-0.0988568678734109
0.08393378051517214
0.45960396481541943
-0.8864183736270679
-0.1754123316376265
-0.2878474208741867
0.7638709934053536
-0.5914803501622503
0.0832982441596937
-0.734507289477773
-0.9441000885395547
0.41701091351438246
-0.42174416710521967
0.1896493977016113
-0.0496397044531913
0.24683644495935486
-0.36175210511102374
-0.2736806573665037
0.7616106272490087
-0.1543845072684143
0.9302756201041155
-0.5232672902097175
0.7441753471984175
-0.25518117806999
-0.15533769585563953
0.6505092448227862
-0.004678692025419559
0.4774955946527621
-0.6872023842991798
0.6915535080969962
-0.9612421265729977
-0.060683715566038014
-0.7088624555754718
0.06773091475029021
-0.1927288875772015
0.6990564892545167
0.36181014506319625
-0.5181520772094844
-0.315665804599067
0.5568530476224394
-0.0332801935190946
-0.3304276905925406
-0.8166189447897545
-0.4476798322965906
-0.6033030139603514
0.15515833957082714
-0.4308938703401401
0.5620983733490789
-0.5017436424371545
-0.7155520276856181
-0.3288254118927538
0.5335515914681734
-0.8236304202658037
-0.6199312975953096
0.8997108522535049
-0.8087627680015432
-0.026465629644135402
-0.7195845919073633
0.7779947305140503
-0.1650685263695692
0.28515615198585914
-0.7346187808187224
-0.05498693456587675
-0.7633067588372022
-0.8015961049577495
0.6045418971885106
-0.6042960263883108
0.04081646974490219
0.021178745839524338
0.3085676840215346
0.22292885667885937
0.3497778248486451
-0.5240860032810583
-0.6852366941661471
0.6815365841201234
-0.09190652117173113
-0.7638196631762351
-0.05351971869351061
0.019980307299195723
0.6079562398858334
0.35863275673448125
0.31925396619991303
0.9805932768943472
0.360692408975074
0.428531984057551
0.2803459879745168
0.8671383146716305
0.7223557276495528
-0.31471494613112144
-0.6339763355189025
-0.26455823518420496
0.5393549619216215
-0.5703874306071395
-0.6079913170373032
-0.5504013161041438
-0.2504076907705082
-0.8093746375272813
0.2288984535395373
-0.5485445636054195
0.5908595825387916
-0.8056561283315686
0.9386097871478364
-0.721891094134103
-0.8238586733853105
-0.3833422070973558
0.40189516308123535
0.6781525621133959
0.22243555369738507
0.5499395638589661
-0.7631464736941742
0.33260333862222285
-0.6829326374090282
-0.9006184898784038
-0.5092180611176564
0.4795409891590827
-0.6995701586190631
-0.7765456024804536
-0.23455874338952637
-0.5937198707059935
0.9704204992738945
0.8810968873150967
0.09636118242211514
-0.6713728122251679
0.9098556948783894
-0.8182037159821499
-0.5052237560571495
0.3075963036638717
-0.8812379536802769
0.9261619776011455
0.6647109630833906
-0.33990767740562455
0.10386098473758144
-0.6109508019297037
-0.2561651625151123
-0.6834629958166463
-0.1398865906267974
-0.966375602015999
-0.10723109542684357
-0.8899310114753455
0.9318266031676097
0.8215337164330386
-0.3282008127864212
-0.9045928245664959
-0.10061884266770188
-0.7828534283933992
-0.17420413486837696
0.23721836954319933
-0.24839509344141847
0.30439420651578836
0.14169963261555604
0.5140876878142508
-0.9767170529912352
-0.9446497063643705
0.5780287671811934
-0.26936828990809997
-0.2534138519583558
0.006940698880487975
-0.15885538991972858
-0.10829764761644098
-0.2211023836337028
-0.22232614541103343
-0.7345453222333251
0.9760192510614097
0.8970170648364358
0.8953387298418632
-0.7937638851391278
0.3555054602067397
0.1618214445860121
0.8463736022881746
0.026761940688743126
0.3371929905843579
-0.281272219704078
-0.43561998647085154
-0.9416865403257972
0.6394313441206613
0.19254471371091175
-0.6366794340412756
0.8882744866079455
-0.8897567770693419
0.3980916652160713
0.503883475924221
-0.7743672418530111
0.06785972157700432
-0.12411766392036747
-0.6597527681509353
-0.5388885879715567
-0.6072981349922542
0.7670263697528971
0.9322702142959265
0.6158329332493686
-0.08085368310407191
0.37239543471301484
-0.37871626555544413
-0.758350442780221
-0.22604854078370928
0.6924808517711087
0.20603824294878376
0.5958855794390906
0.6536585743531146
-0.3459939230739576
-0.12274786172593537
0.3723635871262638
-0.18723671925026444
-0.1303940498884063
0.19106245974971697
0.5758778293530776
-0.1551783300806636
-0.7019524868753876
0.8155696685011703
-0.1092437151209581
0.341405603937967
-0.8593330492946768
-0.5744683842532174
0.18529925345315215
-0.6334255317037569
0.6987069769294958
0.08802818846777119
0.23168971049334758
-1
0.4440346035689719
0.7958372167372092
0.10702153122873706
-0.3549734219914136
-0.7585224320976667
-0.3527413435029044
-0.9074684957946468
1
0.21237878920939715
0.5682103452676526
0.10852297881319033
-0.10685907436715973
0.09056017441808563
-0.4870796706835009
0.2055242374698362
-0.8017798433877266
0.4077412941086824
0.4763485649411994
0.9013338288347454
-0.06581427826135158
0.1588217907684465
-0.17497078962648602
-0.8984035703282799
-0.07832025090162226
-0.5122885559318954
0.3086745953698121
-0.7480838876473466
-0.6816488223343514
-0.22368679945927808
-0.6844656411594062
-0.7653298979216208
-0.02622836268097646
0.4193242096360872
-0.26238162974064194
-0.848762487299878
-0.7649990585187296
0.33437371349467415
0.8703467222174611
-0.22827083259784525
-0.6474359483896072
0.7792222439240821
-0.6717464175616032
0.030964742931500464
0.4653113949366187
0.33103395388367485
0.6302111343528652
1
-0.16901785964920707
-0.4594478144027343
0.16531116025604364
-0.3015038899974352
-0.3267314832777259
-0.9698960839938805
0.30467053373634917
0.9180771064879943
0.1881777038808961
-0.47812765057373685
0.7182718768584954
0.11339470064446996
-0.5579755727480056
0.7934091270446153
-0.7239513871536924
-0.15406232813188403
-0.12844518283865572
0.1787436577841502
0.4297259202992887
0.6339406998004309
0.09458279498314502
0.3748237394272997
0.5685662171542938
-0.7867114430885784
-0.25773564297712187
-0.9314281981496003
-0.8700365160309106
0.18158965592032525
-0.16531095626264916
0.8064410457902524
0.15899407501667806
-0.8502689289588723
0.3609529304092776
0.7022011981592831
-0.2901108897016589
-0.6583101743507261
0.7722631468261099
0.10552226149917829
-0.6987977135506125
-0.9288948081708399
0.4557064539520808
-0.3524452166489301
-0.4410803153977366
-0.2113406008970976
0.7670239656156796
0.5066954983322762
-0.6156369620889326
0.5900681267350535
-0.3941848259078338
-0.46022036708185954
-0.3630984537515284
0.9068833481175133
0.9415644478663668
0.40889901845673043
-0.824276537330207
0.9891092353050265
0.2677899618867262
0.24358725298698533
0.8397938982815367
-0.9454739278756313
0.9349087510626077
-0.932654689066962
0.5176260245964776
-0.012453877967135719
0.465374960460454
-0.958788410280947
-0.16475283763663645
0.10012289239491676
-0.9431952113984279
-0.5497680926360108
-0.5442981841674227
-0.6611822438559638
0.3226343619030337
0.6455925791079652
-0.8008189415468719
0.877390019020314
-0.17708116326691303
-0.4737605973308337
0.1862096709114018
-0.8183080518782718
0.8413870239261256
0.5085989510944002
0.9835189000036408
0.2837140383995285
0.8482380674708179
0.2517456489129739
-0.20257536313512567
-0.7393496685218698
0.6065047088217451
-0.8554179920532013
0.33394009048591045
0.521524240606585
-0.7313064437210379
0.12657706897012677
-0.3253084631544925
0.8282902879796606
0.6468556289674291
-0.4580229151410702
0.6853671511394921
0.7329594081149514
-0.8061991345714095
0.4416450900849099
-0.5156947966611277
-0.07777748421839165
0.7254862971984763
-0.1758420018810684
0.04739279130214185
0.9146517690959465
-0.2227506138010826
0.17555676866102984
0.7224589695821229
-0.9352682562242496
0.7121628314532106
0.03276385011289738
-0.05165629186823157
0.807931591911249
0.722570278782389
-0.7806093425202228
0.5499939346197916
-0.1779219612074206
0.04517177715203298
0.20385000693565766
0.21802995296871186
-0.9588153803596373
0.07278381737437448
0.981833295378298
-0.11066351517867509
-0.5994815305448461
0.12032738074360007
0.5913107839150263
0.5487166964778137
-0.892673887277054
0.7355262262209065
-0.20906799879143656
0.4601369297320783
0.0048035810178878625
-0.9258759023729601
-0.5682867108624086
0.1459146469372929
0.5722510393422305
-0.4042634888624101
0.5305991848516446
0.2774732679275165
-0.28422433837799943
0.5280481227699574
0.7752443016970324
-0.23338666889262713
0.6854041517306082
-0.6823969505529737
-0.03737569841642317
-0.6401241664602395
-0.9253144631522896
-0.029684436315707417
0.8214581919590805
0.45681869721509616
-0.8794360495537754
-0.6311708889928369
-0.5989168467732284
0.32848421527401395
0.551189324623746
0.45364128039641977
-0.713071517038005
0.6904524688239138
-0.3124040806175098
0.9195652094045874
0.9534674383122111
0.7040405979826942
0.3865406081208444
-0.8724245678256332
-0.11394304727151452
-0.12710895692927682
0.8908528793713693
0.8165284663976783
0.07685596109857677
0.04729542520185438
0.49994277996624464
0.9024228292477157
-0.3802754166542064
-0.8369527769580153
0.18011755490044679
