0.6280802497723378
0.37384318426159135
0.3478019854936045
0.984744317956718
0.3258470670354037
-0.7234503515734667
-0.9206773861530337
-0.2607551565794597
0.1574002115865479
0.2525078781200343
-0.8303662270981886
0.2269195148002499
-0.36137162634823744
0.777604373628419
0.4211392470893645
-0.8982271104553525
0.7626383591261565
-0.457047565445969
0.5696182940093284
0.16503768092473056
-0.6885387892913751
-0.31345454129963196
-0.4144006727894253
0.32483670592285535
0.4480043144959187
-0.2604519935233157
-0.22712017464094775
-0.4329903114996445
-0.6434798507164652
-0.2871698891507917
-0.18131391417458745
-0.7439663647456429
0.5759503315036466
0.31463577440769236
0.7208979199799705
-0.11285649122068854
0.294267299947422
-0.08357550307922088
-0.788408902660212
-0.3310561458543455
0.558396884785206
0.2611384390123867
0.5697962806561926
-0.1803445166121495
0.258456055037601
-0.05402942966801104
-0.2187567906237461
-0.047315427198361654
0.08314559228196551
0.6798671431461941
-0.27604935688973264
-0.8781041928118468
-0.6703706400088068
0.8864271621736111
0.9595281656312697
-0.14584154000922395
-0.7481935934830433
0.6293359607579551
0.8957749573775117
0.25287238284254127
0.9415043372974252
0.593737979349693
-0.10634989865606645
0.5020899202583451
-0.047661486287765516
-0.820945553662137
-0.9741282482960928
-0.885104433516806
0.5225450034665361
-0.4719994999784171
-0.026706031637969765
0.7952111236611283
-0.4460371851054024
-0.1252527427717773
-0.09192711794081002
0.8302827348719637
0.20923446935460657
-0.35728052301509244
-0.5381597847449278
-0.32151007901223516
-0.5075970797117616
-0.06962305247087475
0.18951092782080275
-0.18035809627103228
0.7968539693654751
0.19444503212534386
0.8610174074577672
0.14878953172256032
-0.7683413385960375
-0.815912290691806
0.5442941993622818
0.9185913951599262
0.017241920966389997
-0.5837194162129804
-0.8808391191428548
0.5657083722416005
-0.275424581391015
0.9122853150312917
-0.6237720024023954
0.3505371164227193
0.7549236265838436
0.16647154644116835
0.033527383250339604
0.5019353726449218
-0.5085049419128352
0.478972055505513
-0.4404887251100048
-0.7278889699042999
-0.9682730565027251
-0.31881375390994776
0.9673956878247343
0.38607087393797535
-0.8069836254009191
-0.8075555225145813
0.6126891562131529
-0.3811593486483321
0.46013844766711126
-0.5434825133785394
0.910818675748084
-0.3315536427673022
0.3622961205776682
-0.261714140335755
-0.6234926938475042
0.011624545802175746
0.7249982223583762
0.755857758688739
-0.31394436639281975
0.4923282571061188
-0.848327095909228
-0.5614487799285282
0.027344233647855612
-0.3234135992013153
-0.09520240691091242
-0.014908657994623627
-0.4235467846574773
-0.26832998117330026
0.4894890880082114
0.7877176244418674
0.4020881374242188
-0.1612941442881688
-0.37380657670420436
-0.966400552959237
-0.4926714238774461
-0.019633395574887674
0.835297931563068
-0.9409440232894893
-0.23277373221481248
0.7516263597303405
-0.4742214944502703
0.9904549163003126
-0.4715207110561519
-0.3063137653293884
0.7360711470857786
-0.7756676945330607
-0.4675659909453407
-0.6952666271782741
0.9477263391004721
-0.5071992802229173
0.34599781794864287
-0.45464761256910446
0.08193349184963548
-0.45030047000017664
0.3682638735986521
-0.12367366128835006
0.9616531837530464
0.3827050460005007
-0.014934549572806897
-0.4609421212401407
0.37220069376920867
0.02059315415898917
-0.09676377734117876
-0.2821649318353713
0.5539472907181933
0.009942946600874516
0.6750091991642672
0.6242394405315821
0.42142974465809085
-0.2543480594697764
0.5070239787447536
-0.7905538843295163
-0.3259165583026146
-0.41122568302979234
-0.4929646151129742
-0.3517729570120049
-0.9401825126321905
-0.4499943228350849
-0.5590185649377526
0.1388361674309957
0.8814862454607686
0.07238228743512251
0.898575727210244
-0.7586046185026935
-0.3134079828847047
-0.25741860161755226
0.16104167472244657
-0.13802906614449445
-0.6356250710307211
-0.19375349292177912
0.25675273640578644
0.003682967890955957
-0.20880241324169482
-0.4855721208266318
0.1283264872027829
-0.8541679552679415
0.31822371639724
-0.2791538552584755
-0.033823453216259
-0.5835389121575008
0.19258404182459435
0.34289205974612275
0.9366179109912867
0.6433593538079985
0.9354395334693694
-0.7717586978178425
-0.6013143001406114
-0.752695047399963
-0.5863214053376028
-0.9646873024758371
0.0589120983443944
-0.2539127217574249
-0.18692429678828404
-0.7746289259675315
-0.8396424656822125
-0.44987217340358393
0.4108298947217027
0.10677192547769662
0.6925492198059656
-0.5132585550083255
0.6437083715083173
0.3281896807126448
-0.13512664407375372
0.0095251672878864
0.5150293865177041
0.3002349207957102
-0.25011962604302956
0.854170621905234
-0.9895702947652114
0.5006100133679956
-0.1925215919831039
0.29670933899694535
0.14042567100842587
0.9179494601450857
-0.8097998364677446
-0.482638775238083
0.6471785174146103
0.2747419318756748
0.43065458155635583
0.4716504435700423
0.7553094201067395
0.3641585201913538
0.07526567993134553
0.31824841614031996
0.4507858531756225
-0.011410454389114224
0.34666980709062895
-0.08032189502953803
-0.26455795119816067
-0.2532762860473242
-0.103995802667339
-0.7152370486518339
0.4031601232057417
-0.3480628603460809
-0.883511392744977
0.7371262863439155
0.7595839699092454
0.08741035494235623
-0.24081597777997227
0.8765313456705746
-0.6343999646458579
-0.7969569524372588
0.384153631907453
-0.2103496296378225
0.7151259844024765
-0.1370534752723164
0.824377330292886
0.22521936979088633
-0.28964789853710554
-0.31340575723006264
-0.785636369592214
-0.1265798139475705
0.0938661745081438
0.6113314886815492
0.2215418780052939
-0.21427156899941677
0.031123044719761933
-0.5580974607224473
0.1813555012993989
-0.6213312866687218
0.3630576919911683
0.5463712187745217
-0.18986763880767196
-0.40017495550108195
0.29013538603160405
-0.5059317897013993
-0.08990371070500258
-0.03493395653662947
-0.4181835287238019
0.7266438877338792
-0.031187438709186433
-0.3579775634678949
0.482167626253088
-0.8869754791011224
0.3355812474896937
-0.30385996877600524
0.11044177005125824
0.9387249999663448
0.7334768136665452
-0.22460940461114898
-0.9047077036949303
-0.11804968224979669
0.609616730540402
0.6607609697167559
0.5868228930787827
-0.5785384215468371
-0.49046908900988045
-0.9290726212522473
-0.6498475618377525
0.1480869790885533
-0.18097595701175181
0.06862414417404206
0.05917908291109015
0.34975684867018997
-0.7256025387658755
-0.9802147198724098
-0.7823431215008665
-0.2237840194447369
0.11166614367880592
0.851298150922524
-0.9632639676422834
-0.6946093611414494
-0.09319761960434077
-0.35807355896230275
0.29894229800597794
0.11807023725660684
-0.09347700550520369
-0.649193568713141
-0.09981997545289702
0.5266338800449926
-0.7050844353844727
-0.1572617719411905
-0.18045526579411567
-0.2871794013623962
0.25987455903768414
-0.2255132923349233
0.10858692560670767
0.6623319959508895
-0.5826164594447383
0.5126497694735737
0.21798602825021887
0.9277255900607047
0.35117115437849583
0.9120328599898356
-0.7661563958104809
0.9268868956252744
0.7449365865691077
-0.4587026292510385
0.47023238905322934
0.12477945103169498
0.6715137912009124
0.8605775382438962
-0.20101322483552791
-0.22220678416887155
-0.38655334614491654
0.6321520636372477
0.025737189104897557
-0.8715733606215715
-0.7530804837084273
0.39416680223325334
-0.030150479183910138
-0.5965176148071036
0.6549224869209184
0.7676986581821961
0.022144960503846848
-0.12676562688888107
0.6515483037947475
-0.44972992331397643
-0.8822800061939965
0.23992515930485175
-0.9469086878031137
0.9284930783990096
0.3401869749994675
0.13871153095114133
-0.6887385052026054
-0.3002817336107758
0.8769008330046235
0.6763220294370068
0.05831297139279828
0.12320520474818916
-0.8085440775341041
-0.4372495828578622
0.9693516436106062
-0.8881780954973801
0.2791512474072961
0.20050401841309007
0.6291322554025426
0.42525667829209784
0.44680515597411813
-0.4584452083972369
-0.7922125284500325
0.7286809025561122
-0.9579266752603649
0.3661457117574309
-0.8187847330099335
0.1255593711093744
0.063672046340373
-0.8655275387307821
-0.8803735307390652
0.11498450911062036
-0.5416816893851304
0.34297539157199114
0.26709035204773723
-0.658181519581629
0.6649103398546847
-0.6034718972423588
0.4512198190557556
0.6949872400843099
-0.6300967664545382
-0.17260076885138873
0.7099034284036506
0.07163085511287505
-0.7639344117464821
-0.162014946900366
-0.3801909431736155
-0.08365287350199868
0.5803311619651426
0.7022621046403648
0.38001781787269256
0.6308297933009934
-0.27600908508746613
-0.615521670044937
0.859707303914626
0.8593030234811097
-0.5201768872929752
0.5261172302454488
-0.8614486844495922
0.9467944484211823
-0.020523507896990156
-0.40811950397200814
0.7345570947061442
0.11792425219721263
-0.2349936159891409
0.4359464169368368
0.780530476006954
-0.7913781559367915
-0.21918449054436134
-0.5294908526619508
-0.004941377041713563
-0.5829558658031475
-0.21131227779551098
-0.8647456030944731
-0.32958752694854565
0.5129066391345382
-0.2894722646495352
-0.2819185032620434
-0.16760305716927681
-0.3719580033682167
-0.5727998330067274
-0.3128139620286895
0.09715726294782517
0.2332669348231706
-0.4795324619397277
0.9148225824869983
-0.5503322735276348
-0.7854964377120595
-0.791963811480587
0.414983773571779
0.4286583107641532
-0.07844856670206668
0.0004058147857087269
-0.8117949042673782
-0.8721699636185158
0.1442192997750941
-0.42729998301563643
-0.6072109312324817
-0.7094721512194269
0.48751636821391087
-0.634370334171303
-0.9261144902169871
0.5432797550462742
-0.11966176162558072
-0.6732476087778442
0.882870078164011
-0.36675674754641563
0.4594152821377177
0.5421851099896551
0.8498729434077404
-0.30410538007375315
-0.019328460098508422
0.6705720211421802
0.29613906837022735
0.04805868813258453
-0.5517995362705257
-0.5260522387543574
0.7621088872034086
0.7263514021451263
-0.24713829068796472
-0.9169175688637671
-0.04326850098564609
0.4577398447879621
0.03549488027031731
0.06004989547618571
0.3141873040183488
0.810670397084191
0.6957861856460813
-0.3563829506444027
0.7807977422305551
-0.1836656159524198
-0.6040290276459046
0.8300969162602712
0.11677790274377975
-0.12213093861119896
0.25226889152851917
0.5085473434206034
-0.5381737640280274
0.9301998593306859
0.00563820048019638
-0.5912555250575109
0.6936399156178763
-0.8348354468648362
0.8057705975029673
-0.8869603679803548
-0.2864735267130729
-0.30182087391822376
-0.7255688305054825
-0.6361606718638082
-1
-0.07091671534941978
0.006732730318090775
-0.5309191814057662
0.7721984064059197
0.3321693501796315
-0.9916813813608388
0.9100532729504035
0.9414919644181677
0.17772549471975127
-0.21138039598377642
0.36630464383501776
-0.21092078042907375
0.4028139348911656
-0.22785097735584592
0.8114178515263314
0.025113703150650042
0.549499948155218
-0.10522667390746197
-0.6133402547211769
-0.8797230884607696
-0.6836947058747852
0.5655757712812841
0.5403622512126293
-0.4182810374507619
0.5779511264247996
0.4971779459251071
-0.3480568129299793
-0.011822065036359573
-0.15888561774976356
0.7318250101848899
0.8682140067142387
-0.39421042485031016
-0.30347238445358615
0.45079940749265424
-0.23498014932952532
0.9905740231558525
-0.24076834449800516
-0.4138062693399974
0.7158698642236971
-0.8627792231811177
-0.35180544332688723
-0.854257811217645
-0.6372267843459398
0.5082799584720518
-0.30207413976990416
0.5703071269133576
-0.09934220871462837
-0.5691323485007891
-0.5311203096711383
0.3355639044734525
0.418557146711697
-0.35930225820588696
0.3432619253289
-0.4890151587181803
0.8375578613303509
-0.2617107512886702
-0.014629187520182987
0.6986610369088913
0.5277909106071439
-0.5824201959726485
0.8572750221242179
-0.3170847397782945
0.42989930084778677
0.6097852727952483
-0.9075633994512531
-0.08964405881780825
-0.22482883598117412
-0.13197774850113705
0.5506326665914756
0.44237976548603725
-0.5072565999943965
0.724276034628057
-0.1384127473172516
0.4813070894333116
0.63319353224703
-0.48029065314603914
-0.7178037868633029
0.18785002757924532
0.13263229473538587
0.36432158143304166
-0.5580933683791804
0.5300813338929654
0.39680537891181306
0.6801600648128849
-0.34655831646281743
0.6289031917900031
-0.556712561911546
-0.6880323188847683
0.8592638331012056
-0.9455508688288207
-0.671225463549526
-0.17078799889021992
0.27255713643713475
-0.30243493376786695
0.2629573415697174
0.19939209709030406
-0.4479092656009845
0.9754115975105803
-0.6181569244125397
-0.12018663097687353
-0.31809214231286315
0.7587023366976987
-0.22801760471357257
0.9791412605360401
0.5367661639844565
0.15975146052879666
0.8791329394198055
0.1525744533743596
-0.630967307889757
0.2801885029960717
-0.6048542126190687
0.7461538450932982
-0.015745000314571128
0.9184305964276765
0.7376544082098491
0.21346552025010956
0.9883364436155481
-0.26978925795236447
0.30871817098685606
0.6137171041724058
0.9752975651182421
-0.6538015561446714
0.22115771916672836
-0.06650763722173308
0.3782333752223178
-0.3194093527289178
-0.2623810572296554
-0.9560420988177744
-0.17274628226113295
0.95984302002202
-0.822382893118603
0.5579366016372947
-0.4035585750727067
-0.9543390646143823
0.43061809987004485
0.7338108090736376
-0.7845732526319682
0.01675172906900928
0.9834065109957852
0.311580553836232
-0.9558360629435829
-0.7153759495931047
0.9570675326734511
-0.9555977187051613
-0.7109022988349354
-0.2068826748946274
0.6152607081369617
0.45455614613539
-0.798996113617938
-0.5521750917327837
0.0624531983406243
0.5928839306760765
0.41593898544011404
-0.1599463926763573
0.48986431904062333
0.06230513484024986
0.5377598999374233
-0.8203196246704262
0.4375465192092288
-0.4089769385961278
0.586011791546141
-0.3045362483572748
-0.22930422010543158
-0.2985613568008847
0.2082362005978733
0.9913714620258857
0.7091745873008413
0.0063540841543744935
0.7569547347777111
0.40305642829531246
-0.7143339919756782
-0.5074526785251079
-0.9940626220430113
0.1707587062749893
-0.04156921776484494
-0.36027083707117813
-0.7941724502439711
-0.45883509692257024
0.682443603783647
0.8175644690923418
0.4087560340862008
0.7699052369303995
-0.5540255420400162
0.7072337028886304
-0.8366401353158623
0.9065636378529409
0.507724575173856
0.656543428779597
-0.5320742806007824
-0.3303419365975484
0.5786106451559798
0.42323455280454936
0.037449812182342376
-0.34076088896802786
-0.7139185789971267
-0.5780922998942991
-0.21131948063050443
-0.08610581805558884
0.6811977070031847
-0.3135691640426231
-0.820773810158501
-0.29390048637395105
0.13719763127378062
0.599159045656137
-0.026187608738582363
-0.3542928761568465
0.3768576413694748
0.6307752278293185
-0.3266976342077693
0.38961105955123865
0.8803296411273973
0.6035917412483789
0.8543646123294727
-0.2420637705077685
-0.5899020309441249
-0.9128985878528074
0.8689494100618571
0.4776431772523752
0.0843177127012641
-0.06803164432049974
0.7224319519746322
0.22518476180667574
0.12199581324025008
-0.5061588274098023
-0.08595663773103714
-0.5061058252685302
0.5635176510915709
-0.7423217259674251
0.8286226719676524
0.4647907602493273
-0.9728732237841357
0.009903498881388998
0.9729002592682319
-0.45668934442529857
-0.670046488991693
-0.44410490462862506
0.7382758535705557
0.12473534852034923
-0.9563780204068706
-0.27176020171326426
-0.2558322624081406
0.7075373869552904
-0.9698523531109752
-0.9166398740691345
-0.09821834582238492
-0.3467536438523978
-0.029091776534107577
0.19987518791100356
-0.6861857792757148
-0.3697666489118441
0.4552533312835502
-0.2067057807309023
0.9176895361770556
0.8688970422129927
-0.8511983291003367
-0.589444377848833
0.720858879271951
-0.3327317669978091
0.9200641663923429
0.3745326685187353
0.6285281784443831
-0.955492035676643
-0.6694373955169819
-0.6963513475194482
0.9443185683601859
-0.9814254023706253
0.5424951466464125
0.24920835020914295
-0.6945177458001053
0.7653717182875028
0.6307014763849897
-0.2757699198694501
-0.28811761181149353
-0.9219300087862452
0.5002096574252102
-0.19901446924498786
0.7658827257761621
-0.41966849472444506
-0.7456196118453059
-0.14464860984592012
0.004307370246026671
0.01210843836149431
-0.8509598523667495
0.9034181131699611
-0.11747990644373991
-0.1979479025091581
-0.1326189060986883
0.5061942609638715
0.7530562110350946
0.5030280891360864
0.9410082250984872
0.17988659167749596
-0.8564212931950211
0.6634342747032655
-0.6265929322400632
0.5160584140767518
-0.8613565002990422
0.37663074006658426
-0.005643422180035637
-0.691313536502087
-0.2309025578628232
0.5356807946643283
-0.3744943441823391
-0.8329836097390632
-0.03888743603619906
-0.32305281507264316
0.9112841084528778
-0.2525551495524295
-0.36585359162757636
0.172683762521488
0.519101562863899
0.986812109979744
-0.15053844081031026
-0.30036136414563475
-0.12659125777969582
-0.9608752982300346
0.4227725322344251
0.22470891426219708
-0.9075476088994653
0.9425630694258986
-0.2893785013505729
-0.5907543648349781
-0.31791708286081777
0.1264857651961134
0.7862044760562825
0.8647948408512429
0.18661095492915472
-0.29407388435187704
0.5289966120820316
0.7210029192905455
0.9772686558072338
-0.19058275509171724
0.7316332766688508
-0.8015297260774866
0.7735386818110036
0.9334551520806221
0.844910450554349
0.8894656435284162
-0.7867238291719382
-0.1512401191510233
0.008839493936329514
0.4099116263351636
0.4216289984274118
-0.40458187394911443
0.8612148374232194
-0.37758920703981524
0.4597586766961562
0.3410548828057117
0.4431698683217802
0.12730631009512697
-0.7867719070817906
-0.9121271090421474
-0.14827619715447843
-0.19519678226904935
0.7097377826218679
0.009894778605626053
-0.10626870223797738
0.49703750029200644
-0.06268620806323263
0.6686057580281072
0.40208056618114635
0.01652696350328795
-0.5984971369289576
-0.4032670612137325
-0.47577154104325425
0.24609965413170054
0.00499569754869474
-0.3066212527243059
0.07841542475693641
-0.5973789281674987
-0.47312377756698154
0.647804239591463
0.1372340107158468
0.881130881607034
0.6785267749348178
0.7081917928317333
-0.2732832989760044
0.03538526558288618
-0.8074572766749627
0.2183539883127645
0.8223802790146794
-0.08315946297386076
-0.10580699283165898
0.8727372096049103
-0.7752874195980834
0.9561432388158437
-0.08495254263302426
0.0630920831347726
-0.4207411483191444
0.3185575186375836
0.336074546801781
0.1298256908750672
0.14338651720613688
0.7132987423683376
-0.6790944087272189
0.8157518537658522
-0.23621873956356101
0.740108080329102
0.5603741331168112
-0.4360294899777973
0.8048253767809368
-0.47205539441847355
-0.9318450052300608
-0.022580121755256873
0.6505188163795209
-0.9173141467681561
-0.6708219739203343
0.05414902979314746
-0.8216494815478302
0.1869478691404306
-0.05191353076823729
-0.922515970739724
-0.5327096054172246
-0.6630084724698483
0.5727147994923881
-0.29995763468045067
-0.8669883072057912
0.26607830570518737
0.44084007641952067
-0.16511286045995435
0.6838950273996364
-0.0665658973790753
0.7906011638481132
-0.5666319099598437
0.38854422827536267
0.7999971370514994
-0.28573879026740495
-1
-0.16287281927201186
-0.6540410806081737
0.7837564761854762
0.8497973109332925
-0.6928803174433341
0.6146948691084944
-0.1258734225185325
0.9577029888678745
-0.09564429811040204
-0.3893410427571384
-0.9955626675157611
-0.49667645893135737
0.2730995493538592
-0.010295268594263052
0.6360031349017041
0.7179394819650959
-0.0643924733764113
0.2954909135315381
-0.39689830519905134
0.07238555211283763
-9.053994525866187e-05
-0.772167724993657
-0.37650973916394875
0.9020971762999809
-0.8085322593998965
0.8526174681203835
0.2691300736027202
0.3583364962460898
-0.6183297239752911
-0.13144944857442878
0.2582664947649376
-0.7109827256322914
0.5380878470329791
0.5627379994815207
0.9377652990617976
0.044887476432792776
-0.2638734059393423
0.7056594105315402
0.34491215068881514
-0.9403456400486135
0.45492934249398936
-0.6408773424039444
-0.3029314496100598
-0.6909471509200178
-0.7789411612210138
-0.9336175407116132
0.954026466740798
-0.6261990291697432
-0.8021070527507973
-0.46322411184716866
-0.24191308792606703
0.5226270780303306
0.3305109160598943
-0.6201575696988253
-0.27890165473158296
0.720240574786609
0.957464175435301
0.6859945432498221
-0.03716034121278043
-0.8950615953103509
0.34334203713435446
-0.3564385820018456
-0.6218691496518449
-0.03022515379473094
-0.5936069078602387
-0.20202839367167177
-0.7750072095916949
0.4683801221636155
0.3785317444782727
-0.058823577721960375
0.7652592014947966
-0.9721528096985733
0.5251171314002838
-0.5360878143544395
0.31170309919954897
0.547554402654926
0.2257634711202665
-0.38015064650414626
0.29296452543560014
-0.12534005619493735
-0.8803849490679365
-0.5150074166098442
0.994644866787521
-0.14123501266191293
-1
-0.6364490422793365
-0.9781336986943769
-0.19466163726010421
-0.2827688889494773
-0.8476363555440164
0.5307877381736525
-0.8534761513460477
0.4464992067107984
-0.3711342727385417
-0.7102265983020909
0.870235108281824
-0.34334345587668474
-0.22102935213774866
0.5006994550109678
-0.8053568211012729
0.45798599894024883
0.30376168719744007
-0.008876150560509274
0.3994867576337304
-0.0832977374869641
0.5581105151947974
-0.9835494862518757
0.4349096245508723
0.01846418586344836
0.1439789837138554
-0.12005900296676891
-0.11991849917808532
-0.9913351239681537
-0.9211449125215909
0.0715690422426252
-0.006757221126519082
0.47066391477713576
0.9440304826457013
-0.5134917525938827
0.7195455533309947
0.44749466131812626
-0.07276239766783825
-0.7570641238819864
-0.541822630528447
0.17165695497701144
-0.27116666355566305
-0.9992920958810467
0.9004296808647274
0.3362210945803267
0.7072434745759602
-0.9804659939606873
0.6301475534676427
-0.02305741943425318
-0.21091719901674247
0.013179717735678461
0.6275515080550765
-0.1815461108785337
-0.2516474089484897
0.28205767029714685
0.8773523640747423
0.4586203067092943
0.3819783106304753
0.5061192932469799
-0.45253294977384767
0.305200477968493
-0.29669795669259735
-0.31944048840433953
0.2430116646722171
0.9288502341766568
0.07152201824417005
0.12747105213544768
0.48636012122062305
0.32764380323220865
0.41333917023248545
0.47724951113452807
-0.3234390211088112
-0.08325755977312088
-0.8727880004048562
0.05496948725726367
-0.6985319564230746
0.7299779757822961
-0.6029333714657271
-0.38543243497096524
-0.6785116212751665
0.6806358688540965
-0.5915703745316766
-0.6248731127762958
0.18818194346737266
0.3001618209120637
-0.7421155290806409
-0.5816417854302363
-0.4422520718291714
0.4363418262802002
-0.44234444709999055
-0.24662700846279342
0.2786957535950122
0.2523135072985417
-0.11345774935864941
-0.14693980184268773
-0.6801159789318033
-0.32271370044450737
0.2199083052660497
-0.23398171121731387
0.28962468394061364
0.0941432846839451
-0.07375070420786578
-0.3305205358985098
0.5300005009955544
0.010878667208539626
-0.04933054764001188
-0.9219681498439547
0.9405344083128215
-0.8556472346515162
-0.306134907364937
-0.8271383201214733
-0.4218314075191744
-0.7585390088431997
-0.8052161065002253
-0.4732632172646319
-0.3199557526889411
-0.8955544892702434
0.007259294120661522
-0.8216071141545922
-0.42322656619390236
0.08321010130753576
-0.6857716835079201
0.21516768191140612
-0.46753390781670073
0.8311318846286646
0.6411209591220897
0.7502762435751935
-0.9630253644778346
-0.6319885720225313
-0.9573954198539844
0.8181462343206167
-0.34488970967062177
0.23037956024907735
0.8810297128740227
-0.6790221910991594
-0.7817994823405213
0.42516617876363694
0.8788262762858096
0.15856727916985863
-0.1912473979242946
0.2816278694543561
0.04913833422468467
0.19353113498026048
-0.7210913475027503
0.20860381122378957
-0.8314916091871938
-0.8751345810448871
0.0853150176110187
0.9281708707638504
0.6219940655295674
0.10758981003268743
0.8726664334399195
0.15688840997656187
-0.37260680746158387
0.4256922079190252
-0.27126347293521685
-0.14311209367865424
-0.5105703315782654
0.4355118356222884
-0.8352413630971032
-0.3983364980728107
0.4630480503706251
0.4758067275102299
-0.6592601489952123
0.907580338088233
-0.6931303662915317
-0.36269961441925574
-0.11627330666450142
0.3013282356229988
0.06608047226140662
0.46576600885668623
0.4277355303835729
0.8489742793661467
0.45574336884081623
0.8073887556135426
-0.6494078552109017
-0.3853692698979121
-0.2164962410821434
0.9811171310266301
-0.6920174332608364
-0.7218511349888879
-0.7109553989677965
-0.07210969465144862
0.6867747569364773
-0.5831363198090871
-0.21745086043959658
-0.697216917830969
-0.8827874670507986
-0.13971308364770407
-0.5789265020975275
-0.3378640211990056
0.2709356968596687
0.9326254378487346
0.9479575879106549
0.29056684776795316
0.41399261136116206
0.9664365647365649
-0.040336800679696756
0.5994778726733059
-0.6360640883751404
0.24662392661894633
-0.06228875483996661
-0.08234810467342382
-1
-0.9455134996719334
-0.07566716961728166
0.351101320155127
0.2321226321824674
0.9958099238804949
0.9101244904483627
-0.7241220574866033
-0.9780976024127959
-0.09260108884371579
0.19345275123377925
-0.8281698866828431
0.7147384520455902
-0.7546546147934263
0.6339533928223078
-0.33760658257395887
-0.24724043182351743
0.2951108570930928
0.7610973380101526
0.7541647820175849
-0.36457560903923786
-0.03748218717225349
0.30373504300132553
0.15918354907337237
0.5871729598393846
0.12987000006068022
0.9593519217443485
0.736252248620908
0.08331278186569907
0.4008774638827733
0.15247345950948898
0.6376749204914395
0.7038105517065196
-0.698909660119949
-0.566866822461319
0.18314447262056233
-0.9935871259849213
0.6961453294822609
0.8477834370249264
0.04749377078423423
0.6067588775891283
-0.1230435210149283
0.4849285803082778
0.2698502099240508
-0.4656886829829344
-0.49632528129448145
-0.19815602475115596
0.1304802961570422
0.7493748480794749
-0.6867089433486288
0.6046118462236123
0.04188563013374173
-0.9093723871624856
0.03709976500173793
-0.597927694787521
-0.13819767994972595
0.7975669867066276
-0.34687819591200797
-0.11331096784507869
-0.2799476025828199
0.2701197506951503
-0.9633038913144598
0.6927048501227705
-0.10593507061541683
-0.12005186452987741
-0.13473939116199668
0.13460395540680511
0.38611165749725346
0.5364217845685885
0.6463604683943671
-0.21616411509869993
-0.07176633259876007
-0.7609449681543956
-0.4371629172481436
-0.2954830603850482
0.5070120552880762
-0.7195316696743932
-0.37617091603452746
0.4823758340497133
0.15699282393382824
0.036179731852767905
-0.8726096970335065
0.3739340728854619
-0.3600201977859981
-0.6528346921657814
-0.7841852148181369
0.29579494082849583
-0.34883293609770355
0.5861149590547542
0.07815490587341056
-0.5964546194071612
-0.6984747704778403
-0.4104273752680226
-0.41480229361596044
-0.22986556464603275
0.33642162611788834
-0.8369366816670449
-0.4601406529054757
-0.5383736693812861
0.04791782335139128
0.08162713247015524
0.45120898583800656
-0.6984242444108312
-0.1400529225672957
0.16276084401248686
0.3497367442170035
0.9595698739654196
-0.5889911041077097
0.8039291982115189
-0.4774124525794551
0.9876438689902315
0.7983979506263601
0.7458529746192518
-0.9924556760948475
-0.19155356173710494
-0.9051867011553019
0.43432388148909185
-0.20403436211427317
0.942838511867184
0.7160332353275131
-0.6947057609885022
-0.20382970908385253
-0.15963061749838348
-0.8613140518250302
-0.5921604395582049
-0.3693213496395289
-0.1411190146465453
-0.33606603022189363
-0.5332891511996667
0.469832927346681
0.5301248804883429
-0.3760059769154289
0.8983003358444992
0.002426480600797699
-0.635999848904201
0.00887792037220472
-0.40222089019258284
-0.8486060612263691
-0.47805384158980746
0.024094597691026093
-0.6738028024214522
-0.3373770358295883
0.9786291174731273
-0.4475748480824741
0.4983905693941643
-0.9410811414267605
-0.6833578007030139
0.12013287056110043
-0.5798656125976741
0.0017621897773957805
0.5801707130760766
-0.24037952509439536
0.3903146579482886
-0.49726162350602704
0.8598102440265258
0.14138217899384192
-0.36649034062253283
-0.26153692876947415
0.28859665240266696
-0.8907425818816983
-0.5659661153069561
-0.81769076969265
0.8557160953041083
-0.22443602473935811
-0.15312495389402284
-0.5638011696072966
0.7209581071335569
0.678067497064848
0.6590223001170278
0.6587954065088055
0.9310282932363263
0.3398783746546899
-0.6749476733996558
-0.6594393922979513
-0.5266011565369983
-0.4887979808982643
0.18477066130590344
-0.06156055892081692
0.29019458899225486
-0.5908607707853805
0.9637756256903657
0.8085389444857729
-0.9792668521138838
-0.3560675464506816
0.8899150987170817
-0.004692110267718201
0.9122591681263329
-0.27286344022053455
0.8036082992402792
-0.4954147243146983
-0.11031419801488947
0.24805864412013
0.15499203352266042
-0.24988280604814425
0.772110662854104
-0.2795042731619237
0.7387011444941671
-0.7585401435132912
0.4080498456192083
0.7012283606218505
-0.8432286726878493
0.8181138972008728
0.0527240459489135
0.733625062405477
-0.034697366990224
0.6200357819114239
0.4208544771177675
-0.553938918397525
-0.9731252671182151
0.36862604417427486
-0.6463468411068025
-0.13666823199429076
0.28341293266962014
-0.5519583361358643
0.10800874310736676
0.6486481175487048
-0.25545638932937276
0.8189691802471909
-0.4674773408682858
0.6163127051342187
0.4505435142931164
0.2352273910072241
-0.8615086205549952
0.832184308977569
-0.8054423092234306
-0.5002668307235191
0.82733864610074
0.08263136469225359
0.2664571099283552
1
0.06639202424755772
-0.33372543998869125
-0.4630328242485152
0.3905966031886981
-0.09661006124593377
0.30502286068537665
-0.5619761777722498
0.6935807957259822
0.8901371464957787
-0.20367616797182836
-0.21319113488122188
0.07772849104247152
0.8692443445506964
-0.4729967711571165
0.6855397407640085
-0.9078920932541684
-0.22609975293367773
-0.91706119234455
0.5046954613818081
0.16011003244391828
-0.8104306480240933
0.5641015115914741
0.22512740810019127
-0.6872965896776274
0.8630891671816978
-0.5326882146933474
0.483650023007681
-0.16761351238740538
-0.6402989191413971
0.37481705256476494
0.5402227121789653
-0.8943844675413011
-0.060222788784729996
0.9327039818447587
0.20616856176343845
0.10842449879761577
-0.12302634219214122
0.7810343573364329
1
-0.5049374383213527
0.13525287032064368
-0.6888526062782785
0.509276839400035
-0.2609344461271636
-0.30933388606786516
-0.9810379800132146
0.9802987262605706
-0.5085695534118926
0.47240833492471385
-0.4313836795825846
-0.5104006551002745
0.6829800552417946
-0.9567192305657093
0.00345351152219871
-0.12499619007323275
0.35731055958376207
0.29395763008018366
0.1332574424515537
-0.8562241731779806
0.5926541628623393
0.4855644694438935
0.7950153238770066
-0.4882795516837421
0.025735840390256053
0.8723248690759237
-0.47253082786973105
0.5491026644114061
-0.5071094601113646
-0.787519146614503
-0.9792414790030908
-0.3524087869325002
-0.8873467971879373
-0.12146018149324388
0.2416580591620676
-0.6503822771630899
0.6735187019892527
0.6686299547966318
0.39367196429609663
0.21143705838220364
0.9225324556967226
0.7582595974358871
0.17156199514200451
0.19346869996552943
0.7752594761664038
-0.7295697166905745
0.6357712242558642
-0.4284678358132671
0.9631920691746741
0.977840839389836
0.8056027900021279
-0.8397066801264984
-0.9435657625889439
-0.8843488546539372
-0.9526218174511268
0.41007781400952625
0.8647713791554527
-0.7115686180830548
-0.30401633190456834
-0.31125215282407653
0.8947892038824675
-0.765231332410957
-0.09064998941826609
0.9914559120824595
-0.8563626305973224
-0.4263558446753908
-0.24363329576342715
0.16824830944901786
-0.9957086177752219
-0.35764001687206914
-0.5935289762592008
0.3938700876057103
-0.13734495359331614
-0.14445503023349485
0.8141725307828398
-0.6547831067051141
-0.03349232209828754
-0.12541851272417823
-0.020952031435103654
0.18016778178984016
-0.3063491484501178
0.7296484058725652
-0.7328393234136683
-0.29401558878601886
0.050181709650723216
0.925303709390344
0.5276791438222825
-0.7165767354097387
-0.3810717945051104
-0.6917373035474121
0.8393667262596085
0.47543860894352835
-0.9272787415985971
-0.8570014352626817
-0.4679490218738459
-0.7127822073411482
-0.5211304925972039
0.2474969845596726
0.2013693357215284
0.5697035387249462
0.6281870040212805
0.7830215297385178
-0.29770732527893284
0.6681420437947388
0.6570158458801836
-0.8160264799068222
0.20353513035306517
0.3699181347720768
-0.6787428971044408
0.9940728482637612
0.0012893807290531032
0.23826823332505048
0.5041179760076376
-0.9297952109950265
-0.8868639240158881
0.04040621643629306
0.2895707509880745
-0.2813813617406644
-0.48920890914934867
-0.08896723557467674
0.9055940548370737
0.4156919727855843
0.2941642533718116
-0.4406982430358713
0.7950924916879512
0.31648338720466856
0.07527772722587345
-0.47144256651636984
0.27481339180804576
0.14458269355342068
-0.7570278146675147
0.4079183331546771
-0.3196323140807054
-0.2638003049178814
-0.5412714827802808
-0.36549913746823803
-0.3063756146488282
0.3481854545052818
-0.09190089896347957
-0.713806738577754
-0.5712090938279702
-0.04392773963534713
0.4392106994134685
-0.8440803961966272
0.692680576166447
0.28790827663656343
0.640846048816932
0.734946205522807
0.4740768325817704
-0.3118237916932023
-0.5416264819741269
-0.4729295595704203
0.8161674713397857
-0.6466250604977712
0.6710563714985203
0.3819481145920709
-0.654219338022942
-0.05438916973411613
0.8754039692536284
0.0007404539952150253
-0.20237251688228353
0.8265252131398976
0.6772219079468549
0.9079028249974984
-0.08358324724944602
-0.4493276441210264
-0.48860086352669824
-0.6692951963450475
-0.3431068330901974
0.26540984961754516
0.3456503096652122
-0.7323194798565377
-0.19503179566963594
-0.047854224129583824
-0.31383319871346965
-0.7341945387240771
-0.9113902901907228
0.3939527565142502
0.25276978817968027
0.0379801121061064
-0.37135440513859513
0.19323092546715337
-0.9736935274383456
0.9319228473362805
-0.9582455388942112
-0.5532331715549161
-0.6287528347797753
-0.5221860524972155
-0.022251188213433158
0.7186054790426165
0.1473601277721613
-0.555016798544565
-0.8031433739734228
0.01813507644979569
-0.33769073522173393
-0.9996737480729968
0.0555853757831333
-0.831679544849553
0.6573870158772042
-0.17576710751413827
-0.6878032686715241
-0.40717214741313335
-0.814455858179889
-0.9740530606213431
0.4451385847343553
0.6555478210883087
-0.2653249079694136
-0.33632368356540626
-0.07204679689662391
0.25461852456796513
-0.20755943509314748
0.3041392482798954
0.9108062098084676
0.3293531940879245
-0.2554317931794505
0.8564756231335756
-0.5688627499473297
-0.7867038976795269
-0.21068678505582253
-0.5080800086552922
-0.5792404800711037
-0.8842679371073554
0.18829837622010576
-0.15510145458843527
0.11829281392486067
0.6921680939835486
-0.5819347064299264
-0.11289521584115751
0.7299537440963575
-0.11988003522233778
-0.3789284017811385
-0.7804122394688922
0.644850351178682
-0.8481587123626698
-0.5706284972571108
0.42660412485236576
-0.3998753578236284
-0.9668986580850188
-0.583879393045835
0.17408555860292949
0.5909271289491973
-0.6421352746178217
-0.5093401872431904
0.9941868185552485
0.700921448778807
0.6780130092150437
0.9239344316565747
-0.8929583994222028
0.2628244430647714
-0.7167130325900477
-0.539511579894001
-0.5514356623223525
0.5219591584910975
-0.6490256857244427
-0.05991288853612821
-0.4758042994473609
0.015062581058109387
0.9793943600380182
-0.37981857236557504
0.39026152652209967
-0.7088112855825816
0.4980364987461421
0.6887282691955496
-0.9085449045449057
0.5562946918253975
-0.798820102052171
0.7100462934099367
-0.12163200636367685
0.7043654591063857
-0.20659675120633578
-0.09795490923630205
0.4728972812295137
0.8792445579763596
-0.9724431968096436
0.9005117233096813
-0.39908186162029496
0.9630178975454375
-0.5320234573866266
-0.4845542373322805
-0.7199614848991904
0.8672530730767037
0.40410573990256343
0.6763001601618112
-0.8194946906690451
0.24068729811697095
0.7630554623222904
-0.7142490799950443
0.4743693776130269
0.14340364398422195
0.5090241826031338
-0.2984194953127618
-0.31781990648059455
-0.6683578413403937
-0.3980181633523606
0.28372307543591574
-0.047859687751172865
0.6114555011210215
0.06158340589289872
-0.36458618880841565
0.888438592433186
0.4896943017922977
0.367378614807755
-0.052438130294542334
-0.18437740514148734
-0.4292761718590297
-0.5667176595933985
0.3911835575419247
0.6931530134093161
0.9032201205056004
0.9906463799335994
0.716162514973397
-0.9141548342211369
0.4448902341498733
0.4632213051655033
0.7927559738174917
0.49656927325504746
-0.3755067129280441
0.6051942835215642
0.9986814768478974
-0.6432198216695277
-0.44371957665328515
0.6354724415527817
0.13935423245406997
-0.7936530224765228
-0.8557534952104958
0.6708840832282891
-0.2862318552052777
0.37806845966663116
-0.08014181102692886
0.8202648907785075
0.6415448201806021
-0.05648828495133673
-0.043907847037683814
0.9361175778403865
0.1909879876402389
0.8376305809895503
-0.5383659183715069
-0.380815852590774
0.42676696697570154
-0.6208028935634193
-0.46460525786735063
0.24220800164022446
0.8095659003567235
-0.6785192934171675
-0.5306468860955548
0.1165118617178961
-0.7322015318797148
-0.1046072346642103
-0.5894786608767286
0.8259146061197824
-0.1172546375795563
-0.9468725533918936
0.23286005842201118
0.4993777321216378
0.3680534449343453
0.011948368655809463
0.816167523623437
0.6857617467983136
-0.3694484630728643
0.6146704823428333
0.9554646658573354
-0.01825242541065141
0.8174987251935459
0.12626842581089856
0.994226252893178
-0.7673844897118914
-0.9118131175804266
-0.34687647800946086
-0.6269994257517112
0.06566551921330352
0.2745845036986162
-0.9826879750426228
0.2025931797792492
-0.4912323807364649
-0.6613321851180495
0.7592762284994065
0.5080334371429525
-0.6836509313107137
0.4867001141582721
0.9488919255798526
-0.44705121276551657
0.2268646984194979
0.5506868010694896
0.4441601348441835
-0.5331011805760361
0.17225849002955132
-0.7864501160845248
-0.4083910438790342
-0.5466959020672651
-0.8886490528132881
0.46642682197774377
-0.43223370724508886
-0.8081300553839688
-0.16146071931438538
-0.8136104125800557
-0.16553861185446167
-0.06681835575371929
0.01668720594744295
0.49002800864789126
-0.9970451120853914
0.3319045515576868
0.2740277094283361
-0.11067124521672977
-0.4137158236424388
-0.7367425089333004
0.4098900117942515
0.6715324638256116
0.03254411284620182
0.6568288662573186
-0.8856504172987738
0.36841120083320844
0.8978307408730009
-0.4974809296069307
0.6098106854464502
0.3682355508339981
-0.1919473029422498
-0.7108495447292453
0.2092600774175669
-0.23362559865744895
-0.981119300334045
-0.616943740431396
-0.29336349872940737
0.8368081843512418
0.2739867203152118
0.8679901296756259
-0.28243911554910717
0.20168064916102144
-0.7071949251542059
-0.47881390923104494
-0.44421856520014835
0.9334575848652648
0.66814056244225
-0.3070846113190865
0.663915807362051
0.9507084314993012
-0.8734034758388047
0.3781565792989267
-0.00598054165723425
-0.9288597325000032
-0.6094181751489068
0.7241212295251503
0.581714390603978
-0.45184175374905144
0.3684129143628454
-0.22761257417548017
0.987753199575974
-0.09405483574560312
-0.6375316574822911
-0.23285719652899955
0.9936763220560573
0.43229153769000755
-0.38374084619581983
-0.2213421445820335
-0.8849404859945962
-0.10717824461374728
0.6341268171021758
0.7580946796979422
0.13385689742070572
-0.6048631785035764
0.2192647696132033
-0.3224167235012457
0.8422452721109246
-0.09876105065749924
0.0785553885851563
0.46323468710201177
-0.8787187935939379
-0.1852227171270696
-0.3154744125659999
0.7646493562901225
-0.5958947679299781
0.08663983076059482
-0.7261853365915464
-0.9168574908370939
0.3894789475488561
-0.41483993869286395
0.17274962945038538
-0.058364419441617306
0.23295648542735675
-0.36253093973391165
-0.30019317564624926
0.7640968493186187
-0.16077942027746442
0.9305182271900106
-0.5401615912998293
0.7528316008013398
-0.25605947334703
-0.15138319004838396
0.641891076617396
-0.013348585276565536
0.500704119242476
-0.6821983584944993
0.699333103208642
-0.940239189620611
-0.08343460290864879
-0.6971518242586275
0.07936011766749852
-0.20136439627344913
0.6898733522593365
0.3553664511645832
-0.5470815595375487
-0.3231479454100269
0.5649273369994465
-0.0753081665832449
-0.3418711297023313
-0.7914033002098716
-0.4592885773834328
-0.5852967068737222
0.14504957497678117
-0.43605944058132884
0.5486115960293453
-0.48982502063197414
-0.7180433146320325
-0.3254270761142239
0.5149656133324344
-0.861296639332572
-0.6081686737613741
0.9068688004003734
-0.802747813256784
-0.003909672184997702
-0.7245317175218988
0.7615010578362157
-0.17453491902212212
0.2970716559381308
-0.7179826585545922
-0.08101236246935821
-0.7904246802941701
-0.8022195136812864
0.5937424867907957
-0.5985027397793132
0.05759898621420465
0.011946746945984531
0.3150640422552232
0.2405794754499269
0.34549270528865716
-0.5393548870951641
-0.6691151531550075
0.6752828524465804
-0.09080242633346478
-0.7882670158074475
-0.030118778007143195
0.019303872813508614
0.6087444465751843
0.3458497266800937
0.34859787354708666
0.991691906840779
0.35900978073075185
0.40735981147349976
0.2806080004365133
0.8267418900140755
0.7158536311502425
-0.31329252079048914
-0.6328599685543421
-0.24573615598278573
0.531619959698044
-0.5442416149529566
-0.623490208092507
-0.5578565796346977
-0.2575321989980123
-0.8237881340882748
0.20231942285501678
-0.5589531323496135
0.5859810277831287
-0.7898255101343076
0.9361884705345176
-0.7050025186640534
-0.8090527170265295
-0.3579176290759187
0.4067145284169247
0.6782103014957104
0.22333564170239179
0.5596010901792515
-0.7746016043019593
0.3404489191888874
-0.688134127294719
-0.8987663419414011
-0.5037550190764422
0.4659483169512429
-0.715938691426183
-0.7997606839226854
-0.22932998150729497
-0.593590092737783
0.9895877838142215
0.9060890627842654
0.08200715218727048
-0.6871599685034409
0.8999569039845555
-0.8306010232271138
-0.5137306377292474
0.3205412292084901
-0.9042703151005484
0.9215697174438053
0.6620079473031232
-0.33395692437208097
0.11560831954320894
-0.6220416328227816
-0.26506503282900673
-0.6973727567798339
-0.1015087021848063
-0.9792919278906287
-0.09430255821719362
-0.8770042831375099
0.9438114165144031
0.8320515083082001
-0.34780141214436777
-0.9221570387943138
-0.10608181640247083
-0.7740627873181392
-0.16109319849805187
0.2552180950916901
-0.2258852826568153
0.2921316589458129
0.1455367177091434
0.5235199811777732
-0.969153638979075
-0.9659266375421771
0.5614263976033353
-0.27441682570249976
-0.2509858216831878
-0.024384769109350182
-0.17572015708540856
-0.11093679902902064
-0.23284941514945745
-0.2224907997239786
-0.7582130233221442
0.9854858541102148
0.8626451034941659
0.886529360068061
-0.8077969413425643
0.38737713649163896
0.15464292504599209
0.8187500993335023
0.0251442016935674
0.3302411318670897
-0.29618792833288266
-0.42640589829251824
-0.9675549458616326
0.6506875838247458
0.21487381901499264
-0.638536023793968
0.8893426922356295
-0.9049020656046303
0.40739874132029996
0.5210778928762199
-0.7818275534369135
0.0591333251453968
-0.11752028769584319
-0.6638799227233436
-0.549373468844247
-0.6110874790504338
0.7860820988410118
0.9422354631865052
0.6244787542410734
-0.0814758465677023
0.3911541453481493
-0.35984649928887136
-0.7432009494812516
-0.24490447005851096
0.648990905766183
0.214350375551934
0.5884686618185929
0.6506451886216817
-0.34980193727338105
-0.13961549263108125
0.3891945503199736
-0.18895474284028058
-0.14388911841669452
0.17208061513262432
0.5704156817908177
-0.1346304594392175
-0.6966192583474408
0.8334279849413818
-0.10722061858449373
0.3521106596739622
-0.8501972319991323
-0.5604056105344033
0.18322825392909917
-0.6248254031810333
0.6805198872122911
0.06715538360915321
0.2558842108729301
-1
0.46509115533423573
0.7772294146284364
0.10536821196503462
-0.33178583645418397
-0.7713218044776636
-0.32266594023722966
-0.898368202135002
0.9952717779182529
0.22255978552833652
0.5886902966453534
0.10573648988126377
-0.11115575857342735
0.07956220691656658
-0.4865324746124308
0.2285138773955553
-0.8143861727099012
0.4163296488373141
0.47694552050426914
0.903794875103787
-0.07394928837007862
0.1320243782399965
-0.15081200929703434
-0.9033813479690597
-0.07845746006818026
-0.5404773806703868
0.3341081898029905
-0.7679678000528064
-0.6553043397490432
-0.23499265755953574
-0.6790187106072859
-0.791450289708955
-0.023486322727947054
0.42387892978230407
-0.26694868481786
-0.8513587729088331
-0.7566532440352698
0.3335939953339334
0.8653990196957035
-0.22694636502022592
-0.6572241311134011
0.7595199458025524
-0.6668486117783436
0.005509201741610004
0.46449693480811055
0.34764362678195315
0.6115828696873746
0.9858025532421046
-0.19342707434515868
-0.4481574959610244
0.19521546663714234
-0.3231683996710321
-0.3131802716143329
-0.9726505755780722
0.31844941191592535
0.9496841097162828
0.198521996611448
-0.48826293002506643
0.7225094927601218
0.09992073396357465
-0.5582055659550564
0.7796248446505443
-0.744021211595633
-0.14810836625381024
-0.14216034628316768
0.18120147630052685
0.42733964616570974
0.6157550246848127
0.09675330834126944
0.3782294599766835
0.5805306034603716
-0.7831448116016443
-0.27092450956239417
-0.9086123991211288
-0.8502956068426112
0.18154201042945195
-0.19097014732498088
0.8203723199376739
0.16507327737150382
-0.8225482249553079
0.3564098285678448
0.683266310269628
-0.2851415569585227
-0.6617583732561018
0.7840686550824676
0.11941148069803582
-0.6881391886434595
-0.9320980906738564
0.44432823845038066
-0.3489592185094363
-0.4522785131586805
-0.19338008068534296
0.7771061502057165
0.47310311168587443
-0.6053904894796807
0.5886330687838213
-0.3930060991512844
-0.44917149815761437
-0.37093110141782615
0.8887262323444045
0.9568861957941253
0.4286568266868322
-0.8155192286878168
0.9994257258528152
0.2756549129157632
0.2623678456843496
0.8364031970457162
-0.9634041411542265
0.912419488813679
-0.9263474244882446
0.520301422531125
-0.012045623432078923
0.47594335065407056
-0.9643208399544871
-0.1543323233041967
0.0990487815658847
-0.9548672590080732
-0.5723855472371846
-0.5299192077638766
-0.6914179203842326
0.3414442924102599
0.647246179417966
-0.8160996050553716
0.8712766174129414
-0.20184329181913876
-0.4556853943528172
0.1703935626260752
-0.8185477639443459
0.8271514682672605
0.5136295063452628
0.9826034824598151
0.2681231887383059
0.8445175036590187
0.24371385310754262
-0.191070780811142
-0.7369683037839835
0.6011995598249325
-0.8766418722225003
0.3723977132061507
0.5048764819329727
-0.7487959775366224
0.12494299218289592
-0.33569718529221393
0.8160788750961908
0.6354891811018705
-0.44263883270966836
0.6935933406213478
0.7372596581133826
-0.795525976317621
0.4541853378516303
-0.5163665104362212
-0.09636005198333353
0.7114258128968015
-0.17360035195882065
0.042151798525817324
0.9352819923286156
-0.1941592130483498
0.1779777665267799
0.7350882132646043
-0.9659246763952243
0.7141906473979631
0.01285757888209434
-0.0435513464426468
0.8108613834535182
0.7517205814761437
-0.7816888853053585
0.5424422287816473
-0.19900411107624127
0.03454960578662245
0.20112570378381234
0.2105228599588429
-0.9631846811765299
0.08999323085947789
0.9821681658387573
-0.12627068643386452
-0.5948078674184166
0.10866997878146263
0.5727159212458631
0.5522379238542361
-0.8746477358125105
0.7219251184972741
-0.2057091273613706
0.45967464895001625
-0.002082233067363682
-0.9067946404159966
-0.552011683186425
0.1356981766507014
0.6124475179918132
-0.41152123916739924
0.5368612546562843
0.2727860631131215
-0.2913494545418497
0.525701342533805
0.7688365199657387
-0.22665702751803313
0.7040523530037777
-0.6957681113608608
-0.044796928017932836
-0.6248081261653927
-0.9541461210777203
-0.022909113457267462
0.7970109372910174
0.4700934556624844
-0.886514372496409
-0.6100159888801733
-0.603856486712007
0.31747525283966194
0.5359811134207824
0.46541209146698953
-0.7461438734609736
0.7167424601739307
-0.29886449662249537
0.895082332079686
0.9123334670938613
0.7139718648722221
0.380476612378481
-0.8796297553168584
-0.12878471002479566
-0.11844098853227017
0.9104645973126806
0.8218434704100542
0.09297343386037227
0.021690567512389868
0.5212518947889292
0.9270134077920661
-0.39274903547519074
-0.8382197134132725
0.18337165828916432
