0.6388618243139103
0.39307153802318817
0.3465177262315822
0.9996151716149241
0.30316695257422593
-0.7368920550351867
-0.9155644822521491
-0.24141334393576638
0.13063346656030386
0.22427162871370238
-0.7787007678008705
0.22761743675823173
-0.29193378032084116
0.7456881091140992
0.422820907308511
-0.9260572458816051
0.7812202994869175
-0.46349946555367116
0.5738990032197385
0.16880635717896872
-0.6877238895363602
-0.31315382526321894
-0.43510503556424907
0.3371531924277439
0.454864468845108
-0.2874624564944404
-0.20788109103504537
-0.4928248581818726
-0.6428446009627498
-0.2567186807918136
-0.14728599536209142
-0.7431226996180272
0.5905120971334252
0.3098998203134349
0.6656664014426062
-0.0872557856965025
0.30824490410344846
-0.09049149540861526
-0.7524406055802159
-0.360113111691669
0.5695250604687302
0.2380307354378123
0.551373409756517
-0.21430621216166684
0.2494399609845496
-0.04419680152234459
-0.20147128396088482
-0.046640222236212586
0.1035029296912754
0.7274519927890879
-0.27555941165389
-0.8653189354383324
-0.6238572541632662
0.9015705814243411
0.9530983316665159
-0.1925579319389435
-0.7994899719784007
0.6311977517629385
0.8652968581176979
0.2816134776580915
0.8842363402499479
0.6122083200000601
-0.02010438161750091
0.5058378863819702
-0.015151258513046637
-0.8559917190624047
-0.9826491555500018
-0.8700688711224915
0.516835235074056
-0.4757157166056253
-0.03129920046286969
0.7780570315738161
-0.4437703667539249
-0.11197823245305115
-0.08928765157229897
0.8191445128857524
0.2149637305102795
-0.364215797504884
-0.54450367775462
-0.3106389584916782
-0.5441088589155034
-0.07183350948876382
0.17082450614889091
-0.19206489319247852
0.8323448188638165
0.21119134262615502
0.8673108359843859
0.18382893019490051
-0.7337604968848002
-0.8364629523857691
0.5118272450629598
0.9166844724480899
-0.030866889781768256
-0.6000654565844462
-0.897004642580098
0.5552625432353725
-0.27973958490131406
0.9210810127615697
-0.6092040361268665
0.3167868163918355
0.7567394584091676
0.15721348351968323
0.07275580395745909
0.46511013849577953
-0.4838193149657021
0.4524373933104859
-0.44768595648182363
-0.711407824318028
-0.9392720453697238
-0.34615420905599403
0.9390035106795783
0.37842880250732386
-0.7906561779337143
-0.8130762225975197
0.5942877437397781
-0.3867477282663571
0.48598031786380946
-0.5701308624269851
0.907490205109093
-0.3876715941465877
0.376831762468756
-0.27467397083188166
-0.6466424829005128
0.01850076208830328
0.7282749729353144
0.7851764802542809
-0.278091110097492
0.5254552673682862
-0.8384735435462681
-0.53389299688212
0.04119452554990957
-0.30509164669536093
-0.12960455257142117
0.04268940161762013
-0.419767852667377
-0.26981587663232126
0.48016890179273036
0.8122311883555197
0.42634339132066706
-0.16623265236733278
-0.4140248742004287
-0.9825013123656013
-0.4946117642198952
-0.01888375405920885
0.8539149154176874
-0.9165715408949745
-0.21360721752247216
0.7486654383130743
-0.5044160984613071
0.9584765047056842
-0.4352447362089127
-0.26581294161272495
0.7320923708195813
-0.7496630086182211
-0.4452961034308171
-0.6885599240197162
0.921918504311852
-0.5193557087038325
0.3628677016240289
-0.4197321912821912
0.06996137985721683
-0.4491033396637278
0.34439084654344965
-0.07607813615745417
0.9726774575267917
0.42429395383404445
0.017698554606639282
-0.45155260952104737
0.3329690334598499
0.0692681520852195
-0.13305701900316175
-0.3027924307319255
0.5755349550314963
0.004785055795332602
0.6932490289450631
0.6610580780788858
0.406214945924227
-0.2892891618226513
0.5431224135452094
-0.8043051602782747
-0.3269986190491779
-0.4111491019079581
-0.5115486008243197
-0.37369568570906825
-0.9273904209758296
-0.445803247187952
-0.5576734427443689
0.1280964543023588
0.8509787715627195
0.09450458526186872
0.9161186972420785
-0.7406504198503318
-0.311070184571736
-0.21209483159794962
0.17799877879789203
-0.14179532571840733
-0.6095970944305621
-0.18034642594882647
0.29301650288317216
-0.05756980756651686
-0.1933632924070629
-0.47515547688867615
0.13183016905923878
-0.8597899822349717
0.3894280472634997
-0.2649058495252391
-0.00039652074884730364
-0.5513889049343165
0.20806497495496717
0.3059834253584302
0.8908367660854785
0.6417379590929646
0.9590438154369817
-0.7648730602302017
-0.5745892299259162
-0.7590330830549901
-0.6553079964707785
-0.9562026060859902
0.0293494799372736
-0.23129133366451662
-0.1560170154828918
-0.7636143219483102
-0.8636354231444395
-0.5114716530885495
0.4234766600606363
0.06061595374809238
0.675776759866654
-0.5158405447081348
0.6187040854896397
0.32281482470950457
-0.16706962941287748
0.03027367258935959
0.5564411879139104
0.3238333330647393
-0.23021564541983605
0.8224084259415435
-0.988440226888322
0.545585211684585
-0.19354947201916559
0.3230770252936778
0.17170360982582847
0.937480567829322
-0.8234795484392141
-0.47707006774478494
0.6781115696235261
0.27270751721046543
0.4273298415417819
0.4701256999203682
0.7189524727364609
0.3909615831952257
0.07051235932890568
0.31397934076426975
0.4745921388871492
-0.06515303815238764
0.35324047952882415
0.0024497301938993625
-0.22252173458176128
-0.24011393954346602
-0.11924032163555924
-0.6424051786760602
0.37015554346125507
-0.35649076061168433
-0.900656991224906
0.7112242083143472
0.7969669125295528
0.057898311348599685
-0.23433588914131864
0.8888464800748644
-0.6637829492541292
-0.814059338467492
0.3633674267281998
-0.22512342245956402
0.6645550404254317
-0.1583211734201382
0.8178772348227199
0.21015371736536162
-0.3105291370022934
-0.31605893851114786
-0.7772939137263347
-0.14816637468965704
0.08094195907564138
0.6328762215712257
0.20004224606279647
-0.2429965656706844
0.04713900249598319
-0.5492399722777959
0.20701948037947276
-0.6199475157147245
0.38207304911204903
0.5103920473014245
-0.17169271146592394
-0.39372496079054303
0.2838574422098665
-0.4945099998367823
-0.06790917603520004
-0.013185357873570041
-0.4141990841637991
0.7341308355023625
-0.05846178359076536
-0.38195525099691735
0.5003486715842156
-0.9308754363700478
0.2870793757715694
-0.3141033636729726
0.0809765134776331
0.9268561487676502
0.7199902452178965
-0.20671432092424077
-0.938574427195456
-0.04571239701256616
0.6118050005007848
0.6477503688520474
0.6192065109773526
-0.5824715909034832
-0.5195041816367941
-0.9389018193844767
-0.6449058281591793
0.1037012522311284
-0.20180123546622597
0.07772795400062413
0.09348769138655393
0.4002156075478974
-0.7553775502014596
-0.9816880950272093
-0.7728435576814302
-0.16431483217220993
0.11530485169015528
0.9182358888613684
-0.9983833049912683
-0.7154916150829256
-0.05786876428713718
-0.34966449573789005
0.2573445377034218
0.1405384741886652
-0.12633344985407172
-0.6770908696766232
-0.05539076245503437
0.5270357227995713
-0.7361909262494718
-0.13793193368213685
-0.1613040611342116
-0.35509864524907203
0.27061806831791446
-0.1762348554342545
0.10792666531082339
0.6499835005438582
-0.567000423226552
0.5133081650527216
0.2369787290627674
0.9541178770711507
0.3639531916447014
0.9315803996328151
-0.7312991840658821
0.9295319952611372
0.7246535243296172
-0.46000318213835956
0.48114851558879534
0.11184581135994193
0.6965063132613929
0.8810556555065466
-0.21471367389188162
-0.18724299451657556
-0.36286233058663087
0.6608518152557054
0.047177926033403546
-0.827262849789443
-0.7658854807420593
0.3906718268535897
-0.0015299700792976503
-0.62507051159543
0.6928544319018163
0.7816004252989872
0.06097408515339094
-0.1544554248811538
0.5872416346526957
-0.3774645489964357
-0.8267722172996943
0.23276368835344508
-0.9624332281237582
0.9489600655752903
0.3228472320727369
0.12698812205780952
-0.6444630162095838
-0.29226694642853085
0.8614056924266653
0.6358165048347775
0.052436731619040486
0.1059418839080386
-0.8064777659845186
-0.4838791350393666
0.98772739298439
-0.9138244968410647
0.2623295953626041
0.2115152476338873
0.5661653058900388
0.42073330394934344
0.41470197898359046
-0.47863927275603446
-0.8133968164912783
0.7073265349318244
-0.9568048166145595
0.3952758160702123
-0.8230603444377412
0.13929242139986728
0.026354752242978004
-0.8529558924047619
-0.8554318921329676
0.13075303180669687
-0.5367433824860538
0.3633831386741069
0.26376907567539876
-0.6890132724479723
0.6492852786592086
-0.5447989882593535
0.49409039772140156
0.6763887303002537
-0.6617451322035136
-0.17406379107132283
0.6814061316680707
0.08233854837301513
-0.7774335321317923
-0.17433014568843075
-0.3825762787400686
-0.06728216174242353
0.565998471059444
0.7575329849033399
0.39135052927837155
0.6488969840225165
-0.22751456268199396
-0.6303383645536899
0.8691724701824382
0.8236092184387068
-0.5502027812222424
0.4525871460493524
-0.8379188591643076
0.9328353358957121
-0.001444236673727295
-0.4181489175313156
0.7738664506989061
0.04017587709108074
-0.23466560600924674
0.4053761540497625
0.7982577033088682
-0.773050115515879
-0.2163110785789637
-0.5922109706520409
0.018321373827458243
-0.5918521262352433
-0.21620508853729048
-0.8566698070070373
-0.3337819950992957
0.519643828049487
-0.25687101200151324
-0.29876634522404255
-0.18233447733072597
-0.39757370886968907
-0.543934738343511
-0.3554825873068165
0.1107453203657358
0.20554458721086108
-0.41770338315286953
0.9280721114143449
-0.5130244888760036
-0.8308621604184685
-0.7841190636561906
0.4628154351155859
0.45788489279114125
-0.076437764450097
0.006410004932721548
-0.7828898016647302
-0.8600809462906679
0.17853800727667216
-0.4198905885376544
-0.5474486205592903
-0.7437358084918625
0.5189406077861817
-0.6624352182170691
-0.9294597162233146
0.5661324582709494
-0.160841391006779
-0.6686320470190152
0.8763201799428463
-0.36687744572243
0.4031582649453386
0.580596709598147
0.8243606944363797
-0.27982349396554657
-0.0025679119900321352
0.684786889088899
0.30140033502832503
0.07271773002148983
-0.563264343592057
-0.5344505234615732
0.7506563076334182
0.7162071089263308
-0.20645314337101187
-0.9154154741282358
-0.016430045553793543
0.44031004881661717
0.013642233355868704
0.06582234626710338
0.3426931301203269
0.799955610799902
0.6913646339722623
-0.40009546470019813
0.7602462152596576
-0.15375767920733494
-0.6129904801194616
0.8367384715343319
0.06192273260272053
-0.08007117351352275
0.2364635209947708
0.5078865819995512
-0.516801717231709
0.9318830374896258
-0.030063672297183985
-0.5443354042335192
0.6652790366121092
-0.8586294806153628
0.858082479196424
-0.8926842997471276
-0.288180021901499
-0.2903659878878007
-0.6981331440447359
-0.6484745348091896
-0.9751103074470007
-0.10159695034335905
0.022120239083611305
-0.5442043450408439
0.7613906126241813
0.37848168933748294
-0.9686732790474116
0.9111047864351464
0.9377679035212972
0.1505038952985271
-0.2044021824787183
0.3508551068921156
-0.23425689070254763
0.45388254121796734
-0.19124764383221218
0.8273121182824953
0.01714050425767154
0.5443074415028439
-0.05952432158772007
-0.6417278570229409
-0.8432904428702506
-0.6519834843899812
0.6035347777070049
0.5355595547444004
-0.35568599975443205
0.5745796505578936
0.5417676849751097
-0.3252822184883696
-0.00018753465135944343
-0.16402485343000722
0.7973906510106633
0.8906310820712945
-0.4072495658783029
-0.3564508668633285
0.42757435118385706
-0.23990114386843867
0.9394298612747684
-0.20739934507545502
-0.42261867625625754
0.7412762667191226
-0.8849116982182955
-0.33864190052828996
-0.8782492867708129
-0.6876067999834354
0.49044580484674793
-0.3200561598606692
0.5967619011923365
-0.158329842135159
-0.5335725025381043
-0.5423929173977284
0.3205467139676841
0.4169919848616039
-0.3643383932150508
0.3066672988904036
-0.4803780372529474
0.80187639332087
-0.2678082593542302
-0.027424856411091218
0.6878357075177388
0.5801281883173685
-0.5496236596804658
0.8402723499430832
-0.2881297444779985
0.4663576930233157
0.6344226575155911
-0.9646698534452892
-0.09327828614704597
-0.23595779679647833
-0.1575268337263997
0.5530996829803378
0.4842271145988739
-0.4778894217176044
0.7046692555639384
-0.1732323027854069
0.48433145323955046
0.6161555158889563
-0.4812278177743912
-0.6748348303032657
0.185872310224983
0.1687923826890125
0.363965460017818
-0.5489562702955533
0.554334442734988
0.4183567425467294
0.6234099147254096
-0.366145806471619
0.6019708057455762
-0.5839629025921661
-0.6702931306665606
0.8403783939264347
-0.9671493559927343
-0.6863674659538163
-0.16920762439947
0.2864464086372194
-0.29846232617429
0.2901465522374638
0.14694911081084164
-0.43830678635854153
0.9306259611610199
-0.6435951990114354
-0.11406319729595532
-0.33863624003101217
0.7722776199792892
-0.24127466265187053
0.9800336339956255
0.5142441793222415
0.1842407755192939
0.8741093836495445
0.20445460418462402
-0.6288640471569467
0.3012283561948926
-0.6275206694078883
0.7468033369363893
-0.01804796962676352
0.9365302394506011
0.7463348180735327
0.23686579158019638
0.9932395562319114
-0.2584822593156196
0.3119922160277992
0.5914463408954501
0.9601287028195157
-0.6577961102286214
0.21364122036280866
-0.07391812577319072
0.3554255160764513
-0.315270250794682
-0.25099195754714326
-0.9952103658928184
-0.19046722844184588
0.9601486452289402
-0.8418575313905714
0.5715043650981536
-0.4268088130116994
-0.9940372103477533
0.49257418961872845
0.7624368235718668
-0.8335524836833933
0.04814256967263954
0.9406039070857368
0.301283965403137
-0.9581551400541977
-0.6962248340076621
0.9482407446968512
-0.9595941492806511
-0.7076925976059257
-0.20198295486812454
0.6031230622064957
0.5288800037103109
-0.7520876648325611
-0.5463293348248024
0.04788454640529427
0.5801825677736846
0.4240004333417531
-0.11916754405241424
0.4738215282124668
0.06874679273454928
0.5247298870544158
-0.8301290552571907
0.47619282290950493
-0.4038503733201246
0.5560106758110175
-0.2929186781006701
-0.22480163640369671
-0.3193544485187313
0.19063386221994416
0.9999728103742166
0.6881479218400788
-0.042785566691305274
0.7639863452303729
0.354328997960809
-0.7321437433689983
-0.5006168590082389
-0.962833785199656
0.12273329022584384
-0.020414804062503063
-0.4110840465714505
-0.7777331239989589
-0.48637378470618525
0.6411505055170995
0.8320284455297805
0.37275784827378006
0.7290777514606055
-0.534112642594012
0.6757730267197225
-0.8389396943757851
0.8880593144646102
0.5346540374855611
0.6759651826285586
-0.5866892981797107
-0.32945904594102465
0.5773108556420424
0.4318552906338724
-0.015994239008189966
-0.3207721463612884
-0.7006797507304996
-0.6365676540902558
-0.1859700779678735
-0.06277810994451744
0.6983663975744105
-0.3134697938828662
-0.8211566974379169
-0.30571061422268025
0.1238369834306656
0.5664541175916459
-0.00209220312615931
-0.33617485788699986
0.36173396745657593
0.6252900857816039
-0.3343528785000938
0.39213452060923576
0.8736250526148872
0.5942204993941557
0.8596997334836423
-0.27299795998402054
-0.5539349915222709
-0.8871051359220002
0.8549413564790983
0.47021441751469634
0.11564427305219833
-0.0850862185231246
0.7641106583980516
0.23755302587708688
0.14705783965492758
-0.5148082714897269
-0.10330758740606902
-0.5173785367065207
0.5410761755195885
-0.713691275095815
0.8609882225580557
0.4997799222411029
-0.9604421533306826
0.017745826026866317
0.9790702311602274
-0.49688811644130604
-0.6839197369292885
-0.4534306618173541
0.7426074229782674
0.1417989559901879
-0.9939338225791492
-0.26038946846538824
-0.29507552994088965
0.7586925875304774
-0.9950241712340396
-0.9209933729141244
-0.07346955211833045
-0.3125225544049367
-0.006982436916769376
0.1785240602744667
-0.7226885479623163
-0.360258231082707
0.40916275623101234
-0.2325508031377766
0.8875024823491706
0.8967985787630991
-0.8978271222772677
-0.621546205342704
0.697317726566924
-0.33851706931718745
0.8942598928233746
0.36320049076263056
0.6085941777023525
-0.9855901103773276
-0.660949265009115
-0.6905905883641634
0.8753296351543323
-0.9876088874346286
0.5361001008527219
0.24285665759461325
-0.7660047426751581
0.7953505140685757
0.6923322681627683
-0.30852270296457124
-0.29584578446688126
-0.8989944681123194
0.5111500523645102
-0.20776871660356766
0.7929543140100288
-0.4100224107911691
-0.7240421557082314
-0.10888766255336635
0.018775436105225054
-0.023009259076831733
-0.8593228217758285
0.9248942625054865
-0.16974753730386236
-0.16455541031372722
-0.1564796436855202
0.4909472253330048
0.7561708662784897
0.5059825339242461
0.9875311610438823
0.12678074369520592
-0.8368919124912075
0.6540369354111002
-0.6431666765560647
0.5530191735880746
-0.8552688545497412
0.4075568436504051
-0.03813033688342555
-0.683034543522229
-0.1906846410359603
0.548325769866905
-0.36114357826962284
-0.7945622416639767
-0.02164557220628396
-0.2987862975168546
0.9363544004943994
-0.22256552953672207
-0.3733658943071887
0.20099920068791463
0.5203944921705165
0.9692197497650874
-0.11898171053533578
-0.25884534017138155
-0.14550432076135172
-0.9974887697857274
0.38842074563142415
0.26265149386778675
-0.886889623114025
0.9565381567877879
-0.3108829386964611
-0.6093440325287176
-0.3033749232858864
0.11478114121383914
0.7910029271039282
0.9055114029337998
0.20590939442784087
-0.2751632842086441
0.5127991212203156
0.7275565989320913
0.9863561900970684
-0.10294081089589072
0.741514297781277
-0.7725535616727318
0.7724917858259981
0.9255474345425361
0.8379402267767156
0.889968402595549
-0.794674023614994
-0.1520284990073213
-0.031890586595676076
0.41293093485374865
0.4370390867447815
-0.3779849954444396
0.8169772727754165
-0.3405930684757793
0.45290156735534787
0.3349015459661854
0.4718156153831745
0.16621766528390455
-0.795254246179979
-0.8954622392354749
-0.14774119741346148
-0.19356557311476566
0.7253403227828106
-0.00199275208767371
-0.10655635626819615
0.5506241063719202
-0.02374867415867149
0.6998832461464031
0.41200065259237223
-0.0028345084531086456
-0.6046507901327504
-0.36076329432875626
-0.4813010201489759
0.27657526502609053
0.009723520350277643
-0.30456238680522096
0.054548641274674924
-0.5764224041750454
-0.49949414824509153
0.6189362387081135
0.09073459812696626
0.862238563397132
0.674068979343132
0.7351215192229013
-0.2516791362049652
0.0813701243978448
-0.8243247624052742
0.2854624732998347
0.8331255310815481
-0.13977432272225396
-0.11439454214827419
0.8682251934160179
-0.7676596508478634
0.9450067545124735
-0.06572732258963111
0.08028588901822636
-0.3757915003954968
0.3153679816043897
0.31399777084599517
0.15660216481076603
0.1405175004269212
0.7541727345875546
-0.6539624744585409
0.8523243602399979
-0.24013463436405258
0.7515285239317185
0.5690907788426118
-0.43431600643747964
0.7723137552589545
-0.45456409265642955
-0.9295166662868108
0.001787256752485989
0.6585388775297095
-0.9694974106622268
-0.6519737397768388
0.06164362090390443
-0.8202850432022525
0.171344165788691
-0.048101835463202056
-0.9889089717668764
-0.4801796209708148
-0.652315754621058
0.6055568245606511
-0.3147300753107727
-0.8853775010963687
0.28945067137089175
0.4848649786876787
-0.12756011312526408
0.7407196915905685
-0.08265752311909737
0.7598449400608358
-0.5437399054311516
0.37117389491927316
0.8098746720162061
-0.26255871289000043
-0.9660932984872699
-0.20172159930291667
-0.6380330532297763
0.7794895329150036
0.8601261681553407
-0.6546112820125638
0.5846333483769166
-0.1579652249298646
0.8880849133137768
-0.09560529316419596
-0.37066983324502234
-0.9813245801772504
-0.5058728289292758
0.23085835399316676
0.033078322547877154
0.6024642587389338
0.6988226113890662
-0.07201314454514988
0.3215068984924518
-0.45464844518960185
0.10624398087610128
0.003517708346030577
-0.7353773648498715
-0.3812345133377585
0.8879893944888654
-0.8560025779999779
0.8429014413454116
0.2769105969822127
0.37197059875532457
-0.5654968109034306
-0.12447825098884423
0.24640406959442362
-0.677530946318122
0.5739925458808885
0.5878090283078974
0.9318659418785646
0.04152747288951823
-0.2616749328460164
0.679795303893035
0.32480302481989987
-0.9162094226752403
0.43462331607088284
-0.6369944487113638
-0.30541058172028135
-0.7148690754612557
-0.8179463642280533
-0.9250252117481029
0.907167673972165
-0.6642764245880495
-0.8129135872278103
-0.4355376142175714
-0.25881136062195803
0.533784084994349
0.32862240848721125
-0.6267803503609496
-0.2733032735661083
0.6994992056030498
0.9513174976103207
0.6892196871435944
-0.032163353773226586
-0.8593235886441739
0.3695467564262392
-0.38280068244940235
-0.6568636495637857
-0.022201559985851306
-0.5500937521493336
-0.19277504176021648
-0.7851313326694374
0.4779205003588698
0.378498058985253
-0.05017193968892602
0.7617893175596803
-0.941239146965475
0.5707696283631805
-0.5161705922133085
0.3346494434685153
0.5184795087442056
0.2678974226689984
-0.3681471480244724
0.3161061598170107
-0.13562323345189845
-0.8898394948308124
-0.5317556180303193
1
-0.11483229065881603
-0.9875466882321907
-0.5928106216036061
-0.9454247603973165
-0.22859047979784053
-0.3045430906560231
-0.8274494449525368
0.5133788680074304
-0.8631045113423702
0.4300112893721733
-0.34340213654791624
-0.7381618797857215
0.8865787122156187
-0.3627754188043549
-0.24633568963785918
0.4735030792344168
-0.8587337311076381
0.4719534287774108
0.298440781880733
-0.025068350062375885
0.3682062608565658
-0.0840238540200032
0.5767627769475809
-0.9687431688306897
0.46423915574433894
0.013732140549935224
0.15056427373807915
-0.10211258663742252
-0.08487514910601032
-0.993022659415019
-0.9850272585657756
0.019183075283745445
0.03006604823714672
0.4321642352573354
0.9734922888150689
-0.5181174607680976
0.7849912958263051
0.4277557421740712
-0.10041568659271201
-0.7386111144103011
-0.5622024391647589
0.1334917819754776
-0.24051745889533327
-0.9624375987668506
0.891646531662222
0.3314564863388621
0.7351565333947343
-0.9874502086005482
0.6581245366898447
-0.02207511158798505
-0.18152758747288245
-0.021852809914720984
0.5254834543303288
-0.22185352098975553
-0.24675494881612872
0.2358445854828568
0.8503448942566352
0.44939598435281564
0.41489160127358843
0.4674022445376473
-0.39101957552253364
0.3027234333247312
-0.33300479446298115
-0.37442663923336134
0.2798100798222676
0.9651246779331936
0.0057270488520015286
0.13204878896088212
0.4465207636389586
0.3326183782340385
0.3734908715489673
0.46001983086126297
-0.3469199569163993
-0.038167368384974684
-0.8850567160766479
0.10664991835421934
-0.7243082328288772
0.7495011421687247
-0.6224476745772957
-0.41821153203529815
-0.6984979317777665
0.7410254391140991
-0.5939598721597255
-0.6037356410245617
0.23406221274672906
0.31136571351128556
-0.7126927634028999
-0.5898144689441636
-0.46395568549700233
0.4733374415364358
-0.45154680932248675
-0.1627090117669377
0.2569918831091405
0.23135856214487582
-0.0817420260625341
-0.2000282143460006
-0.6800218252344405
-0.36640030722984746
0.21707577439816003
-0.2703184650682164
0.27128314591287
0.04583606264754186
-0.08821974832769676
-0.31026444316345636
0.5218478847579303
0.04154465524206928
-0.04559076833463447
-0.9310429834580306
0.9416980486501932
-0.7936266725315476
-0.3223338480421998
-0.8308736308164283
-0.45713441877987787
-0.683240995152244
-0.8364468152975207
-0.5043024874662573
-0.2551478231346341
-0.9345751705901768
-0.02468692819141569
-0.8052661057078553
-0.411132167556072
0.09942292812739287
-0.676093543925959
0.22322591146414517
-0.3935465712507533
0.8413858597045933
0.6587995072743479
0.7056133523295909
-0.9585964451283759
-0.6206580083702845
-0.9820420617396988
0.8203248355921424
-0.3781612987194738
0.2188667693399216
0.8491665812524708
-0.7065687412933136
-0.7603233140419045
0.39791155642795545
0.8711429430994037
0.11829080523175729
-0.19597706429110912
0.2990129018281943
0.03207907325892477
0.15020694129578988
-0.7769033883706542
0.17616245982943296
-0.856957277296852
-0.8502111342976261
0.08709755323113784
0.9124083574705175
0.6006068304243597
0.09630250020411439
0.8620183790364353
0.17210924621173462
-0.37396759205138125
0.4433806274906435
-0.24987597416761012
-0.17537125540025317
-0.5079930067326925
0.4660923907988092
-0.7940289748776471
-0.4059788854481285
0.45761215311728354
0.47077565570358043
-0.6657022354093356
0.8924979366975869
-0.6997917631704847
-0.39558437685014136
-0.12479904469461026
0.34721349749318614
0.03402885025259768
0.47288472141440585
0.4090326937961006
0.875646799754744
0.4499986912030344
0.7953918104963392
-0.645693093563137
-0.39867041030843475
-0.14807921036820226
0.9370683361588119
-0.6564554360800907
-0.7525452497898705
-0.6734662553992891
-0.06656947195846225
0.7050241525904918
-0.5443700007831379
-0.17725712353764966
-0.6987092048817586
-0.8911014870717705
-0.13688692811818998
-0.576785733246072
-0.34759099081736855
0.28663363577972517
0.8814236704486011
0.9482855951469579
0.23716345721012178
0.39268772219747966
0.9148226871740067
-0.08507514113371721
0.5947229521834572
-0.6709298182326477
0.22770931746988532
-0.042616295893693326
-0.08282296340780257
-0.9700960706252633
-0.8606710562815975
-0.08542366464891545
0.3747149309085723
0.22075295410906307
1
0.9213167463758194
-0.736551333744944
-0.9826552398766261
-0.04631255583118852
0.1312342238248499
-0.8282124493024942
0.7193301156438922
-0.7600490273632867
0.613399292022468
-0.3671136292845448
-0.2742102803438403
0.31594551019294875
0.7919256326161559
0.7651095398895119
-0.3650251681710391
-0.04970858194573925
0.23925949894566664
0.1759537786487941
0.586051189346418
0.10717469859782963
0.9198223624768997
0.7823037326312864
0.1208230983282393
0.4022293993284538
0.21190527705568618
0.6700134426112192
0.726245565496796
-0.7257332681919735
-0.5980937329768321
0.17676657498566448
-0.9632941646438843
0.6998229860846094
0.8310225475403558
0.019003349681068704
0.6196378163389714
-0.14650873983385715
0.460691705734034
0.3056289485089245
-0.5177412775296227
-0.5026249373078877
-0.1985221851514718
0.12134289796712465
0.7759330396948467
-0.6469093339141886
0.6118087903975187
0.04812999688602101
-0.9328123277353467
0.055375576278710224
-0.6759239579757843
-0.15697509592806075
0.791403294465996
-0.3227830218129305
-0.20827666058310565
-0.30662787583896034
0.2533693760988272
-0.9656224673749229
0.6527377930162378
-0.028907882784460524
-0.1358356467626784
-0.1496471630160378
0.14107528289208837
0.3499788827452555
0.552779077393462
0.6277701128438095
-0.24812225940111685
-0.03391196924708319
-0.819155049650479
-0.43885791900904264
-0.27570156952635144
0.508139276179391
-0.743812085087833
-0.38741976680704776
0.5058366196553151
0.1568813685208201
0.023673902764186516
-0.8639608444811898
0.3321205070339696
-0.4176120866701904
-0.6346691706155408
-0.7372390209767735
0.3171865126436677
-0.29548716036836276
0.5095134178475192
0.05081914740876838
-0.6071420925694218
-0.6836667421006404
-0.38351159016810676
-0.3778181325002736
-0.20600670963670017
0.3578908935150814
-0.806685219787777
-0.45690215780743665
-0.5675169701991682
-0.012007948270059212
0.12821141238245345
0.4513992894250357
-0.6999710963148129
-0.08764614691452025
0.1971185367291171
0.38890833942499525
0.9844713792277199
-0.578979555159394
0.858636879526203
-0.4936004860533874
0.9987544788422826
0.7183007469597625
0.7943852671506128
-0.9529673284250687
-0.18631842834655105
-0.9022846513399995
0.4428925142805464
-0.16643388183953162
0.9129632431338104
0.7640008942330143
-0.7345826146000745
-0.2621118088176006
-0.17159274549292536
-0.8475070056947253
-0.6067800920079572
-0.34151254279078685
-0.11414682396226362
-0.3524367796549702
-0.5877076276842309
0.45170079974586796
0.5329273503976011
-0.38707597942036787
0.9281315036639577
-0.05690928223023468
-0.61188200523203
0.0008175371559678429
-0.4239503120823973
-0.8454932012439282
-0.4352399647899193
0.05579127554992975
-0.6657942717358034
-0.3448733565551352
0.9788206321145926
-0.39812132210857715
0.5074566212672738
-0.9328388090145547
-0.6770996973397532
0.13099456333047313
-0.588665006857386
-0.007923239932567846
0.590976503533939
-0.2876307227987471
0.36739358920923726
-0.5785682656044893
0.8547979142373321
0.18233080846853983
-0.39686792723553244
-0.3150293905634835
0.26182508992631504
-0.8469328244241217
-0.5181239904541941
-0.828876314452126
0.8756898879338316
-0.21821183411237838
-0.19807246293418906
-0.5987736646673878
0.6955871704548373
0.6608793674256092
0.6659567764964236
0.7043595618213604
0.9235268737274
0.31781867511553147
-0.7093206805552513
-0.6512410499800974
-0.5241391562699999
-0.48492412329244705
0.1497961870110152
-0.05314956265625411
0.2581684143454396
-0.618163337080124
0.9601461150060554
0.7644755718563737
-0.9790850065298082
-0.3377011770320229
0.8661513248575105
-0.03133577120432823
0.9288172922195589
-0.26417706246138983
0.8404436896418984
-0.5046107874264829
-0.11429570898678318
0.18992846501099908
0.15908190235687497
-0.26859853384846455
0.7462378417806574
-0.2964167568759494
0.7317889841233347
-0.7823047396561464
0.3406887571928226
0.702025467010111
-0.819677809537885
0.8701708146938621
0.06465936007998048
0.7587678221051272
-0.02586600882936555
0.6264216226518479
0.44680207940495814
-0.4840143149001028
-0.9468542990556619
0.359969564098071
-0.607592537018628
-0.08276678585623184
0.29316586705618997
-0.5139067979539058
0.07524900169268293
0.641824089260099
-0.22253211540820017
0.8070067441439112
-0.47729734504911303
0.6015688927016348
0.4278465254001809
0.2632054307377972
-0.8638793222413471
0.8161194881265328
-0.8387185134398853
-0.5420853201772452
0.8420595402475971
0.06343868044178265
0.2523195838642207
0.9801341261185543
0.0898848863769098
-0.3345959147414962
-0.44480121733500105
0.32569231982580943
-0.11836598467035389
0.29696640554717835
-0.5691403735021775
0.7089897168805235
0.8660925129592295
-0.21014876578671923
-0.22704193793566227
0.11067541393438907
0.8683100012897235
-0.5072425043012928
0.6942115630393777
-0.9028995161182077
-0.19680653316480842
-0.9065107053954558
0.577862965905193
0.1484831913732204
-0.8201594503563636
0.584055075668933
0.2511777732651848
-0.7056030619670164
0.8830256068597516
-0.47592866337471185
0.5029489014027869
-0.14473912177945872
-0.5899202287698957
0.3853634202801589
0.5543428861587419
-0.8743580788265652
-0.10766313906386178
0.9637602484509207
0.23570204513943283
0.10075545373101531
-0.10728266789210052
0.7883838009900956
0.989206967154753
-0.5023131935579854
0.1732059473166303
-0.6808080195602026
0.49390145874103136
-0.2799486819954238
-0.3253612788955438
-0.9736926368018377
0.9575843868174835
-0.4900149671568239
0.4292246411595427
-0.45409322128197566
-0.4978910301179708
0.6718061381770561
-0.9949277854812688
0.019920478880625515
-0.21033862805623924
0.3712756757172982
0.30683529603413034
0.10844938669271952
-0.804745557604924
0.5308691757532069
0.47403946028016747
0.8282232829657618
-0.5145866153129439
0.06211293955415093
0.8652375105496406
-0.5225016211735932
0.5587760968809553
-0.48578850854646083
-0.7736446495752168
-0.9924235197741468
-0.371880547769141
-0.8732585198570568
-0.09375563868011405
0.2648462894578923
-0.6358040404965885
0.7199713381002757
0.6326833712833034
0.36635123874458103
0.15730755272882013
0.9223720391337246
0.8154387236556645
0.13740951418874905
0.22301569439503494
0.8006372431928439
-0.6947027514689402
0.6115926617312337
-0.47431426771541063
0.9253122943413885
0.9916619490727268
0.7839948751787776
-0.8015244856163067
-0.9596439432638577
-0.857043615529306
-0.9691518655899347
0.41233526026468675
0.8710406357220498
-0.6911584089832631
-0.31391264948138603
-0.32965515209539065
0.9255598172949584
-0.7357510917338721
-0.06187694484975574
0.9821821590686994
-0.8398752103115604
-0.46739354797522975
-0.23802558298536627
0.1622833643897747
-0.9591946602514061
-0.32098520313712375
-0.5937454918506518
0.4113766776641695
-0.1578355842852333
-0.16261712988632385
0.8154335303102044
-0.6821996302315595
-0.0686779395758827
-0.16185748968285887
-0.0220253586046998
0.22694941320360643
-0.3312788277271838
0.7402406182014761
-0.7192203202585555
-0.33806310237672155
0.011097832794021018
0.888820012483836
0.5610916799530814
-0.7120206096274166
-0.3288512488256957
-0.7087190554677041
0.83979265470634
0.46327663998031743
-0.9439180270137691
-0.8462146105199585
-0.49856059464984076
-0.7039583094802389
-0.5435141861126986
0.20209978300794873
0.17931106256296503
0.5704725563729527
0.5827681095658787
0.8159234295468968
-0.3015528143941406
0.6332251074598242
0.6353088528837803
-0.8170785542919454
0.21380998006638383
0.34962620193310906
-0.6965065107842014
0.9674884022751621
0.02125863221154788
0.2479347868598978
0.5159375754331506
-0.9005832336969704
-0.8402045439792223
0.02011382386964953
0.25182274866002147
-0.31774944641216185
-0.4698216539517838
-0.11206102644326468
0.93775770682139
0.43583096049623715
0.3107839471563269
-0.4255089271084806
0.8036382080787015
0.2657131778257176
0.019796000144149017
-0.44360744924040685
0.2762376602703846
0.1688997539442268
-0.7664510253987217
0.3811831159779413
-0.32322676170222175
-0.24359475279861004
-0.5917909406601258
-0.31445233693320274
-0.22579666458851005
0.3351348458459358
-0.12538112551769343
-0.677615484346878
-0.5281565620117399
-0.02751086514454899
0.46078187308279994
-0.8977794814695984
0.6553652961497333
0.2706768840378391
0.6028851326091079
0.7200300939436727
0.4823441375692693
-0.3324584897410687
-0.5614647205616311
-0.5056532659079496
0.806290088598284
-0.5999039212379584
0.6149369208742977
0.3723745828928254
-0.6838867222633722
-0.07832527088010309
0.8440249564479996
0.018722910153436204
-0.20458230941319858
0.8262556969008609
0.7180157276691105
0.8794509288330687
-0.06138010523607286
-0.4627130077833416
-0.5318762522654027
-0.7275899738725484
-0.33254888582915326
0.24386361939197165
0.37825207243550385
-0.7576749189359838
-0.24162351439774912
-0.11636972158179855
-0.2989003002972408
-0.7228631166996633
-0.9072427225802027
0.38637962123447267
0.33058395644971594
0.044464998548107516
-0.37702406025707097
0.22967366965312555
-0.9491130882806862
0.9601056478533927
-0.9099223430684725
-0.6282408570842452
-0.569026232707608
-0.4850197978773857
-0.04246849855199192
0.7068616473310693
0.13982173913807697
-0.5577037856758617
-0.8337756571094436
0.04658060466868586
-0.36859673996016434
-0.9760238339459117
0.08741599216096545
-0.8137748861117496
0.6602820439655505
-0.15863481380326658
-0.7087464669376017
-0.4116005099932616
-0.853740269586543
-0.9873778906262425
0.43385138367484255
0.6341614670484872
-0.24261327976885771
-0.3408336307724603
-0.07509634392472989
0.2578217470291655
-0.17240311622605417
0.33341170861816777
0.9165508240277234
0.34138230674103676
-0.22419867626503523
0.8358977580407465
-0.5521504322400346
-0.7737143445325039
-0.18021922664756126
-0.5220465205826267
-0.5138688760057816
-0.9057974027004652
0.17062357672308043
-0.14888750884405952
0.09595185812338541
0.7073167270988447
-0.5822594162202392
-0.08111215827672748
0.6893849815423058
-0.14811933603854657
-0.43722569867235506
-0.7834224560950092
0.6309057147400094
-0.8227767542125642
-0.5714200184347171
0.3837209124111554
-0.427024637558389
-0.9611604794493814
-0.6118372911259369
0.13539509719527107
0.6061151516029996
-0.6511569191087967
-0.5310053893724277
0.9927565521984935
0.6891910491670608
0.6653599332702191
0.8917538828177681
-0.8638472126059579
0.2667356676408565
-0.6755637681903317
-0.5645999235967238
-0.5735329703032851
0.47478810105657754
-0.6506116206932112
-0.04920867448804954
-0.5189950979034982
0.020558314064245256
0.9824728537499553
-0.4238415307430536
0.40775086611207123
-0.685277824436469
0.5687294231804587
0.6895867507525449
-0.9111440452382373
0.5696445219443022
-0.8095690143806955
0.7048169049298176
-0.12597946741396435
0.7419026051988334
-0.2605234688270475
-0.0881886505216316
0.43244509858131874
0.8421721066096728
-0.9537680210373622
0.9167274319771104
-0.39135038360991536
0.9737935214718563
-0.5372818847145563
-0.48303986096339974
-0.6533886365436204
0.9042890109593821
0.40552158393861665
0.684251286753773
-0.7675229148844349
0.2210087249603246
0.7632768431936969
-0.6988419805824235
0.516945970193437
0.12367123569808729
0.5157334990713648
-0.2989569580528841
-0.2857230631418376
-0.7016076269960098
-0.37709860746930707
0.30088859374730176
-0.09349442072460706
0.6076165525260318
0.10939146993895964
-0.39163289000904833
0.93599548702205
0.49059624093073423
0.38605976056833036
-0.02471786000471463
-0.18388304567714167
-0.4530840394855508
-0.5444923946284127
0.3995041794808433
0.6803393385356601
0.9498202372604997
1
0.7306473930654247
-0.9284015117331202
0.4634085776887791
0.47316655241013444
0.7937411210962128
0.4992645853954081
-0.38043873668906836
0.587998197639612
0.9912435984722864
-0.6590511307655553
-0.42629600095608805
0.6448157765800749
0.10645677856284358
-0.7819281340682579
-0.856585545637103
0.6813241433447624
-0.27467004136084605
0.40551209768897944
-0.10526235979969781
0.780421120258591
0.6980106964105485
-0.033117250684062516
-0.07765944094150387
0.9584374054447714
0.2326889453041493
0.8727188659036316
-0.5438225458037355
-0.3766638962192687
0.4456743748315863
-0.6298394564902838
-0.4187521201344677
0.23980718245103694
0.7946435265229583
-0.6880690894500642
-0.5199780937428247
0.10157440710717416
-0.7030555127486652
-0.134767877194892
-0.616105260782046
0.8295571552132989
-0.14309442993696586
-0.998601826355208
0.24026804152235678
0.5018402345780564
0.3837077454762437
0.0012152519112703319
0.8360436859502646
0.725539972230083
-0.36997101882851613
0.607058550365018
0.9516057100836701
-0.042253841212158375
0.7853601983427871
0.14761750290054415
1
-0.7489114119114508
-0.9212366202298096
-0.30732369413224664
-0.6748920040910793
0.08515091688769764
0.29693217732920396
-0.9986413893345663
0.17400428957058378
-0.4695512943376015
-0.6582625724759451
0.7849474300678896
0.5154220879370331
-0.7309494990693615
0.47748594268590894
0.8776910310490138
-0.48010163764066677
0.25458503633923873
0.5633746549815632
0.47885338880439976
-0.5397443406744271
0.1849350478213472
-0.7545313740235505
-0.3989694923129067
-0.5836236811645391
-0.8661948416178873
0.4785058586031367
-0.4569765032566826
-0.790976797588019
-0.18108774575168962
-0.7925077415713333
-0.16374692410472927
-0.0485670651584848
-0.004583810107614996
0.512559466363492
-0.9164348779305496
0.3479219874093268
0.29909163345942363
-0.0959126399486807
-0.40119343307876704
-0.7553907195984887
0.4293791351479468
0.6472944268663011
0.00918418477572666
0.6331991806345693
-0.8720332349935823
0.4110139342999688
0.9111086727781246
-0.4783011707482665
0.6033136475120057
0.37141200777946154
-0.20439322626998507
-0.7027560734476439
0.22941252949718569
-0.24723020582792515
-0.9761240982207608
-0.6169520629640284
-0.28469712398744795
0.803980899928739
0.280778627170328
0.8871007998485124
-0.3062783822317662
0.22756798654940227
-0.6656368294075067
-0.42852482376357637
-0.4525797132059742
0.9343170052150658
0.7016671906898952
-0.33148672385969674
0.6357500683367516
0.9747680850982268
-0.849626745630855
0.36682752617264236
0.03708915028297204
-0.9387560591440206
-0.6309642713368344
0.7500717194611564
0.6026011433167145
-0.40890076565121836
0.375284306739441
-0.24296090836942774
0.9643884583236371
-0.09393216116911529
-0.5818792158358818
-0.1976198187394057
0.9945812517698064
0.4377829043290244
-0.3564925983003781
-0.2909625788229725
-0.9257668606510769
-0.10980477963139176
0.6802709772643037
0.8057312365674735
0.17940185693143268
-0.5536812231161862
0.26392306776278435
-0.3140505209269645
0.8653832712002427
-0.10597770064922551
0.05206244548615839
0.49676320196110624
-0.9035948959400447
-0.1370346675641079
-0.3016725048520048
0.7580511829991708
-0.6158837557777663
0.08066750674186238
-0.6628117963134201
-0.9196384997156613
0.4317983955065476
-0.41488189239638945
0.19136183137062937
-0.032088720706921814
0.21820143329730055
-0.41032559382773914
-0.2838156330212324
0.7471286528543852
-0.16248291978319765
0.9385217575964004
-0.5353195396177871
0.7526488779430178
-0.2844067194488816
-0.19473040566067923
0.6756620848819201
-0.04976530829372244
0.48327639906157854
-0.7094355919308135
0.6990877893996396
-0.906711738555383
-0.11638606071111103
-0.703694048222413
0.13627495251067706
-0.18227696211761477
0.7369275346435656
0.3585715344161445
-0.543893468806828
-0.29298644374156024
0.5394734365343994
-0.07148476256899373
-0.33994247468895655
-0.78382945126131
-0.3927555007570557
-0.5161234536997273
0.196527333856943
-0.41988733854484406
0.6062397366393761
-0.5021020726388108
-0.7681606323055756
-0.3144525743790554
0.4962086856697268
-0.8231949791127929
-0.6049192157752814
0.9455619519396741
-0.786666522579601
0.031087753590249824
-0.7460581784712254
0.7721359001380207
-0.15657349234369825
0.30345623326090804
-0.6629185482902945
-0.07382684377534589
-0.7806661044460704
-0.8513858637336498
0.6214477783061425
-0.5093708426896897
0.04341976999973482
0.05992189622080473
0.28787670648944447
0.1951376637464763
0.2898879275330519
-0.5175294949811111
-0.7170398795087306
0.648996815785607
-0.12400784786478208
-0.7842668345546742
-0.00716838643465475
0.04695178839032178
0.5806956176684989
0.32895751457568556
0.34400336423944655
0.9834915503662452
0.3591915595461796
0.4610977234490611
0.3007438285780184
0.8485721531018322
0.6898354511599482
-0.28622598175644826
-0.617689702014873
-0.2517106031144753
0.5730681490708117
-0.5295263731883567
-0.6295114549869659
-0.5986558256688216
-0.29320036103831604
-0.8431978458951884
0.13839852482152606
-0.5679331146370409
0.5956458818383688
-0.7710459992120668
0.9279065741743685
-0.6617552587787432
-0.8046249925505642
-0.3517495389453151
0.3983142339757448
0.6045362981895663
0.1946180414323785
0.568893002913458
-0.7819935837522543
0.36838944671354523
-0.6523056828377677
-0.9073160074528441
-0.5057547840554643
0.4768066122595416
-0.7546602753367692
-0.8150936207518601
-0.21517243200096417
-0.6049927988789309
0.9296106133012393
0.8749207187430824
0.05807948215494171
-0.623214886565321
0.9349925738686489
-0.8819380018826306
-0.4645515275237175
0.33403673614870644
-0.9636666015275462
0.9749368450022429
0.6645984038340764
-0.3652211390371112
0.19318902560473697
-0.6555848708544607
-0.2468765499303546
-0.6643246760601057
-0.11994218617162038
-0.9670219200526476
-0.08315934422059001
-0.9080505031957694
0.9607224864627532
0.8067801499189625
-0.3429357545968566
-0.9257551716796639
-0.07713211971430324
-0.7781101869821028
-0.18911218086651516
0.2598836622318785
-0.2377252090026966
0.25243648928450524
0.1500104476035704
0.520913566484649
-0.9421358491329042
-0.9594552160618917
0.5514733197308956
-0.24624920552690385
-0.2577475551615606
-0.037392468103770456
-0.17091188788016867
-0.06965844357566045
-0.18726796310338986
-0.18896460784651178
-0.752404412252294
0.9513947965386962
0.8594838993665728
0.9187026391603162
-0.7945313784468591
0.377605441576355
0.19480607680648576
0.7817359625318496
0.04692703499400425
0.3656137832450649
-0.2515340997525971
-0.423404615397277
-0.9935487851601869
0.6286114320120494
0.26038651086070913
-0.6311032721290025
0.8866061753529447
-0.9259769496465327
0.36664029898430855
0.5413952654546911
-0.7708103314932537
0.08297136644874854
-0.11573887749511388
-0.6585257082878044
-0.5394065792336451
-0.6139554218342655
0.7757827560269258
0.9540105709805665
0.595717180841947
-0.10527277284901457
0.38375414125977486
-0.3715572358544362
-0.8022874231035254
-0.2592414429158834
0.6396037028858306
0.2742737045581979
0.5874255123772635
0.634098167435781
-0.3555479074766016
-0.1553976797093456
0.42125635606263095
-0.1736611960542873
-0.14203531727711893
0.19367278820412787
0.5809509150697378
-0.10506773497701277
-0.6591880097941758
0.7719641787848137
-0.09875914874305203
0.38431277170562433
-0.8535203382722694
-0.5822975900637751
0.20916737152953715
-0.6583352778547967
0.683172778196184
0.07961177945713319
0.23808927675688243
-0.9787796683935102
0.4662968568787987
0.7944146961609672
0.13023044762584987
-0.3268520572343437
-0.7774151421661935
-0.33558192405629517
-0.8650890331600756
0.974272987319611
0.22009045660701607
0.6283570088429373
0.17119357090116946
-0.13943777315611558
0.05532061611834686
-0.4911039346465265
0.2796218098752719
-0.829647396138965
0.3925960521301491
0.48814343839227686
0.8773480780032679
-0.052100703925523954
0.15246912981009672
-0.13276927729964272
-0.8977736572685993
-0.03828225651882984
-0.590741751514028
0.35222585238062065
-0.7648636358112347
-0.6260300805455222
-0.2348092873256834
-0.7191596984815555
-0.8214979375833081
-0.05153407577380133
0.4492912767411476
-0.26894388515281853
-0.8494164194803595
-0.7791472282610495
0.31822509326010684
0.8410600069521279
-0.19718666457185893
-0.645775504494514
0.7611161223073105
-0.6724961491954795
-0.00043305474859605926
0.4846437500138366
0.3203671690000429
0.583689534724808
0.991719659999714
-0.1457001213845404
-0.43322515606272033
0.18570196674062167
-0.2553100137011782
-0.2999929279141553
-0.9606206640921213
0.38271472457579064
0.90975530220224
0.17619906269172947
-0.49714924811157973
0.6905962457529292
0.09845193942267012
-0.5275351424527005
0.7850427249842862
-0.7320566817157623
-0.13935405964022307
-0.14817225578433518
0.1938496210089402
0.46616738147894404
0.6251124419915078
0.11666055749103513
0.3976650233832537
0.6126557287196039
-0.7881217514783737
-0.2360073478478103
-0.9254581838720197
-0.8664664290707763
0.15349816514406178
-0.1685048986729603
0.8724636344836707
0.16563598429448184
-0.8091935511745207
0.381254741823974
0.7135841320289488
-0.22828623614631008
-0.698550876893316
0.8382257566211978
0.1358176510355891
-0.6660409210047574
-0.9399390674882085
0.43066160334337167
-0.3793062090455824
-0.4283330987401546
-0.1591284628364897
0.7782073039378918
0.47921682779600533
-0.623624097438996
0.5966404531983828
-0.4197957649651593
-0.46472243296623006
-0.3466516377383775
0.8771482370197667
0.9297763591039404
0.37250256960769423
-0.8475373993553338
0.9520397914217501
0.3163415165708906
0.2963057607842687
0.8294243312397485
-0.9358469341437285
0.9808406498658988
-0.9010489704931693
0.5537975786022824
-0.030766645140263584
0.45430844991569985
-0.954236360037268
-0.07923833688219778
0.11008545473599099
-0.9407957854560788
-0.5932325307995039
-0.542651715681721
-0.6867125375504838
0.34427564570267144
0.6573344357293505
-0.7651741458549592
0.8561462943069181
-0.17355792705607176
-0.3893438568546755
0.15714149292928936
-0.8568540689481193
0.8634505029878106
0.49685795244859043
0.99742543965716
0.32289496196690864
0.8510552664775993
0.24222805593080163
-0.2161561812380978
-0.7586983071730032
0.6405631478963111
-0.8422904072644617
0.3740241329306025
0.4707274297100728
-0.7584067732638446
0.11429998670449519
-0.3001202836368883
0.8129497550460298
0.6237622749023918
-0.43480012180598576
0.6939645172162496
0.7269105407557639
-0.8028047195279963
0.4528767811267678
-0.48636708042535837
-0.11415933209876136
0.727313045476491
-0.18829860859659672
0.03153695814562764
0.8808932316554524
-0.22714114770862073
0.12912391210016216
0.7439254866946182
-0.9935623386462629
0.6673754318832504
0.04344885206250228
-0.04669958294721835
0.8263727742510151
0.7546678453132266
-0.7792163132352777
0.5559955433179545
-0.2037411945256644
0.0616571413901814
0.22330185410900485
0.20510366065143984
-0.9400983866336364
0.09450537707953034
1
-0.08786071711634806
-0.5663855111330284
0.12151760471471915
0.614367733461218
0.5582238140588853
-0.8599437696588401
0.7833284469162292
-0.20496658690332084
0.44326634400618015
-0.027715012153933162
-0.9063234650000148
-0.5406623005378192
0.11625592137750505
0.6259030072199238
-0.39241656419191606
0.5148297899873108
0.2617087114044124
-0.28093965727314685
0.5008170554929635
0.7363142247258798
-0.18515347615386582
0.7097515711859926
-0.6305028113852543
-0.035554363200139154
-0.6179801895194578
-0.9720950958968861
-0.00509274233487185
0.7748794580076576
0.47697708263652194
-0.8757735876769255
-0.6074812695722522
-0.6266451019981821
0.35488446405916707
0.5415475917572856
0.46316483210303633
-0.7645357617800413
0.6671707796619799
-0.3300956957865085
0.9199745005181575
0.8927914012146455
0.7268492908122566
0.3719094091804808
-0.8719008521337942
-0.1446798814298974
-0.119121427277525
0.901279138180521
0.8259351188428045
0.1618858324745178
0.047154106085747244
0.5250054528320325
0.95845825883177
-0.38205026761557287
-0.857033607158017
0.19473884190769922
