0.6129858778440366
0.3595759635269388
0.29934127929299237
0.9512324050594587
0.36746989062119584
-0.7234676341363817
-0.8943657013097572
-0.2488531852748184
0.08969177317386835
0.2882327446007226
-0.7836242029499983
0.23972290362049148
-0.3458394002082578
0.730026544259083
0.3339936054332682
-0.9342712513117081
0.7831779001057192
-0.5411833548827414
0.5539367072291035
0.09889149097635547
-0.7315937034498847
-0.298924406211373
-0.4440493868428585
0.3075029598891246
0.4729814562989776
-0.2271799530586629
-0.24359365246391923
-0.48410846566938487
-0.597966020334472
-0.259550800102253
-0.10338267232127346
-0.8361128423897294
0.5733329463610456
0.2791746338567571
0.6383943128356399
-0.071042417557414
0.2794637354099047
-0.07466978585255613
-0.7441515773438118
-0.3549124800155328
0.5490053012903329
0.24483458615221257
0.5743838069466282
-0.16295655728127514
0.1883934717495864
-0.05951745762215281
-0.17692421040523473
-0.04673928448171755
0.12749876725929515
0.7269081560871484
-0.26292398683676493
-0.907198201487684
-0.7265449072881536
0.8461865632345009
0.898034565428184
-0.2260911804930685
-0.7733391069124576
0.6464877967111068
0.9201934534285982
0.21566055151330846
0.9351268520838635
0.6364194861681195
-0.062379954902716715
0.4608677639733357
-0.04024321540360567
-0.7965934355661608
-0.9404066102642754
-0.8627541495779212
0.5461843756539939
-0.5238883031690776
0.018455617328560235
0.7264596847706944
-0.4553367049370275
-0.08198628674189372
-0.06872722966648413
0.807721094907733
0.19276231126734522
-0.3643428838122768
-0.5419472318088616
-0.24570901622994576
-0.4830270290635435
-0.04236306848631513
0.2046914661374559
-0.21175440559205652
0.81497387570316
0.2201876355404321
0.9078108953564951
0.11662521348633112
-0.738513368345838
-0.8976521153641216
0.5860722772055357
0.906736988505283
-0.048378787534817114
-0.6402107614458064
-0.8421172995225572
0.5335388942841535
-0.29504578664990727
0.8444543057167445
-0.6359601785067426
0.3400026430569266
0.7598397377370503
0.16279103438426037
0.058701267289261866
0.4705377725096082
-0.5032802422811486
0.4569277427323906
-0.45419427147769803
-0.6898487535106036
-0.9645839417435388
-0.3012013176436403
0.9389239129205189
0.40110855253994315
-0.7413398149168989
-0.8090721293059973
0.6454115040654687
-0.4852811574283538
0.5068943956468981
-0.5297508032029727
0.8720742105225396
-0.3116353332885545
0.3666127636163945
-0.2918017863184262
-0.6746695670969816
0.001263713007887625
0.6726263943330624
0.8253462898939643
-0.22085569882052397
0.4954204184128625
-0.8172684546771565
-0.5204872652982662
-0.020605760626223768
-0.341483293665964
-0.1550299279839798
-0.019235020823239975
-0.4593441836665626
-0.27792040350432134
0.5162166037347895
0.7805341171717599
0.3733179958836813
-0.2009636070669116
-0.43305342630865434
-1
-0.49950933740787923
-0.06921324151679002
0.8757194652340508
-0.9407261216898689
-0.1788615768051089
0.7576767808559663
-0.48465766006965627
0.9876602380222577
-0.4969210215189958
-0.3033197131605093
0.777971610463724
-0.7658905250701717
-0.43725205365860864
-0.7014380213407655
0.9361250042459176
-0.5444705920311651
0.337336172956003
-0.36641055063772027
0.006143106539736249
-0.43526873958755424
0.3966714203478943
-0.0879988803981823
0.9372276709859717
0.35547795988291775
0.046689545119518415
-0.48670993997971235
0.33578599027192124
0.07985166310685204
-0.13489232515282834
-0.3469185785727004
0.494886122699252
0.015574355912989998
0.7190046062531966
0.6266677629660826
0.39563341284528847
-0.27696889444817097
0.4886290676680996
-0.720423313504032
-0.3699718009075812
-0.44290240594137875
-0.5427030346052933
-0.3701912062665029
-0.9220527678041847
-0.40822457424226827
-0.5593301297509039
0.19811920621403606
0.8884023273935426
0.0554344421652816
0.9192988950586815
-0.8296466790093575
-0.27888968162296784
-0.29338026212891904
0.1749070221756302
-0.09004107182109887
-0.6511158285545674
-0.21257658437346777
0.2877710374672208
-0.02587990479205059
-0.17630918378404964
-0.4905112714504359
0.1275851488293034
-0.8487566931531639
0.39367857782964694
-0.20486238954250144
0.01127530687343421
-0.5600704222973197
0.1954406430311809
0.33443328253471827
0.8932263768871456
0.5766541046535697
0.9738975409484326
-0.717143684411646
-0.5911598920776326
-0.7184439914941042
-0.6614468641357696
-0.9487199639027417
0.11300738570781199
-0.2426417039767967
-0.13904851395750656
-0.833638584950402
-0.8578383225294762
-0.4450340267601732
0.436884980960524
0.05599192607902323
0.6825443317465597
-0.5296505309349888
0.6224308811176105
0.2776804014732814
-0.10072884681083315
0.02804900497590791
0.5510087025850746
0.27900354730358257
-0.24567758510630117
0.8444673690018885
-0.9564196636760746
0.5484922027907472
-0.16424169964019883
0.3579846903507496
0.21029114595835938
0.922468488846066
-0.8094397957863145
-0.45785306656824787
0.6598269177402807
0.3068059722261997
0.46520529349747175
0.47607540978859
0.6431551471320006
0.321930518644508
0.029666138053490016
0.31231906044785523
0.47323558536608556
0.035696905589782904
0.3878011477421268
-0.006935161033229329
-0.26084212453412736
-0.2672562348801989
-0.07745884783369061
-0.6036127652000974
0.3708494255174907
-0.31869064263884406
-0.8666450766833846
0.6880655987819213
0.7891937943210372
0.0844116083640437
-0.2286854116064901
0.9218076681565124
-0.7033897313500361
-0.8319312881324501
0.4110435265382786
-0.2065243309192165
0.6256040193319709
-0.11167590085320608
0.8691367672633469
0.213656633891633
-0.31125954681604245
-0.30272556452620153
-0.7789387654539285
-0.13886966535527048
0.06544357062270505
0.5768017785634864
0.245286123830757
-0.2446653963064663
0.01864927671922756
-0.5427722293791511
0.2810117706808212
-0.6071891497135539
0.40137436202991655
0.6029338663303764
-0.15792226363672104
-0.3971802441625678
0.31509153487003466
-0.4728451138935863
-0.048374600697119935
-0.03231070762119694
-0.35770049373782414
0.7499560847261909
-0.04143466270076833
-0.39252376318596954
0.4747617027260787
-0.8642397671419735
0.342280393894322
-0.31623074302042575
0.06695037485642424
0.9282206890062135
0.7312776937001795
-0.2749606786743936
-0.9583239778743764
0.024201696300368405
0.6103285887238564
0.6538587116852713
0.5731768697694026
-0.559037691138516
-0.5404032279645913
-0.8848785107466924
-0.6756945530546459
0.10174750173572797
-0.1426173120010827
0.10552318001466053
0.06233207110772651
0.3599518114435843
-0.6902913575705623
-0.9881960594816859
-0.7860509503388357
-0.14670967443874477
0.14100162500153648
0.9813135063267232
-0.925294823101086
-0.6442475843051335
0.02968070348522296
-0.353907656709691
0.2902185599285992
0.10956292016679206
-0.08887496303054668
-0.6568384541975597
-0.06639083931368897
0.5385609752491952
-0.7641184451682772
-0.11022133569675369
-0.16276983438744558
-0.305417665174542
0.24920101782976434
-0.2440310611771001
0.1904804154299546
0.6222768972660453
-0.5882600405263274
0.5638817267369848
0.2470964827143565
0.9209212303365376
0.28899184573930403
0.8968042633573525
-0.7406916436420042
0.900473668524822
0.690029476058314
-0.41530754243131385
0.4936404957965087
0.10268331071665762
0.670651112458921
0.8956259738326341
-0.2303172103953407
-0.17126200218982138
-0.4238623443170297
0.6720709288888528
0.05325082672139173
-0.8721695418928141
-0.8066881068299795
0.385102955067203
0.011893581796656113
-0.5482344130697622
0.673273288841701
0.8088458194189607
0.06788115745599665
-0.17405701454913217
0.6036160430253613
-0.4393251572175246
-0.8410940684154575
0.29119623447924403
-0.9907468305029096
0.9314756420887745
0.2767567517816894
0.14335099853954508
-0.6780775947831108
-0.3887089314367093
0.8507049992533121
0.6625015108482771
0.040944105905469284
0.0725308660172454
-0.7854755710923947
-0.4780248756886441
0.9575460190816218
-0.9043536053545473
0.2785717333073157
0.24819564587655293
0.5944764689831786
0.4225854260573297
0.4304526490774949
-0.46052426762076903
-0.7827040825842714
0.6806012155549818
-0.9773112574641106
0.36938834267623577
-0.8345854103869513
0.14118421101666778
0.004927894037272645
-0.9077624943085505
-0.8437654426959332
0.10220490721554883
-0.5425661561379175
0.40205215960291774
0.21512822260550424
-0.6550177537043164
0.6495554515003747
-0.5501820229940617
0.49200156750918844
0.6998977164642017
-0.7132907872979508
-0.1380508378596962
0.6813941207550465
0.06207489489601796
-0.7458477108533623
-0.11914721245301053
-0.3868159134959776
-0.04367744938787238
0.5462012247480289
0.7189953399022763
0.37943775269901886
0.5630363376753998
-0.21168847735917956
-0.6660856962204506
0.8243928270371516
0.8092543614572337
-0.5584438277107335
0.48445036555526455
-0.8911064560126092
1
-0.000564748784335208
-0.38354952471485315
0.7506629324025756
0.10031076961041775
-0.2839433019998057
0.43633117075428807
0.750135861967044
-0.7882121558248917
-0.2640312589003098
-0.5416805918631084
0.075303317202421
-0.5857913466846296
-0.23972045442682258
-0.8115685662141151
-0.32364148659777386
0.5152366280865501
-0.2834895903423504
-0.3012733630077345
-0.2045101294696189
-0.43941316098510536
-0.5062878269970448
-0.326112605019707
0.1429897423841493
0.22228326497116319
-0.4787455657789923
0.980747469631462
-0.5024265174396034
-0.7615110052030276
-0.764626746999659
0.4609907826349361
0.42060304350514316
-0.025817952090757303
0.06190234190309276
-0.7587338425486706
-0.765127423557845
0.16577989817938887
-0.3560233154733293
-0.5438062674414226
-0.717987240942982
0.5128382951713555
-0.6736224523119457
-0.8944549189163381
0.5655582962680121
-0.16864619984566798
-0.7207892778857724
0.8826789106176011
-0.4218134138727191
0.4662131710340362
0.6246543117475469
0.8769395789907948
-0.2898045106356604
-0.04970868570335046
0.6827823266547873
0.30996557794886936
0.023022914291102238
-0.5545909544706701
-0.5499875130124297
0.7586377631229886
0.6858114827713355
-0.20472284978526442
-0.9457828165246567
0.04139141342450687
0.464403821817256
0.05710426460428939
0.05848353533951448
0.3218753020215869
0.7632280627427532
0.6465821692547021
-0.40527049094980494
0.8048943859986434
-0.1916775588518385
-0.6298915571320195
0.8580053685989564
0.026631667709830067
-0.07405007797097052
0.254006924881418
0.5115122328175389
-0.5550311032465509
0.9941192931412002
-0.036185029584831316
-0.6064209295780411
0.7093437955384548
-0.8543000708196816
0.7950954315827998
-0.8596082244893576
-0.3162402284039885
-0.20835898870686725
-0.7067156658909531
-0.635212985843361
-0.9523636910652571
-0.11362638724556456
-0.00216994747656294
-0.6069331921470387
0.8254502024189243
0.3888091457000062
-1
0.9059328653409304
0.9175727400771876
0.23197698361512664
-0.232252979510134
0.35430245232610763
-0.21639965097295366
0.43836143416974255
-0.22643487158235867
0.8045021204131786
0.028772608051828626
0.45702842905305224
-0.03162484851213747
-0.5920957708360057
-0.7608005246616135
-0.6827972770980258
0.5273776390471311
0.5073016462283443
-0.4024254482344681
0.626639854277201
0.5440774850725936
-0.3508269529836442
-0.017855194865955624
-0.14526284947576157
0.7615555600274275
0.9185425178045165
-0.46604687518883575
-0.31361997725263807
0.4852950089849122
-0.27126785182235175
0.9684633987375215
-0.2731169444689378
-0.4836957094708108
0.6903731392827906
-0.8781471512821197
-0.317674993634558
-0.7996805244594766
-0.7255650236657358
0.5448580928740911
-0.3039367478119413
0.5973082857705612
-0.19107318689161018
-0.5556869292559962
-0.5354796283335571
0.3584096382256786
0.3926398015109251
-0.33308700225515075
0.36503566877555144
-0.5530728329305006
0.7818200027048732
-0.245756438040503
-0.001763544663895172
0.7274165467725531
0.6172862930947596
-0.594130638529933
0.843130755087309
-0.33239236117816934
0.3935270788697584
0.6350745729795265
-0.9907720106139084
-0.03399240388134972
-0.23668577351776535
-0.092311520141175
0.5613090645637291
0.47539785266739903
-0.47245206800333284
0.6942542157589882
-0.22504677874928442
0.4979962718690655
0.6744454559351247
-0.501482508804585
-0.7237306701746862
0.18834989815205816
0.1513013331360661
0.3515902963486183
-0.5509546503881477
0.49866550176080393
0.37608645264663015
0.6611162386021253
-0.3284420025079154
0.6042061290105828
-0.6225168278361616
-0.6345128346227935
0.7889883102536521
-0.9208072807160992
-0.6500821029638967
-0.1826770180623171
0.36835987403084935
-0.23577268443949506
0.33988483154915894
0.20788132408239682
-0.41764391123807854
0.9621231226879434
-0.6787317272699732
-0.12340555293336447
-0.3768484716540317
0.7423784766413146
-0.3088617781071581
0.9956469510767878
0.5159325780027444
0.15540653895812856
0.8076142290246643
0.23261326701117674
-0.6525652544071135
0.26459914442414506
-0.6233151587739686
0.7749973608904122
-0.054706449088411276
0.8705181233115501
0.7223004024955324
0.2054926376160351
0.9820566605108851
-0.340561693384301
0.33031776703496446
0.5990692722493995
0.933995905327431
-0.6589260496720174
0.26896905029803586
-0.10288087232891432
0.44319549466508346
-0.31390478037743375
-0.18818946114916463
-0.9249333102188072
-0.1640389498023395
0.9607123931937346
-0.7889075920877466
0.5109730000812228
-0.4608508390588201
-0.9676590382884038
0.5411992493858496
0.7071184069188419
-0.7541638124355045
0.006369576240693368
0.9227020255188173
0.3335213054233888
-0.9984693435902788
-0.7300911068771643
0.9691397313170232
-0.9676842806542518
-0.7099840665868293
-0.22105975164933306
0.6252968277221217
0.42232004729310324
-0.7892661844022589
-0.5989715188212441
-0.0026082849165639174
0.5271884787735716
0.4499180197052364
-0.11248666186492659
0.48341757335647445
0.06232751570285814
0.5453511428263369
-0.7973222952894514
0.4494164301680391
-0.4077678560104
0.5730361607672293
-0.32594396898051725
-0.2226391125842833
-0.3137528645579407
0.24595331561665396
1
0.69785910790955
-0.03494727915471537
0.7386522004112549
0.40827505309764534
-0.7282019754579502
-0.5455326657337023
-0.9316997039050764
0.11750263768150568
-0.0077441951609560425
-0.40894219710292457
-0.7955939263461855
-0.4695310811274858
0.6314024444178563
0.8206051947610395
0.41159862605595354
0.7826422777368791
-0.5068390258706973
0.6766525569817649
-0.8908725091388315
0.8549891624140917
0.5189818188331213
0.7288474265662329
-0.5202834300455123
-0.3298718225372542
0.6112824318076906
0.4850302385430922
-0.028019018819627477
-0.3446264705573415
-0.7527369757470603
-0.6191550069187061
-0.18896827542582628
-0.05103296386797238
0.6607745007583475
-0.3092384408649032
-0.8167639304023714
-0.23132289852895732
0.03834666670982106
0.5414011199177958
-0.025221875922655946
-0.32558036351530073
0.3777752039234198
0.5133317317375897
-0.28858665137105977
0.37018362206177796
0.8689505491010563
0.6524362487384125
0.8434469964804541
-0.30472006604930674
-0.5387080484324867
-0.9048792533393182
0.883603175331362
0.5180681189647878
0.12042368895232104
-0.07766995697194255
0.7176738615343586
0.19086688403007773
0.12356848365061261
-0.5986574454638516
-0.12246141685715771
-0.5154825729570328
0.563387979400506
-0.7290262491580977
0.8765768424097188
0.4638836500660355
-0.9393671669937819
0.06951275702896274
0.9843721108835842
-0.4458050803962123
-0.7005093333416361
-0.41398134403949804
0.7626620833180284
0.1535623980890994
-0.9994259563425902
-0.2652449045090775
-0.25791638446297777
0.7545959012628811
-0.9968349496417735
-0.9028099301618361
-0.15041316902079518
-0.30331740371338395
0.02482061343221499
0.2489076462149273
-0.6891479217357203
-0.3247671468579487
0.47729891770766214
-0.19264944274560902
0.9469731426430235
0.8231317114901485
-0.8660461673247484
-0.6250982183064697
0.7164359652651688
-0.3894090685519513
0.8706271738356878
0.4135916218978479
0.6060780154969931
-0.9752255792344484
-0.6941553648848388
-0.7612892885156387
0.9031449551669075
-0.9926797193172451
0.5766252267289682
0.2833523123940284
-0.7828011821543314
0.8218308276397365
0.7047123620186024
-0.2718272611263521
-0.2997460206125396
-0.923373070391242
0.4592459057383073
-0.19982617683272846
0.8054490942567804
-0.37475725066003523
-0.7443204356347998
-0.1377892222659543
-0.02439653501913397
0.025792415263784584
-0.8633261026729654
0.884459862701756
-0.12666305174917408
-0.16694843158699454
-0.14294677833059896
0.44815994557298017
0.6846090398810686
0.51156722536863
0.9205439850093576
0.07442794554251772
-0.8448286626470709
0.624184361085249
-0.6253552891487947
0.5407100643487132
-0.834867703828322
0.37709048765321995
-0.0466155700347034
-0.686651424100486
-0.2330041109821485
0.5969325061818854
-0.34442427658021046
-0.8638638465816709
0.01691382481366965
-0.29973926588131417
0.8903090818491978
-0.2166101206185895
-0.38876517394875454
0.15258591233546945
0.5767069242596624
0.9225755750971902
-0.10793524250081547
-0.24110471949173776
-0.09254362242732517
-0.9779854414130579
0.45161206355782757
0.2373484335640226
-0.9565203548865131
0.9390873639166029
-0.3413473527050689
-0.6272909413007601
-0.2761222963613726
0.12875797685086676
0.7358363474379763
0.851223226581386
0.19322905550565206
-0.3275597209317846
0.4710275309184882
0.6800447463949236
0.9413901190493419
-0.13864151895411064
0.7229799487858318
-0.7574343228568491
0.7508057715414178
0.9082111261200002
0.7840599061311496
0.8788564975512249
-0.7864412408626141
-0.18101192030821178
-0.03796756016661362
0.47066000248973566
0.4104302998426051
-0.3952890981075908
0.8801645787896922
-0.3752380047960952
0.44546654050410933
0.31120158614816207
0.4741609561835725
0.18875803529050075
-0.8106888510336913
-0.9099589356895241
-0.17477134894305704
-0.1700873179730154
0.7192862987099504
-0.025901096256992863
-0.13897030642232625
0.5034636274235562
-0.028428137788439653
0.7694097296404592
0.3615744242266478
0.0031782696281527426
-0.5892960478346534
-0.3312461889961574
-0.4867108160421731
0.3113865144061892
0.040217559742105634
-0.3214274900339764
0.03124823850639709
-0.5947054718525129
-0.5315149856768246
0.6624163757120101
0.1173996013133142
0.9065952840024561
0.6733235513905111
0.6511910854136348
-0.24966654741894748
0.08254032520637777
-0.8191839308452178
0.29631396005755006
0.8941810913047189
-0.17412343150558476
-0.20915719023169152
0.8238289372086957
-0.763410246876674
0.9772082825656002
-0.05093787159456839
0.04892981942400527
-0.4109332228130361
0.29322069621260477
0.3173985657884494
0.13439992609138918
0.1552833177829536
0.7459925115953546
-0.6906046701436565
0.7828773991275412
-0.2046016615773595
0.7732379254690653
0.5455515267638306
-0.37715362304504174
0.7587832329445663
-0.4563629888169312
-0.9042025252443442
-0.044965531132377994
0.6984176447594944
-0.9942096556231281
-0.7226581232021827
0.0644897641888832
-0.7897224150345791
0.18001998170817754
-0.09989325790887131
-0.8965217214835118
-0.5488506797253857
-0.6667248918040671
0.558528819047038
-0.31078369857444493
-0.8552851051377675
0.326990816261747
0.46093414554822854
-0.18413968024335747
0.7842331716391343
-0.05232642204945959
0.7758431981751244
-0.5633444845602725
0.37615131620823955
0.780072023212755
-0.24013025291969575
-0.9611939037277495
-0.15352846646243715
-0.606745416860401
0.7916639689286032
0.772935072993204
-0.613314749249572
0.609701235538051
-0.1253943585755063
0.9025095705021995
-0.06424959860799384
-0.36796357301540195
-0.9371654765405752
-0.49127182669692
0.2766938099351127
0.02808619520245722
0.5878897771026699
0.6989623918017953
-0.04525482907816471
0.3169655502099593
-0.489464748869471
0.07678298948064635
-0.006310709920822787
-0.7645519573059993
-0.42529839638767375
0.874953936168525
-0.7957922527760023
0.8154164629488088
0.23551002123249465
0.34833535488367673
-0.6067880598508739
-0.09341480067605804
0.27113053746523524
-0.7121895512561895
0.5151163078417452
0.5417427413986449
0.9322601108062349
0.02160187748229281
-0.28240484963920687
0.7190250374115289
0.31256529093467506
-0.8971597248257126
0.47509717618199376
-0.6414606871148647
-0.2885666204186025
-0.6716090540121541
-0.7734021242506923
-0.9052641786241702
0.925105138461301
-0.6103527815529489
-0.8522291436541565
-0.45211207959375627
-0.23486920993901864
0.5727288652322039
0.26725917397479515
-0.5852810538477247
-0.29910056375034905
0.6789883675514556
0.9536526271905007
0.7548709050202821
-0.03259116180841316
-0.8386685763397083
0.34620142605318854
-0.3735613612723171
-0.6401371217564898
-0.05275246326242861
-0.5991784895474133
-0.1676168828076889
-0.7378224857056234
0.4484075798860909
0.3498810878264695
-0.04663271646703971
0.7347933130870639
-0.9113594287768916
0.6356706582335172
-0.5509249091191123
0.3146025580112287
0.5547712840819399
0.21168668757686024
-0.3741123729254199
0.31553043112868934
-0.06963541642019698
-0.9504232032699638
-0.6052520947429787
0.9901920367980231
-0.16006120311183974
-0.9790550761219268
-0.6247187951879305
-0.989359412805041
-0.17803822924244253
-0.29769401394552714
-0.8285565026709344
0.526270574042608
-0.864604855350777
0.4308379575469331
-0.3790623833895733
-0.7281927119533799
0.9031737334313575
-0.4320600587601131
-0.21683130555588667
0.4490622447350185
-0.898278602720933
0.4373884642859553
0.27871115780886635
-0.05503609580371097
0.3557623554976453
-0.08693435243180954
0.5951385147067766
-0.894154112312106
0.42966211148442857
0.07011164970611969
0.13500727076547517
-0.11962050215293339
-0.06258191467268437
-0.9805108165641201
-0.9867504545812722
0.033417306454840055
-0.005196014356590604
0.5157199580441112
1
-0.4818144999264527
0.8167116674634356
0.4235602817021706
-0.14714570808892605
-0.7514413913822426
-0.5702084022744077
0.18014309109144513
-0.2833683009061323
-1
0.9393097581470281
0.36082305380513224
0.719477867377854
-0.986067169979157
0.5665886542135873
-0.027957111994643586
-0.1726512209356688
-0.05428872743728581
0.6059376598736304
-0.15412487767974603
-0.23272359567480105
0.22339023585273587
0.9061184066784875
0.39339499524150157
0.3808636276651145
0.4530304370380503
-0.40873240544765
0.3357341396164413
-0.2901453569653838
-0.43086212102887367
0.24088221402258642
0.9646211883406074
0.04184542640724664
0.10967419820658629
0.4043105637071706
0.35931494020763316
0.3443838688779517
0.46328146658986674
-0.3563171277544884
-0.06818039006652901
-0.9228231562692147
0.09104796868226253
-0.7492843752263418
0.78428153402412
-0.5388240854350168
-0.42273651723391836
-0.6487490064572595
0.7440698488608573
-0.5380907095753945
-0.5712268864715994
0.20218198465900225
0.2563001646318926
-0.6409396507091928
-0.5565811302059471
-0.49264844318885953
0.44984821789112356
-0.4423553315476688
-0.19783651780468375
0.2753005639120212
0.2872617887242593
-0.12484126946887374
-0.14519696624068204
-0.6138131310658166
-0.34620924622857524
0.2281812613433218
-0.2624067305455449
0.24592144418909528
0.0957400755065318
-0.08771693803968407
-0.3213828974719366
0.45157560048498396
0.05887614573413367
-0.07280760246235014
-0.8691440575618951
0.9044481087793748
-0.7729368468209173
-0.28498194399811105
-0.7804711737459237
-0.4137686362655056
-0.7319334821678932
-0.8085072399430804
-0.43872251729838646
-0.2639243233429689
-0.8992993041501417
-0.06594964492263106
-0.8014555617506949
-0.4406553958126396
0.04751752238397154
-0.6446180354869218
0.20280616028290976
-0.45853997411062325
0.8027201485456968
0.6430687898637216
0.6710192860686719
-0.989104917737343
-0.604021654651574
-0.9663549875607235
0.7599674155324208
-0.4064232163493458
0.24098273299785472
0.8748616660379064
-0.72161447813344
-0.7935986367507049
0.4574607829242559
0.8445406763095251
0.13343041307020823
-0.19308262579998875
0.2602778482563906
0.051533106840873755
0.15249026747976985
-0.78294854394062
0.18712840570416053
-0.8842544386030778
-0.903059460500956
0.055972460311498676
0.8732993347214835
0.5522999128460295
0.09697664632132227
0.9132856565607691
0.11964621573622346
-0.40266186362332596
0.3726338005604744
-0.21631516651541782
-0.09426066483203976
-0.5421699584874172
0.46423227287740826
-0.8102357460540283
-0.32793215368548617
0.5200324264525295
0.46661065639019644
-0.6517126896750642
0.9100890418676063
-0.6611505526961746
-0.44785170143225966
-0.08561435090446472
0.31738620230177933
0.07914799064099254
0.4797083031855359
0.4377501089400894
0.8324205222199185
0.4152887304185765
0.7693955514312365
-0.6100845559252194
-0.4000287664140292
-0.204890697445986
0.9013076543917361
-0.7124619439222559
-0.7593943684738621
-0.7320879611189708
-0.15997279915807552
0.7181543753861744
-0.6204269516869462
-0.2622715767379068
-0.7303461023356891
-0.9155551110195915
-0.13204167651033036
-0.5584768134706722
-0.31437765017522956
0.23247113268551645
0.8894130560654709
0.959214052000227
0.2805044068272566
0.3875520999163624
0.8760371169223627
-0.09527137154385859
0.5581391719551461
-0.6833918258171836
0.24729216774960822
-0.03369069605642732
-0.11049691025485196
-0.9360585492423424
-0.8755558173040608
-0.1093111408443709
0.33385885522811704
0.2073540437140309
0.9606629580527074
0.8569670063702843
-0.7329203389915004
-0.9506890148026634
-0.10474987803805005
0.15442580474555934
-0.8288897910519025
0.707550029846256
-0.7554970009378044
0.62491878201988
-0.35444588092782725
-0.27341502284626235
0.28087550270532285
0.807669233424666
0.7719327441168408
-0.36281654997106566
-0.06146482717449568
0.2363295492499545
0.1580739168564254
0.5629087932129547
0.15746793580572593
0.983834339346476
0.7324088778056537
0.08825024477222822
0.38886795191100665
0.15632081889190286
0.6244083303110471
0.7156494340483294
-0.7139600789915637
-0.6217735765087923
0.2490005824759217
-0.992946957740926
0.6528756994742846
0.7916288008102372
0.044540157680508334
0.6461142533293717
-0.08774655098455099
0.4847259183015837
0.26950372415145557
-0.4769773792688322
-0.5741546163471961
-0.20983757812150897
0.10601879216519498
0.8149308592205556
-0.6151233629781883
0.604832643839985
-0.0028246366805396595
-0.9360028694256888
0.07773829584374693
-0.588537669554288
-0.2285664858579113
0.7574922062849494
-0.3893442003811575
-0.13012315693603524
-0.31367009981702904
0.28102161994350816
-0.9586374004924745
0.7335187911405323
-0.028543938751709942
-0.10481536826434795
-0.14275489619779635
0.12290786906351434
0.3502669175181738
0.4880955158820273
0.6455254197541168
-0.20855901996378504
-0.042045097135641245
-0.7306576602904847
-0.40401678782512385
-0.2805657699083136
0.5363573438025343
-0.7029822829760045
-0.35365638164543983
0.5294024533694339
0.1873624370479933
0.008433758325648766
-0.8604351943061165
0.3852193713136109
-0.3668957356211387
-0.6503896707337564
-0.7308270227094407
0.34442499555066786
-0.29864154950872934
0.5399576351623357
0.0609887434262895
-0.5966086455965914
-0.7144176396120483
-0.40016989012914544
-0.32645470118436565
-0.22462831575537517
0.3418732810081094
-0.8292897859806243
-0.5164712706455199
-0.5746334704053773
0.005347273829588902
0.05862350757449589
0.4732084686620229
-0.6684039958828749
-0.12854256244988824
0.13865830991831438
0.3469822263142109
0.9943617741743355
-0.6131457650221338
0.8792603489979973
-0.4617227748110541
0.9713291418634202
0.7274501663083689
0.7546338832029685
-0.9832492656915582
-0.14996570601358972
-0.9080164093102331
0.45096996311263365
-0.19300726996905043
0.9643274992863063
0.6628843861269742
-0.6859352623168384
-0.2225814006006602
-0.25136029952760147
-0.8736599826935106
-0.5661030750844532
-0.37756295179615623
-0.12164741255159567
-0.3060823738286725
-0.60938058829769
0.4687655524734289
0.5667807670414323
-0.4474312874644095
0.940127042904826
0.0035441984513725697
-0.6503344446247258
-0.01975632079774373
-0.3932513503177174
-0.7738377081481276
-0.43374879480672557
-0.008061869261000632
-0.6942516594449182
-0.3323803595820886
0.9364575646980322
-0.42238027714659493
0.5677799910480855
-0.9886266455241453
-0.7137122142764127
0.08386238430329948
-0.6057189978919276
-0.016114655364475955
0.6091882623828055
-0.2618908931098568
0.4379033758286309
-0.5692873853311927
0.8646925852112286
0.1713088855739565
-0.403595706800346
-0.2715057396781454
0.2848505696520241
-0.7981531966649458
-0.5478121055960411
-0.8810331066325332
0.9024493935383843
-0.23644827150121475
-0.2551555906533147
-0.5724569138664454
0.6611915400814321
0.6900332867212634
0.6218259187487502
0.6728932499926731
0.9584646510149585
0.32770039939191276
-0.6454665875955823
-0.6771619718242841
-0.49360678975120736
-0.4696655971733868
0.15953121431201528
-0.024895404348995988
0.2921578118772346
-0.5867234242532682
0.9070404730596162
0.7806897825973246
-0.9573160532254728
-0.2561983724929072
0.884225760156677
0.0004364111897148021
0.9274589137270401
-0.27053728396272836
0.8753480380231958
-0.46103262304255177
-0.24078015667912733
0.1930567112299787
0.22675120933230197
-0.2735212140246418
0.7290404390911389
-0.38054596413458824
0.7284820050709755
-0.8467276867548793
0.39160728715444015
0.6864077482719408
-0.7844257545672774
0.8010060889601097
0.09230098368530353
0.6906919090641567
-0.07510476391506478
0.6149268870141993
0.423613393018399
-0.563450296319074
-0.9722167781947456
0.34923263572254765
-0.6738869744664301
-0.05887668985593399
0.19838964277107646
-0.4937012705559022
0.08425744672890646
0.6628574444568771
-0.25958664640329415
0.8771307375807369
-0.42413826493905266
0.5790787212023054
0.40118120348630154
0.21041805076561246
-0.8340220354542184
0.8505535305452924
-0.8290705646525263
-0.5565478472450828
0.8465828079005107
0.0803410825874811
0.24284302625870774
0.9821008479865799
0.08304798686828907
-0.315795732162711
-0.47499762608825824
0.3666041994248653
-0.11580372894076205
0.3768748250210436
-0.5762129215380746
0.6613533439491402
0.8803401836671346
-0.17787677850811687
-0.2883363380483833
0.13892339455988653
0.8724560967798001
-0.5006082895769273
0.6359567900117398
-0.8907126163612546
-0.22975413750898635
-0.9867823533412744
0.5513787845200031
0.09930685418202911
-0.8132779904328639
0.5884612510460143
0.21816887518153433
-0.6587671365275276
0.8773589776602183
-0.5402491411675131
0.525403401987584
-0.16012564510299573
-0.6442057340577135
0.4217593590325295
0.5176116626199421
-0.9430887378863808
-0.16820680541860764
0.919219016126485
0.2204909457468521
0.16389235332523636
-0.1217216572509913
0.7479167276663965
0.9809083360945827
-0.5109553100252994
0.16857880698168218
-0.6743494856221963
0.5077896507439285
-0.24207428385207835
-0.29692390583148076
-0.9620229518551081
0.9897022761324856
-0.47701837592798474
0.40750451788298186
-0.4409103371489913
-0.48919537675060687
0.6744573919804874
-1
-0.002704694280838787
-0.18168747594637058
0.27008513352083235
0.30157407304454875
0.13051259676329574
-0.8688596728877616
0.44444848076556365
0.5267473968433213
0.8147251202593063
-0.6009344929301413
0.12582088065538166
0.8984945406732219
-0.46670622434270326
0.49118761789511334
-0.4370309474873314
-0.7974634589335983
-0.9748969803232505
-0.3511478809415515
-0.8599705346165497
-0.04453650519362775
0.19688986854642943
-0.6757833112465178
0.6919928776293183
0.6166888264617005
0.3763475794575351
0.14454910852707392
0.9377967104822794
0.8106449734711153
0.0805009279255667
0.1807637104125302
0.8182443724010646
-0.6919518059771687
0.560290343325681
-0.4490893318415931
0.9425503809675818
0.9580893740180448
0.7991917677778094
-0.8739200869742093
-0.9382226237901644
-0.8949263361920404
-0.93605243414281
0.4339540370211627
0.8360855082033355
-0.6847151192083768
-0.22593973083420557
-0.2624742960224336
0.8786652037003677
-0.7969863918042873
-0.04734516478555653
0.9369824476184917
-0.8638242944460064
-0.5174530163204554
-0.3020587400566687
0.2301532928040385
-0.9728573534876473
-0.3521670978871389
-0.5667364202990287
0.42165242565002087
-0.18195457047523017
-0.17735287426430965
0.7862578944705632
-0.662331341364802
-0.09354497891386662
-0.20699707281648946
-0.05312730462950702
0.15118555897524802
-0.3296155041198243
0.7826254656039755
-0.717148496770372
-0.33477715681629816
-0.02715190018882946
0.9348889860301492
0.5355448423110349
-0.7367547277254194
-0.39918635671082303
-0.674512105437315
0.8397810658366992
0.3797194791262577
-0.937604554426203
-0.8826311435708434
-0.4522856252028668
-0.7131018086706491
-0.6299070995334194
0.20167906539337443
0.18186584031221928
0.5975604660081842
0.5801578766367254
0.8095807079126999
-0.3739116430883432
0.5873088261257122
0.6567482509029907
-0.8120529729145575
0.2502410988309805
0.3666964552541744
-0.6801358417256084
0.9311915642063471
0.003958993705484975
0.20543408032556112
0.4963330996069733
-0.9443954888590574
-0.8081967527596006
0.08608399747842035
0.2621094847729245
-0.254157516389799
-0.4773142929431191
-0.11209699187719943
0.8967481533606515
0.4760237384230656
0.3106777943767005
-0.39482291255400737
0.7722668403944263
0.34711757649141844
0.043104032624587105
-0.4607864823425605
0.23824083950659936
0.12747263586000346
-0.7528255860876637
0.4004713637764797
-0.2777982634924952
-0.2803528866631987
-0.5789478148142855
-0.32236298989802137
-0.25947839798052413
0.37087680889805524
-0.09471502247252213
-0.7307866999062066
-0.6065725271018693
-0.03966771273944835
0.46539579519015084
-0.9155547259817648
0.6498464228757738
0.31781703658468924
0.5990634428747302
0.7776160408498459
0.4814773472485376
-0.3422552743172545
-0.5242262265812104
-0.4921758358145763
0.8026510353929592
-0.5546904717325399
0.623422866725664
0.3865923899490854
-0.6574351646629422
-0.07388735675473497
0.8499390857099006
0.006986468272536882
-0.1277963708715742
0.8461105093818174
0.6569610908329102
0.9750896790886997
-0.14191458103320495
-0.49489372820794775
-0.4476465559764626
-0.7662173778321534
-0.32199658583274016
0.3024777433522278
0.3838529014202211
-0.731339136208104
-0.18471743993430936
-0.06683378355942987
-0.30702758655374285
-0.7445185419950008
-0.9371845971855011
0.40648140229045976
0.2892291734938175
-0.03133024227645048
-0.400461584716498
0.2205656722564102
-0.9527405350949596
0.9214444544262227
-0.9240221989006415
-0.6130120336389381
-0.6008792064313321
-0.49477938409525674
-0.04759226766117637
0.6944855318528212
0.15756451025639692
-0.5862458467415096
-0.8471990026922592
0.008399220277487233
-0.3409206217574573
-0.9749797290737571
0.08216224090656392
-0.8446019650217548
0.6797353444702692
-0.18679818054999836
-0.7231490386557043
-0.4415802738066058
-0.8252887011260204
-0.9948286800442746
0.49185109686745765
0.67357949900688
-0.2786550205679786
-0.36314248136920824
-0.046500539757154576
0.25715421693112245
-0.13615554373658365
0.3042427297454449
0.9203994525701659
0.3696346463323021
-0.30850200661365007
0.8808859136797832
-0.5450521330260937
-0.7745571400475096
-0.16351654647879835
-0.4644830182987062
-0.5487025698163499
-0.9253909775120897
0.20931858220683403
-0.11783458447359418
0.1541230679977664
0.7430867219016958
-0.6317761028517285
-0.08706298917011306
0.7426630990969524
-0.15723349431925251
-0.45970766904729615
-0.7652188203482231
0.5902970414267175
-0.8536366901023849
-0.6650998446214099
0.3718066135590453
-0.4291038253695379
-0.9714984188501077
-0.5602658777780385
0.15231711438987214
0.5985929663630594
-0.6941722430589851
-0.4850744634892213
1
0.7263899275072956
0.6361932545547719
0.9031863906814727
-0.9196718657375333
0.2048750973986953
-0.7147178849190169
-0.6513057359824542
-0.5636346634982329
0.44805355291121435
-0.6544257836614348
-0.07991796676025563
-0.49725269479078094
0.009899657213240282
0.9557245336490389
-0.49876285246565244
0.4852406905071033
-0.6845706026955135
0.5865162829945871
0.6873678771095326
-0.9245663475036512
0.5425874398469723
-0.772675582000188
0.6872797852074917
-0.15916330373668078
0.6873769585010882
-0.26873843536155895
-0.1520234176031966
0.4908187682237811
0.8084744415723772
-0.9658661373998922
0.8812668322755539
-0.3587073205799073
0.9554918021490864
-0.560645255758122
-0.5514113756928154
-0.6532503045395461
0.913882933016675
0.3680749049568907
0.6627089175217141
-0.7733619317905147
0.2470997256853569
0.7507015520929663
-0.6884585036973648
0.5398722105450915
0.1574664171950566
0.5119735391072174
-0.31908831258702547
-0.28871079511535813
-0.6905301258904188
-0.34720957022702936
0.2747621564887929
-0.06141733314315249
0.5950064964800489
0.10264994517254286
-0.40507576664679684
0.9566633350223187
0.49946287524632105
0.3446612296139787
-0.06742901724257908
-0.2721676681749618
-0.4195319669410012
-0.5459921587486332
0.4306905056882255
0.6898810000927487
0.9622812372284137
0.9963806199275015
0.7315310194383502
-0.872332195047486
0.4312350278773094
0.4946461996216187
0.7695257277519894
0.559970545137906
-0.37312531017982026
0.5743930316849959
0.967235407403689
-0.6473153027950561
-0.4112978548472568
0.6775744830679749
0.12881447559066372
-0.8235593827125349
-0.8420190754123599
0.718117519942668
-0.3720316243601207
0.37730048330414984
-0.1108492305323221
0.8114677780258145
0.6259042122861079
-0.022123283801255295
-0.10310359193455204
0.9617657071127068
0.18093539538529332
0.8924265093094446
-0.5594314047650142
-0.3326751144778289
0.420563853344937
-0.6036887437394908
-0.380131498572405
0.2798356516895286
0.7885964435328628
-0.7023509563398351
-0.5128740106846416
0.15352587701606202
-0.7519675535157316
-0.07882971522470744
-0.5651316349638987
0.8066122728439522
-0.08782626512261199
-0.9798496213895248
0.21680293429225178
0.4946132034171282
0.3746004025732471
0.014689414302159257
0.781381086855566
0.6777868005742972
-0.39651219203125243
0.5879225219258272
0.9479821418006031
-0.003337078496681513
0.7788186795019691
0.14185182700811808
0.9308381002385651
-0.7842440110180472
-0.9127235043489189
-0.3330516712220101
-0.6445391719820378
-0.0228874237782589
0.29738835668448516
-0.9677122659760178
0.20701808581458933
-0.44707679194844524
-0.6695537118576691
0.7487975735798605
0.5528711687113613
-0.6684170048165559
0.47004203548039747
0.9565367484148339
-0.4454448704061502
0.24143360157025706
0.5495681718533599
0.5402610560125481
-0.5537311373602541
0.1565993684137116
-0.7062534111015683
-0.4214869350285707
-0.5937578348080392
-0.8630601658779894
0.4819743908468907
-0.4042657520176421
-0.7869434608356245
-0.15185465614917118
-0.8898472512487456
-0.26653071565859815
-0.04923576384311443
-0.08854119336423831
0.4854094945570859
-0.9942326273167119
0.30468251414220016
0.3091079169840207
-0.09681098956309038
-0.39831545053630985
-0.7118101279273523
0.41042169258154715
0.6524643651037562
-0.03331673838845383
0.6362968208011698
-0.8709858237493328
0.39237534187487344
0.895895101132966
-0.4880894439399909
0.6431519172691315
0.38089928232039444
-0.16614052100250332
-0.7289476467315911
0.24634984441989688
-0.1964429436081478
-0.9633518572865982
-0.6520141732987409
-0.33899016076384625
0.791745203070109
0.2979873849707103
0.9225495002130959
-0.29850026697376286
0.21499101210709273
-0.6105439987474666
-0.39318256070862656
-0.4183434553314715
0.984626774061543
0.7313086198602876
-0.28049316180342815
0.6522926841331038
0.9885565994806913
-0.8449924067574472
0.33232442093896
-0.020679341756850805
-0.9410719402433644
-0.652044183353089
0.7419538144102369
0.6173609481224385
-0.43184652764050047
0.3446348518335068
-0.22716711448164278
0.9342617430649298
-0.017288621710035364
-0.591309871099103
-0.20295999168162893
0.9990265675129437
0.44486706080460375
-0.3290591603901238
-0.22512295833824453
-0.8574432134287272
-0.11519422444126373
0.6378033477311338
0.838833029368838
0.17464504174068285
-0.535673959456696
0.19945858328328328
-0.27872484163436223
0.8260143171622343
-0.08965036156915702
0.038268611400070596
0.48672578957213875
-0.9539937098661414
-0.15098532043881233
-0.2999535878588273
0.7503738181222065
-0.5934530894182639
0.024664089427241402
-0.7022161354520048
-0.9054304436863047
0.39656272143548565
-0.4520204871553724
0.2555914500227717
-0.04696256499694594
0.20804623290613244
-0.4019456285136502
-0.29230593380947817
0.7563812001219727
-0.1899656011470934
0.9454855815135459
-0.5509361844798002
0.7775252939794915
-0.2040707614864966
-0.24566650905325174
0.6926304044811912
0.009878518497513485
0.48036737008303415
-0.6540063783847432
0.6739825211528723
-0.9448646367354845
-0.06686612113446676
-0.7019643883052952
0.056718023535988905
-0.23674883389335674
0.736044381130679
0.2595828352680469
-0.603827865942666
-0.34233775866767874
0.5360638731743017
-0.058515659460429546
-0.33193544000225034
-0.862868047437967
-0.35851115084614055
-0.557981700672347
0.1919960295944613
-0.46999213188947697
0.5515395141706948
-0.5159141239881282
-0.6910819117592458
-0.21995057088385564
0.5149840373037041
-0.8273765391388503
-0.5635924421537526
0.9399182311682022
-0.8238433414719768
-0.019207124781362543
-0.680935062373646
0.8083358613762043
-0.21597026652263981
0.2638586873688827
-0.6633691211374727
-0.1060352410188547
-0.7876796354935482
-0.8682775203814047
0.6402585854375691
-0.5679958060031377
0.08152414285390634
0.09541572984279087
0.3249058020054081
0.25299965552386067
0.32027856895052725
-0.495530611843853
-0.7219010438478382
0.6753382700285799
-0.12559166677654077
-0.7786827207251467
-0.020338743046818618
-0.042230523982022226
0.5449094799134321
0.3274043162138171
0.3711315721823239
0.9983345990486262
0.40526012501911335
0.4341780810787376
0.277944365606601
0.8484014411405246
0.6509304897935129
-0.2790393250310443
-0.6035768642175549
-0.2804641591516809
0.532873165904733
-0.535762454303764
-0.6386198703025152
-0.4937507868111119
-0.32955503078830856
-0.8122168172325018
0.12855409322587713
-0.5754742541109361
0.5922820994512255
-0.7298546491422081
0.9283731056722978
-0.6025630382942027
-0.7930568187677047
-0.36365808322603066
0.3741718456814375
0.6041306099189525
0.20550859053675896
0.6170421613030518
-0.8153520512919321
0.36591413296332914
-0.6498161773170705
-0.8702069219108763
-0.5334641100170894
0.4030366800833834
-0.7471418929250424
-0.8062930211559565
-0.1793448933082424
-0.6924908357919942
0.9716641974050366
0.8875838528197071
0.03708636342348538
-0.6370972286010628
0.8561691707348292
-0.8292507414118366
-0.4677364004967754
0.3260453415942186
-0.96326760975863
0.8825835923447495
0.6707772654875237
-0.4124746703872322
0.15697750113776882
-0.6929303625986266
-0.278466143169034
-0.6052990961745498
-0.08556823487322433
-0.95623286844526
-0.08307813601616953
-0.9577315259030988
0.9507504165889459
0.7929471876204452
-0.3915508725173602
-0.9956718384463877
-0.09402401327538525
-0.7519238520290266
-0.1551535884368145
0.31487619597306304
-0.24141481414274418
0.2232387479517742
0.1389976031083664
0.5049601648190716
-0.9745284555143936
-0.9281910323783581
0.48707032253654053
-0.2654270126789263
-0.291747860955145
-0.007929421237583143
-0.16523174450385553
-0.09812824366615838
-0.2516770350622845
-0.17207378166229684
-0.6882606720108416
0.9729031957933034
0.791878571912957
0.8623740709234495
-0.8451060931346106
0.4231377314822858
0.1719700391495723
0.7804879038850986
0.043782423281515354
0.3724243194520539
-0.23104298709682888
-0.4517670153210939
-0.9681513131388706
0.658561127159082
0.27730424493793493
-0.6593698294031428
0.9422917209420928
-0.9571264146346226
0.3694691442145719
0.585309263266586
-0.7426574932090729
0.1306806609432704
-0.11425512916987715
-0.6982905571696469
-0.5379238232498199
-0.6540964358130817
0.7767777754260194
0.9466913658005569
0.6051387638784953
-0.0955090013546412
0.46051467347902303
-0.3551270835875996
-0.7570736285472918
-0.21390267211818806
0.6547991123678586
0.23670354794720253
0.559479058237761
0.6241892579235429
-0.36447639696965073
-0.1509304346918263
0.44176797542206175
-0.11968943460165124
-0.2109740576466639
0.167903152969123
0.6772094191035772
-0.09043734881105928
-0.7028082298403885
0.8235936358717737
-0.09989762960368183
0.43847284894430594
-0.834753953068655
-0.5509939772585376
0.19622239785340756
-0.5745004618222374
0.714780940043308
0.09562377965653177
0.1888148190801391
-0.9257337849155317
0.482904912795733
0.8362060482717414
0.07046007284523492
-0.2560333309008152
-0.7903998193301764
-0.3340123785929531
-0.8510443555098295
0.9873565909233359
0.2253732742250073
0.6438182499648973
0.16106515073253524
-0.12855425596570424
0.05182932423140894
-0.45594369138961904
0.30740116012383367
-0.7969961348173727
0.42718595469300474
0.5010969665635818
0.9966029118003041
-0.10893631132096503
0.0317810915203197
-0.11021266373204644
-0.9216094150120209
-0.07858901073114422
-0.5360978610149054
0.32077659791357443
-0.72240657494684
-0.6378435478658897
-0.2718367651072627
-0.7524199781426881
-0.805353445373192
-0.0435718915849142
0.46552243046449177
-0.2251966935586808
-0.7695956921791473
-0.7476292611497478
0.2986386165555409
0.9059263735400186
-0.22856795295046795
-0.6727512288429329
0.7533000844727172
-0.6541826821087924
0.019728911391441437
0.4419990342724522
0.3083355871915171
0.6017037926252677
0.977551778158537
-0.14587862705785382
-0.4069007615062369
0.25991086806035957
-0.3123840490017134
-0.23590415919268867
-0.9567844282010627
0.3901908352953462
0.9460658672389424
0.19656818101238432
-0.5321107810749911
0.6905407263757961
0.11495454593870566
-0.5542234340948681
0.7591949476046933
-0.7190191870312644
-0.1068120968212191
-0.2094949138046339
0.20298980574408765
0.4488096023692885
0.5597609877783578
0.12406501753050955
0.41368959734347327
0.613032852125366
-0.7069400168751059
-0.3323246690383404
-0.9992938087734227
-0.8629696196299769
0.1320782060665128
-0.10803566594049106
0.848227417576854
0.15749597854981343
-0.8672683845475688
0.3218452755242715
0.7235930191445754
-0.2346281566927881
-0.6188846733744732
0.8121061652093127
0.11272250183567004
-0.6129459121733576
-0.943697593163133
0.4272449035940044
-0.39981315679185997
-0.4573260526577944
-0.157631278356552
0.7796646860157329
0.44407412707492877
-0.6464707669890758
0.5883888886395385
-0.4409603244607073
-0.45333086243906795
-0.3701168843700992
0.9326304598228248
0.887524388582874
0.3972048367792584
-0.8232895130556956
0.9383737144271747
0.3307869085902834
0.22930198184314898
0.7576907879610293
-1
0.9347564417371831
-0.8758699753810946
0.563053659313078
-0.02566449386499502
0.5056946568626183
-0.9700095053262712
-0.12571527926999215
0.1217332505303461
-0.9018582996277508
-0.6162661825402284
-0.6186066655176042
-0.7273417582969869
0.3314352585107646
0.6938638441159324
-0.8100626657078824
0.8596735750149888
-0.1729929474219124
-0.42571091600627453
0.133000507894703
-0.8164858953925397
0.840023364246069
0.5631069931347525
0.9495166072968154
0.2667157974669644
0.8847864920710532
0.3477507073000027
-0.1933035855241756
-0.7487884834235041
0.6235972216079974
-0.7915483306871461
0.4365339890098811
0.46294974297505465
-0.7288806833575694
0.13873134759104158
-0.31300805212496674
0.8360401203184884
0.6546204506949639
-0.38555326051892047
0.766309117254465
0.7254366987278033
-0.8408766944612204
0.4904020220517956
-0.488594031466278
-0.07752384333424575
0.7741607198789471
-0.171406771486687
0.04334164045384217
0.8839332530441639
-0.2307089931968437
0.138388059499377
0.7141283910240107
-0.9547708144791501
0.717958589648274
0.002248550376264419
-0.11235618415257456
0.8458377638301043
0.7573602366787529
-0.7643804104275593
0.5375025137106615
-0.2266381356212398
0.02070238518576021
0.1594823296344653
0.2232518825687205
-0.9878816198194904
0.09441800588088378
0.9533635442252565
-0.037728832525688254
-0.5610934735235664
0.18494163472621022
0.6521355452771909
0.5683834099799636
-0.8703167289526034
0.6674335154474249
-0.20148604905869283
0.45202697579067164
-0.024227609766982038
-0.8566816551374548
-0.48947300548997397
0.16637564578368533
0.631769005192862
-0.40841417870292396
0.5375904408902633
0.24378634589181558
-0.34524302417699543
0.49394004125269536
0.7738380100465982
-0.15676233231809092
0.725988688810834
-0.6074622043120541
-0.011058982266420539
-0.6430411002216688
-0.989700966561985
-0.016877417532350794
0.8083790343842578
0.5112388445595848
-0.7856627797412076
-0.6128479970120286
-0.6150829430921443
0.36140551101237417
0.5778753121183275
0.3939435905341905
-0.8160572253830936
0.6890537316348331
-0.3273616512299485
0.9017345325663632
0.8516200271215176
0.7644353677167137
0.41167293671768956
-0.8805670253836838
-0.11222589098480307
-0.08751789391370438
0.9217571207017208
0.8321013102723551
0.14614874530706454
0.06898244564981174
0.46331418623393816
0.9187898355186206
-0.3775111817417172
-0.8437223227844267
0.19687856173572726
