0.6873054570112895
0.34944085474033904
0.2997726197624077
0.9897641594422871
0.3884789287050776
-0.7574697889908574
-0.9621602357980801
-0.39290483854876773
0.12279480928446523
0.2225243299900885
-0.683496461206398
0.29358668793186987
-0.2992674697307748
0.779831251037614
0.4342341630174166
-0.9971006542652664
0.7654591012047098
-0.5792231944246842
0.5880070499922408
0.12755142538158984
-0.6856838203909756
-0.46989510590723604
-0.40851753543761266
0.3677657066775566
0.5504406458705711
-0.2861031697039368
-0.22477722065996325
-0.46538195829959794
-0.5933618020486418
-0.2566656937232407
-0.17816122306168986
-0.8212883119492077
0.6550340685605112
0.3725820195868566
0.7314744424911817
-0.0684362114779814
0.32692846139430004
-0.09773184222802996
-0.7179154601325066
-0.3131290323185263
0.5440068672505363
0.18411388507287357
0.6103071270592919
-0.16481158723008055
0.19246891934823895
-0.0995339434661307
-0.31705636954400185
-0.06767663831561288
0.1388823424365059
0.6539130470313496
-0.31300646996461995
-0.9659132646007649
-0.8744449347080562
0.9023614813162588
0.9837629448530448
-0.18835145132788386
-0.6917581032240594
0.7665143609536256
0.9729539660632627
0.16750423338455372
0.8227208673691294
0.679109466080738
-0.07493268914394194
0.5536392944142934
-0.016984717866103234
-0.8386355515331819
-0.9742733704185893
-0.9213079927509401
0.6064543661268298
-0.3919535013979608
0.0005472378288700003
0.8576357445093693
-0.5154893415691272
-0.06079856087782411
-0.06341591571358422
0.818597452590213
0.19874958119269662
-0.35501918431384155
-0.5577417385164976
-0.37288361759262484
-0.48959549234923666
-0.19961507843318593
0.1428551833609984
-0.17033072664631696
0.8124082590584802
0.19619359978246023
0.9049209825605046
0.16484831856280918
-0.7823716960300682
-0.7473982185576922
0.47380217856605505
0.8524429382896368
-0.00937901626944498
-0.5635725910605959
-0.8667680573348243
0.6425074857862805
-0.2716869664795493
0.918852747302124
-0.6314980390125473
0.44232998547275393
0.757201354014179
0.09438185836854454
0.06753201667064053
0.5296908608289386
-0.5513568860636084
0.5450953638347763
-0.4547983032115273
-0.7314450289723741
-0.9866785435426562
-0.36518850859544577
0.9401144652478804
0.3239277624228379
-0.8689092356957911
-0.7529017465978525
0.6189361520414709
-0.4065728951636374
0.6105805827044747
-0.6464622475452909
0.9079586693037526
-0.27261339239484556
0.43149381228293127
-0.3755087906765925
-0.7498789611516
-0.0038094249486716404
0.5984528306130051
0.6987541619438078
-0.3031058398788265
0.5453678915435298
-0.8807776019245334
-0.5879726113264355
-0.004892650818879327
-0.46323702535461153
-0.04983793340762207
-0.01924137978289469
-0.471100857329398
-0.24283817297331559
0.44676712802133334
0.8312328088851149
0.393489659414497
-0.12783826048089011
-0.4069242748514494
-0.9149948957358878
-0.43520499774065285
-0.037048448569373164
0.8512801137491243
-0.7649273021278243
-0.25579408178783397
0.6199042356592831
-0.542622816914758
0.9599228602549661
-0.47625615338677957
-0.32410444921922565
0.667083140830109
-0.7220182336391336
-0.5246895894895857
-0.7351334152940519
0.9774071174159368
-0.4520047086296501
0.362953125629452
-0.345426047381062
-0.007847999670622642
-0.4524436477157346
0.31009673822794753
-0.11788095268152365
0.9100420689369514
0.49980732898779806
0.14221456911196562
-0.44421075217239003
0.3601739155876817
0.050377207477408044
-0.04877583975980423
-0.28891023555286577
0.6246286575409338
0.047186346196386515
0.7228065941184834
0.5793353463286439
0.3328108737229283
-0.36376522325809724
0.5339140319306056
-0.7040272712083877
-0.45917306114795753
-0.44951864156721705
-0.548459168349101
-0.38729322160722424
-0.904459479229548
-0.3858943199923334
-0.4889745649954913
0.25138475384539616
0.8638091940580209
0.1803890052699644
0.9747287255982187
-0.7397707048990582
-0.3181787809396695
-0.19121095058732726
0.05396360769138132
-0.04344600016996387
-0.40604048924488706
-0.13835811736688478
0.2765555327455667
-0.03324127830523449
-0.09781373663551303
-0.5197504410260765
-0.0441944818211109
-0.9181338473438312
0.41888666835076793
-0.2649103801919164
-0.0703641454885367
-0.5987284770028108
0.21386872545449342
0.31747261723640097
0.8882827265572184
0.6692722346101091
0.9154572777572146
-0.6924438174620049
-0.6146411276417888
-0.7457964737204958
-0.6523145136091832
-0.8532668267870157
0.03796528969448607
-0.1199451128451459
-0.2081770483304408
-0.7969546222390661
-0.7468734996928742
-0.4168547852906623
0.44716044100823876
0.1993777993971507
0.7741384747287744
-0.5089445931132647
0.6213506092272087
0.3680002831074034
-0.10465187822459238
0.09603439461502873
0.6106335643538989
0.35580239463315366
-0.18192059476889877
0.9354854661276246
-0.9477420868813387
0.6128840355204342
-0.2607974592396374
0.36316771896980243
0.2560177339214302
0.9713855736245006
-0.7720557628017239
-0.5579087482219102
0.6681546317619714
0.2664635648555141
0.38029110353605244
0.5681373728915925
0.7051044774754818
0.24408197082364727
0.18285194057023815
0.18218538629413802
0.43953058969974484
-0.11760871177162219
0.38663876615066917
0.06781791314916273
-0.3165674143877923
-0.2922936230672332
0.02591797444254353
-0.6768423959193082
0.4170401709118782
-0.3034492303410238
-0.9168350145036406
0.5950403105299612
0.8111423073383164
0.19146785245379325
-0.2830502251036463
0.8849639005712939
-0.702653224673465
-0.7258836244233732
0.4493798856063303
-0.11286465268899089
0.6774446454513413
-0.1307953605480112
0.814925505776588
0.14894972174668333
-0.3615922338482077
-0.3676631884992408
-0.7134820728083945
-0.16935502906584698
0.06099670907513008
0.6865035590898969
0.2369332165705301
-0.17534451667618844
0.03455361353376579
-0.4306573027748831
0.15268136619513867
-0.5116019325046794
0.37558230218982525
0.5719406045786011
-0.1598308663613894
-0.38535677977572486
0.30450572154600813
-0.5707712212484217
-0.16452445562130077
-0.07270620130660974
-0.3810279901287144
0.7265380655713113
0.009797513233470997
-0.3725811718659455
0.5453910620312651
-0.7894519106028534
0.29866765156880254
-0.32530655823344656
0.1064992364670155
0.9394869573558673
0.685020311591673
-0.2470124236097856
-0.9776418009110884
-0.12841817371767336
0.6107290468581038
0.6401577966772265
0.5110625265079819
-0.5276832582438102
-0.5313174633861967
-0.8844556723900523
-0.7353269201509599
0.05102348585312978
-0.1332010902912408
0.014886075900680857
0.08162172045169824
0.32867080206033
-0.739817781722147
-0.9893049607685114
-0.6804591654360429
-0.14344648101851332
0.1125173739423671
0.9510158557404228
-0.8829962995482218
-0.5730650881055561
-0.12083180918564651
-0.2994953456174681
0.19468710070820577
0.15127972835406928
-0.1335565709858882
-0.5701650190922616
-0.07968001327366786
0.4929030997304558
-0.7886579872854084
-0.09094486279944072
-0.295707902012491
-0.24175907460154702
0.3391856075875622
-0.13025635399325475
0.08381701476228019
0.6668930152513673
-0.5836163791647343
0.585006451726516
0.0906401292828068
0.9951978006204416
0.31614345941866095
0.8374327781871783
-0.7572218517738286
0.936063015189503
0.5966748918830973
-0.5243361602983883
0.5005558639601294
0.03158497004745568
0.6837692288759007
0.8739907797690516
-0.20834051501908044
-0.21266316385827885
-0.5069673021191663
0.7199612539466034
-0.0021118112294888835
-0.8703612769175181
-0.7889418167118418
0.437884874823509
0.024664654715577668
-0.6262029045514479
0.7499734123097351
0.9081577478364187
0.06696497048307146
-0.15858111603656824
0.6242518247004508
-0.3173216666332975
-0.8649953808545422
0.24287108160266255
-0.9297934093542717
0.9149447476171985
0.2294395882575211
0.16388231010043988
-0.8025834519348496
-0.14523213162862703
0.9749399223943336
0.53681437122778
0.15968270016633682
0.09470415765373806
-0.7828251547670216
-0.3874543084263249
0.9269030217908497
-0.8937182141651615
0.2517580478695291
0.1834999684630404
0.668287005384985
0.41660659578447623
0.5304013233969708
-0.5086891167416199
-0.8815696095267602
0.7891044006990213
-0.9756104629868526
0.3707816693316232
-0.7768394171334617
0.3911085856484672
0.14108848961191786
-0.910776454473359
-0.8233807227120268
0.08918966291312157
-0.5738384392034451
0.34784726258224197
0.2575018874467472
-0.6426388046667539
0.625149305137471
-0.5447002741721766
0.5275398653154146
0.7112245166301719
-0.5631016913252822
-0.21800649406860223
0.6895780672284242
0.017225109990337717
-0.8037796155466608
-0.009706513518175712
-0.44031697305920336
-0.125788875777638
0.5959887518500824
0.8120193988809151
0.385546362277303
0.6025125461698798
-0.2984171543281179
-0.6225507766300411
0.9594949579485177
0.7543731454187129
-0.47933733341616325
0.43878790687838315
-0.9478750228794464
0.8674060807860557
-0.06128211234600716
-0.372355445840488
0.8029286962547301
0.05606124530642021
-0.2634961702540928
0.37973647601817834
0.873164744426061
-0.7815544553921494
-0.22441043708024505
-0.58583378019072
0.12314743712920903
-0.5756798207790025
-0.3145041217556668
-0.8391737063607378
-0.33222996811446054
0.4845403014771013
-0.3979329782906247
-0.31233048542239705
-0.1795941975964073
-0.40799326631378713
-0.4797092453575864
-0.344830091876618
0.13788747570018758
0.18189897816027822
-0.4349016136922535
0.9922051082223312
-0.4605041107767905
-0.7037680473282494
-0.8698743881235587
0.39327533045147933
0.48111911984816974
0.006981335414182475
-0.03860086146986958
-0.7599339800070835
-0.7940335898962705
0.17191060996123875
-0.5621911078589485
-0.5111065773611949
-0.6906866174673093
0.48193284111975365
-0.6708942241160537
-0.823287064633818
0.6410846230587275
-0.14028058698031481
-0.7393963880446295
0.9013240867133034
-0.27172279543148353
0.4640045622944515
0.5935813430101385
0.7689509505470812
-0.2942708302887735
0.038596414450320034
0.722791595993354
0.3759983436878471
0.005221275661511239
-0.5852972516796935
-0.540647111703341
0.8219833743035219
0.7783458998547584
-0.18394320657838267
-0.9541804698886498
-0.03715285134196842
0.35567853398466925
0.02430592291538853
0.04551490021870842
0.41279433901389123
0.8286123790593981
0.7047348199057033
-0.29163932943231186
0.7088580428820507
-0.13569471136274625
-0.5401622380036646
0.8275946988832812
0.1365383099353431
0.030523269479107183
0.2752798421214616
0.5151623182706782
-0.6240514984574433
0.9514803880245758
0.08102029983560877
-0.614805104051383
0.6506149428217483
-0.8655501236537999
0.762885712734085
-0.8532784397902109
-0.40093222421090957
-0.20925911426753044
-0.7203171090859085
-0.7802756473033085
-0.9362773052234961
-0.08790932783535527
0.05391397847122874
-0.6463814305579995
0.8062789573956499
0.3387784776216385
-0.9473472075432758
0.8990910388138449
0.9626236804341947
0.18984660515692237
-0.1455851525064905
0.3919007286561877
-0.33100516467960045
0.4944511704507303
-0.2965547231071396
0.8792458748925663
0.06760633015322282
0.5647052174076523
0.023567914855367002
-0.608334443295993
-0.8623718583372627
-0.7767245748523854
0.5753779683816063
0.6220023977012532
-0.40753444040036557
0.5501788973042322
0.6822335076959478
-0.264729315080756
0.0018841935803701401
-0.11658748578874979
0.837319358130476
0.9184853550958693
-0.3313624987415392
-0.3404012185660855
0.5571157514408291
-0.29027375254006055
0.9979065386578505
-0.2338463146273308
-0.42610046117119
0.6407209051248396
-0.9271368233036188
-0.29971618746390133
-0.8743559896212347
-0.6523310704814023
0.4592450302611221
-0.31004570379522434
0.6937569616065626
-0.08790947474980068
-0.6004105358445267
-0.5678341691807016
0.2629950489735578
0.46770612511869847
-0.36604130507941257
0.20976024393067777
-0.5533566594968987
0.8006651988146584
-0.21694454817507258
-0.006498854917091458
0.6764023171423916
0.5457493555069669
-0.6126798347775517
0.8894332651722215
-0.29712687580354336
0.4169564583968189
0.7033021502898001
-0.9646022404722174
-0.04109618870144907
-0.3673003213259513
-0.2884348071322024
0.6822477927539733
0.382773277526078
-0.47394326201777665
0.7553821064858095
-0.1691138938464482
0.4660997464255352
0.6189290586543823
-0.4786136594208059
-0.6773388767668822
0.16058249069134392
0.12404818065301677
0.39685491780351523
-0.6530401186604444
0.4616450059205733
0.40784069328974404
0.7266378544560929
-0.24066026282741118
0.6748443360350258
-0.5574333465707457
-0.6947902564033006
0.8961151103728
-0.9110079855797092
-0.6488830304090327
-0.18526743236787552
0.2808695310274398
-0.17312952665448786
0.30370311439150577
0.21290272484969558
-0.4703192160918964
0.9642979774326368
-0.6604313733863975
-0.047514978176897746
-0.34076542394043285
0.649216395864411
-0.2889749456768176
0.9097596474087402
0.48208457097659424
0.20600429571029893
0.8118601949427868
0.32544001820249707
-0.5993790414010972
0.2642511830903117
-0.5797213137519474
0.8198111992743101
0.028432982059791043
0.90222878538362
0.7309602359459793
0.28952770195908945
1
-0.2527310396826734
0.4306643502708179
0.6550318370917242
0.9665453929040604
-0.7074149020552
0.2817376113862885
-0.06559474791789208
0.395480845913125
-0.4195217645014858
-0.37006818582822576
-0.9002343642242168
-0.17563506549376018
0.9858380177191665
-0.8098616882359164
0.5128166995613828
-0.47129050656854327
-0.9421920732923791
0.4585149546672941
0.6177698865801362
-0.8646381435646077
0.0605039314854861
0.9958926794640206
0.22268186696101272
-0.9884165273698238
-0.7461796097595852
0.9860016373025347
-0.8904834767273199
-0.7734030358647773
-0.1876846619080344
0.6910574033160511
0.4302166045176241
-0.8090474191367751
-0.6210083092725835
0.013223261700120661
0.6217302067308061
0.49203180385729406
-0.18487864524202852
0.4176169251337476
0.06960335427214465
0.5326620429663017
-0.7556248203067569
0.34702854860553684
-0.3650056798730929
0.645806000132351
-0.4216715022073127
-0.2209015652185215
-0.2871287658327048
0.1562162899519948
0.8834123769481147
0.7334662278096437
-0.08374990562000514
0.75687790599729
0.442294944477407
-0.6529579298688806
-0.5647160887130728
-0.9762431865383848
0.1856297523611185
-0.02044258209188322
-0.38876131021030924
-0.7773449930863626
-0.5521057876352466
0.8180279373704102
0.712733531414336
0.4650547647937346
0.8568062224670703
-0.5841832321127589
0.6441491938217141
-0.7740441858568596
0.8174615512120984
0.4779932166852347
0.649484165330583
-0.5151773445320259
-0.29558348043544463
0.6417014650703463
0.39851553097782094
-0.012930277538539979
-0.41207975878177466
-0.6358300128897796
-0.5694855377434951
-0.23429467846563465
-0.054235552395874596
0.7455290499379579
-0.43387139416299075
-0.7563819616325782
-0.27461653385719786
0.0964882197053628
0.6456650267577524
0.024874399308304977
-0.3310592822144967
0.3965642974698986
0.48799970679852833
-0.34028832937520714
0.4487078005775594
0.9470241638153011
0.6714334632983814
0.8548336035089376
-0.263644341151176
-0.5624585187055601
-0.9339071434634824
0.7494353802109468
0.647305737795802
0.14623921711654245
-0.11282178227072742
0.7218316119657102
0.2820764562662027
0.1598051355444302
-0.6381377428513226
-0.007490935361314609
-0.5290374227412612
0.6122650901065885
-0.7312496439087016
0.7532016105562862
0.4626725839058508
-0.9908042671395502
0.04299218121359322
0.95189130879353
-0.4454930122118197
-0.6563891824890198
-0.4921937950287473
0.639994648489208
0.04171841365410555
-0.987984729803212
-0.3386773437318835
-0.45497648489096076
0.6976922427529824
-0.9848814432105
-0.812949926109787
-0.1282583165932275
-0.3913667525641926
-0.004037558947395478
0.2287058021238832
-0.6727480903901035
-0.4692490046660309
0.438710813613156
-0.3478950768308077
0.8548697743742416
0.8714253948227241
-0.8704974357121961
-0.7027047833539846
0.5738120926579788
-0.36948282824098916
0.9038559605987614
0.38775691817459
0.7064962520731938
-0.9514679297653597
-0.5876359180127577
-0.7646443559234728
0.9634611784555264
-0.9490458261392565
0.5370502800213749
0.23899122601402562
-0.7699871395549097
0.612474745206114
0.6126348046460289
-0.17337499961064967
-0.40522640785072334
-0.8289817778245402
0.5511025625153668
-0.15997214940602356
0.7177571174477343
-0.48100537865491194
-0.7653934161429057
-0.22980231348691063
-0.0012869914828584801
0.0351176493605822
-0.8335562985792091
0.9803328153461602
-0.24242394999170466
-0.19995589531510433
-0.19205158819101215
0.49225849243649583
0.7144521253753054
0.5946320163742111
0.9831302716615392
0.07436717790471514
-0.9567611772893765
0.6205222292236584
-0.6516474902280033
0.4687875752542802
-0.9828829156609238
0.4310262052322942
-0.06583510977016771
-0.7739091784328147
-0.24381973631035536
0.6428076561859559
-0.387361098206867
-0.8440500586826385
-0.006366051042456094
-0.29470908731543277
0.9477534558366
-0.23259235322307714
-0.3108972013454444
0.13291130359220685
0.5458495757366478
0.9966695442861047
0.046375061271197004
-0.20152485081650437
-0.05545455835071382
-0.9695635710819178
0.37960617151754955
0.22479857938370232
-0.9358896453623514
0.9009452996615478
-0.3187714786285777
-0.5629543872396484
-0.3077786812976893
0.17416617956935673
0.839269996356416
0.9362625836442617
0.1569202416023572
-0.2754202128620212
0.4405141331635664
0.7648581737425328
0.8843243534559888
-0.18369698297593592
0.7928407478604567
-0.7737044270158502
0.6929088056071855
0.849423780054648
0.8948118859181202
0.9223059904034323
-0.7394570753879647
-0.21149263828091364
-0.04611947205743433
0.5006769229656008
0.42507423143992557
-0.467150758883744
0.7943389222045237
-0.3470356524020081
0.4217744116241107
0.2993503294095682
0.4237868675365579
0.12734433304023327
-0.7370271892885883
-0.8511600936363326
-0.09302971882354948
-0.21343356458591045
0.6584950711905667
0.028033754556051553
-0.19614161962748658
0.5913582629119171
0.0009455499606235429
0.7204156181410888
0.4762103317071736
-0.08528178940892389
-0.4636996054326046
-0.3617462076055029
-0.4524676346018161
0.27329993762869154
0.011022439703066569
-0.3646481626916752
0.1097062651387539
-0.5297731588759345
-0.5705746599683101
0.605415231730103
0.09953060455236133
0.8390816682773039
0.7332855201727542
0.8189210546334409
-0.2645856236076546
-0.07007489085496629
-0.825768356418142
0.3017295447580087
0.8753336665033109
-0.19853190104763918
-0.1925601022284947
0.8586618149108789
-0.6573869783646789
0.9575137148630386
-0.06299853945307657
-0.031848431164465556
-0.46083025710373965
0.3299912975659987
0.25384304557899323
0.028777820600724327
0.22596301111945546
0.7307772257420357
-0.6668195601702707
0.8180786970543682
-0.244685500617637
0.7846597645207872
0.5165205088295342
-0.36637390298952727
0.6681326101351417
-0.5626560461646877
-0.8068713791348668
-0.0800440673467234
0.6467070825800229
-0.8448006880655268
-0.8243420519902054
0.13668398390156766
-0.7864695091679836
0.18924785295327318
-0.07297873285904201
-0.8127314124684725
-0.5906020463516762
-0.6986123023018839
0.5554096629045506
-0.31466339845525787
-0.8304895171477736
0.195508598036705
0.48339976846050114
-0.1436810706900854
0.7800705479983376
-0.059259067324651755
0.6384945641707452
-0.5717492328588059
0.3112440694331387
0.8561801033164399
-0.17857518326307728
-0.9918684119601856
-0.1552397886224776
-0.6311030236950659
0.7644262420762465
0.8263888507017613
-0.5989773247458481
0.6482974608249563
-0.183404648567144
0.9400505196650903
-0.11278072724189606
-0.4342547258120616
-0.9674577568862726
-0.6148088158997578
0.22756288248075218
0.048081143228177574
0.41648088043621995
0.712580029495584
-0.05519732594231423
0.32459091598276624
-0.41187734373935103
0.08714644699106457
0.04810857509018974
-0.7883612221408022
-0.3139005428461185
0.929099236892236
-0.7813290651502696
0.7144984463232646
0.2786641627000961
0.3743609574722189
-0.3948747838563485
-0.10694364248750053
0.27707842339076416
-0.6898643293030436
0.5181119888014443
0.46648331385970426
0.8934654624432997
0.09296388007778938
-0.20245605436188077
0.7147279531056111
0.23706532608081352
-0.8486907796051258
0.46209671351207926
-0.6377721130977804
-0.4007544741055987
-0.7436366814738008
-0.7397279590274991
-0.8938148159368202
0.9036457167870512
-0.5965763736770913
-0.972579630421402
-0.48486842201048214
-0.24010661448006354
0.5891526147298534
0.27399953539992017
-0.7172415713944365
-0.19226637562307752
0.8007434155047989
0.9969814328080574
0.7067232487120088
-0.13462649336021731
-0.8647710943224939
0.2635460102792275
-0.4241677809536729
-0.6742751962888848
-0.08843854409694898
-0.6653287167401568
-0.26900902309409325
-0.7291268832992891
0.4459284295673212
0.3119149491727784
-0.07327147665463807
0.6122774048097681
-0.9447792721450937
0.5058833877785176
-0.5271223756232233
0.299523976834617
0.46906988453159015
0.1550073629635566
-0.31882081693764125
0.4101803059149671
-0.21736641594589862
-0.7961862304551853
-0.41720420707920725
0.9379267039531446
-0.16621225476511348
-0.9303975739344703
-0.6855851089991715
-0.9785136672191265
-0.24704126888385286
-0.32229820488364264
-0.8104865304683686
0.5118639936509058
-0.9220473932012047
0.484387117718783
-0.36823677544424
-0.6708246023337993
0.8486154203457543
-0.38923468462282157
-0.23390426621124077
0.4039441048457514
-0.8812433884271764
0.5296806074524238
0.24224147980438412
-0.012344599709273273
0.4826717340229174
-0.17114653599478397
0.513080830612928
-0.8864676993262417
0.48697462890311977
0.044013994867572716
0.22750775569823203
-0.1747318481178431
-0.1855354058159733
-0.9634144596564396
-0.965651015773782
0.09743294690555125
0.03229090329133697
0.4991311156882896
0.9296949951026018
-0.44192371878202213
0.7745079650453854
0.4649336927536633
-0.09502110380562465
-0.6106233631008577
-0.5124416746648509
0.12151422750811867
-0.18774785906920033
-0.9763149810792987
0.9596787139117551
0.19040414339619618
0.6903870174764302
-0.9718064652971039
0.6408584436106203
0.09460593120194016
-0.27545420114378855
0.013992336135057926
0.5423580064154673
-0.13810175388154725
-0.29361226407656277
0.2010063115825896
0.7894212539752322
0.5141608483168242
0.4268234001921795
0.4435153174293402
-0.35434841837797915
0.25150290461174385
-0.34842354521370184
-0.38181272814563416
0.3306275715016195
0.8872685979078437
0.1261974665052818
0.09323747723662383
0.4833372220649394
0.21390933906320164
0.3874694308222698
0.4972492396607802
-0.2858128207132799
0.017116830467587645
-0.9820624761421615
0.019316149457253153
-0.7127815762114621
0.6267437123191788
-0.6250368801067859
-0.43628772952180855
-0.6056818261321882
0.6793994366767286
-0.47070748181871885
-0.5714279751924853
0.16521212355455292
0.29667636001353365
-0.6896497625659337
-0.5502861832527698
-0.48152008411051483
0.4499893442196906
-0.40909435980658887
-0.300549503570591
0.16807045614139487
0.20382039396746313
-0.12295294590841199
-0.2461609794894747
-0.6537294028023256
-0.4119921663136013
0.2453226088038063
-0.257241853755872
0.2902985969314562
0.05128862814479281
-0.18346096557842445
-0.4083282262993332
0.5359492418052126
0.009161110873573443
0.003038730226088922
-0.818323397219958
0.9871628408340751
-0.8112454685662185
-0.38165165581832317
-0.7602242716880968
-0.4067908722122693
-0.7965817014452166
-0.9094721441796836
-0.513856142706422
-0.14335202527127555
-0.8471723352321582
0.024563393104832243
-0.7817858684166964
-0.32477622429246755
0.037808376384159056
-0.6616691917884016
0.11381502585695615
-0.5182175306148707
0.745255122620762
0.5896044416640598
0.6733481408444552
-0.9874744383348598
-0.5854271731331371
-0.9194214534249504
0.7311822096706347
-0.4230821114754946
0.3670256457505685
0.902407585209429
-0.7732459433248937
-0.6739093759801361
0.3764928752230466
0.85275013849145
0.09156645973020934
-0.22680235636369267
0.24567382553066058
0.04690784065340207
0.15007246404153285
-0.6919198724189708
0.19229839250787367
-0.9054622350349949
-0.9048624822694726
0.08640940354967135
0.8736219087882919
0.4907344346487108
0.17841196482277724
0.9452616421030294
0.011168887493366347
-0.400992966967254
0.3216577512456365
-0.17211020875762095
-0.0889066782559151
-0.5380766164936404
0.39971183443498925
-0.7817877465305081
-0.3394370730253413
0.45029224110814065
0.5717906636071133
-0.706893931128617
0.9163996174949192
-0.6997635254773428
-0.30839440762534964
-0.15648199964360973
0.28474791599228677
0.061069599777805794
0.44161151824437156
0.31956715336357566
0.9459139577145412
0.33387988675691904
0.8535027021768884
-0.5528327042230606
-0.42319613764564606
-0.16401336625272503
0.9788229881894033
-0.6546096553346168
-0.6974140291873361
-0.7794991070276006
-0.06917159209774522
0.7597304381257388
-0.6204850498394534
-0.14160751941094357
-0.7520876062499147
-0.8891504304273181
-0.10208653610597387
-0.59397193657473
-0.277999556091158
0.19215927067408978
0.8231007741280801
0.9732195070115004
0.3156967147173241
0.3280932312491931
0.9599086036755283
-0.08804947881165699
0.5409047818843103
-0.6585176644424114
0.22137923318099412
0.0138701043453951
-0.1163545267352233
-0.9495163215986164
-0.9571873934520243
-0.18963008523032646
0.3167020617845811
0.2586651821583062
0.9684535796989728
0.8369097021263414
-0.7065568371875308
-0.9568415510120138
-0.13023113446925713
0.11879563742502865
-0.8924104426198718
0.7101176159436527
-0.76996802470726
0.5951553559882145
-0.31518118566510966
-0.18890309363278424
0.31635202867326795
0.915966471421036
0.7649989621866321
-0.41413416285528987
-0.06382446997780188
0.25555182159813117
0.1653437505863605
0.5143966918192976
0.20874060915608164
0.8478796303457358
0.8813721037838437
0.1344885299513517
0.34601912952320407
0.257783768962475
0.7241030760565739
0.6292919541916973
-0.7491244326052717
-0.6663101242540933
0.16459721554036083
-0.9832078014200158
0.7029660736660056
0.8614849371715305
0.047298414191834066
0.6609511927852058
-0.13555915558754003
0.5350506583724
0.3201812237378556
-0.4784977981391131
-0.584490549822119
-0.27055115722535233
0.06774096225835033
0.7963159784367813
-0.5952211016558271
0.6492782721069629
0.12555632088631632
-0.9560362578615039
-0.05436797076904771
-0.6584926979363432
0.005112514625879016
0.7380136892635182
-0.44776891964319276
-0.1131194590639102
-0.16042240160893395
0.27675692599508134
-0.988957177688477
0.6794552388267684
-0.02576474490387876
-0.04878616860662134
-0.1804597449839185
0.17764871924559536
0.4136439906806878
0.5944196392995782
0.614477090125226
-0.17911799078432666
-0.001764314472777629
-0.8232726538864286
-0.43516274739359534
-0.32399642691070946
0.5654812238648474
-0.7735920544662158
-0.3538860732656237
0.5833258596275813
0.17607254962990831
-0.05859675735935702
-0.8740226157287689
0.36335357160337367
-0.3230333177302573
-0.6086719155256535
-0.7735068816530208
0.3554713398247357
-0.32321423892493184
0.563469872309178
0.003345046786047742
-0.7612995481211546
-0.7618481894544142
-0.5350229973311857
-0.35060537801503583
-0.2059349493947682
0.30101360014325546
-0.8462092920677651
-0.44594784766656065
-0.6501011596391653
-0.001002833169921104
0.18745550521202672
0.4514572608065576
-0.6437269160797074
-0.09713602823501435
0.0462690657573643
0.4292673342668379
0.9401334753473343
-0.4975553180796467
0.8418795730787528
-0.4212816866341293
0.9356173335253866
0.7771540790248376
0.8420497158859377
-0.9719995349010545
-0.20364729889235839
-0.9159920300997026
0.4585014849794652
-0.20798103159963216
0.9705718866990232
0.7526350825783338
-0.7569999231017909
-0.19755679239992088
-0.19495654986693886
-0.8404170874155978
-0.6266726228462638
-0.3616947856347534
-0.1476887408013151
-0.3013178510467445
-0.4670664201196586
0.41139849007075435
0.5796553848604888
-0.3128924587622708
0.9474304732565235
-0.02458755379956519
-0.7231556940721874
0.0009654443473634932
-0.5438603540673157
-0.7462058619896383
-0.4070756893816206
0.03357807647691448
-0.729468364491161
-0.40006714342409566
0.9846019337592649
-0.44905890111212365
0.6147701303892208
-0.9263272357120552
-0.6276534275010462
0.02478432462151703
-0.4989206263253459
0.05758258583763453
0.5473690601663862
-0.2967783426791094
0.408743487041612
-0.6868645269183024
0.8817457786880377
0.12929162245093417
-0.42880863778843487
-0.2515219270410541
0.2663140002582044
-0.8500815309555778
-0.5687039191471351
-0.7616700862533086
0.9832709430419124
-0.2543062596645913
-0.19480027754052484
-0.6690125557271225
0.6039109979124717
0.6685200254128978
0.7095966022754412
0.7049307032256711
0.8465552454408745
0.2587223038501566
-0.5422204444959581
-0.7348660296515351
-0.4605686220561388
-0.4403963385165
0.13968381636869556
-0.10075000864381745
0.14694702783469174
-0.5345580359689848
1
0.8322667737070634
-0.9060136758854164
-0.27470861550751474
0.8176137197440299
-0.030890701882227464
0.8858509765667328
-0.2321511275621158
0.813823047934888
-0.43451563258510106
-0.26926842669979634
0.17301667186448683
0.24781804361566329
-0.31061658222968963
0.8393857813607383
-0.2545037991013401
0.7198262159600367
-0.8894483436209285
0.38768859929373606
0.6342560874148254
-0.7917975123407195
0.8102045916305329
0.16172352049661987
0.7309957586642138
0.03001985635482566
0.6318894390618219
0.5417243166042496
-0.4918165952736632
-0.8822204825688348
0.2135474650789333
-0.6690909999809805
-0.1507882102228813
0.291709457101171
-0.4845568066652587
0.10506353898666751
0.7638835300904553
-0.27482629240078216
0.8721796302729876
-0.5889926308893642
0.5933889971405981
0.5341070799467101
0.3145407104859147
-0.7917959060038215
0.8071250715723656
-0.8104035908806372
-0.5460375243474821
0.8965026830462167
0.0713081039243281
0.20748458840019193
0.978168924582688
0.0521640488209345
-0.19610067291191383
-0.5309471887096052
0.32573827909369174
0.015125665996637259
0.34410593664050515
-0.6887325190263213
0.6925491142729601
0.882662805433048
-0.1787241023468297
-0.2064275177609778
0.1520386361738587
0.8848437569229045
-0.514344985419527
0.6582180014706694
-0.8102698516783521
-0.11022260046194872
-0.9102829127362868
0.5422633841705996
0.18926342382014616
-0.8555363660920843
0.5726156089945609
0.23274754098549216
-0.6534114118043131
0.9170368966966119
-0.5690595564774587
0.542637176678972
-0.05531822264998636
-0.6363331967768164
0.4156995756476994
0.5505264596245008
-0.9205999954719313
-0.09226135531340852
0.9133199934555338
0.10342556345290979
0.048367196897977326
-0.07129541697218711
0.7377101243127538
0.9813790807022443
-0.5397238148751063
0.19753487179933107
-0.7231734706176395
0.6269991441435989
-0.22083357925450336
-0.45453279665445756
-0.8250606886366487
0.9933278799630767
-0.45787998080034836
0.3978162704728738
-0.37575467413691943
-0.5556247398418428
0.6996608877409841
-0.9124594519636517
0.05943949230680775
-0.15181521706707943
0.3830938812305501
0.3808159933764981
0.16322640589923543
-0.9001125109499312
0.49021865599990716
0.46321918147876423
0.8135059156481702
-0.5525896641906891
0.06869367189127654
0.8528458060034829
-0.5299970084623365
0.4543550907174162
-0.4096671847561883
-0.8700780844318328
-0.9466475950812121
-0.36352757205368336
-0.7516001213184645
-0.14145130832959488
0.23948350259952206
-0.6322674904133476
0.7972347770747364
0.5598771946056076
0.4621865583062352
0.1420834311055666
0.9607253583736297
0.7850645593148193
0.0777309816076549
0.1899866278705811
0.7053525639829289
-0.7045387539089328
0.5664847761475432
-0.49626008703165697
0.980765815538767
1
0.8399927433541862
-0.7951641751403631
-0.9826799327738929
-0.9105257170315441
-0.9983413370351709
0.44086091690119467
0.954816919235485
-0.715014284364205
-0.19693993836479493
-0.3263095325074575
0.8983386951793672
-0.6604583532758767
-0.009196451716901815
0.8917042691262573
-0.842132470509069
-0.4374401861068125
-0.3107837044499453
0.14913330146115644
-0.9491015019178253
-0.47415400412675873
-0.5332040603831213
0.4634092698130616
-0.10727295557925308
-0.2105956673867583
0.7798714922154671
-0.6589248600158069
-0.048332512074992263
-0.17673942035327003
-0.009329864441131833
0.19562827753717632
-0.35599783927877904
0.7434674319252718
-0.7737996271067884
-0.409775109498051
-0.022741636377777732
0.8943929718651212
0.6435239358252607
-0.6916990908395482
-0.37354039759277385
-0.6579978363680653
0.8397169525433323
0.505945614958431
-0.9211581731353092
-0.8535334967463446
-0.5533053740769175
-0.7118017959212513
-0.5179173200172975
0.11771321230159347
0.1704873375901629
0.5418277890782109
0.6164642130197375
0.878605046010393
-0.3557268199647427
0.4611483365326528
0.6990484415981023
-0.8313017322209407
0.24770685138558535
0.3243545020399725
-0.7390272816537508
0.9687200207514126
-0.10745131373012726
0.25751085841906096
0.5951032139959608
-0.8637270146795717
-0.8582319970697969
0.01834761167054655
0.25922696136572587
-0.3248939195580423
-0.4222826009119138
-0.0008184514964480285
0.9625901217989667
0.3815041743493118
0.3059257390710254
-0.3369264734909114
0.6798994177268877
0.3618388513265944
0.05809033533524256
-0.43238059039882687
0.276549389523085
0.12099013804051294
-0.8078516601445488
0.3813088538494548
-0.3374698942255949
-0.36402954681404903
-0.6723007906995312
-0.3497437786061423
-0.2481095122523265
0.3448265280001772
-0.10253622294005887
-0.6417606663915923
-0.6409831442161261
0.022054518624103465
0.4693219762306153
-0.9016806238327387
0.7121668088529135
0.2620801266070956
0.6202623667659758
0.7505040200260089
0.5306142463434392
-0.2607152735867854
-0.4811586013744876
-0.3831320908279958
0.8952347740725591
-0.5311830929192751
0.6527728982744129
0.29058786726311653
-0.6140431730233049
-0.11791103756299688
0.9038479402121117
-0.03027006088905631
-0.21791377729638486
0.8728575860365549
0.6108519987288987
0.9996461650575288
-0.12288058551833758
-0.4955454421579144
-0.5736285938159406
-0.7380050286013836
-0.33105353567299645
0.2962200233749639
0.27718593860382873
-0.7414061941683139
-0.2152698652144016
-0.06947281801283292
-0.32536945824916924
-0.6780765527485582
-0.9481695664617912
0.46454991355156794
0.3686906623958797
0.07099628530865273
-0.36565895515149593
0.1587608374871604
-0.9593172707321177
0.9720202802475201
-0.8865928585010424
-0.520575352180134
-0.5147556139932913
-0.5368110743490044
0.0007345280090669806
0.7025965862999533
0.23334978997085248
-0.5926618640538288
-0.9489453430227545
0.07882393926191388
-0.3717140353399757
-0.9706820113797946
-0.006493825020495369
-0.8688288517940859
0.7058698755391057
-0.2231933089642017
-0.7264648133031647
-0.403607613512281
-0.7705577447741924
-0.9885799852955883
0.4177973525011258
0.6195355428949886
-0.21172626321820126
-0.41307163865572283
-0.16417082428855956
0.2691423367342224
-0.2974406605934983
0.36117105478451383
0.8593526157951807
0.4159761323049407
-0.3895424540212367
0.8821004991559991
-0.4701967258975822
-0.7488735338096866
-0.09374369423115805
-0.37037524885615447
-0.4354168860001515
-0.9071917424352375
0.24974047524560672
-0.12646732697596458
0.09120957715163101
0.7856088402358351
-0.7369292118983581
-0.13818843097249886
0.662933257334388
-0.0827814527473049
-0.5418678945587058
-0.7424295810368496
0.549703441846183
-0.7544515442439911
-0.4781665850891849
0.42294128313007523
-0.4042766871906614
-0.9453007360426315
-0.6400118057010576
0.015918244431739798
0.5585220984095637
-0.6866896756786741
-0.4472463652364397
0.9752878299793645
0.6197096610419079
0.6106522104360012
0.7875901657574722
-0.8787192124106946
0.12054769101382402
-0.7232345815602678
-0.6024467000523747
-0.6541690224643761
0.39940244739236513
-0.7467410345442477
-0.10633914293697712
-0.53878136711427
0.001681174971629248
0.9474149578712286
-0.478257402147488
0.3669190434987918
-0.7254580779909674
0.575918292682969
0.6511479839736245
-0.909779411349151
0.46304651829915416
-0.835410278529899
0.67353914420758
-0.12804391240635368
0.7562860409391424
-0.216040884198888
-0.12443488291241654
0.507465406859644
0.8186593836378966
-0.9843309678308546
0.8394980094314154
-0.3368430138213306
0.8489073793716835
-0.6246754269714774
-0.624455890896822
-0.7338390368008652
0.903863613352771
0.405606143105936
0.7114170411487926
-0.7929427258184342
0.2207305419016062
0.8111571107904217
-0.5283864151926271
0.4604255950680026
0.1249864206820633
0.5944581064278031
-0.22153562977797223
-0.3985631787876945
-0.5985283810376093
-0.542582951032968
0.22251647802995272
-0.06275957221670563
0.6057311569362602
0.08767391011439181
-0.3788968343961449
0.9822042268161417
0.5170974848916409
0.3264630048673558
-0.018057171706597652
-0.13889348525700695
-0.3359662681417072
-0.5496208845878543
0.39313716606700233
0.7264178632488051
0.8871106605150767
0.96463907275061
0.7445727376081869
-0.9862074520871659
0.317422589368464
0.48210169151764665
0.7840893529523988
0.5060179247181555
-0.35195429533810646
0.6980818692053234
0.977695620393608
-0.769577793957932
-0.446395710479426
0.6903846452264447
-0.029029539932750988
-0.7373236433916166
-0.9201000440263941
0.642155870977885
-0.3534401093085123
0.3711568129674057
-0.1374273798253245
0.8105597943856048
0.6591304290969987
-0.023987803376245023
0.0029271355274911827
0.9935424875741842
0.13863912228083697
0.8685965219639594
-0.5266635214601381
-0.3988139794401609
0.4273984524201592
-0.6105499667679867
-0.4541257766244055
0.23467614630666556
0.9036532009330523
-0.710779322018994
-0.43633899112310165
0.09644920423801749
-0.7582228336924611
-0.037607773963328775
-0.5548663845012252
0.8561415712432491
-0.03972405871230029
-0.8772772250265543
0.25509260379081355
0.5039556295312881
0.29653679146518014
-0.060619713071038604
0.7574938417023412
0.7238219789719077
-0.39695236903997805
0.56633981970262
0.9599901364997228
0.006755748341308915
0.8308613049087825
0.25891413255564655
0.9325675281670404
-0.7542707726735027
-0.8724582155769902
-0.34997319013887745
-0.6015425134709201
-0.0003204820797058053
0.2648062189768065
-0.9726309498669912
0.21582484995119108
-0.4365929974646561
-0.6962255150945647
0.8372189149048848
0.5159259560394923
-0.6897677778354138
0.5711455757132524
1
-0.5791572921324069
0.2624903483346601
0.5357417211879669
0.44832412675977606
-0.68757501209564
0.20346229609925795
-0.7866825401680104
-0.4116447102423894
-0.5794253601648921
-0.8657198629405667
0.49278140991714614
-0.42944791894589845
-0.7378176627582907
-0.37471375140571234
-0.7950706053302786
-0.1590425932828446
-0.15552281803458706
-0.10691094951203854
0.5348180273085932
-0.9298069878705275
0.3234463794992854
0.2559089501097537
-0.08394068409145443
-0.34307333418129776
-0.6546715770657786
0.43308427102380037
0.6655555096540138
0.03458571656740664
0.6720369900859048
-0.8479524397786006
0.3632837990509834
0.845835474047271
-0.5118661001984548
0.7090991485943573
0.5154845305230105
-0.16531835011776908
-0.7428988402295335
0.21535348459185905
-0.2785136037559998
-0.97899023798893
-0.6044331644028983
-0.4122951688100873
0.7850797145040593
0.46797002035708657
0.9945264175212941
-0.3330697202371752
0.19826841551737515
-0.6833173003295828
-0.408430534550281
-0.5249575641276009
0.9421125946644868
0.6520525402661732
-0.295835916894086
0.7821486603990424
0.9942723560553783
-0.8844866916762524
0.3269335142625378
-0.0430778942231203
-0.8670989946811551
-0.6782522864399516
0.7729789791731904
0.6024805745546019
-0.41337348238151234
0.26584904250664076
-0.2123310737350838
0.9832801304483612
-0.11667481425038342
-0.6463368827110348
-0.25217198163376775
0.9642855583972145
0.39998700154367217
-0.2783650916275929
-0.20935888910737016
-0.9681619876286706
-0.09751987842237136
0.5866748668548936
0.768852244016606
0.22473681208968474
-0.5155917102312018
0.26074118021038845
-0.3601705330195646
0.7591541159535335
0.004965040242823823
0.11158982338260533
0.5207006951303743
-0.898030507260701
-0.1580602622516167
-0.20178139445124504
0.7183743876450346
-0.5726295268329209
0.09588942648968185
-0.6827701514938247
-0.8670613143204398
0.2972344927502647
-0.39167511410137057
0.1832178321814296
-0.15223858881068236
0.23481857352819432
-0.512190683447635
-0.30066741615457415
0.8384205540011065
-0.12576558580018138
0.8858418675159837
-0.5041042547517878
0.7226677418126992
-0.31500061151764674
-0.29622510199375074
0.7280267866034554
0.016908768738867444
0.44245232550516855
-0.6143892174515306
0.7356793260038854
-0.9736552643982304
-0.11330162254218151
-0.6626736387034099
0.05835203539315972
-0.2813250960356809
0.6420610103007905
0.2807183462183038
-0.5996638158962077
-0.3111101089750081
0.5800264624277062
-0.043518087916228444
-0.38206893329614217
-0.8538138206303612
-0.45914927149162377
-0.48888310618582154
0.16776636182222943
-0.4223748758281608
0.45691767760780083
-0.43885812559365417
-0.7400873743747309
-0.37323694611138986
0.4490084464557139
-0.7938401930814774
-0.6011087475134006
0.9938563460318527
-0.8883447859626026
-0.05633931843778284
-0.831360714570116
0.824529685470293
-0.21908005083585416
0.2416228476022676
-0.6232672832670597
-0.15528726833529075
-0.7481469945890165
-0.8077779325324004
0.7450154405843894
-0.5806480225575508
0.17755548190152015
0.06239355244762851
0.26348306855375775
0.16571996913662151
0.3101255025251608
-0.5606075428844556
-0.8107240346133117
0.7124697249543174
-0.04930491229482972
-0.7434128524791372
-0.04760611411640699
-0.12060580288368532
0.6196441132285592
0.4045741885931096
0.3515866687602917
0.9416119133952815
0.3734586241711358
0.42693505372386403
0.3571412848099368
0.8162008749631441
0.7574142289750663
-0.30516163801645757
-0.6227091331269043
-0.2886994293487019
0.5178626855105106
-0.5025563625251078
-0.5279582822249431
-0.6014427609099532
-0.2661578410819269
-0.7649849335470211
0.1529565988518781
-0.5576456230566404
0.6297663676162766
-0.801763425510207
0.8813312755705678
-0.7457270826582164
-0.8718109173551409
-0.3194979664255133
0.44822186316648566
0.564287005611094
0.2590993424042246
0.4938648186717524
-0.8009993972207622
0.4812353007159264
-0.6638394736767789
-0.9582799613933717
-0.6273137629036183
0.384202408446761
-0.7325975564551376
-0.8083951512040639
-0.23190621097729924
-0.6601921727213675
0.9365175488083965
0.8159220716864106
-0.011076020894034627
-0.6541762003846102
0.9018402061726618
-0.8122071731613467
-0.4680243299582402
0.3091668816978369
-0.9277609613239202
0.9761129729776237
0.6244939120090907
-0.3429681314398274
0.13382227582430262
-0.6736798608304583
-0.23036177173146638
-0.6986233272528779
-0.11829068893571158
-1
-0.0604266045304237
-0.9414162401519331
0.9361996801192939
0.820531829178249
-0.27043802764258473
-0.9187806624734486
-0.0007866888829322173
-0.7192237167628341
-0.2723594087433637
0.40841525858694955
-0.13497155360173183
0.2243420736445554
0.16065610584837636
0.3688839220557814
-0.8911836504108255
-0.9374287838912092
0.5244746919224312
-0.24646681515321012
-0.2790107024239785
-0.07827933484205538
-0.07942258248039298
-0.0027458418317704535
-0.23073743931991736
-0.1900394867087999
-0.7740053761733986
0.9441571898759369
0.8620598679134266
0.9181716830715525
-0.9479074724988741
0.3876663026940675
0.1933282327996761
0.8272921472405941
0.03674152929427679
0.41204741305171155
-0.12974811981705556
-0.4522609965923938
-0.9341736327585614
0.5340478081842007
0.35427828630165403
-0.6782107757504486
0.8945106783740834
-0.8795874542543242
0.3636267847143347
0.6110236526059837
-0.7697071913371691
-0.0016024734809354062
-0.046054112377082235
-0.6207525097847928
-0.4980060596377012
-0.540323595920853
0.7919654617387614
0.8654408672517708
0.5965557769413069
-0.11726757209135133
0.42938480677298135
-0.34767321303267246
-0.7458859701586784
-0.23744273908958535
0.6106094466261762
0.1468918926571331
0.5086840861920892
0.602484999313326
-0.36949975772203714
-0.10776695647010592
0.3875127483495207
-0.1213156973529136
-0.14330440947496628
0.1714447049752409
0.7457986942150474
-0.1937938497491118
-0.6629035610394961
0.73561477505381
-0.12519001554050072
0.40741282827443687
-0.9476722898514831
-0.5095814934305193
0.22353837448777011
-0.644403420502467
0.616755018198771
0.03171597521382307
0.32715540969191303
-0.9795641443378105
0.5839920372867391
0.7862408205691578
0.20721281410090348
-0.22717035684108638
-0.7271884979654495
-0.3239386149647143
-0.8282993734051092
0.9961238747485692
0.13135591581383244
0.595016814575368
0.21179626499093163
-0.13909493662023076
0.047696760689107894
-0.3317139040563959
0.28152198024877173
-0.7658801984414194
0.3300320246297392
0.49387101713955683
0.8980396619464087
-0.12339110125329449
0.07816136938885
-0.20216332876752552
-0.918704540116963
0.00863080905604454
-0.5326151755792292
0.42292113635897466
-0.75156050562121
-0.6447766190189743
-0.26499178145744995
-0.6786326067128282
-0.76125561368759
-0.13793553580345647
0.4583613776290332
-0.33437381333349864
-0.8302228557398952
-0.6690206607403171
0.349141798487697
0.8468523916326416
-0.26134325275133957
-0.6674508830737232
0.7592020627059672
-0.6046198452570042
0.01913206092928065
0.4790898137676167
0.28439104953653016
0.6365468921431544
0.9581117274940204
-0.19349238283929762
-0.4447120623973485
0.22506045012958836
-0.3099496524521334
-0.187502741884827
-0.8846133737982559
0.42252206173340146
0.9052842827060784
0.3018092514852977
-0.5599367874640209
0.6742845119797636
0.014345228432148756
-0.469983827163037
0.7224325063381302
-0.9044170626755362
-0.09008116914107703
-0.2794852764917276
0.16106854495160813
0.6073122918882158
0.5564492460345749
0.08346081348213594
0.5639028263180693
0.6564680209243421
-0.7477704567813315
-0.2262237633195324
-0.9740388212820258
-0.903111922124922
0.1316405167802939
-0.1082219139447158
0.8168158309331669
0.2549904044701243
-0.7285245685313146
0.2202355542797524
0.6752023153301531
-0.12181480094028263
-0.6995294270279742
0.8149571700551992
0.13536641476678038
-0.6478642724308091
-0.8708229229795625
0.4229848107042743
-0.41483179869273523
-0.410397919492433
-0.2394409681502673
0.8182480589712953
0.45641418064923756
-0.6689111662981274
0.6484012109457007
-0.46885620555033325
-0.5018789164563442
-0.4063703959649112
0.912695815128885
0.9472045064456969
0.4215616826219329
-0.7608439513231866
0.9691617270829603
0.3044375794071127
0.40639606553056346
0.8216479206424805
-0.9681700700308639
0.9541289231436879
-0.8584606648310928
0.5883188193932417
0.0016252489396731034
0.5278716508034627
-0.916093704847358
-0.2140737954951644
0.10097743745340432
-0.9058794894489725
-0.5989294393864425
-0.6119248045752123
-0.7389929744174653
0.3240082356074128
0.6263159004525379
-0.6944499420380594
0.8325501903160896
-0.24698673337976834
-0.38514849655112254
0.1567539590649451
-0.8716371425941261
0.9541370786593129
0.49636448500007835
0.9553327366264565
0.3593199801176068
0.8290467575195865
0.2377450615813796
-0.2674934488343251
-0.7252068797053772
0.7030448030455062
-0.8427147947893595
0.280697022445578
0.4991687125590041
-0.676835768327468
0.08801594463522486
-0.25532937012796025
0.8321341436611339
0.631650137459925
-0.43678999511786004
0.7744494293700742
0.774950599447641
-0.8221407739520203
0.5453724067498417
-0.6270950442730245
-0.07619279994930671
0.697287494700986
-0.2028270163011666
-0.04225927732661541
0.9786175994435673
-0.2601644008151903
0.1749874562681022
0.7697421957365969
-0.9647663962319563
0.7199949780090803
-0.0613561470620394
0.026480975215926794
0.8459699370166588
0.7956365818656883
-0.8950203262745979
0.5633391942959955
-0.0558138061753311
0.06824946441958639
0.22559993810122608
0.15567962423859466
-0.9443802044051685
-0.06213054742943938
0.9583197908032718
-0.12647055337991647
-0.5482293124437734
0.02960470024615724
0.6408410737343847
0.46727454023867526
-0.9021294505594974
0.7604046465751871
-0.1949267481531066
0.33101734466561755
-0.09719218693712452
-0.9360841033810171
-0.5757633476509126
-0.02610365066257969
0.6068592625021898
-0.37585652677046527
0.46822416597239513
0.23361905925427381
-0.41721256111251515
0.4067204001100715
0.6665575058167036
-0.1778873206393442
0.6548946822458317
-0.7226867620495214
-0.04799597002182161
-0.6562265297646679
-0.9642931618643583
-0.06410834981131155
0.7404938914979851
0.5248038529550133
-0.905285971343755
-0.5994895670843952
-0.6614776527635354
0.2683364776459418
0.6586581727883287
0.40061769482358267
-0.7072204199200558
0.6880821419738088
-0.2728509215839722
0.9133428766731307
0.8877465925800784
0.8154515736896019
0.3387471514482593
-0.8736658445403069
-0.1760786826202718
-0.1873885319248142
0.9334430474121567
0.9355395401604221
0.1125262070194075
0.09674468728961236
0.41516508349966647
0.9749157083581633
-0.3379442406471118
-0.829524226082571
0.29393732090467684
