0.6122134419581602
0.43469873433781153
0.3366657910953951
0.9013093560457758
0.40663607805920476
-0.657373039458575
-0.9608799679337601
-0.14664597048803815
0.1266944118694955
0.2085043000564688
-0.7537838736963219
0.2924529641380463
-0.4397526139270292
0.8285174133444747
0.3724807890622235
-0.8773241823459004
0.7016561697119034
-0.5206211883149593
0.6346573506125357
0.12179127549737388
-0.8225977041241999
-0.3179332131379606
-0.32269879956576236
0.3717912612588212
0.4591878227402151
-0.3156832899452231
-0.1501263761875868
-0.4887443997904511
-0.5591992323140541
-0.37221871308456295
-0.1661685892391181
-0.7648812883369034
0.5979164699500573
0.36621341719999984
0.6925834887059605
-0.08077208235994236
0.24841893758125116
-0.1532780814544749
-0.784145370575834
-0.2855208936142522
0.5879383328674346
0.32956760553403047
0.5009796404848017
-0.19230152801954264
0.243771015091232
-0.07565889605347455
-0.4026770494475141
-0.18102264688963562
0.14784359584099133
0.7863027949071774
-0.20574837868586082
-0.9182208078096981
-0.6892412438028592
0.8816271638640767
0.9456917461871877
-0.19205057592407546
-0.7157026387562222
0.6672098216470551
0.8727845300260596
0.1039645440297418
0.8571196762132836
0.635722180361578
0.06280124173151946
0.5518157223813968
-0.0282779717641923
-0.9865028131338076
-0.8428729700760079
-0.8428156246369172
0.557340625990236
-0.2927519803327868
-0.05045120896841665
0.7934146251070046
-0.37155360885455485
-0.09391228654803539
-0.04080637925879014
0.8258881034962898
0.3558640858448847
-0.3748581129822251
-0.5471731402578517
-0.20468849106968828
-0.4714836858014865
-0.06020766887136255
0.24280572430311814
-0.15872127090097649
0.9017747569330509
0.19255076226238027
0.9415091431830596
0.12296775255602826
-0.7486674948247815
-0.7248852369569675
0.6305533950009581
0.8870301611958529
0.0632218061080468
-0.6131017399671919
-0.7944828249696557
0.6117771919361481
-0.16131123300216965
0.9346771991071985
-0.6521276307516298
0.42321756596054083
0.7985436738585099
0.09353198952742318
0.06338157698072934
0.5395116689230632
-0.5734061264269174
0.44133032425303165
-0.5110547280734631
-0.5126382407280943
-0.9296164719321052
-0.33387908069090283
0.8491208960642713
0.3781870618981391
-0.7596201976024233
-0.8524173676426346
0.7788455845206973
-0.41685168043161214
0.3879473978856606
-0.5245004295576552
0.9631532169098307
-0.24800615222563796
0.3510775336797426
-0.295965873216006
-0.5735594437861068
-0.033895430260701256
0.6627290634256177
0.7917922080208752
-0.23123742773355108
0.5911877645361983
-0.8522513753397241
-0.5797101121080305
0.005309256609252149
-0.44983970799824124
-0.07321509545260993
0.020864099187118845
-0.3989769539153932
-0.2196463746594276
0.4330981133012481
0.7779944968116115
0.24387015148493513
-0.09115540991821246
-0.425033059782099
-0.8854951031228246
-0.44700237306779045
0.09235315298597492
0.9238145032219395
-0.8391067546672667
-0.26482557770850956
0.7508035983606395
-0.48613293489374815
0.9645023505730216
-0.3099869192739071
-0.2422688794965772
0.7142016301023875
-0.8623496376133405
-0.5999432010269903
-0.6699880539399669
0.9544864120316185
-0.468425972397246
0.34088827266633165
-0.4008011168930046
-0.027825836170879602
-0.4372796661105421
0.42276016465052196
-0.21086867033426315
0.9584624317892545
0.4664696806926079
0.008282541610256369
-0.511863042244595
0.27793524132656905
0.11867539764335897
-0.14738624590439722
-0.33070813678421157
0.49431190832942473
-0.01713593749504313
0.6704013441347548
0.6439426249423879
0.21748166459339682
-0.39741155629321256
0.5950639283847735
-0.8392587321584597
-0.2903103278378562
-0.5406711676402693
-0.5290527516311545
-0.43729940069695517
-0.7213764324757477
-0.4643834722378931
-0.5460234009425441
0.281041217598688
0.9878665620419363
0.21652634459388878
0.972608724804497
-0.7342335714707088
-0.24975299102101148
-0.37151217553948984
-0.009923917569646803
-0.07532557877791447
-0.5245217640212978
-0.21154453403765808
0.32165920782424473
-0.014260669643035774
-0.15768844119006395
-0.46458440122545286
-0.015207046091300636
-0.9076082154683629
0.3207581708951247
-0.2096465283941348
0.042926657999224155
-0.5553928343269579
0.22299144077214275
0.346674072472255
0.8618858803140274
0.7770027455574502
0.9681825943486112
-0.6066281200475964
-0.5713264498384565
-0.8100103208605295
-0.7664543848253595
-0.9012798730776407
0.18109505272410037
-0.09505021456898793
-0.07814064791137476
-0.7416167927634054
-0.9386724303354791
-0.5236805186475963
0.454494842705829
0.1259604016551585
0.8334663654093063
-0.6188020558961351
0.4177453960633882
0.42322951845504814
-0.10839015908666844
-0.006841317559900398
0.4836656927275395
0.35149950387557727
-0.271454379681554
0.7004161848677569
-0.9452105564164432
0.5889628084332935
-0.15082344948510254
0.4668719839753034
0.3443428841462984
0.9857283349770211
-0.7896471967966139
-0.45513746682774814
0.6720922661864873
0.2384847386797555
0.36521253482608274
0.45800032785769246
0.591627859925883
0.2221412435153756
0.07756561254162135
0.28924864803151307
0.41610652429904804
-0.1535140038591019
0.3958021509458701
0.0047685803037256285
-0.33918477219979165
-0.2958995447871601
-0.010065394034004941
-0.6612410673584295
0.3579158685630014
-0.3229782708455147
-0.9928908464727639
0.7141150095351411
0.8759667963205455
0.020843258561035215
-0.38410358425911295
0.957051449973377
-0.8609728969987387
-0.7322856609919888
0.3849760005618656
-0.10385058525202094
0.7429360217452624
-0.15692363096673942
0.8216429614855307
0.11322970570512665
-0.3636633996168315
-0.4227504142267627
-0.8021668246721257
-0.1603396724247604
0.09712801983120956
0.6533456390217112
0.27836263735846334
-0.24386555880389674
-0.009794265529407138
-0.46611351682095764
0.20469448070251517
-0.6003207859753148
0.519936241507835
0.62116895381644
-0.17404897459662266
-0.34539549864110025
0.29502424516915526
-0.46479253989488944
-0.08385281931243771
-0.1376125689652831
-0.2318749797859803
0.7504464477038727
-0.054781120315420526
-0.2754514140189842
0.5516991658530224
-0.8445129875355728
0.5240608132252927
-0.28597203026241647
0.09339055095021469
0.9303008220633371
0.7002415701609319
-0.2852468307712752
-0.9815689135226933
-0.06149104126314108
0.5706520082264872
0.545605469351623
0.5833689051276454
-0.6482479073316968
-0.5597140575380346
-0.8560166767395615
-0.7308092170320303
0.07244928754460653
-0.26411854297023557
0.09380015197817555
0.17108917414106517
0.3851870302605556
-0.687110496990303
-0.9141449909236063
-0.8796932607681038
-0.2120879943661776
0.166238169838432
0.8479984449956594
-0.9385756717331792
-0.6412917267488676
-0.019552522092112584
-0.3768949652761076
0.1781537828832219
0.04105024155144257
-0.0703442975840115
-0.6413468494849056
-0.08310734273271549
0.42116666585029655
-0.7705035041287056
-0.16291719260252172
-0.08926216769774216
-0.2657823944969736
0.4017382730184073
-0.21150572653203784
0.06666264874637423
0.7255447768702074
-0.5758751582364382
0.5812805059578221
0.13828286679425217
0.9052726845287205
0.4374254534696446
0.9676009832402132
-0.6006896323248622
0.9358203385498296
0.5163821201979979
-0.5845178837500217
0.48906685559331314
0.09499922179707804
0.7262426286557345
0.872603086350393
-0.20953093734809886
-0.21842125830475512
-0.38808737589161485
0.7076701653033177
0.1550880183492835
-0.9462153422432024
-0.8696977557796872
0.39125685760844914
0.024520666625883307
-0.5660442175618079
0.7783006635832952
0.8707933215702347
-0.06535698640269469
-0.21261219881889212
0.5989458352903395
-0.43571265849126867
-0.881610390803385
0.10199789200553315
-1
0.9119025222547453
0.3302517679880419
0.17100445187641922
-0.7727284195643125
-0.18723477379224257
0.9793960523725486
0.5876772455123324
0.06226060171481845
0.05636445700217194
-0.9069080187049604
-0.42600846264767706
1
-0.8494550962807448
0.09887564618302166
0.14779250966497484
0.700103087724257
0.41832003283625535
0.597705849518066
-0.3767777404674967
-0.7728455189681342
0.8431270921880003
-0.945086200340758
0.46553691911416484
-0.8619263265607491
0.1461286442111762
0.11285538055490628
-0.9915749656643134
-0.8492948099333
0.18279915312522718
-0.6515195315494697
0.37827466462713016
0.3893569221651441
-0.5993713254128739
0.5364014520876464
-0.5022451191620214
0.4036308210808415
0.6080199992762306
-0.6573188927939259
-0.18030888315612384
0.7206000529456718
-0.06026763181088222
-0.8514435211915494
-0.1551189882987871
-0.5756639058761956
0.035287288593434135
0.5975110337942245
0.572304546209674
0.4021072085140296
0.644501956892014
-0.3219982134401284
-0.6146941020758628
0.9979298619766322
0.766252021957654
-0.5665646377411779
0.3718544400618856
-0.9235456839845235
0.8894764124346479
-0.0034154034221097803
-0.41083407021802165
0.662629605155685
0.03453573566436991
-0.3460846422592754
0.43322037205729524
0.8574614054269685
-0.7198317641886247
-0.2592496571481891
-0.5710608355549295
0.15040368614651972
-0.4797102099240152
-0.24915251211033274
-0.7974135301145135
-0.2977426963568788
0.47416522573329534
-0.27156536947096327
-0.27626534230694094
-0.19652450516301667
-0.46944603679407976
-0.5149898756127279
-0.3978409258915334
-0.018726791149621728
0.12858288780333452
-0.46151986733939504
0.950942856915697
-0.5311873557633136
-0.7515953744064204
-0.8979488624140967
0.5172554353866938
0.5236166020824676
0.0485187810811399
0.06991441963147411
-0.7047410409749034
-0.8841371107701255
0.2971339031567017
-0.40551448695165393
-0.5396123161996027
-0.774304571614898
0.5043111852202742
-0.7738610666783965
-0.8663807755934672
0.6278331483822953
-0.2609247844855697
-0.7159551549363588
0.7956307564808464
-0.24573483183805903
0.499859060085084
0.5591121791803018
0.8410663601658467
-0.3900968545830101
0.03357144304217682
0.6165963957327467
0.3384849914052241
0.08452469560630997
-0.6178867834803283
-0.6131467680752439
0.6564478122376919
0.6854364510144032
-0.10432102479357697
-0.9953322461011523
-0.0936255895240759
0.417372411904059
0.023063911342183562
-0.02526706025275891
0.29326998515567715
0.9540911604582982
0.6116564965135128
-0.3304848171566013
0.7541687657336249
-0.2817721439190977
-0.6040938416329459
0.7804482909700359
0.15164220413767285
-0.06683710718234048
0.30037637361588093
0.4667851742659838
-0.6859244785180552
0.9775641454570414
-0.09144664994261152
-0.5265878256981517
0.5837476126767264
-0.9603431861960758
0.8038298374024425
-0.978929651586825
-0.3227263951887856
-0.08985137819359659
-0.6491667097519241
-0.6710002370812997
-0.923480586643555
-0.12122190481395738
0.049093216869478
-0.6130288945079427
0.9343778324521208
0.6296674987253806
-0.9947707127315303
0.8641233239964684
0.9431128989597081
0.11588199766758353
-0.10144592174079384
0.2927568151060421
-0.26764726510243136
0.4493696706079467
-0.23551464639781783
0.8255548834014442
0.047757029447362605
0.6498860760342221
-0.08489074371778396
-0.6920373643047663
-0.8823905919527164
-0.5666638669637121
0.5392969769598148
0.5448857371371398
-0.2931494684895024
0.672851207876577
0.6490911247113732
-0.2424502040672078
0.0782877472350081
-0.23947783184984464
0.9398314826798405
0.9678195663243399
-0.39189142763068596
-0.37715837898267196
0.4149309925034697
-0.23669914010232254
0.9697051978991638
-0.3213595899851827
-0.41970748273609404
0.6364674910173551
-0.9718194748570261
-0.5114040986580277
-0.7977645544844555
-0.6015797217014357
0.42311164541823104
-0.3143750675780897
0.5557191690918285
-0.06286747030832321
-0.5674401568648169
-0.6354342090824366
0.3580691456669663
0.41280228799284324
-0.2994746408411916
0.37092525033753226
-0.5526005392716835
0.8930068847517164
-0.20327011642457854
-0.04415882437308041
0.6668772832684084
0.4338911751687184
-0.6083051882208754
0.9005398267797762
-0.14336375063073564
0.38377718062311333
0.7706965557855607
-0.8579654487236796
-0.05644308952330588
-0.3411375712359822
-0.11383198358454588
0.7465160620198449
0.42085102207381175
-0.47680297692741924
0.7189257276162722
-0.17772347090747576
0.47439119438755434
0.7019120810858658
-0.5240776575438857
-0.7396063747709478
0.20020211486741563
0.22483732645873125
0.40680943658689606
-0.4597394017119949
0.48777720200601615
0.33971275627469305
0.6173938763379229
-0.33549247292490836
0.6957437735934126
-0.4716477710133918
-0.6002856354548981
0.8596869454202671
-0.9486674094230599
-0.4715908407206814
-0.16877014839698812
0.3310124797961452
-0.3027928045205017
0.32477147847657184
0.33177150700047797
-0.5636899463277861
0.9452448262626805
-0.7095519352829316
-0.0938830787035964
-0.31375095254224666
0.668063305063652
-0.3581815438068919
0.7519678602546213
0.6289411849775215
0.17905539014785476
0.6807074302903278
0.29003251638781596
-0.6148401590019239
0.3946478688727821
-0.5873170586235836
0.6029478323206333
-0.04869397193446886
0.9491387337631265
0.7416782103013645
0.4275674581552345
0.9483153795021803
-0.28989060636644093
0.3889189788278574
0.5621707474969837
0.8681155353953844
-0.7097842768107598
0.19795175492834888
0.1917214979850763
0.2969974096736972
-0.17641338658322941
-0.2526982303906862
-0.7431438427062709
-0.1410514012576715
0.9069108527336607
-0.7805308383078191
0.543816843956786
-0.5642374570438305
-0.9699850522892945
0.5310475101370449
0.6686064318705567
-0.8447689762768941
0.09848055525909516
0.9858658064922523
0.15186003389108285
-0.9922096884008321
-0.6839189471281691
0.8720878532687335
-0.9329027168282822
-0.8145249848580727
-0.26336218378186943
0.6054610569095746
0.3805725556269811
-0.7987873747478579
-0.6084020578616357
-0.007832769048668507
0.5856122842282648
0.5615084561763183
-0.13356106349786842
0.4243129826732511
0.0012398940648883326
0.5230653870571326
-0.7186929453802408
0.255469542321683
-0.4217400661208163
0.6172683842648923
-0.34800346112584224
-0.3397419579344545
-0.24376469459966818
0.2116698916555973
0.9908197769588979
0.6112165827020912
-0.12122965173652778
0.8923146755956601
0.3661714306526671
-0.7329064614422499
-0.4917208196001938
-0.9927437196575821
0.15251343484589547
-0.0565865388558671
-0.3117305923160969
-0.8366920525531779
-0.4457313062681248
0.6345996159267101
0.8350060248210135
0.38020753330242424
0.8335564208412272
-0.6215291828067099
0.6345056678637194
-0.8949152283319126
0.7834939893323642
0.37646984230113306
0.7668824351265837
-0.6353518167404
-0.2573803185869339
0.56931947147312
0.33721659797399495
0.06728597541547705
-0.447717990320239
-0.7296978626686028
-0.6414574649057604
-0.3219360550606665
-0.16740656267265053
0.632745258695333
-0.36217644351613903
-0.7453578902171115
-0.27345666477413694
0.040851289206497304
0.6685672333657087
0.01944589265957931
-0.2188967580498773
0.36032327176187035
0.6425885160073427
-0.2699195760758356
0.4950807004763495
0.9116100563283414
0.6114963284048481
0.8428299532545191
-0.23643201610017056
-0.6013779721629927
-0.7182382544221485
0.7393913649763864
0.6338181316106887
0.04016064064774329
-0.18463075879820745
0.7553151085265423
0.15606199487982744
0.06303905375988021
-0.6317757007386273
-0.03128098045246573
-0.5489060579706798
0.5353356081604933
-0.8484805788252585
0.7810451481663582
0.46362119045385247
-0.9028043202855911
0.09237982753724333
1
-0.42939767560532965
-0.7193427117411019
-0.489172407439527
0.7593759520491936
0.11023341568952291
-0.9391239748644012
-0.24257562072743127
-0.2945730735513534
0.7276498185204932
-0.9482877285951071
-0.9083677991123553
-0.16730620186955092
-0.3419206540203314
0.1593849975585395
0.3009594815729562
-0.7412246828366212
-0.3939220184504093
0.5595375864574885
-0.20024031071688214
0.8767163533600655
0.9560300866529741
-0.7787286869239185
-0.7271754357083526
0.5816019815448255
-0.29691351447301223
0.8661647419145335
0.28118414370162836
0.6438340820986979
-0.9804775104837811
-0.6093685165520524
-0.7182880761695696
1
-0.978696247447332
0.4556089042976383
0.23552372897755594
-0.8146028306680755
0.6707329688657905
0.64982351601628
-0.20963605236407867
-0.4031641990668178
-0.8932579028516066
0.6966362621360481
-0.1493328898822856
0.7453230969074426
-0.3040609711764238
-0.806668826058995
-0.10956677904335536
-0.06029783634103835
-0.023868000385787385
-0.8652887875669234
0.7182791586122448
-0.17764183867691813
-0.19965507757196466
-0.13631294093822544
0.565689645567768
0.7437621924697216
0.5810104202188885
0.8639149152841892
0.08600350343327405
-0.8527622783504711
0.7559537603096288
-0.5507708244043961
0.5641922593020683
-0.7839484423440181
0.38576779747960205
0.028885673415372203
-0.7978595001537394
-0.256505255959575
0.538768866081465
-0.3006041269017171
-0.7644788820223892
0.033385477702848415
-0.20713014926673448
0.886121374499197
-0.16988293090234807
-0.2979667280664252
0.060244644764226155
0.45861870814579175
0.8827853013214052
-0.029983227162082536
-0.3393770387108189
-0.13950727340044122
-0.904285199747206
0.30185127358285047
0.20631239433229875
-0.8145298042746574
0.9270078018423842
-0.340421280002782
-0.5974107463646398
-0.25854120110688145
0.23392710333743671
0.8538448430431764
0.8831478829650081
0.25365105512227365
-0.12489639971869247
0.48409065061126194
0.6577771029402778
0.9973741936330178
-0.16288348581836803
0.6927674996862159
-0.8230053285226872
0.7408334683437524
1
0.9771543743491667
0.8412653625634511
-0.8081004343542876
-0.11877179954687411
-0.09873118847091324
0.49916371246013846
0.42914385997809945
-0.3637174284354085
0.7461556909045545
-0.3733709462684647
0.4727867504722636
0.3152759605277806
0.3565577181439261
0.13940282777488494
-0.6388308686333832
-0.7842158337475206
-0.10609970354695925
-0.3787826221871209
0.6548682753823798
0.016666264424356775
-0.31862047264104504
0.3925993060745691
0.17033617317852373
0.5002561067702593
0.3319052076727019
0.06527995522149684
-0.4229912164812666
-0.3791651983406814
-0.4377523278554636
0.26796535816060724
-0.027607198962088946
-0.3672304897954148
0.1622187224776096
-0.40150530676926066
-0.614617073171786
0.7686864224866516
0.17111306866907713
0.9308039978145127
0.7857275550191778
0.6646891803326562
-0.2532702499142037
-0.05038354172799606
-0.8091016687612818
0.21597764266543848
0.8895241188274681
-0.20662991849175727
-0.2645073352290728
0.8365395648081166
-0.8619086766730862
0.8855034288650113
-0.09324730921841931
-0.06310053266898764
-0.5174932493069919
0.34798843273880375
0.2861702544784586
0.10808786772727542
0.2555607951865825
0.7131067793750424
-0.7460072004960328
0.7344275513806455
-0.2712695617663321
0.7739374891444657
0.5933130161244652
-0.3604343352111304
0.7233215015694587
-0.4954899367916285
-0.8979033919759505
-0.11118315649551884
0.7297071832067764
-0.9977186121726458
-0.7874014333252198
0.06784543967589718
-0.8881137874462439
0.28193625004426587
0.03451457287775808
-0.7874160693729423
-0.5307997674485686
-0.7262425219056731
0.473499072109976
-0.3757485279576994
-0.802414315994611
0.11079535481255687
0.43856204263403353
-0.1832829331310833
0.7147671058616067
-0.06217256979464596
0.7660070570117943
-0.5295749942577654
0.34498379844898813
0.7871895994059778
-0.30175402064247747
-0.9111683284508957
-0.28047612088404034
-0.7147308780941448
0.8197960345544768
0.8361710729653115
-0.602719069568131
0.5606606028212686
0.01547558091498433
0.9706405650535069
-0.01603989750364277
-0.2844176064124577
-0.9394653007254803
-0.6582390011860045
0.19978189749699907
0.09639973004831257
0.48556667959266836
0.6317145396040588
0.053526104080663016
0.3254847718798493
-0.4821468717359269
0.02338946747364682
-0.026853695398462576
-0.7565090396391912
-0.48141624068242367
0.8578437495672098
-0.9255611273954687
0.8021098837825601
0.21026997714058357
0.4528024060380751
-0.5797405492402379
-0.11753665278740862
0.2703981730336151
-0.6947127814987984
0.5100314225828516
0.6983512828965867
0.969860826091581
0.06254643384187522
-0.27381488542811
0.5585493999762393
0.22301214839502667
-0.84435080233775
0.4301164692675497
-0.6797066167776147
-0.26422583969660945
-0.8043596628727591
-0.815250311582859
-0.9645922881932711
0.9203748820611545
-0.586145094334165
-0.8852284189108904
-0.3828131697119787
-0.20236657001066363
0.5120875884138508
0.2913806021904609
-0.7640385467465223
-0.32786237346664443
0.7458216485430907
0.9085661631196233
0.7421333409364944
-0.0407826565062294
-0.8704557442362117
0.4523167177324249
-0.4990835456943162
-0.5577033927874067
-0.17846920808730174
-0.5309538884825277
-0.15476571788877233
-0.683027676392619
0.40356556009468086
0.339911484200907
-0.04461129799208796
0.7332328755314251
-0.9546685472171133
0.639748230638309
-0.6209286671772358
0.3780475785033427
0.5814524465815997
0.1660975638323865
-0.4359210451689969
0.3373240290073786
-0.24885302440058665
-0.9124519994711495
-0.4595174160664517
0.9928083506916264
-0.08998205181691342
-0.9378877964112141
-0.5101216028836816
-0.9004514551413043
-0.1507658807020548
-0.33515479414805216
-0.8147676875385752
0.6251640491824468
-0.8761846407113023
0.45573492286179135
-0.33421691991543456
-0.6974495407712016
0.8335997792844506
-0.3177814933315175
-0.24014768332200534
0.5689595351284227
-0.7721717114928607
0.3408506922428542
0.40520868474547145
0.003246469830807953
0.5131350968240134
0.005296022870823281
0.5638400704091537
-1
0.5839990149326697
0.19346609771793255
0.22567810823585885
-0.21643699127197055
-0.14789328982735125
-0.9814662373871577
-0.8041533568012246
0.02782322172736326
0.05597963015192886
0.3981275997905686
0.97912029778575
-0.47555592991438894
0.7235472906638637
0.5095485874021416
-0.017993294951018507
-0.656754143281587
-0.6286970724587769
0.07391321191089582
-0.2548320094795425
-0.9359482662191273
0.928823657339568
0.3503186248565713
0.5357433556811623
-0.9590078923460376
0.6463404174225856
0.02553749707393244
-0.2789165326331559
0.0020332739455870405
0.5038507210754063
-0.2079051724181597
-0.1607699814614463
0.20155971750164187
0.8665455341255001
0.36536775142579475
0.5000129285288263
0.6021197449657778
-0.4708509547019154
0.17944940870127463
-0.3157648063001032
-0.487904504625171
0.16419129262262627
0.8695323409199394
0.027654421627037212
0.06970343521086216
0.4302375617916838
0.3752073517020588
0.4944239652102525
0.5468674627217721
-0.22330900348822613
0.010724827479575176
-0.9643368620027541
0.01992536911735972
-0.6860126939194764
0.736940797919603
-0.592813846232249
-0.5101556266247373
-0.6502605497731399
0.7500045829489168
-0.5022555415660409
-0.652536726187734
0.18179624153269935
0.2865096875579728
-0.6998205862530009
-0.5395726964092296
-0.6074890772539344
0.5395540033430257
-0.4155470820632992
-0.20006967548602395
0.12481830264622827
0.22852278383194133
-0.13316208910803468
-0.1520279851852756
-0.7346968237768601
-0.3044175404434562
0.22945247918580242
-0.492369402711645
0.3424420396477765
0.11072539826572968
-0.15635653162667237
-0.42014815793368465
0.5174095853207674
0.07495261440791628
-0.007373448988503611
-0.86825567380396
0.9392289672582768
-0.8383969645337742
-0.3286440821010463
-0.6837011382242809
-0.21523590755719293
-0.702804735737089
-0.9206297626156271
-0.49742878297663873
-0.27235105545449784
-0.885350227070473
-0.00357528427275184
-0.6876629158373129
-0.4257210325245183
0.09730147474563763
-0.6848616388985564
0.13082059384904976
-0.42363342660906694
0.7206065887448183
0.6609437176229684
0.6203774500801423
-0.9008171940485575
-0.6559497609428852
-0.903866927991574
0.738716658152732
-0.4218358273511541
0.2296582375980007
0.905844280967368
-0.8630603501787059
-0.5684209507933565
0.2260442601166989
0.9303918155959118
0.16164004355348022
-0.36349092518839754
0.2259794428844252
-0.06424610299407385
0.32702954141804086
-0.8009821380422393
0.15737452722244946
-0.9789533051719143
-0.7324535473271847
0.1045637535127747
0.7664267352801093
0.6047844052145444
0.29396659046887463
0.9295136738745912
0.015576294211662848
-0.42244983917396156
0.30715863669094123
-0.3225245993696134
-0.3389547293308807
-0.6475617831196174
0.3874057148279141
-0.7889059067429679
-0.2598048842004691
0.39275387898681186
0.4640030716999237
-0.6190742449905374
0.9943211377283273
-0.7079854210751042
-0.4092922596393532
-0.09041231801295621
0.19608641986530773
-0.053715287113378585
0.36579993122183174
0.3977357150774945
0.7546577769200314
0.38822104591030454
0.797655738340958
-0.7538898160524579
-0.33098732412595866
-0.19008042563471744
0.9533231679097444
-0.7530555343418532
-0.6301066297927824
-0.6890389593342564
-0.010814919694851067
0.7193375734864305
-0.565864248175081
-0.3757964442482129
-0.7954526862404303
-0.8218419193260376
-0.13735426852972019
-0.5870632667308222
-0.1846465095518099
0.18225982323818773
0.7866988006328629
0.9367545910193934
0.3325476026912623
0.3819896056299243
0.8762329901458026
-0.1395775683659562
0.5971239260746504
-0.6600255350568214
0.16479943430373548
0.08728502131830267
-0.004767546947288055
-0.9178964453829415
-0.9505057673236077
-0.08091618784802562
0.3137605376379858
0.23390323017101233
0.9265616022986116
0.9165768543566526
-0.6618745239709044
-0.989844627273998
-0.057135015201442256
0.2693801542035167
-0.8496349738429229
0.6910036456492727
-0.826624731673804
0.5016519537491122
-0.33793560065955536
-0.25302428804257104
0.30158457931402893
0.8200644646579259
0.835737572616794
-0.33775915653090277
-0.0303335169800144
0.31999464529470956
0.1577207190057551
0.7048065871554162
0.2743513642797369
0.8354500548276508
0.7809322122342768
0.08466856838546762
0.36787841090406803
0.09557225895093373
0.7442815718463967
0.676901559833522
-0.6434981611487435
-0.5072480621657461
0.12870054222884542
-0.9978073384372603
0.7097371652987672
0.8279732788934436
-0.06601566658593655
0.6757595013593637
0.010108277732917321
0.4993855787664282
0.2152974092943879
-0.4310977674138714
-0.5808084446366105
-0.28086432623698143
0.21016968028225738
0.7314270577433094
-0.5887361803082426
0.6020431989969275
0.054369383080755285
-0.9844427187444431
0.0696079642477404
-0.7433024013501801
-0.06702818840977062
0.7878626093038305
-0.3722613962547296
-0.22820483080446685
-0.16375057591324285
0.24259806194661776
-0.990706692253948
0.6025450435449009
-0.046022277222564245
-0.15901356819216292
-0.25452760923861256
0.23579483500458906
0.2903830654572091
0.4562787569764863
0.6654820466019247
-0.27143510757746375
-0.0004812578613920945
-0.6621841087791565
-0.3870236271281501
-0.3039955786829411
0.6456568360033396
-0.7855024103476368
-0.24642113529640428
0.370671580405733
0.3198918546926336
0.08187620712467747
-1
0.34583639212739525
-0.3443662140542425
-0.5474028093869
-0.8009095895958486
0.35207610651693105
-0.26228367042417194
0.6009994678367181
0.12877019632458256
-0.8470389643182975
-0.6918670047124644
-0.49031388399152787
-0.36112488815932986
-0.19686182075131503
0.31049964669816693
-0.7709793406026325
-0.4165882349450701
-0.6133273708256055
0.15547766698883708
0.06849019552680312
0.49736407567204727
-0.5803341108151562
-0.15925418162226576
0.07645355915789558
0.38562950879706753
0.9013322788806176
-0.6218754662498849
0.7367023244917915
-0.4740078088292374
0.9323352023820172
0.7584264625470863
0.9789688422512488
-0.9524386323084381
-0.2180087387945083
-0.8298275146405089
0.3624898708905039
-0.2629003724274499
0.9923011460207563
0.7635880073725856
-0.6922903543999417
-0.1412554747338276
-0.0921772862801733
-0.761721681924566
-0.7237215798809359
-0.32512171313705573
-0.12166543258110872
-0.25878809690387117
-0.5568730021263896
0.4187270989312236
0.5785023743947767
-0.4999898787809047
0.8108352269087644
-0.026783529257606683
-0.7314698599618747
-0.037358229766023585
-0.5508933494396259
-0.8436815209352849
-0.45157234267380764
0.12180198002427844
-0.7095423558459852
-0.3596559616351192
0.9638541003082007
-0.5044280626205109
0.5332301415854611
-0.8505335062469326
-0.5582987021584576
-0.08024460404507681
-0.5661146790485675
-0.0522126333742028
0.46478251641113344
-0.20274807302557307
0.45739806173093567
-0.5527141461207655
0.8403557606375399
0.0019815713879410037
-0.47891522107206297
-0.2053661733227392
0.4304315220186039
-0.8612848108570831
-0.5124690816673277
-0.7421673849787158
0.9561680964469741
-0.18789417205501757
-0.13287657025213354
-0.7261775396837498
0.6750241622116242
0.5378545023296146
0.6415408371880147
0.8485669089318948
0.903559656455902
0.23119881257855524
-0.7473230877129176
-0.8768325929397117
-0.559294975053366
-0.2593040743127111
0.2844686866065065
-0.20801509082418748
0.24218902352388957
-0.6333394361612994
0.8574787291212094
0.7817879666018555
-0.970835494920938
-0.3301262158699593
0.9355720434110303
-0.0921610783764469
0.9686083641197218
-0.1481034485847219
0.7737817628358887
-0.46969302418585357
-0.3839464166554779
0.12315677240766854
0.1296156792085459
-0.2817710703978427
0.7405935611153026
-0.3653198932272433
0.6980524275870309
-0.8443877794248416
0.2863194644785418
0.5894294176040064
-0.8369545460040599
0.8051949793492598
0.14257765049040988
0.7105658241720718
0.088539985153113
0.7707182679372211
0.3921144739940266
-0.6026747958012558
-0.8009989532834131
0.1712211153886866
-0.6827529577517878
-0.23656429165773069
0.14778423487553125
-0.5579974522906103
0.1261989882361786
0.8203864804097857
-0.2513420564024765
0.8940442616530814
-0.39410123595080643
0.6346089206982894
0.41988846265508134
0.3799609516277859
-0.9685091805939083
0.8867334576999202
-0.7769885867106414
-0.5925960380404448
0.9289808065599467
0.06579351308684592
0.10341485996654744
0.9773848859440247
0.021452097728171984
-0.38103939985247043
-0.5218170824873546
0.26162698378720783
-0.1337776036085345
0.43808443256873203
-0.6000228906273942
0.7812223367960827
0.9124258199321609
-0.1555699596360878
-0.3504660456157044
0.16878718070631246
0.9112660625761424
-0.464471908248079
0.6211597890440212
-0.894334488240777
-0.09968801414859815
-0.9950047437882941
0.4941196659132626
0.18542452186062014
-0.8862407529579708
0.5065491852041514
0.16899426799635087
-0.6056558007521201
0.8618272522769483
-0.4571369474085368
0.5736620579684018
-0.13592277484184986
-0.5995584057804747
0.36790265106298614
0.610456028367337
-0.8498417021855801
-0.13507724920008551
0.9923157858141901
0.23850706141140168
-0.04368622622723112
-0.08865909614845628
0.7687724102679361
0.9128994595407485
-0.4693331565954687
0.23909376375461425
-0.6889078313509379
0.6079356279907522
-0.30008914023642663
-0.2608592234437319
-0.9084986630764605
0.9587760055500877
-0.4364629570441211
0.364495524403569
-0.2989853787231034
-0.4715321411366686
0.7812472696820794
-0.8745300055749486
0.07814693791006543
-0.06462817951100247
0.2948287979266668
0.3106268497555555
0.09109252715961165
-0.9544499198495588
0.6250673332235237
0.5367860792051139
0.8444730315017632
-0.4606989022197787
0.05737497216725538
1
-0.36676612864921543
0.44852028978374686
-0.48139221162000784
-0.8792238685003082
-0.8533106974459802
-0.47636668609257143
-0.815368105291834
-0.15555151318150245
0.30320753682977486
-0.6348539806665453
0.8003764846417748
0.6676937461809236
0.4092528818711662
0.11072823608239199
0.8157686681833834
0.8232282221294476
0.15998814788737645
0.23034422016203512
0.8412895621068371
-0.8185145416220654
0.6405822900267878
-0.3007891364061876
0.8241322480415051
0.9678630202432495
0.7828768257686881
-0.9353182485114386
-0.9361427821315242
-0.9292036171903528
-0.9941856416451851
0.5956612348740916
0.8042381870077268
-0.7197884608249708
-0.2878023688098204
-0.40596927011013934
0.922855311152336
-0.8254923525960594
0.0243898820710146
0.8635272795527122
-0.7931017608503473
-0.5820854535356966
-0.3196572847440374
0.3126274491729777
-0.9705091586324406
-0.25736977798134086
-0.6470159003659974
0.44932351930496606
-0.1485504393814174
-0.35271729561901666
0.8108372366877057
-0.609495991737729
0.08792216245820043
-0.23758913475165064
-0.012726558857871486
0.16994661082166715
-0.33316287432654124
0.7397584666221578
-0.8066947504892865
-0.3837522073560194
-0.06836327800695521
0.9308529282270621
0.6033551826367484
-0.8019709603066788
-0.24304963527523138
-0.7475499484915759
0.8636136481391674
0.4776416319100532
-0.8999566115393429
-0.7943481217221898
-0.5084811161884482
-0.7460962661918716
-0.5110417194582673
0.19441714836265359
0.19429389149687373
0.496252300870392
0.7695664656827013
0.8377744191104692
-0.3203860754753124
0.40422387239771873
0.6954284954702022
-0.9086087346052047
0.2885506038800003
0.4284072309742122
-0.7165132931945952
0.990851067092951
0.12278057991074656
0.19310500697010127
0.5334474781751266
-0.9835974530925153
-0.7579984134071296
0.047599601206689254
0.2286350597566946
-0.17058827896820086
-0.4464059321769753
-0.07363039300747597
0.9395055147298569
0.38081844908236634
0.1866086911776801
-0.4139002395233676
0.7298890458875895
0.32091412031212635
0.12369606378162362
-0.3888929998573405
0.20925247066000566
0.1765623310634531
-0.6929714088859285
0.3415205931606412
-0.2839628465426345
-0.16915785465324756
-0.594338825954502
-0.4107369851883772
-0.30695852258809636
0.48586643690210624
-0.06650141758713528
-0.6592561899946272
-0.642900374942152
-0.0725153606357393
0.38393756178026117
-0.8541928162048278
0.5829820518108917
0.31069021427323146
0.6092130327821772
0.7507627098291243
0.6025664891573292
-0.19349734924593917
-0.5744097497990817
-0.4262409954475185
1
-0.5402548028180115
0.5414432272524925
0.35996394900347567
-0.5994056472116417
-0.04511283042992415
0.8603153233688041
-0.11445656513763638
-0.30390658828544276
0.8974827980750009
0.7305323510309235
0.866726538516032
0.024202400674685546
-0.4851914523529915
-0.4318829285436566
-0.8478603116970527
-0.22936509330793894
0.19520736732525987
0.229008916843388
-0.6523737306112536
-0.19597244041632117
-0.12494566489747311
-0.21028201186698828
-0.7277964279893303
-0.9228920980385547
0.35064359801248335
0.3541436575464605
0.03770657532975238
-0.4043080101841006
0.1748838110579499
-0.9903353002699987
0.93935953377142
-0.8402983224414786
-0.6913360213216448
-0.5195267649008392
-0.6124202650427707
-0.09992152246979688
0.6684111491576742
0.12819722135616635
-0.7130060383452174
-0.849509089906457
-0.036729742026427724
-0.4344760633706169
-0.9475456713577426
0.12146065774237153
-0.9047266834154986
0.7880067714199928
-0.15945428052765562
-0.7260902740972704
-0.48975942856412896
-0.8948186973210079
-0.9289175045629525
0.5411713325324088
0.6202398574462419
-0.10147954137568191
-0.4022666212762467
-0.006675101372798326
0.1552727721898199
-0.2685211742639929
0.3553149175997415
0.9627647938916155
0.39470316284339907
-0.2924976678689867
0.8943641251681883
-0.4825988072365367
-0.701348273545933
-0.028521474928250003
-0.4598795258000111
-0.4933270391952082
-0.8711170959894159
0.2115162483962321
-0.23438935205590208
0.11065835163502828
0.6771068883995977
-0.7253055265020091
-0.0739167853460267
0.6814763336011043
-0.11819459445822973
-0.5265259318109315
-0.9238026906845151
0.681616429880689
-0.7888939814799917
-0.5859144591197054
0.4727400344540219
-0.46997309567402645
-0.9198658530000727
-0.6396805599616233
0.1391873394458115
0.745969612945389
-0.7464949244094499
-0.5459612042759325
0.9063825361431895
0.6949040256051814
0.655068903789063
0.772487617850255
-0.9835868136261467
0.30057701762452105
-0.72768351248203
-0.7116724746796534
-0.5537542429668915
0.4748463698570296
-0.7326141451315307
-0.05424171911206001
-0.6663956168349396
0.15120167254509992
0.9080473000123974
-0.5742804535626983
0.4150743558072079
-0.5988519490055109
0.630818298991506
0.8590464480523785
-0.9836965073627607
0.51653665100797
-0.821063302826806
0.6898161244353661
-0.1268662682998584
0.773449387941522
-0.28884066489488885
-0.11824010979044841
0.5445635660878576
0.8618699543172519
-0.8579259098835469
0.8313770497129571
-0.3910501345355975
0.8906411929018595
-0.5438943258251225
-0.6454099474663008
-0.8330951271524539
0.9465403677130984
0.39066448361292294
0.8255398924484563
-0.700891639135446
0.3108122811772812
0.7322047968531056
-0.7113446173314318
0.5123857995357346
0.0602236573403461
0.5625694108036539
-0.3054946051521297
-0.20749549241875487
-0.6488335016451051
-0.5013266381285986
0.30398960813968195
0.0018916248312755928
0.6484319764641683
0.16267324059375085
-0.4147155337588662
1
0.5440427601655966
0.4698892770258921
-0.04038805741728644
-0.2558776158837747
-0.5588942384253186
-0.6046220818191664
0.35701077450336555
0.6381565752796865
0.9140621843106406
0.9942987230036439
0.7669283902231334
-0.8706673438974831
0.5131011877054436
0.48173644754964573
0.6080722926175458
0.4615245835509359
-0.3262659929084334
0.6478814512716511
0.9583469764106615
-0.6285798290447393
-0.41711185496644154
0.7086829801600261
0.059523849495181656
-0.8277849682745606
-0.9227814415351576
0.6161251658663458
-0.43956816498239615
0.44270293068403954
-0.18429576836588335
0.871757095349415
0.6441449777381879
-0.08992298787576758
-0.18729616476152644
0.8923604766242127
0.1400190776491112
0.9482427998768236
-0.6194081679372521
-0.2818174508665664
0.48441687191820343
-0.5795490831406278
-0.4832750359202528
0.21149130687896833
0.8092271611954386
-0.5939971939824098
-0.5489131121139602
0.08639570662725744
-0.8106545036912873
-0.1117007532164436
-0.5635625976346467
0.9072172511550861
-0.15680304023093275
-0.9621047219425468
0.23118714151109046
0.6269744899005137
0.36442008058407377
-0.022012198996423843
0.8417252038402668
0.8318206169317275
-0.38054033832988576
0.7213795570835778
0.9899586207060996
-0.07320826818553693
0.6528894933970831
0.2459786295133223
0.9736976154641112
-0.7685592088262392
-0.9596467095111718
-0.30923389932689616
-0.5508842265064056
-0.07236395900027744
0.37002426207002753
-0.9061478016138637
0.1058185652248006
-0.486288467807172
-0.7080256811561083
0.7549582426147968
0.33950327168142663
-0.6729782700995296
0.580823083858812
0.97292911854077
-0.4071202634640935
0.34277116461797247
0.4987931059889192
0.5300400620361824
-0.6273550997270609
0.0808429024285555
-0.791852210765506
-0.4308040053969193
-0.49460890342630587
-0.8623394612309653
0.4833101980328707
-0.34304436424224644
-0.719953542717752
-0.2081036575387126
-0.904452647989819
-0.26839801636927396
-0.0843119736504268
0.004477810506154729
0.6957373662787547
-0.9712946844009848
0.29398347342243897
0.33525447725585034
-0.11111221735021971
-0.34807034937071357
-0.7674199628397378
0.39033673121245
0.561280105604442
-0.007442586446914194
0.6421036557286464
-0.8664447368156191
0.4566199949263708
0.8181606781528746
-0.48220647663326033
0.7263510078689441
0.23450820001540532
-0.30332792543523407
-0.6427392154158107
0.26867135060283936
-0.36071865120510116
-0.8919725564105289
-0.48612456031702217
-0.31437396481189595
0.7404898037578556
0.31424540911933885
0.9809765851002465
-0.16853473561876778
0.20932548169388365
-0.7269837800404315
-0.4086426109553372
-0.5008308140143917
0.8780910112383594
0.5859800450486924
-0.3118729864756835
0.6811416946999064
0.8765147243968464
-0.8284255551120304
0.34121850792154657
-0.10447220992975988
-0.9908203250153838
-0.6348461076757662
0.8019831369565434
0.684001159674646
-0.5770264594837329
0.24102876397396727
-0.24129934239049403
0.9958249857732001
-0.10093561233568937
-0.5561755621768363
-0.18399370834673942
0.800119221782588
0.39860365587519275
-0.44771940472238314
-0.31626822984607017
-0.8200609931894999
-0.09829474241779619
0.46696550029623723
0.734895577937584
0.09931248515023668
-0.4596901451729157
0.31283717893603874
-0.26954506555917146
0.7539936742352438
-0.16239162971360593
0.07003964444689091
0.4757476297427003
-0.8252742038881116
-0.23954739843809097
-0.2705523752627396
0.6740599267873145
-0.5593238609621909
0.12330175977124867
-0.7566195830007253
-0.9759661189176375
0.40818019357554924
-0.3858555418312046
0.30349415769637417
-0.061701505810140625
0.21256638335272743
-0.5941427897881694
-0.2567426954627179
0.8826986502724014
-0.18725951827735157
0.9689177619402
-0.5832353474787654
0.8399833550175732
-0.29062979202255207
-0.18690222324707925
0.5648232221785637
0.02101760366943264
0.5719846981476057
-0.7125354175654497
0.6768259508221465
-0.9333970614112244
-0.12381263785888343
-0.7808463217867175
0.10905917629598677
-0.15259668063981208
0.7306115231521318
0.27813264228840284
-0.6636686928563719
-0.29332197179412056
0.785646230182093
-0.0083226926776903
-0.30037687502217764
-0.8392273043172027
-0.4680751985457424
-0.6466102741666798
0.1479577400901042
-0.6092010187739433
0.4315676247347228
-0.3961995966444931
-0.6507573111724305
-0.23366429244888332
0.5284263654542868
-0.7813216654976791
-0.5776343177824605
0.9208182727903322
-0.838968249537361
-0.06255709366669598
-0.6508166967563027
0.7983141432329103
-0.19077892544442357
0.4172069581962135
-0.5887567519532158
-0.055035990635141065
-0.8238221849743871
-0.9192946066171171
0.5676328051607528
-0.646979601659602
0.1316122528789757
-0.07849967096338865
0.2604091741072569
0.190192472051095
0.30311554370815313
-0.725448856557548
-0.839686736205976
0.8361614160328534
-0.08872223094578362
-0.6772247410976706
0.04344558831264965
0.024605218290754523
0.5125321638824656
0.37820775024553316
0.4593441293886561
0.9839870593755558
0.4159771796712618
0.49866539227690443
0.33720203206814836
0.9676526267091997
0.6735223788193047
-0.4103260557900908
-0.5291103263141498
-0.2585830305897169
0.6826194016593675
-0.36816416361590826
-0.558184360048453
-0.6290640630985948
-0.20750517789705394
-0.955496781171183
0.18686380623860485
-0.6108237228271154
0.6032333944276113
-0.7451054467460874
0.9384185558221946
-0.601443258105827
-0.8941126617695916
-0.35544051318239284
0.4449052291364055
0.6962211317991978
0.20638470035393366
0.4362766412709189
-0.6272322814534488
0.4413829846790518
-0.6667717397095895
-0.9490823874369124
-0.3604776710076326
0.49703941022401604
-0.6511872359239739
-0.9568840263215861
-0.14713064766016912
-0.5665244611417408
0.859357674541396
0.9349042878880044
0.012821066462810529
-0.6624899272907291
0.9336376326646186
-0.8596095588653677
-0.515495443540347
0.3820629023380481
-0.8748356246407943
0.986607617315511
0.5842170665912861
-0.3437049180313366
0.07960547458093108
-0.5805173038925822
-0.3633111413290011
-0.68899363665192
-0.18340139704069738
-0.9585091696476192
0.08049154597963513
-0.9713429298550055
0.976090666724469
0.7664916194507079
-0.2985413050786839
-0.9110477046395289
-0.0371701757201492
-0.6207645872995031
-0.131667526706027
0.2971001857390706
-0.17823524704669622
0.2019987921572164
0.1975957583705822
0.4834419573342121
-0.9281775849747337
-0.8725423783820794
0.46502936608148515
-0.3457598492074703
-0.17279121741647435
-0.03121226412244694
-0.1740959987285612
-0.04108740916359344
-0.11460806064222868
-0.20995134982040808
-0.7407971655999134
0.900392869121913
0.7933488128156226
0.8708468827992795
-0.8921466021344583
0.267510029342418
0.19107266292690664
0.8689520781983588
0.05126467819477219
0.39621121421464756
-0.07229199682398176
-0.353068056800176
-0.9769070615532283
0.46615105502290366
0.35375838359977396
-0.7746424671969485
0.9142890341598718
-0.8191646587096889
0.4731975304402568
0.4401961643412435
-0.948207217454855
-0.0020761529969195746
-0.15462486455674584
-0.5879381464008006
-0.4966976733896614
-0.7310909228381313
0.8652149528839317
0.7893994845594899
0.45889074248067585
-0.19603092588207274
0.4340571787591232
-0.4308165654910325
-0.6297843384492746
-0.10016097155170274
0.5746011421473135
0.17387637713520637
0.4478626672420088
0.6392371952214443
-0.3740721881650547
-0.03431077074975368
0.486359254341919
-0.03243129442258001
-0.28457504948903906
0.16988401882657164
0.5112303962520953
-0.10581812345404915
-0.6652121318196541
0.8498607719576728
-0.12353432044405448
0.45654464981704884
-0.9681439111205813
-0.5374101372231205
0.0683519221521206
-0.6308254306707234
0.7460169638953434
0.12109986935189325
0.3012722420540155
-0.9677246601514439
0.6086782432132778
0.9060619387005435
0.15758872141390456
-0.2278665239466542
-0.8321129331115977
-0.30007196545053977
-0.8375119456563299
0.976923737489501
0.22116281250462816
0.6445601814631078
0.11601227103887451
-0.1159782630056839
0.13002174220512
-0.4682680128603984
0.41210261049425334
-0.8620239913878208
0.3922201804795786
0.46285075593215735
0.869844628735243
0.0051623636615877036
0.07760162885556117
-0.05995534845534112
-0.9897052300674948
-0.08096919861327694
-0.51479347870122
0.4196545921358109
-0.8729832736542107
-0.7394948628904586
-0.2862093283051768
-0.7872798572352685
-0.755527730591444
-0.06193507736043358
0.5286753603240409
-0.24213183954805984
-0.8580411859830772
-0.8568736887745783
0.3281786085623613
0.7313188180542941
-0.16762146922069332
-0.6051802934747343
0.6211624565732022
-0.4193068526028966
0.03916534391481302
0.4222161801852022
0.21842924094691135
0.5552502626784831
0.9419759807473912
-0.11549323836186745
-0.5629878435468186
0.34418295981607844
-0.38083380372341863
-0.4154028974241101
-0.9804011570895255
0.4465537199852219
0.8523735045653927
0.18065222000724565
-0.4150900770135606
0.6861234567272512
0.012010977028668818
-0.38237930538719694
0.7744075520037899
-0.8406878202432158
-0.057715278852397855
-0.1516215529230913
0.18034883552400485
0.5327250377613763
0.5503643102806403
0.23579461620757
0.5106884701787356
0.7226837824345331
-0.7214978517540963
-0.24255882771342388
-0.7909379206773972
-0.9415304249904102
0.03634527814121865
-0.19809059040291657
0.9597737821040708
0.23982011295287295
-0.7761683852918753
0.41108636456144904
0.7226832111943299
-0.12215419907292112
-0.6815894456807186
0.8670538370286603
0.13173388634132124
-0.6921267628228137
-0.9070306226949107
0.308945007977129
-0.18590627807071908
-0.38440602533156254
-0.20354726142208748
0.8951605587900426
0.5116164775262126
-0.6762377771570798
0.632206434755887
-0.5050880540352211
-0.27310604792559384
-0.577723552223067
0.7884376062342586
0.973380496060423
0.41765586259416454
-0.808892011338769
0.9742955405791734
0.34996891319052065
0.2752965762837127
0.7577451528961445
-0.9391163279956403
0.8839130796426463
-0.9121870476785323
0.4007024419173572
-0.13222591036532202
0.3648799721005718
-0.9177867534960028
-0.11003731545802713
0.12032713565789169
-0.9347387914117382
-0.6413265220939977
-0.6361641740790684
-0.6618803150658418
0.4041480042354492
0.6580948540173593
-0.859365787665594
0.843171075475142
0.029082609738096066
-0.32754374287405014
0.1395278300773411
-0.7965510454080349
0.8230470831363259
0.5124383214353132
0.9245376276890143
0.45207713591312443
0.9284939215047718
0.21847369707983816
-0.14609626677878707
-0.7216518410065746
0.679241911191002
-0.5885870303701791
0.53825698445318
0.5527284441626961
-0.7085487803176714
0.15833424206864252
-0.20832322587462082
0.7298836730592045
0.657975791108082
-0.33541846048396545
0.6113847555492319
0.8143048653169521
-0.887009946571939
0.48947087795092115
-0.6893527489188976
-0.10032194756453602
0.7433894898089952
-0.29837535086109485
0.005683139353568813
0.8755179686836742
-0.20309144869666465
0.07196733571457506
0.5992314788207395
-0.7979559254360831
0.7680123305069592
0.0882578572443539
-0.014694129915056711
0.7060077620928682
0.7048417659164076
-0.8029579858745681
0.5747197251270953
-0.20657740127835486
0.0759689255837565
0.11471475638352507
0.1198203395814061
-0.9619665219423256
-0.01350754360524373
0.9550906083273544
-0.22701488800978187
-0.6064483721909868
0.14963311319396208
0.5500832775767306
0.5189538796792181
-0.8776129790466518
0.7553859025099076
-0.20775819607951143
0.37709153546365737
-0.07095801671198278
-0.879270877350466
-0.5283739284369087
0.060727089856457306
0.6192972177676603
-0.4141865520029392
0.4318535745342102
0.3403019045822816
-0.3192904404396733
0.42382360604536795
0.6990256941352909
-0.18951976827901684
0.7040157237913462
-0.7859783111330978
0.08204967414034171
-0.692091969399563
-0.9705185006277539
0.01378554616260159
0.8273589079003564
0.670809387870147
-0.9281305332669466
-0.5807480021492534
-0.6023585487690271
0.38022438074984866
0.5953806302129526
0.4188981170664357
-0.805212988739405
0.6051134675479017
-0.30756679150562455
0.9550262835369939
0.9950351218498941
0.6834163404687599
0.5059628732021147
-0.860404223740906
-0.21805760367776725
-0.09655638381568493
0.9552175890610363
0.9154285788507401
-0.030142934480216044
0.10052096587336036
0.445726298578503
0.9827063698624746
-0.44170632016163625
-0.8137166587693292
0.3276266668428588
