0.603708798864354
0.4372398562655563
0.36504909278675
0.8798963640290552
0.42776940037718597
-0.6571683029238804
-0.9596198371983755
-0.19058588921546424
0.15544024089781341
0.2059937979280966
-0.7214918561454124
0.2946046742337073
-0.4434789636057236
0.8129339176559532
0.367793190649492
-0.8805343040083206
0.6676190894036578
-0.5256857144078072
0.6284447395547851
0.15711472396586554
-0.8521852329761784
-0.3343574459782172
-0.3150822631351135
0.39518562395812584
0.46131101864549706
-0.29796535326412027
-0.15596363076717515
-0.4574128333390043
-0.5525581135223563
-0.38062434614985524
-0.14950991336453173
-0.7959065291809971
0.6183512834076773
0.36796352820366734
0.6894153688525779
-0.11298255715998773
0.26128038816224697
-0.15469314703926382
-0.8028676492543536
-0.2956765656900815
0.596287750106667
0.33960028455179647
0.49786977985846703
-0.19305789441942273
0.23908519674047693
-0.06947813595452497
-0.43445256280386235
-0.16626381243722568
0.1450140706707001
0.7927815554723829
-0.20485476813934217
-0.9316708320032394
-0.6634119199163698
0.9107371485579551
0.9458316877120214
-0.21218628192839445
-0.6831948088776442
0.644651323823739
0.8488835711268226
0.11699128488949924
0.8582268534338826
0.6264099933103899
0.03552461143928507
0.5466126646859559
-0.02764262352888708
-0.9816411830296892
-0.8431065271786211
-0.8041261528868299
0.548188359320234
-0.29438485434828626
-0.035768873263661335
0.7847326430368637
-0.3577983338786202
-0.07258609090873885
-0.06452645303760358
0.8501294504789639
0.40038952158350377
-0.36545046714466006
-0.5675192061618725
-0.2184427397005746
-0.4844701365437542
-0.07588873990637279
0.23743248589175814
-0.14269674839259303
0.926879157290567
0.1720920212593421
0.9497300147833664
0.1442694064117784
-0.7406205895779248
-0.7133500769284469
0.6258534889671279
0.8841367214147186
0.04018649844522545
-0.6111159762643382
-0.7786943050925521
0.6167115412541816
-0.14722155247265822
0.9242208931818332
-0.6949804082583755
0.3890363865453139
0.8052221471994278
0.0805436147739584
0.056050181825176154
0.5082299051841412
-0.5230117086446089
0.43359768361881795
-0.4948271071770303
-0.5207096125226243
-0.9005552670621702
-0.3351181885763969
0.8524630910565214
0.3957031363556354
-0.712615454041097
-0.8803180623803033
0.7915807671716261
-0.40682995387066445
0.4005947087675146
-0.5151408048392991
0.9612597638281505
-0.2724002350816076
0.37296308595531685
-0.307356947546757
-0.5733386738757309
-0.04339057616669045
0.6768456604352493
0.8113335438868874
-0.25687233994610353
0.5830378886435067
-0.8693286780221237
-0.60325196584985
-0.005285171717380996
-0.4766893934390851
-0.08122484015536555
0.04745260827038426
-0.40773107626205624
-0.22070997716781154
0.41839173088236853
0.7477510446461273
0.25060091335273843
-0.07284668833899187
-0.42406885624088914
-0.8669387145334999
-0.43621305010746425
0.11749230278515102
0.9239135774269757
-0.8505348296543227
-0.250210174682769
0.7622810134492564
-0.5230508203307505
0.9442894298609295
-0.2979686982757457
-0.2400627323409325
0.7190539784199586
-0.8612565738921996
-0.6036680371811539
-0.6923545925796804
0.9404560548941436
-0.45185232233878037
0.3775148741924063
-0.37896693469088427
-0.0273608347691353
-0.3965013900747901
0.38817747688460813
-0.20644576134019574
0.962659169244077
0.4640123821488224
0.024038217990799315
-0.5294065468024228
0.2710633635422762
0.11017508297413825
-0.13108970043881044
-0.33164305931388605
0.4862312516396497
-0.013859103422422876
0.7024198178925042
0.6449261969822285
0.23445241114819929
-0.3722680521219668
0.5929954347790746
-0.8510194336017104
-0.3111276762183823
-0.5519132261055035
-0.5255312586549218
-0.4885212733946083
-0.7570311075462814
-0.4579259078598826
-0.5819509842121103
0.2729797396064134
0.9626894970494977
0.1872644922987129
0.9780542244910251
-0.7496954704653259
-0.25580984062719764
-0.3484892159884684
-0.02300870175401634
-0.037874504801326224
-0.4809344962026256
-0.22503631879144387
0.3018659111287946
0.0033357152387627756
-0.13734645409874396
-0.46920874631196896
-0.00867137713723048
-0.8827102626654492
0.32447682166473846
-0.19509189957422723
0.05948148620937624
-0.5431203534992587
0.20933922657718215
0.3506047216868708
0.8779883962377057
0.7756980175403273
0.9536159931076945
-0.631185605993819
-0.5830378911927334
-0.7641360105937817
-0.777889813110487
-0.9057613964197974
0.16137471909202428
-0.09023969462037586
-0.0492079957762624
-0.7246360955852533
-0.9052135139680797
-0.5077036469535418
0.4490597470971938
0.08713115939315483
0.8385030099184343
-0.6282521760785629
0.37508969713312856
0.4378280267741107
-0.1128586731620522
0.004727223528671174
0.4799794736110897
0.3256771680186554
-0.25950335877396846
0.737784738906897
-0.9460391251542873
0.5958717572588024
-0.14212558722103577
0.4402088301451028
0.3301974284776849
0.9801224405003274
-0.7931789675858609
-0.43777742130035185
0.7015989439553133
0.30300148878404265
0.38745725560309663
0.440896666420348
0.5905148245423851
0.210549119100312
0.07476008885766738
0.2634173412150247
0.4109252171432557
-0.1546459133637108
0.39751512142491735
-0.0029375418800088567
-0.33880455848582786
-0.30039813422051453
-0.014817679740283984
-0.6654638124346548
0.3184931079745216
-0.33979503795386135
-0.9777400223498376
0.7193551966552068
0.8735810278186252
0.026704270044421996
-0.40500894848767466
0.9442960999574821
-0.8484900035794439
-0.7586936636894546
0.4097577672767456
-0.1257234376891146
0.7251171271809654
-0.17536597288892414
0.8042561110703575
0.11809519359925304
-0.34376625835706315
-0.43854874766707647
-0.8165428971146879
-0.14824345025031246
0.09167308739478294
0.6268259631684433
0.29123497485218164
-0.24225654109280698
0.012774114814633074
-0.47802163996177194
0.1850257978253177
-0.5832807792946177
0.49435568906440486
0.5976586384619257
-0.16913854229230577
-0.3660652115958209
0.2741287226760447
-0.48883884332761907
-0.08298010527734064
-0.13205203630460105
-0.26171089764238603
0.7524731374059966
-0.07198175673197343
-0.2599581328258676
0.5480369671386361
-0.8525012339107969
0.5290684929644913
-0.3082511454925523
0.0984597547896832
0.9317312175901658
0.66910749093917
-0.2679083752580572
-0.9900280684055154
-0.057605088906961234
0.5846797468317749
0.5067198518898983
0.5677210347081012
-0.6502039089073045
-0.5613532176152605
-0.8842700319438476
-0.7462516816642624
0.06908285399149298
-0.2782654470176719
0.10538068880235395
0.16530883405543834
0.392017800999969
-0.6740487842347145
-0.9079106570379251
-0.8703293230224373
-0.1948844476847592
0.17826709249297074
0.841217212141958
-0.9143829888388855
-0.6251041800811956
-0.009380555094109838
-0.39806749778861455
0.19174700726142677
0.05209474113909128
-0.07373603857214912
-0.652953403339015
-0.08047486774199465
0.40455139977364163
-0.7512221311887274
-0.16534593787326682
-0.03847794436490443
-0.25912969909987926
0.3968465117183052
-0.17713993016675972
0.08807218984118471
0.7261053828030033
-0.5645788015337606
0.5754917902806627
0.17029228937879645
0.929678359137418
0.43940845179890564
0.9520656866337026
-0.6309402737600593
0.9280484542918248
0.525121469193522
-0.5658545397369869
0.46260705908769945
0.06726174462543327
0.7326073706779138
0.87156067415161
-0.18693954391796322
-0.20780243949031452
-0.3711462773545776
0.7036801870299233
0.15296074869430198
-0.9708083071309981
-0.8595130481007377
0.40201510421663866
0.06356131642805962
-0.5736295932009728
0.7739882280621629
0.8669057875569877
-0.056556628847677703
-0.2236185345663029
0.6065311655071345
-0.44141582345914876
-0.8718865670908224
0.09643288594742648
-0.9861257781106325
0.9055265682490372
0.3728399569969126
0.16210669127845875
-0.7897724436523537
-0.17100466752586968
0.9802401641378946
0.6030942677661033
0.07234919456183374
0.06871249808573215
-0.9132433446816858
-0.4554252280396579
0.9896498572413971
-0.8559303096765853
0.11408997211275655
0.1210240665323654
0.6776955167267316
0.45327116791300237
0.6016221516495317
-0.39532020155223524
-0.7412578277407822
0.8291840892174202
-0.9320859570030215
0.4498509430288084
-0.8634034638403996
0.15721356398482067
0.1355788105813625
-0.9933355236875213
-0.860231262018565
0.18583849914479544
-0.6725947301998046
0.3607134455817658
0.384469259882631
-0.6357555250767063
0.5112959177178458
-0.5048206127262472
0.40026537801602613
0.5878040628644927
-0.6748037071392873
-0.21701782532932218
0.703013285202601
-0.06271735175881459
-0.8424510764933362
-0.17080334124216284
-0.5727009334046472
0.028520244952289543
0.6212491744429637
0.5935800384590424
0.4002131592147122
0.6175691055473297
-0.30463311356138517
-0.616339945871471
0.9718133349240671
0.779651629076467
-0.5741982883220629
0.3686869169446739
-0.9188276092509223
0.882329808840753
0.006315783973340119
-0.4307217315388387
0.6405880682614843
0.011140228302014433
-0.3624672826811137
0.41605761753941883
0.839060702753743
-0.731959211013809
-0.22451524443379717
-0.5793009150847533
0.17191070928610527
-0.49647916275771553
-0.2303461720847468
-0.8128887690555666
-0.3077551153225589
0.4389679993878625
-0.21238824071499324
-0.2656539245084027
-0.2108329712062447
-0.4937181491872085
-0.501291156917914
-0.4114107611750325
-0.021587735032879883
0.12272014273580861
-0.4862731812849629
0.9608970180740151
-0.5468714863001434
-0.7697454417034919
-0.9258398129461249
0.5371370612962688
0.4938826921864384
0.0732003507484266
0.09424697572447838
-0.6821006306077735
-0.8788382587186169
0.2593043027938886
-0.41820561637642895
-0.5578210328319112
-0.776105860343038
0.5091328319426349
-0.7596165622386974
-0.8713534215088057
0.6177462593852772
-0.2726737358863937
-0.6714562873906499
0.8069283080800008
-0.23291809036629527
0.5005929403799472
0.598841638779899
0.8437453174473624
-0.340407532069149
0.008637903440345769
0.6057033492880818
0.3105906333689495
0.08621182702846819
-0.5978621112922388
-0.6523780355003035
0.6523449093168081
0.6543202775663244
-0.06871046183038015
-0.9484508732840625
-0.09978020471649277
0.42213540680732753
0.031802955574323825
-0.013724789773771883
0.2917878426833816
0.9894367445099118
0.6038646990181264
-0.34834775495059267
0.7543515164894675
-0.2995911553888835
-0.6000738341858186
0.7579525791580115
0.14433432382448902
-0.06592214701836795
0.34541775429024313
0.4875713403458063
-0.67389984483648
0.9704865424886938
-0.06864709568960888
-0.5225189668817105
0.6036836224261976
-0.9466543243479503
0.8107898881268326
-1
-0.3343311527132239
-0.09954437737222761
-0.6569763116744948
-0.7073893779337652
-0.9675863963431569
-0.1620373585460545
0.032467277850242386
-0.6025062453329523
0.944010807117892
0.6235353694054965
-1
0.8449042508924448
0.9467130391745704
0.12266307275712851
-0.09493704051012376
0.281984613899459
-0.27966583381367416
0.421187453476589
-0.2604334438153047
0.8535984676667335
0.06016063143871626
0.6411281813528361
-0.09248143492913641
-0.6705428320714744
-0.8564311807974835
-0.580314591661702
0.534889033947532
0.559689488056924
-0.25835791569508926
0.6707066618464135
0.6369634463483049
-0.2542948491985478
0.08771890283788826
-0.24019356665242603
0.9492355235857449
0.998272104572833
-0.3911487953477536
-0.3571794255147304
0.4371528599681902
-0.2411351199517469
0.9901969797728538
-0.33779352908416643
-0.4081485813581026
0.6446584089927996
-0.9965959001096955
-0.5199230068601342
-0.7932584583641241
-0.6010424075689009
0.4282301613382457
-0.29788718864435915
0.5631231731423537
-0.028923502251828936
-0.5760233417578392
-0.6739872317848294
0.3842048924533343
0.38554661745718444
-0.31595626862032367
0.3421571580321396
-0.5842189484392322
0.876541337041909
-0.19469017846952236
-0.03361157333731729
0.6746342692713678
0.4510801218763704
-0.6153168350947724
0.8964491065638612
-0.1340778765811305
0.39131433329432586
0.7714924284438534
-0.8716618621146262
-0.07824795126999592
-0.34016202582630073
-0.15242086493787785
0.7716563702778757
0.43626851941198175
-0.5033180042314079
0.7132247520214614
-0.18202984791160612
0.5132720672865967
0.6902399714480305
-0.4978981419234487
-0.75747707131851
0.22834939134970236
0.19190119742783524
0.4164471345762354
-0.46960621796561475
0.5006024114157988
0.31310382777172585
0.6147995995006694
-0.3646714174077036
0.7185145900875988
-0.48064287574732995
-0.609045382916289
0.8570595012067894
-0.9665944190496389
-0.4673082046115602
-0.1771441152837787
0.34576075087737923
-0.32651822936718533
0.3176801667070161
0.31238605177251205
-0.5724899002739454
0.9699478092952868
-0.704640893838203
-0.12888384413877832
-0.31862797565065926
0.6863156399200737
-0.3244056970709662
0.7668653861679388
0.6109500424754987
0.20254883249449063
0.6758633564170871
0.3144559411038417
-0.6254689564668668
0.3987605251468094
-0.6005816224608186
0.6086442624342395
-0.04623813762663002
0.9551917966331149
0.7833221885563251
0.4460517616315906
0.9638680398226938
-0.3153249100515065
0.37399190143359384
0.534306391670478
0.8826746965702446
-0.7038567291484834
0.20182771230864235
0.2042179507471696
0.3131532028397344
-0.1968013981179521
-0.23340782713984762
-0.7420625803155558
-0.10086925625310275
0.8949017209979127
-0.8021794827800445
0.5562755098073112
-0.5290590131420738
-0.9600516835206622
0.5054567314809365
0.6840841555184265
-0.8474886318627773
0.07155660197731231
0.9934376640864211
0.14825864539419295
-0.9870797927897524
-0.6788270992456985
0.890940176581916
-0.9490217489287125
-0.8239028881236536
-0.24474174443125862
0.5900821222090961
0.4049897820257566
-0.8039169970349055
-0.60095264935816
-0.031701831153029304
0.6015743628151239
0.5630722539019383
-0.14711929064747548
0.43889657319703335
-0.0021543023343478527
0.5134202527587441
-0.7053711121781244
0.2930199440703461
-0.36301197114891376
0.6151419103667972
-0.32970261688194374
-0.3445239592728969
-0.25040344902431716
0.17486916982964062
0.9845561616045992
0.6339079873811878
-0.15204746902781963
0.8843279503445782
0.354577276199118
-0.724271112314115
-0.4843117623602734
-0.9760011028249722
0.1770739495462512
-0.08701878661177698
-0.29506084357976914
-0.8225813704798813
-0.4329940848439902
0.6456330059802549
0.8015816027707308
0.410028365975147
0.8255762698400217
-0.6360338219540373
0.6207383111435975
-0.8701337972854682
0.8125626170458805
0.3581928010473998
0.7928850710052535
-0.6342255669239226
-0.24860382651350488
0.5813756319766762
0.34875151005478894
0.06037110259813064
-0.4342328829612664
-0.74862539936357
-0.6442533456293249
-0.32797985580956956
-0.1513211860764965
0.6099729452628979
-0.3843551266842851
-0.7362683472946169
-0.2540117173845338
0.03784511008640867
0.6718582600730469
0.010766520494806028
-0.22692425883466133
0.4031674936470899
0.6499254439892403
-0.2350659285206733
0.4990667319237712
0.8953663142916796
0.5999005918372007
0.8369435737098784
-0.27249438024159506
-0.605252824310728
-0.7210427298788806
0.7512644439515956
0.64590642438686
0.028887178272398572
-0.19543729573197388
0.7743390846824031
0.15911554211413617
0.0538613009981584
-0.6196145579884492
-0.042942227008571345
-0.5551570736929691
0.5428892361619115
-0.8810137748292187
0.7874663911766913
0.4839929160571657
-0.9193878961585256
0.056527142803606115
0.9953642529660938
-0.4100852128205473
-0.7052271158589449
-0.47335339649815394
0.8075545654412664
0.10824654797969449
-0.929150512931399
-0.24811321110683401
-0.2659928951137169
0.7317791390907207
-0.9158260523967571
-0.9108929517595481
-0.17653713297372767
-0.3436182978166775
0.18674366501832365
0.2510627627004599
-0.7499563757050567
-0.3810285089901232
0.5558995111864214
-0.20650622293647383
0.8891404300150352
0.937314368088486
-0.7469287160511078
-0.7135982379858602
0.5889196649319133
-0.3064570466880448
0.8953168683529027
0.2960632927128211
0.6118981143439477
-0.9616414403029275
-0.5912021345529852
-0.707449983964548
0.9836515655635641
-0.9822797076232352
0.4835993624985132
0.2668118769461427
-0.8003707644621815
0.64929837599446
0.641543565043572
-0.2018690808746835
-0.3887277906400813
-0.8824593913878075
0.679097470755507
-0.15597641716112629
0.7624305110150753
-0.30459545786286657
-0.8134571174921749
-0.10378594590472544
-0.03321095213039666
0.012879962215621689
-0.8279868716702556
0.7305061311685992
-0.1556931620822705
-0.21032324484815143
-0.13324734525102921
0.5623653994672073
0.7176857092718293
0.5756821562334978
0.8679459585811723
0.058123685026668426
-0.8580176029477341
0.7365865404175809
-0.5629071330323545
0.5507241065245633
-0.7879922144343177
0.42097217028494566
0.02534713608824852
-0.8092675152937882
-0.2735108238179892
0.5487386767758398
-0.2854519495938678
-0.7526600297842749
0.05896754695950572
-0.19989885581295072
0.8896907758192598
-0.17966919445180846
-0.33909898672818617
0.05630567846159967
0.48486181753494517
0.9066913342157457
-0.019556957512273106
-0.3246360380812092
-0.12480539618785197
-0.9195692479335987
0.2733687511754436
0.22527065089746767
-0.8011419273406859
0.9305102209384597
-0.3540991654989096
-0.6098222971576379
-0.2353278036987964
0.18697149503144392
0.8640561349659349
0.8741780875074434
0.25935385699464136
-0.15269542132029923
0.4960704164322607
0.6393989642382517
1
-0.18004393639217944
0.7188187572532354
-0.8426480464523928
0.7590591127946064
0.9909874324477864
0.9732059108969568
0.8551761730799513
-0.8103322673494718
-0.13162500051746256
-0.10249371801211253
0.47933675955252836
0.3947068798997306
-0.3462837956858854
0.7298269537532618
-0.3655426437803394
0.48224947064888757
0.3187810899406862
0.3305877073931495
0.14966171283249086
-0.6385811587681733
-0.7818118571033261
-0.14088892058151356
-0.37112462853299333
0.6888322302375374
0.026526732305725057
-0.3115580309918566
0.3661509101573548
0.1597129802897094
0.5073887377854529
0.33804153841202256
0.0928707653201576
-0.41854579276936793
-0.39456194387367205
-0.41010180702246435
0.2751368831885705
-0.04736830061533985
-0.40251356326500815
0.19181952449588321
-0.4161779328078973
-0.578258859122535
0.7484999035113324
0.16182474762090213
0.9008012518270938
0.7894843129468111
0.6800476829262558
-0.2675814874798713
-0.05831752156524584
-0.8133405066315317
0.2366569483738299
0.8783216684441902
-0.22301521335516353
-0.23690387117385772
0.8485977037609714
-0.8504920357038016
0.8781496390693203
-0.07054689670766208
-0.05431729180993723
-0.5157197184205067
0.3518122382236736
0.2861012692075195
0.13907151332649045
0.2532285356199708
0.7215445878824699
-0.7432268819739113
0.7187913057720647
-0.29391813473784867
0.7595428502715067
0.5698284032453986
-0.3510079261236025
0.7344192945935861
-0.5028857408777261
-0.893696802396498
-0.09720557051537877
0.7163843062152283
-0.9913672928820241
-0.7699410150406936
0.08816760597835553
-0.8554784432799419
0.24579763100348476
0.016803790293165595
-0.8137225704919194
-0.5107735278346117
-0.7214516693623984
0.46816019169105433
-0.3920359392069917
-0.7822935006582407
0.15652916238451325
0.41624400641826353
-0.21238458918401584
0.7302765521550207
-0.05225559639388881
0.7977726860224668
-0.5312109169228669
0.3632973598314754
0.7884460466438679
-0.3266310846761476
-0.9102005335595214
-0.2592823996630274
-0.736553710930116
0.8213898393675976
0.8242768513331638
-0.6173045727895127
0.5741807052679151
0.01690918480614248
0.9699822841480595
-0.004165533354944801
-0.3064054120701507
-0.9345431542964471
-0.6575068322027555
0.1951832251654089
0.08868796406137235
0.4869263288975366
0.619921246637859
0.040584269052015995
0.3004479073753114
-0.49270792830372445
0.034284483543033636
-0.02871333753519673
-0.7523397817528117
-0.5017412614823722
0.8390283725487929
-0.9508422994374488
0.8099519121252414
0.25730371180067496
0.4585786519024741
-0.6078379050083795
-0.10807647283926933
0.26947503079606144
-0.6987551227006075
0.5454549157341145
0.7081452549132805
0.9741791103898333
0.07314282977049529
-0.3045384870283068
0.564533553338917
0.2249951728349123
-0.8383865039240496
0.4326978151700736
-0.6946959258244519
-0.23176666377479485
-0.8144389043108757
-0.8008662701525568
-0.9525666002065671
0.8925892279001549
-0.6069749897824661
-0.8710640017320966
-0.37867769873115914
-0.1995042520273301
0.5240772148459043
0.3018919591015289
-0.7493167042385122
-0.35680847426399387
0.7532687605488684
0.9222297359871816
0.7265157530579767
-0.0467247216232312
-0.8921060700573128
0.46396981631187395
-0.4954026591191774
-0.5858400835917978
-0.19555444187796805
-0.5303626524058329
-0.18252048176359373
-0.6862223575569785
0.43735551488718943
0.33154175088760074
-0.06051568286269605
0.7336089575493883
-0.9442640453185127
0.6333496797135182
-0.6020125150814654
0.38188089043464213
0.5819977529745302
0.14340015059205052
-0.4150786165110973
0.3473392520043025
-0.2567199360223214
-0.9003327032578965
-0.44393768724975263
1
-0.07136568885021377
-0.9504394284185216
-0.522854657957937
-0.9372157502142856
-0.15873727360272577
-0.3305213824456052
-0.8240139063562955
0.6444846755170035
-0.8504649793300153
0.4683904925004861
-0.33411874974508105
-0.7007042790412135
0.804485175380531
-0.3149390040649479
-0.2358525084380279
0.5565320170466901
-0.7592604917130819
0.3343581152331199
0.4440469415863723
0.034523416975280295
0.5318618002393911
-0.02581923251528659
0.5811824066979316
-0.9998437164544477
0.5591011405409044
0.16267639456666041
0.23191705121037656
-0.20714876382394112
-0.09863396520710517
-0.9922774732647697
-0.8250114389958171
0.020571145967119113
0.03392115266268175
0.410781511406912
0.993161556567844
-0.5064364374692849
0.7161969885043996
0.5012059762949399
-0.0007852512658414971
-0.6810410288767679
-0.6332544318961164
0.07795403711368765
-0.2566559588723542
-0.8924105576040788
0.8957125054631007
0.34260206325524545
0.5287505070673335
-0.9462901351732786
0.6376656975517315
0.02852716979097012
-0.30064524086479805
0.008317215814200106
0.5461196772545786
-0.21274841207355083
-0.16905227772625664
0.20971020873431698
0.8857115290633282
0.35184057228010696
0.49873241772358917
0.6123944285144857
-0.47422712015351404
0.18546578986617654
-0.3109350605889488
-0.49543904084800566
0.19782001683037695
0.8451302545420332
0.01763394008075165
0.07259727261685349
0.4447332247022427
0.3690122165649783
0.4875600606413059
0.5444002615177045
-0.24896655183086483
0.017434756285751446
-0.9458809699397592
0.00765744734399059
-0.6675121227156724
0.7454913797738799
-0.6174142312061841
-0.5251192248632558
-0.6530202904206728
0.7126931887830918
-0.5142729686107292
-0.6622033887207752
0.2159262246114971
0.2939023671816503
-0.7417912623617327
-0.5554683684345771
-0.5847565157427371
0.5336176799942449
-0.414819872956379
-0.22933713759214483
0.1095455501717707
0.23200563484405154
-0.13790960117756074
-0.16771481051123388
-0.7348322413549964
-0.29585337934549705
0.26055206281380566
-0.4825539066185711
0.34389742035970894
0.1257966155877672
-0.1323180518435807
-0.3952657022693453
0.5134378463258441
0.11526396198758353
0.033819540676403366
-0.8568996852675
0.9519741208565214
-0.8305370989466795
-0.34209497665909505
-0.6792171903016138
-0.1997413621274169
-0.722695830593098
-0.92633551864693
-0.48838546595874227
-0.2705185588534051
-0.8905418690088386
0.01580401895618093
-0.6749299183501394
-0.4349957166608641
0.10692322402174605
-0.6569615612252229
0.10587715911122572
-0.4402883351783276
0.7302253133020943
0.6678402217612789
0.6333732741089356
-0.9054574581680113
-0.6637485584282826
-0.930154322761391
0.7433676142947724
-0.3942247572770966
0.24184146736330692
0.9301632524226994
-0.878721376443409
-0.570079050220948
0.21844071511700236
0.9109481540529155
0.14346365003961098
-0.3294188282317185
0.21893699708248293
-0.09757097346321394
0.3498325865603473
-0.7979422916172216
0.15578823421198323
-0.9788778627935376
-0.748319368152128
0.12180608156260815
0.7648446166452705
0.5863933427461291
0.2953865467496192
0.9259850606571316
0.018233316482862805
-0.4085210017588114
0.31978201393295624
-0.3003158746277836
-0.34228522045652177
-0.6256907304826043
0.37164717122847796
-0.7929932455325602
-0.2502881477473842
0.40707179348459854
0.463356327938521
-0.6282841592403402
0.9899799742457649
-0.7089206537716961
-0.44000694326921397
-0.07204697151354471
0.1809533608757751
-0.05471982602920591
0.3501999607663726
0.36486384101393443
0.7109873324808043
0.37965567346315504
0.7839275805722006
-0.7497533465390077
-0.35064883195455543
-0.21005624921116695
0.9550409493103998
-0.7487667549317926
-0.6395201181178878
-0.6739438844536707
-0.014792552935910834
0.7247297886976614
-0.5916760207382168
-0.35985290155605965
-0.8082209927646169
-0.8331245980549624
-0.16342555615271862
-0.6131788541613925
-0.19411527469849885
0.2100055399390334
0.7583045916155084
0.9467474478311603
0.3651815637194261
0.4195038782216798
0.8599444208554784
-0.1576486628071285
0.5740318224474359
-0.634612555849328
0.16719747600054816
0.0892015148376137
-0.04421142635027857
-0.9483013021688761
-0.9481419490348223
-0.1135902649903449
0.35114868190800724
0.2450904460819689
0.891015375391403
0.9555636007711836
-0.6844462469498027
-0.991560378508257
-0.04284176058349628
0.2643680508620059
-0.8802022082387524
0.7204061427164283
-0.8364551553006695
0.48220746611973897
-0.36896112636462897
-0.2189047920927992
0.29765771361294224
0.8563531502276162
0.8240719034726516
-0.30180698319235616
-0.011634292088101999
0.3302748883700285
0.17276546734899328
0.7350000306716034
0.26654545862164003
0.8471920375368965
0.7886622594185484
0.09036973621813355
0.370350045293413
0.0712318351337674
0.7482131636809244
0.6291615233111938
-0.6675197223213037
-0.5065348976639588
0.10783898954539113
-0.9698481348754069
0.6983264470273559
0.8265185188507019
-0.06602378037301773
0.65608490574175
0.0479380632447201
0.5090803284153088
0.20975607268501384
-0.46590396824421665
-0.584334784014276
-0.26671161215518535
0.19288475069988675
0.727708431868257
-0.6192076051618971
0.574738867145005
0.03358096686849971
-0.9941545738401799
0.03751996555413206
-0.714168303203789
-0.04173179665880875
0.8069750434094242
-0.36476629682186285
-0.21129831637981744
-0.14353895882879456
0.21645827072463447
-0.9488360717562663
0.607718002819521
-0.06888369303313646
-0.1309611441856143
-0.24805158836598454
0.2541315630307963
0.2911347408891147
0.44788064024685953
0.641393618258665
-0.2491432524887931
0.021109378703181927
-0.6634928912162593
-0.3982232190181539
-0.3061079792592349
0.6560779457966786
-0.7817092203325439
-0.2440626152110635
0.35876528778317884
0.31943686977470725
0.09369004702484034
-0.991718056077547
0.3362898349978095
-0.34374576357706915
-0.5476688292267411
-0.7874241296704547
0.3572668549769223
-0.2503816514902662
0.6156689606919759
0.11855622685370411
-0.8324624132322738
-0.684141754965939
-0.4801798900540034
-0.3432267573087981
-0.20544332416037037
0.2758486497888152
-0.7835169505192691
-0.4126192631873667
-0.5940391026021329
0.15753873660412315
0.06049721355848831
0.5111931088965136
-0.6001769538887671
-0.18420187417583828
0.056618581486183865
0.379028767536854
0.9038787680848615
-0.6276276203808088
0.7466792033354647
-0.5083170728868868
0.944483987686573
0.800028586206191
0.9869181333877344
-0.9428383380256872
-0.2072686196575841
-0.8673320710014217
0.37876258210303493
-0.26422727598516005
0.9969967515664155
0.7634431004832638
-0.6970058869301348
-0.13985642599033624
-0.12215142540796742
-0.770116231178751
-0.7181351731309499
-0.36910547801618376
-0.1341867466550134
-0.22641266624999276
-0.5271548350050989
0.4139911575012822
0.5608201975338449
-0.46603427519487267
0.8155721853380549
-0.023899232994129535
-0.724160263393273
-0.030229712765244283
-0.5441703250250852
-0.8190227835070404
-0.4429102864594809
0.13238116017009713
-0.679087172814922
-0.3917345589364821
0.9367801584770579
-0.5001390893534411
0.550726544972945
-0.8580214037696544
-0.5900504581160346
-0.07011669162923063
-0.5844555554829459
-0.026833617623005845
0.47548056646992465
-0.24685569317361716
0.4170912116891138
-0.5585340941860626
0.8728988141090803
0.024601790700074875
-0.47659461863819635
-0.21856160690993015
0.4490156113348414
-0.8360744650106102
-0.5448432782300331
-0.7498157517337803
0.9887621525250172
-0.19531499092513535
-0.13023101848904622
-0.7008496957093818
0.6720854524036304
0.546304765370135
0.6525031664473615
0.873701038384196
0.9346133306819772
0.2446682606174565
-0.7418966757716839
-0.8658421972333488
-0.5388763141239943
-0.2667440270264473
0.2715747681088299
-0.1887049097040823
0.27048146379297394
-0.6083631465764054
0.8741384308227982
0.8108136278074265
-0.9304904589242362
-0.3374139613105771
0.927064081436733
-0.12075712182479588
0.9947169852585122
-0.1404791695394343
0.7763492486537275
-0.4617551313853929
-0.38334621968394916
0.09726989550724259
0.11299887518507899
-0.2939164494126961
0.7237757873316929
-0.38357474244998707
0.7079109032782678
-0.8915910764700429
0.3002508184587536
0.5878539200056959
-0.8273186585194611
0.786608006135391
0.13505770287375216
0.7378547648800813
0.08263737837155789
0.7514460684717494
0.38801981139459485
-0.5963644802726661
-0.7977403714308925
0.1515893687909651
-0.680903958596741
-0.23733067028118446
0.15299008266441924
-0.577410302793445
0.10774521468292238
0.8178277020877187
-0.2669779028093759
0.8980562085301748
-0.3948913040923619
0.6358779613327449
0.4323733425113302
0.33918061183633297
-1
0.8765367077360706
-0.7813619725740498
-0.6326393989267483
0.9179664222410165
0.0674016146348285
0.08807794610711067
0.9654829908429726
-0.01840696326460138
-0.36293087449184536
-0.5035450899878522
0.22815482428973063
-0.16191060555103753
0.4349273882018186
-0.5847306706900411
0.7677551083004562
0.9326616546274938
-0.16003210723242342
-0.3774065073190761
0.1362198504017308
0.9362158292612052
-0.48812097781935887
0.6402472071987971
-0.9005365633891111
-0.10270312510030616
-0.9960780403979292
0.4952118698618595
0.18303302056078416
-0.9002587671385957
0.49954551910736245
0.18277610623865798
-0.5966324026971397
0.8549686188941661
-0.46833661053058057
0.5513958240196597
-0.1696593350895069
-0.5680739658417319
0.39417582247295846
0.5838057769215215
-0.8317197189935667
-0.11887472257847287
0.9931696818269837
0.21291858338569997
-0.06582483135082502
-0.06582636394705814
0.7464063748507039
0.9295599648386033
-0.472857467985756
0.23777570114856536
-0.7062141979491284
0.6511234621613752
-0.31238471744234697
-0.23517606616801492
-0.9114264112962264
0.9517034484517054
-0.4134306234563802
0.3664499733694026
-0.28657804377638046
-0.46313291479337454
0.8151503038149202
-0.8969190649572828
0.10611761000275154
-0.08894329332964165
0.2884513251175042
0.30462209092889
0.09807654631657152
-0.9721853194321534
0.6581705287702451
0.5204522649449672
0.8554955288745022
-0.47858830931236085
0.09160881455832726
1
-0.3734109991013596
0.4817339911669573
-0.48925502991774544
-0.8620452274663495
-0.8628897155067436
-0.46884048331193406
-0.8349685256559847
-0.15628731757827438
0.2939830278619165
-0.6429087438171399
0.7907944226589195
0.6564947160485203
0.41010986522880016
0.09056800495294398
0.7927231111039348
0.8511340347656676
0.15718380551493663
0.20599247902835957
0.8685965762017671
-0.8384483975007357
0.6458619240908544
-0.30697993071584045
0.8153981773614459
0.9536924713375258
0.7806696521257446
-0.9363610645595755
-0.9089816415033738
-0.9289346312004496
-0.979774642255339
0.5838989097977143
0.7901865530680899
-0.7461504097397077
-0.2697062526403828
-0.404052300911038
0.8986021461699252
-0.8332207318328456
0.03230222311532999
0.8653007203466407
-0.7844830702108829
-0.585012476670585
-0.3259240753965394
0.30187831993650627
-1
-0.2629208182817634
-0.6509891152486166
0.45626055209420574
-0.13599153901680006
-0.33581957885457
0.8320985582528814
-0.6151380943612522
0.06883720001308244
-0.22892382585792467
-0.00687889880960047
0.15045509182241587
-0.3561539597230354
0.7114004721710432
-0.7882026953920065
-0.38620946140884355
-0.07267305748468988
0.9078413994355768
0.6128183307280122
-0.7764088228219606
-0.24344888802384917
-0.757232811794358
0.9028312618794161
0.47046079450561956
-0.933588369441781
-0.7747627376940169
-0.5219181512087754
-0.7290796291823854
-0.5247194588664965
0.23870033453736367
0.19002969813869802
0.478916005067184
0.7673174169339615
0.8662281241438509
-0.3052235922007546
0.42443983938390806
0.726868735820813
-0.9232533919482282
0.27044672714323537
0.4188010401049749
-0.737608068563173
0.9650435511890542
0.14655926227914123
0.1509112391725804
0.4993880366513756
-0.9818384590369287
-0.7608008883875477
0.06405546294164477
0.20678891132175
-0.15779633464309462
-0.45907510443357036
-0.09246095038787351
0.9271260293130138
0.3917212155436239
0.1917773226708757
-0.40305134772400897
0.737950785248498
0.3201952481059491
0.10862193609181771
-0.388683240274789
0.18490906305644406
0.18269191596930967
-0.6882650478994714
0.34860058223022494
-0.3030743221348332
-0.1649728983810308
-0.5715137715447599
-0.393600842398413
-0.323324669570882
0.5157063463550838
-0.10415723456583918
-0.6708259697062876
-0.635833806750661
-0.06531630929043956
0.38889221579794714
-0.8801386017451612
0.6084438039881377
0.29472196957474056
0.5898112016910939
0.7612866199642141
0.5666129764532001
-0.2111890928472232
-0.5755192700164217
-0.412439756457918
0.9907563926091799
-0.5398847865890417
0.529183303291706
0.35218566963193154
-0.6040383245120213
-0.05112848584841476
0.8587243953816446
-0.1354011118539237
-0.2857220347363057
0.9121808248926538
0.7403019464068079
0.8663375214142235
0.02912114380990349
-0.4872560188845004
-0.44618081381939184
-0.8288567239943015
-0.26334409832795613
0.18855381924753584
0.2337800091110676
-0.6733659169053963
-0.17281140630863595
-0.17650369349482942
-0.22406632951248376
-0.7283952674599543
-0.9353896297943142
0.3735488364054467
0.34716552411301366
0.041730094536970005
-0.40871226256870136
0.172016060573283
-0.9902684545278179
0.9494666745018137
-0.8544512366085183
-0.6958920458017308
-0.517660182234976
-0.6228919934408216
-0.11060815279188162
0.6510411173808276
0.10134757261501152
-0.7152967843795711
-0.8799572399355584
-0.025532216146134972
-0.47505956769584046
-0.9955508757532596
0.11564359590647666
-0.8717488796072842
0.7899234620965921
-0.12417709087074483
-0.7238532670928128
-0.473041839374968
-0.8831339473685171
-0.9450425470316145
0.49415120334562534
0.6041776522916369
-0.10254711930373485
-0.398525872481571
0.01815352015610395
0.1469660806974669
-0.2675954433559911
0.37403700509304333
0.9716181292044201
0.3930029537018015
-0.30078366163860487
0.8798476257788858
-0.4647882091887119
-0.7224040352083188
-0.029089627317698888
-0.4354867203953031
-0.5167147038664027
-0.8620336423202903
0.22166803026773393
-0.2740956662581357
0.11027373449576561
0.648065754927372
-0.7313119930200649
-0.062470698661633635
0.6771586387048125
-0.13084252522817055
-0.4988763424663988
-0.9207746156259584
0.6435136323341576
-0.783242547478864
-0.5879755747527892
0.4844977481807813
-0.49029082102821914
-0.9651552772468314
-0.6014937333516003
0.09470967190617532
0.7686510008958328
-0.7387792288111807
-0.5657692132620176
0.9008835167064678
0.710072117366999
0.6651542208023138
0.7545115657520214
-0.9769185402762922
0.2785997562042089
-0.7216140544063742
-0.6914489992767563
-0.5476916602298075
0.48296381864936205
-0.7300527405923641
-0.04538215364494963
-0.6294413347516503
0.14014197800702263
0.908408607007092
-0.5627734147079634
0.4470937212014107
-0.5899975315538141
0.6366626041009616
0.8828297221670411
-0.963219927071126
0.5131867615084192
-0.82330515603671
0.6889255822381685
-0.1271957921213568
0.7507976619564315
-0.2577753785727089
-0.13833214001978142
0.5379180757112746
0.831312583441952
-0.8636348717464076
0.8240157550351546
-0.37830416044172155
0.8831522639762738
-0.5714258568339688
-0.6541337733944868
-0.8279628721990709
0.9200113426607703
0.37648874999440063
0.8173159319638794
-0.7314635555708024
0.31971256391847064
0.7529223112916106
-0.7083741015030168
0.5584599351220141
0.007166151080273921
0.5421658569310077
-0.2973624969400293
-0.1837332489773134
-0.6192904718702752
-0.4924004347162152
0.28292898544889017
-0.017185755012387914
0.6510950818586516
0.17043093571990342
-0.4187522652531964
0.9964056927780244
0.5138336166596749
0.47314419343362024
-0.015562222466940893
-0.2572458561580161
-0.5856722595622018
-0.5705523048251666
0.35750365328872524
0.6480688303669324
0.9310907853731553
0.9954049654655369
0.7460639627481186
-0.8473524407074998
0.532613790805772
0.48599077443084776
0.653108977289924
0.48245209393513355
-0.2996737209600801
0.6758150371199984
0.9333475847961802
-0.6560518505879033
-0.42955207197144274
0.6931221351026617
0.045303499286980464
-0.8399699670336614
-0.9215906873651553
0.5852542108767577
-0.43110472445354026
0.4323154593202597
-0.16657689089305716
0.8618104661009444
0.6295221672932698
-0.11822669006547548
-0.18016695808500843
0.8980677760252158
0.1352762145820144
0.9556798594594167
-0.6092475009038701
-0.2981708883674056
0.5115305573282695
-0.6100703571867683
-0.5207499031681134
0.196216017534246
0.8091679000029811
-0.5952196970975401
-0.5443166637805833
0.07896568970782908
-0.7998796369426561
-0.09614651954293246
-0.5344736902161771
0.9359326089180854
-0.13150355617789558
-0.9814709560774947
0.24804798123727514
0.6282271991451409
0.35390500040963896
-0.026566541999892293
0.8230422928201621
0.8160797681743958
-0.32626734251384876
0.724839260404623
0.989651195246204
-0.08428760178525503
0.6743784052712845
0.23871985340169274
0.9936101664733927
-0.7699716301415302
-0.9568959802820046
-0.3384090000038903
-0.5731826077205472
-0.07626265543668995
0.3783526631209776
-0.8720247578286859
0.1444989906503812
-0.46212859649117083
-0.6807393427537377
0.7545527823765179
0.35567675522273434
-0.6520534802889101
0.5747352046418512
0.9793691167901477
-0.4149246815139342
0.3020827634102913
0.5154878354384694
0.5112568343734076
-0.6347102007798682
0.061026743725834026
-0.7763957810779991
-0.4190240673964838
-0.4840092125730917
-0.8494100341084796
0.5245799180823218
-0.3532211043926516
-0.7579906071225793
-0.23472252607339347
-0.9035725359159357
-0.2728844530120858
-0.0982580226936383
0.03568320884064395
0.6665955010097677
-0.9673559357602161
0.2688337585563857
0.34098996915462804
-0.09580889532131752
-0.33952147314552616
-0.7756799584272771
0.3890317755258949
0.5556470147520084
-0.0065807587695553066
0.6407779337614432
-0.8500422749418225
0.4376601491125946
0.8043903800993718
-0.47328555409299944
0.7346930453361352
0.2344864578243971
-0.31488271201348966
-0.6205914678636338
0.25312587778987744
-0.3357660698447614
-0.9004456567208833
-0.4973868489499557
-0.3254608626382224
0.749763568727055
0.3321372498900187
0.986183847695192
-0.12534572034465086
0.2231671832202717
-0.7050929291629505
-0.4170555785874768
-0.5006082046054813
0.8658930863455959
0.5836533353030245
-0.3082233569130542
0.7058264873349136
0.8579335391009807
-0.8427695864499773
0.32978501703456664
-0.09812250250828253
-0.9834583388484581
-0.6388690277130997
0.7781920899704671
0.7100196004848733
-0.5772880274444662
0.25733849796029107
-0.2272192553808235
0.9711739510507248
-0.08865228762042102
-0.5363039538728307
-0.14024108635029403
0.7876481373710612
0.38682476333990334
-0.468139499517462
-0.2714939653949319
-0.8335583324662736
-0.08890837449547595
0.4603381263929078
0.6748514563964492
0.09462078860376727
-0.4322176605818689
0.2983409734842333
-0.31546697176982813
0.7576985655432009
-0.16919207187690832
0.08170747691783824
0.48898429013802786
-0.8234159819741507
-0.2126673166541898
-0.28018355379323523
0.6799849892179418
-0.5958088741207974
0.06938284497987772
-0.7801954871610898
-0.9711760158420514
0.4217470352124472
-0.35499360290918486
0.28888696323376667
-0.018102402460266204
0.2206142004548645
-0.585520289072603
-0.2932108201823344
0.9068913285738477
-0.16317978104876696
0.9683402569679268
-0.5765763656669594
0.8371562144157351
-0.31391540846585303
-0.1461650823687044
0.5457936905218843
0.008691647484740259
0.573755916849531
-0.7310693293508488
0.6863936894414864
-0.9065977557051292
-0.13032525557488572
-0.7897034295024223
0.09107571555008034
-0.15690552903815247
0.7244356348995353
0.2538115220698615
-0.6388033054751082
-0.2698709760953453
0.7862861292647407
0.006990318259998867
-0.30227688583212214
-0.8097860789270503
-0.4489431025679358
-0.6304237022880993
0.10593838148337582
-0.5945368750932707
0.43621575416938424
-0.40129855452664703
-0.6556785677256891
-0.22242033219418375
0.530374734564584
-0.7920899031504756
-0.5750119547185834
0.8936465237366724
-0.8580614013959965
-0.08059063202977708
-0.6728378088041185
0.7917683595087948
-0.20048749432734278
0.4032674966136064
-0.6204639745027213
-0.03660744053125605
-0.8105707641708024
-0.9182477040601367
0.5767275188467044
-0.6287204349861771
0.12913276880350966
-0.06794910623786497
0.27568167792166753
0.20442130869423097
0.31121634360602835
-0.7422880428598991
-0.8249604374633813
0.811044177622559
-0.08513095340483562
-0.682114778279516
0.062253746376978544
0.04456033119429263
0.5227612700746391
0.34686661192695833
0.4813447472106468
0.9351787057882538
0.41251044033739187
0.5058467282771627
0.3463036243834819
0.9539574763154947
0.6639243851634711
-0.40119975962355653
-0.5332072345870373
-0.2842965166591325
0.685546621356354
-0.365597841283695
-0.5593795186836968
-0.6012054039282081
-0.19224758572520426
-0.9469143028313572
0.1861316423692424
-0.5635146157577314
0.579852459476153
-0.7270813058208789
0.9404048048609481
-0.6119127263454499
-0.9013190684772481
-0.34338432167027266
0.43105192047233193
0.6881463182803937
0.2409332569755226
0.39979915868432714
-0.6410754226011371
0.4588233570685575
-0.6445374191145744
-0.9804332977260276
-0.3819750874734581
0.5000846780792978
-0.6884992676649355
-0.9322511677444588
-0.14416298320199544
-0.5489287346880535
0.8677529956384741
0.9492600828755576
0.04904423668077504
-0.6357236319337224
0.8923667583344979
-0.8703475819916886
-0.5181007920522697
0.3851922159990569
-0.8525701410330858
1
0.5666642447906591
-0.334865630579463
0.07028787040099221
-0.5853669976534561
-0.3538691516834313
-0.6551052452854055
-0.18968642556896706
-0.9584278704916505
0.10733256355989562
-0.9690299700383016
0.9709072061194897
0.7614493629122501
-0.29083175510838066
-0.9086813241803445
-0.014782481200687966
-0.599545055677071
-0.15492617925786525
0.32268122857208803
-0.16154454873241553
0.18754706525652587
0.1890806988323429
0.5212785602401274
-0.9505178915370679
-0.8646186306359099
0.46388643671653956
-0.3121233408232989
-0.16880569297095138
-0.028480684618497128
-0.1529311283000644
-0.031869716038329186
-0.1053990392405937
-0.19598787798867076
-0.7142389247619837
0.8892414148848264
0.7880530580046787
0.8423579929385436
-0.8899282345919797
0.272828248770826
0.1965026814857504
0.8745501751596216
0.039435687090707966
0.41842859797667664
-0.10017102426027537
-0.35036469426381084
-0.939528025138887
0.46202140298240435
0.3609523925306259
-0.76203604794132
0.9041732330503862
-0.7967301032445466
0.47033099155414604
0.45323613418366476
-0.9531014953435187
0.020740767122281876
-0.12728705266767032
-0.5936732616346735
-0.504003676337566
-0.6837538669904409
0.8557001836308532
0.8019294253821254
0.4462570801247922
-0.2333433448573983
0.4370637813490442
-0.45236895507634434
-0.6358097608913694
-0.12071749134927726
0.5927927127367839
0.17238584775977114
0.44903759486215783
0.6031494174833834
-0.36957713824118493
-0.03238370934565052
0.514718527039605
-0.03031783989529082
-0.28931007252867325
0.15373285141715762
0.48761925845103077
-0.14979220843138835
-0.6423268759708068
0.845684225687884
-0.12197977399907578
0.45871023599408467
-0.989268666610371
-0.5254974355835508
0.05366409320135125
-0.6141823216482449
0.7837083818926708
0.10732900505737812
0.3093848015940769
-0.9940523423740004
0.6255578595366817
0.8889987816325821
0.15675705474938834
-0.22247669816385343
-0.846778729599984
-0.28017837221854286
-0.8466859904660692
0.9863359869783934
0.24759072257922768
0.641653032855489
0.11993761091520162
-0.11492984434261257
0.08934350606147763
-0.47154781908895066
0.40988579449153106
-0.878121481996386
0.3540265962417965
0.46433135572557505
0.849719099023355
-0.04441996223940693
0.07718157676346056
-0.0989745714547914
-0.9901939856238072
-0.10545811376796646
-0.5028843029442592
0.44940397441913565
-0.8629074401927137
-0.7121309475430364
-0.2897120883539348
-0.7874209967171325
-0.7217354547979398
-0.06329407174130734
0.5024020576687085
-0.24625026559060778
-0.8220294404272661
-0.8493447412143299
0.29082724266985305
0.7500634812400209
-0.16954577785076116
-0.5926907485854336
0.640904229005629
-0.46484004921924177
0.025954738678033686
0.3986288084403557
0.2462552634564435
0.5591592780191632
0.930427803144612
-0.08939266329538323
-0.546638907175983
0.3501113583321387
-0.3565217799808347
-0.400147037483084
-0.9984697578560516
0.44817497021804936
0.8900644460253088
0.16597500729275683
-0.4239045045332854
0.6772868081432687
0.058367395601310004
-0.3822762384160573
0.7915275883250151
-0.8329166843553352
-0.008498742998324607
-0.16044707851301776
0.19499301812484054
0.5066455413577212
0.5892950146252538
0.22799267290727457
0.5107565664028415
0.7214204608690634
-0.7161121980812152
-0.252462249355018
-0.7859934358533596
-0.9601152004454733
0.055253377963342926
-0.19331477250409604
0.9964569491670867
0.268906090519935
-0.8001409455757764
0.41998095551360776
0.7293616836436795
-0.09155767528935625
-0.6750959985621195
0.831587093818001
0.1472329663590646
-0.6962198094289791
-0.9088944183809652
0.3088750644933202
-0.21768963616262338
-0.3778276550049996
-0.20462988232807747
0.8882484968961242
0.5029360049347742
-0.6559733101096139
0.6082161153748413
-0.49677772681788024
-0.25353683254418063
-0.5537312119597422
0.7556342917925668
0.9892265537586744
0.41150234684867826
-0.8018975728317088
0.9501783167116803
0.3083725377186131
0.27883224030290993
0.7520701686175622
-0.9627116489637743
0.869162752881553
-0.9267881010205993
0.4358353214210945
-0.11472877564450777
0.3741920483171434
-0.9069390198590233
-0.08431107870184697
0.10930978668821889
-0.9157309510355636
-0.6258971030271332
-0.6075356483957959
-0.6663707491474653
0.4101843371724789
0.6429768630493418
-0.8386524603791129
0.8448615475437533
0.013339409080673142
-0.35791495933086
0.15342550052163262
-0.7898065016609437
0.8113318363335601
0.5308407781742551
0.9585113817129574
0.4703084911670189
0.8939293588761745
0.20751875369360706
-0.15369582347673227
-0.7101847136579552
0.690231489526483
-0.5983587817140198
0.510278524829165
0.5098108168136852
-0.7153797007592658
0.14590356780544464
-0.20531027831496396
0.7330344923429146
0.6772682055746305
-0.32675474643076236
0.5916483610121984
0.8269050891171125
-0.8604646734591049
0.5129473931324701
-0.6778128386301184
-0.08088550654735505
0.7273138648135721
-0.29568034283507505
0.043576165117933746
0.902334046443734
-0.17389788016968458
0.07722911178286644
0.6223154434498824
-0.797256113511721
0.7677269000778193
0.08052570487491448
-0.0020333443705015373
0.69363896070811
0.7027525893936878
-0.8395658754571429
0.5731053975563687
-0.2312305983896774
0.07795743560536447
0.10718637487271895
0.12562930593244528
-0.9836173732150301
0.012533177407110331
0.9494684490795918
-0.21724235375618395
-0.6299579724921228
0.15254141414346029
0.5548722107343577
0.5380193660956553
-0.8676439967425456
0.7661535290807235
-0.22844610205090032
0.36787685347932514
-0.06339082850965427
-0.8509397678616144
-0.5302580400153664
0.050019785686139025
0.6123437977334669
-0.42863505425333537
0.4446374789415448
0.3546455201990599
-0.3515278006821859
0.4234813214580059
0.6837232651185
-0.19408574175171345
0.6527674872996339
-0.8021852774231956
0.06499609706664786
-0.6904570512756169
-0.9925100941084471
0.04199394978078061
0.8097522100853635
0.6854833402581846
-0.889878147907398
-0.5645104458192447
-0.6112714202629193
0.3719992177727599
0.5886444521008017
0.3914517083271097
-0.8297850007739215
0.5951098133297014
-0.3115548975942513
0.9521738901761281
0.9814872945623451
0.6702239402020261
0.4778938321395069
-0.8503352747670824
-0.22949375621032128
-0.11728860166287693
0.9375130723223359
0.911333392128542
-0.0030467126579473555
0.10644309723247879
0.46221236507852953
1
-0.44267908586631766
-0.8224267753663808
0.3268394259467957
