0.658499139897358
0.352533166863335
0.3379824535929733
1
0.30156425898782
-0.7376288154117334
-0.9258037195427588
-0.23309353441921052
0.14782405752788305
0.223981839334997
-0.7758706822542105
0.20585518968900832
-0.3450354054768688
0.7642484752609525
0.44917033824949226
-0.9204242400231798
0.8011121695469269
-0.48725829761916956
0.6096578402837973
0.17778649157354814
-0.695931787044502
-0.31698371554997856
-0.4206403354911091
0.30455377826692515
0.4680988148341527
-0.2761405076228794
-0.21236431051720872
-0.47081627717831837
-0.5857537242520872
-0.2692751448826796
-0.1445672633164501
-0.7938221571309331
0.5783215714836575
0.32887535611155766
0.6983588562172967
-0.0641602234827229
0.29860723196335814
-0.10718986625438175
-0.7755137405338042
-0.35406470315559724
0.6016652075262532
0.23561488816118795
0.5966766835420708
-0.239362967762739
0.18887510153023276
-0.04770466534803936
-0.17100028238890835
-0.061735275204440054
0.10374562720250849
0.7128959075488039
-0.29050082313989156
-0.8742114512650186
-0.6677639120680389
0.877984375469225
0.9337623435244529
-0.19857328243242164
-0.7973798658747664
0.6203669056945972
0.8463181256965254
0.24574320677401185
0.8525041785845953
0.5814395959488774
-0.046439168603395115
0.46426345278808884
-0.0386205197535634
-0.871380579721235
-0.9454534029208113
-0.8547050948732896
0.5803739638710118
-0.44303692201297695
-0.04248346187838509
0.7699122680029324
-0.4432979973008035
-0.11755134123203588
-0.06951166004403364
0.7842406275570297
0.23044842057883297
-0.35845056545201254
-0.5228670010779578
-0.29965802614392245
-0.4679029435085914
-0.07086425926102445
0.18293898887880258
-0.17635156659263798
0.7949546595337527
0.24290029319297543
0.9001102720497006
0.19637061952926896
-0.7423440490553713
-0.8251267600515898
0.5228731476851175
0.9538738107039297
-0.060944137394331174
-0.5812156634239559
-0.8666046076347081
0.5104508173809278
-0.26641780799815645
0.9166230107223838
-0.6102351098758525
0.34942046439706465
0.7298151626109647
0.16767659809739768
0.07311572203768502
0.46366311699629537
-0.5025575006660481
0.46505454816895164
-0.4394075715055651
-0.6840641270085608
-0.9087456775670371
-0.33781394588491176
0.9206952917646327
0.37902658809760964
-0.7787192420485435
-0.8053729055648127
0.6410298364967871
-0.4396605841019606
0.48964687002364815
-0.5510352187814458
0.9312327806484058
-0.34055440885090504
0.3859041592284015
-0.24472080149110073
-0.6112626705433999
0.020887152764708643
0.7503970969814798
0.7881384834477981
-0.2628267755528514
0.4825883264636601
-0.8403919944392936
-0.5438804387231508
0.059630252696115285
-0.3011223372832114
-0.12153456577280054
0.06806165449061284
-0.4293810879926192
-0.24006843949536832
0.4725247539861535
0.7853997341214896
0.3960666265757019
-0.18327124437761183
-0.44946890013190954
-0.9516189256949692
-0.47096741680541454
-0.026918111598176326
0.8421906250781387
-0.9079640026985907
-0.20796732272708401
0.6629741569377053
-0.508937403960729
0.9597415668819458
-0.43852043425384674
-0.26263557798048276
0.734408168571318
-0.7803266312474395
-0.4304724958538933
-0.7133449015277505
0.9628296135528126
-0.5625964599456643
0.3641809557159279
-0.42215546035098855
0.02762821285691904
-0.4582527459624215
0.3376481540401372
-0.10547682339315623
0.9936321364081209
0.4323712072175892
0.0438283847792051
-0.45128590173346655
0.34789115011429295
0.08025798401389622
-0.13460293294029738
-0.3219664286350833
0.5624474478591378
0.031319494832293494
0.7125920740210009
0.6076545937283063
0.39649672823622895
-0.2719847379756994
0.5208113930897841
-0.8190971563016878
-0.3393108364834446
-0.3808927970844708
-0.5375772949218847
-0.4199303892828811
-0.9348092576395707
-0.45029282789028496
-0.5265969915186948
0.1536150697958584
0.872843958478989
0.1514664307651834
0.9230211942259166
-0.7336547260061677
-0.2961690995194518
-0.23149869348740554
0.15833253696898442
-0.16063742022049804
-0.5993951272793878
-0.17041824596844368
0.3110442131963783
0.010453595743567703
-0.24857727487939432
-0.5202349261495405
0.13360365329101523
-0.8540279016898924
0.3798581125921456
-0.25360681150152853
0.04853222945524245
-0.532119292000854
0.20239065393022623
0.2990202399272356
0.8996976044632521
0.6369969650119954
0.9235459688257592
-0.7868964189325041
-0.5945370860903251
-0.7461782559355564
-0.6705527431512484
-0.9705690013675614
-0.004157880357240941
-0.2549097380568697
-0.16628014656805087
-0.7533615250869722
-0.8621781281491543
-0.4565023247822073
0.4013850013301391
0.0313628202144093
0.691195986366727
-0.5157374467692863
0.6765925913984746
0.2943061674246164
-0.18590841449065335
0.06809720545206378
0.5371852463542865
0.30520527325176283
-0.22150938707173423
0.8141816365625095
-0.9969791098008968
0.5251316725875135
-0.189963031182133
0.28451636028202604
0.17146869621721425
0.9452919885413843
-0.8336290489467184
-0.46031248967369803
0.6521227644545792
0.2884202088403896
0.4155340902296628
0.4874598140628591
0.7323734601899147
0.349860666550133
0.12304201726963704
0.37209220708149576
0.47779313814067115
-0.04017770430259464
0.37685122579615427
-0.057307595300610296
-0.24289188264438985
-0.19543402159186324
-0.06749886266562391
-0.6508328747027787
0.3661974898932573
-0.33931568608873036
-0.899782514290096
0.7136712067312573
0.8025630614373653
0.08882796819492982
-0.2875003386774454
0.8693721834123844
-0.6571341334712154
-0.8064630483114529
0.3097065888710156
-0.17450817576239008
0.6343776729815311
-0.16737855870861207
0.8301816825481556
0.1888461465737847
-0.28681865905816106
-0.32155801338936213
-0.7276397961004988
-0.13124680683706855
0.08224407449945251
0.6239590643875425
0.18684893513982473
-0.18953680897365038
0.04655965131684621
-0.5437730854508848
0.1877855358842732
-0.6181533469493611
0.34602661258146883
0.5694839193474273
-0.1925434326645755
-0.400653022386366
0.27166309989758386
-0.48823475881849954
-0.08499527858405524
-0.05443335440782233
-0.38673364468217647
0.7392633993012188
-0.06755073352642575
-0.3131770200214628
0.47442525418843534
-0.9056079890181465
0.29978471479126084
-0.2744889562412567
0.05902277544918132
0.9100847797996189
0.7472349576507454
-0.22240267530600208
-0.9484366021315604
-0.06931727447314359
0.5973746026669317
0.6637693163448216
0.6222780518760833
-0.571814968322515
-0.5513788173585589
-0.9630335501163205
-0.6221314660813367
0.134754926169507
-0.13937217986623537
0.08284459732136525
0.07550607535185072
0.35510133352669565
-0.7822123471583541
-0.9604666454002229
-0.7708651945669509
-0.173607310203437
0.1326812937927088
0.8840663863382486
-0.9677232385092674
-0.6921442490473773
-0.05278943816343726
-0.34128969343250454
0.2317961547176799
0.1577761938812855
-0.09159217895584877
-0.6832526157904794
-0.07375302033622566
0.5393584439721314
-0.7277131141885803
-0.14889862328175882
-0.1720500827144554
-0.3392734657025116
0.25941521480329566
-0.19538113794587408
0.09776264882684209
0.6370452726539744
-0.5866274662468213
0.48084538055265263
0.19679531245637125
0.9722943567675906
0.3691914365253508
0.9089681102098479
-0.7409594423924152
0.929530151940929
0.6846215522182516
-0.47269260186803735
0.5072645924046989
0.09295405888256657
0.6930088632761983
0.8272213471613312
-0.2195991564206265
-0.18893559498956003
-0.3931795560401483
0.6341160866151608
0.06618825587192192
-0.8444156514551971
-0.7963483360208985
0.4356776594903132
-0.011941235117703859
-0.5774788634220849
0.6758054717582986
0.792275035041463
0.07499295978169682
-0.1028406624578882
0.6016924332848796
-0.3804479724379444
-0.8739317740840449
0.2694245986935769
-0.9412506376163609
0.9268024606793127
0.3327544242591185
0.10578945585048263
-0.620467785235104
-0.2695888140044796
0.8540949360126321
0.6211685441243154
0.059844740972485676
0.10664587863479118
-0.8778839368337427
-0.4961829236944049
0.9371892820925142
-0.894063672928996
0.30222947540999767
0.1984526559936809
0.5719445892129101
0.47297261473946256
0.3997182026634135
-0.46097012330148485
-0.8223091294006418
0.7734271349410518
-0.9512762000093204
0.39830132520274886
-0.7989444797270254
0.16278348535253268
0.012878961992619814
-0.8541964181928735
-0.8603791665465033
0.1309194361417646
-0.571596317162097
0.37181011966616084
0.25155466313217195
-0.6870865026386266
0.6669207017268903
-0.5577829643778749
0.497388267949156
0.6713012749861721
-0.6201649991494138
-0.1662389149453224
0.6784569819892126
0.07022338367446095
-0.7685922946947867
-0.1153773671695541
-0.4312640864460656
-0.09377365204144102
0.5574570162885484
0.7690509742851046
0.39256277496753433
0.6601388729051261
-0.2482652791910678
-0.6446556107718413
0.8844403490271499
0.8234173250521732
-0.5219928901678327
0.4679064569054878
-0.8385047446118312
0.9269425588431882
0.04265103457446047
-0.37750153312948737
0.7609056378472334
0.027714067500850568
-0.22934027349235123
0.395308134706468
0.815355042530227
-0.7734353655005151
-0.20649740369461925
-0.5637998606914023
0.06669709852492826
-0.5957651093719425
-0.20510830460719165
-0.8537041242525871
-0.3680147662276255
0.5020972172612808
-0.2822069553313491
-0.2903873185820089
-0.1687879600464777
-0.3992357484912469
-0.5782113446905349
-0.3569982581593591
0.07624474156738342
0.24977343772289554
-0.39664496554393863
0.9236202421282287
-0.5353679370573293
-0.8162019410001885
-0.7717464635773484
0.4814589817029754
0.4674919774008523
-0.033328225054602874
0.04139498055918064
-0.8322486890874609
-0.8677547328184899
0.1758643476774603
-0.45500289583927545
-0.5787213885299642
-0.7096629973618505
0.5355040171796328
-0.7258053302299186
-0.8819103002990084
0.576113506205632
-0.177175699963106
-0.6982754947552695
0.8995265232723128
-0.3767398586482109
0.3875698749170421
0.6097274393597373
0.8230635456976951
-0.25611947240009264
0.019266876016438214
0.7049815810877897
0.3162601930659581
0.02963276063356559
-0.585476970110521
-0.5847005956436399
0.7360420313201295
0.7228826863803992
-0.2223916410737639
-0.8856271660751797
-0.03601518467031658
0.42427689547477065
0.016829554096100863
0.0934335041627408
0.32528481873172843
0.7876512170995323
0.6663808277324644
-0.31278386665856617
0.7619183116716295
-0.11662659846148828
-0.6383507305258197
0.8619555403833592
0.07449049172429066
-0.0754126524825441
0.23879200560816102
0.5094351264418546
-0.5518095526668446
0.9563126734983081
-0.02555029661538421
-0.5701051414729577
0.6660318577244453
-0.8192505559453555
0.8682902562060477
-0.9348884036909769
-0.27091620537898825
-0.2952973993640786
-0.6999544038637909
-0.6430452610145441
-1
-0.08799202372994672
0.03149104196393441
-0.5486086501617797
0.8017713302905839
0.3710626246956715
-0.9958194697340673
0.9207973728957227
0.9532359141902318
0.12684384051174655
-0.17345531620653293
0.3566874102338315
-0.20874421615222022
0.42971641160435214
-0.21500166249834726
0.8222880002734019
0.018448912779854616
0.5163255563848285
-0.03224194467182315
-0.6565507582544405
-0.8350717413305704
-0.6763994025204315
0.5692242432408173
0.502145151919055
-0.4114199881540696
0.5923541999103755
0.5335121383930145
-0.35953063234916816
0.013678133237919348
-0.14394668400144658
0.7875728597813076
0.9016185761597947
-0.40736774413252363
-0.3387179805191744
0.4322987661177997
-0.23252667712129851
0.9481704999951548
-0.23876731554784975
-0.42970449905838237
0.7056816592356605
-0.9018475305189743
-0.32335748439956374
-0.8679372235367363
-0.7162214716163469
0.45862682591044884
-0.31726510746923053
0.6007707778435873
-0.14118950651314607
-0.5825973161346699
-0.5605826877136572
0.27994512756907497
0.40080738369670676
-0.3792691558428584
0.2869567884683948
-0.48141795484254396
0.8104492269302734
-0.2739962240688848
-0.03958199389200257
0.6979339143297959
0.5647544226225405
-0.5082373459460091
0.8493532039273853
-0.309267162460173
0.4027811617599063
0.6535168089897824
-0.9033864322362107
-0.06679128748490894
-0.24079081734602975
-0.15956461834545912
0.593637496933862
0.4982245153487459
-0.4711919306694359
0.683858060525356
-0.1401209698416008
0.5022133905180223
0.6379246497736973
-0.4755483221339147
-0.6842518487298018
0.1919972793644365
0.20124244464848282
0.3448942272802978
-0.556752395973466
0.535327039387671
0.4158967489584222
0.6628966502488768
-0.35117739305351786
0.640813804772583
-0.5472563540816219
-0.6598064764776116
0.8451594775679485
-0.9415429439295858
-0.6631054595773671
-0.1571637602611856
0.29358731950166095
-0.3148992762484519
0.2538930919611861
0.20180699610797054
-0.44937130941598685
0.9213537983700268
-0.6549451032034191
-0.10090824280633748
-0.3350993294809387
0.7718839575004162
-0.2763619137112028
0.9654778745508714
0.5260976288809533
0.16510658111989315
0.84969340084092
0.180454577280021
-0.6267704053849688
0.2844403504115027
-0.5817211693091858
0.760534356499527
-0.015030582085488069
0.9322767606035672
0.684475531284056
0.19351424985193108
0.990234690325601
-0.24187094365101364
0.36953659798183924
0.6239032244132422
0.9641694095744556
-0.6259408669293564
0.19847366127248106
-0.08532790062544078
0.38528965967347706
-0.3170982832572627
-0.21885743947070715
-0.9870938252914188
-0.16669317737608697
0.961315857633434
-0.8241822038980714
0.5303444008858907
-0.4523726153531802
-0.9950557355503701
0.5058860361649815
0.731624901384028
-0.8175190917450891
0.06228889968769925
0.9767707591943524
0.2947364508373684
-0.9629956760671822
-0.6796074477805585
0.9694177095671601
-0.9399622839368336
-0.7611196192642427
-0.1757980898177302
0.6207629131819087
0.47860499117434735
-0.780647143349335
-0.5452495113524964
0.06716712351598726
0.6183993925827446
0.4295418261701506
-0.13620532049696538
0.5072355333139299
0.07448114559921853
0.5341191854230837
-0.8437482158620292
0.4810100394266782
-0.41987420738509146
0.5506176030142813
-0.28520533607827003
-0.1948827603303745
-0.31207386099585266
0.19284903510457432
0.9894080238412647
0.6707681416456075
-0.044853316041628996
0.7098294033889582
0.36374716770260246
-0.7084110026172824
-0.46714189304462306
-0.9447474449938974
0.11556001475619958
-0.04119098333988713
-0.40921478121639904
-0.7420785786084448
-0.48396210861949673
0.6683360008730352
0.824862294082138
0.40300911306277665
0.7367374066362866
-0.5858645021681529
0.6756362916670919
-0.877715629154434
0.864221027690914
0.5095477304519525
0.6345422983283637
-0.5515307722778113
-0.3262994813789813
0.6007917575855388
0.43569972704692955
0.0209598121093739
-0.3265701600362475
-0.7034296762023684
-0.6620870549520865
-0.19868081629299128
-0.06930558161998844
0.6638500507230375
-0.3287931895916571
-0.8194150956713473
-0.30145229512062516
0.1164932380102285
0.5320931175291946
0.01706693774368465
-0.307975390389795
0.37213955008018423
0.597704133840029
-0.32824413206090514
0.40776836771800246
0.878889009994404
0.5556584081225067
0.8407191902733322
-0.284217101895008
-0.561966682244452
-0.8940940147335306
0.853781892229013
0.5034061223893908
0.09006890691366057
-0.09984536058312483
0.7195356025807614
0.2730539324827177
0.14213907244143967
-0.5357090166975367
-0.05086859879529053
-0.5242381941458685
0.5327786613861621
-0.7555135823645724
0.8464532473755358
0.48525220277914966
-0.9410816147196434
0.045473778967492
0.9461511178614125
-0.47127303124452025
-0.6914249705751383
-0.42784663003083145
0.7330531332436794
0.1596487656497111
-0.9701607279948403
-0.2687855634815509
-0.3176924056074955
0.8145869578606214
-0.958334281109294
-0.8883828304634993
-0.0624461067634925
-0.34268725616542867
0.018479224663939302
0.23392346129878155
-0.6620585996500377
-0.3581924987408105
0.44116916341231044
-0.19937159325327214
0.8986585568290439
0.9311306796323645
-0.8225044881653276
-0.6323066639014371
0.7212841377416874
-0.3734504084738527
0.9280164627283749
0.38743118014712685
0.6102973366104326
-0.9925670268329214
-0.6419603602934943
-0.7220073526540687
0.8519880280878246
-0.998722590308842
0.5197551622106905
0.2789109607525441
-0.7966683352559931
0.8001937731635009
0.6958318410535409
-0.25237276817432924
-0.3241527086273503
-0.9152304696092305
0.4992944768195466
-0.18024420883806683
0.7618904883265428
-0.38217780033232435
-0.7205949475697613
-0.12596201277414892
0.03486770322592593
0.014456755781974992
-0.840338507535735
0.9123937074494936
-0.1782821200258177
-0.16583822314254476
-0.16585482925937428
0.48910591795284003
0.7342871162026889
0.4928341299516729
0.9425369429597619
0.11922620575873878
-0.8158768619285356
0.6359852360264537
-0.6356048485729333
0.5196702371095587
-0.8981600620882527
0.39978226458557964
-0.06563757306289936
-0.6881008815046131
-0.23274763053250247
0.5298870132183763
-0.35793107586514855
-0.7511562724152318
-0.010929509282745496
-0.28119235152210864
0.9349426248381201
-0.21639194643250617
-0.3559816464382849
0.20806964815105877
0.5455102263917081
0.9389082650989523
-0.15507550626298267
-0.2778650007353287
-0.09872432409023998
-0.9796250459859384
0.41230675483766804
0.22923630428558123
-0.8938313431020761
0.961212359714881
-0.2534952472142272
-0.6146220679514689
-0.30018627697666617
0.16463565272789368
0.7558719853576865
0.8898509542300539
0.2028834777345224
-0.25419510915994487
0.4672916225598325
0.7335084570259633
0.9529134755035049
-0.14139618908159068
0.7672008333859344
-0.7748836577893508
0.7420242087718822
0.9645306777198883
0.8229606077166145
0.8944071671186665
-0.7840118805610067
-0.18009297094570076
-0.0509424659982992
0.45160887649033093
0.41514645765312075
-0.3889295666073691
0.8461246208058628
-0.3090224656280689
0.4408187060487629
0.3497993887755504
0.44554052167652747
0.17461595905793856
-0.7861166748873295
-0.8864140042403855
-0.1204074965800681
-0.2114929110153651
0.6970552019237449
0.0016571223619764653
-0.13573976305931804
0.5551084075913946
-0.047294025368386484
0.7075945726723384
0.39379820785325126
0.0047653971338314305
-0.6632213058124805
-0.3685795319907035
-0.4629921227250511
0.3003458385058204
-0.010182821567582096
-0.31897324112294895
0.1047271072652436
-0.6173105738927737
-0.48863027115627683
0.6506162106474376
0.09812101221837184
0.8463894003267205
0.6964789844234652
0.7423346280824392
-0.2771643760022962
0.0440838237780132
-0.7913978636638441
0.31742206016545144
0.8712577557498693
-0.12058595994316632
-0.14465278066663176
0.8774587873305831
-0.7197583318597558
0.9794239327203075
-0.06632569214268712
0.07318562152914504
-0.38715413836937523
0.3116453044331266
0.32922935925087526
0.11478295257430396
0.14621757648492023
0.7500844465561879
-0.6755561595845824
0.8083532918471666
-0.2561800891430011
0.7644269134113685
0.5539869975868801
-0.43009593948665753
0.8383726979600209
-0.4579427835405901
-0.9110131276575257
0.02293257829796702
0.6470537498592742
-0.9933544601365892
-0.629635988180048
0.07443536659486225
-0.8049267595577954
0.16583795170293905
-0.09236123296079649
-0.9384785793081445
-0.5167238377392244
-0.6421528340028811
0.5697254962191144
-0.31768752221828245
-0.9036560868229351
0.2911915812377658
0.4490700225890314
-0.12797919688373033
0.7359256043416259
-0.059616319887010806
0.7732704827360936
-0.5388960597017254
0.3873673843740478
0.793388431899986
-0.26440109774966974
-0.9566935891670166
-0.20620658537299424
-0.6113284871923713
0.8145992872518262
0.8382437080553041
-0.657263744590471
0.5553420782606063
-0.1575247425492605
0.9095083610911971
-0.13073280287501612
-0.3528883703758358
-1
-0.5573132672861538
0.27632465408358614
0.011277090467905784
0.655638507961606
0.6525479957584593
-0.08533345575682935
0.3283274477081141
-0.465722973199493
0.08559082668840073
0.007102862708833445
-0.7222524887159224
-0.3845435740624223
0.8761844354082706
-0.8827414771575848
0.809381572964433
0.3196383460550784
0.3979809341433624
-0.5656043657025603
-0.08469602728319651
0.228294922524082
-0.6048834736587594
0.5209625268640501
0.5713591848687259
0.9571030188252441
0.03390344491808582
-0.308708449517355
0.6589829083963026
0.3493374620387501
-0.9124922392433932
0.481989664751628
-0.6745181423042187
-0.3184629831527627
-0.7115971002964991
-0.7767065121976795
-0.9564458155246086
0.9285336994865409
-0.6105976769850255
-0.7738823403530519
-0.4176538362516102
-0.2460248691187633
0.5081996438524491
0.3380898321212602
-0.5999318582745832
-0.2789934390703741
0.7101516490736326
0.9110888376485844
0.6983532769859673
-0.008167513424615969
-0.8403925237917863
0.34124752370310824
-0.41108115299036746
-0.6645976003748965
-0.05124141460298637
-0.5725506228831277
-0.14500281983927807
-0.739563849181961
0.4553165044639249
0.3790180320716895
-0.07104625637094525
0.7673305953534838
-0.9464125196050537
0.5460091461384142
-0.504418359157035
0.3495407060180677
0.5167314548742876
0.25914495308839136
-0.35465308976610144
0.29774872244921996
-0.12490655300154585
-0.9255379698004707
-0.5456338703641569
0.9794732433004065
-0.12491966923052852
-0.9618195953645837
-0.590643918754016
-0.9602656059050918
-0.1919588058759572
-0.33315043586163295
-0.816237027660875
0.5252761444881815
-0.8832317130816602
0.4396706707113716
-0.2954332085385464
-0.7367597675539488
0.8387692413844849
-0.386921916441872
-0.23487809441497223
0.5183540002866123
-0.8279710407102772
0.4582733376088911
0.3135116706655371
-0.01685886936073941
0.3648981806952126
-0.11539487906602655
0.57907638768244
-0.9647140316111277
0.4755748810741749
-0.037215927846638464
0.1269050087912304
-0.10212837652760469
-0.14633098172736078
-0.9995785269874784
-0.9729701734264113
0.021111729762854525
0.0018138165040417764
0.4626841468111214
0.9955252391560122
-0.5061714840853844
0.7834981562261844
0.44860143301872135
-0.11911467418767041
-0.7093293811128134
-0.5372554125037939
0.13168153005569166
-0.2817011320295347
-0.930976947615427
0.9091927957096625
0.3423508561243711
0.7045523735078737
-0.990860354775013
0.6326774871667983
-0.04641164814048762
-0.22066170671215365
-0.011554835559546136
0.5671252957758236
-0.21750470451944334
-0.272951744286928
0.20492690558720775
0.8591881572392983
0.47604279736189525
0.40231273565382286
0.44923138241651545
-0.42927659844181176
0.330793107810004
-0.3411812572566897
-0.40099818946724936
0.22674351520519456
0.9056467007678628
-0.046329699860786354
0.1324414532226505
0.4638363110563435
0.3259536983265133
0.3775255916151434
0.47930264703958525
-0.3630198592949288
-0.053293521417089845
-0.9075003610163237
0.04417567570165704
-0.7271190742107744
0.73988015755188
-0.5860973800566044
-0.439290228890062
-0.7113288125512022
0.7045113444234592
-0.6146837354726492
-0.6293905357933246
0.2245374234613181
0.30802585919823355
-0.7123957117004128
-0.5884822167566492
-0.4728603349790482
0.4670427920518298
-0.4746221842286187
-0.1474407145297037
0.2736084628120607
0.25931629681834434
-0.08637047005068868
-0.1922033855861744
-0.7043096123545923
-0.43190675245383425
0.19029394518977882
-0.2719964864584668
0.2558027787127417
0.10069008086228988
-0.14305819148872903
-0.29316207811462625
0.4881838022732224
0.07268433680512748
-0.0762341363502291
-0.8911055570627241
0.9346724132767167
-0.8303407440510046
-0.3679371235115872
-0.8413814796621631
-0.4062445505001287
-0.6864797529964306
-0.8801775344777136
-0.5012734266901618
-0.2777515885908958
-0.906864417256736
-0.01570289068170608
-0.7642869269391901
-0.4012741598551016
0.03391450561558246
-0.6733616873586492
0.1770988237782653
-0.40035389202267535
0.8857560361771935
0.6227176352572474
0.712201502129927
-0.9670838716270768
-0.6237666375234261
-0.9757105276762937
0.8303904679779287
-0.37019030853284457
0.181365440801085
0.8393310279528672
-0.6775324588754259
-0.7662655373719887
0.3971921598457454
0.8456737681174682
0.1294124791166346
-0.16650150506195002
0.25717918699092013
0.04967899494811974
0.16121241475773515
-0.7472375128271682
0.25145124771667354
-0.86741091977135
-0.8183312351565941
0.08417223280741598
0.9587025199067966
0.5676657136837925
0.09578350563232291
0.8784495655213127
0.11540498244536045
-0.3654630318279961
0.44905059501092187
-0.27283425121314714
-0.19146258414416598
-0.4948357282196275
0.4506959913459915
-0.7934373805571637
-0.4031785634423331
0.44786337321178865
0.5006164837182008
-0.6584516621862505
0.9412807785305752
-0.6956977983753774
-0.36351506883917767
-0.11954862908565148
0.3505207001536694
0.06062929456296628
0.5080993466274095
0.40824872825202085
0.900786640205235
0.42072501992325284
0.7618687274443752
-0.6242901972129866
-0.3912781044769896
-0.16712078982742368
0.9526452179759077
-0.6864841891939996
-0.7701072779780268
-0.6540937807125566
-0.04373979859461411
0.69373401878227
-0.5658140239141485
-0.20552290787364808
-0.6689638786839455
-0.8891559108578738
-0.09781090503500472
-0.5895223405124101
-0.39265122435458083
0.2661096319127013
0.919316523669412
0.9049630218606758
0.2182598272122039
0.3852492060618324
0.9534126474499802
-0.08169145050722361
0.6183879952655491
-0.6637344633508494
0.21835838069353755
-0.05632854813715593
-0.08626081923984392
-0.9881607948587836
-0.8963619508215214
-0.07842037914379389
0.3768721686493206
0.24098456408392113
0.9758062649351347
0.909609256469943
-0.7394852080406256
-0.9702440035700025
-0.0915324452436269
0.10780321372447763
-0.8240018796124313
0.7573503095332843
-0.7292623963988439
0.5871196017658346
-0.3074345003936595
-0.2538767656594702
0.284740670353538
0.7837169971268089
0.7521172047142797
-0.3478532013270893
-0.005717415442120035
0.18084759230222158
0.12977737658830882
0.614253359760348
0.15276577950727818
0.9206212938786598
0.793561804973555
0.11701921717578925
0.4084968503614873
0.15612619983030257
0.6961685537733016
0.7245399267840235
-0.7240101958435515
-0.5756388811898985
0.15862536471534128
-1
0.6737728851063941
0.8188845570279453
0.05581382139533426
0.6116808373283568
-0.14297408667334158
0.49194355474021795
0.296194262643911
-0.5243379371591419
-0.5208823809938354
-0.2162694318115793
0.10025253522227061
0.8079196495585239
-0.6390287366569042
0.5987423344111092
0.043030624094633804
-0.9393086828174114
0.06202994149385562
-0.6623699359141105
-0.14212797243760977
0.777818436593128
-0.33470826379953283
-0.1704405410515707
-0.27222293833282185
0.26310904975633487
-0.9814923268327698
0.6738765973004974
-0.04628027420680003
-0.11376937788379103
-0.16023040504694044
0.17574737987890277
0.38301401826292847
0.5645841429476615
0.6367930709841505
-0.20230847830902995
-0.04486178628372748
-0.7873755102882461
-0.4191076227788756
-0.271858383086237
0.5081168813575846
-0.7587969919272193
-0.39260196177203543
0.541678070702955
0.14529220257523556
0.04170315042112399
-0.8569702582657399
0.3513784749208459
-0.3750259477780514
-0.6610222679838373
-0.7798114477726547
0.2836434134148388
-0.2922833855517219
0.5232513633469865
0.032102862026687766
-0.6126717654702074
-0.6722280876845584
-0.35941577313740664
-0.31375173516938815
-0.20742487898102194
0.3374822255790262
-0.8118835487320656
-0.4295398761009326
-0.5439283740777144
0.025736365193309477
0.1147303436240462
0.45263749714319296
-0.7179764494568961
-0.08262533825136142
0.19708020137456642
0.3622090382468794
1
-0.5786011477694185
0.8585010684844223
-0.4775205089086262
0.9635471223909636
0.7391446967619325
0.7903008231365234
-0.9811870564808699
-0.1616494629311059
-0.9328497424947233
0.4345571801824264
-0.20334372932070616
0.9328245568229196
0.7396110797233781
-0.7430187663427518
-0.2671370343669004
-0.17291956842095146
-0.8469215697290479
-0.5753115421919126
-0.3654237313599747
-0.1078734843150402
-0.35199925614494065
-0.6073488721417778
0.4461224623810128
0.5818423696150067
-0.41064947969992527
0.9257812095833663
-0.049298322707645156
-0.6308887473794276
0.04735004732271242
-0.4215916737865722
-0.8426509423335853
-0.46513525942216305
0.046886377268639444
-0.6640485597740127
-0.35361059979594905
0.9762022994936415
-0.4616470116113404
0.5158766172380702
-0.924099845274315
-0.6871334829051106
0.08966213464924738
-0.5892714316714684
0.041831995438649384
0.5865013504824212
-0.2552212342238714
0.3938775852775769
-0.5593467497170007
0.8998812179965333
0.16637576085313818
-0.3786763247294775
-0.30136760574301197
0.3066381336856103
-0.8864668897668555
-0.49310034254946117
-0.8253666408647476
0.902860888774896
-0.23131495292019436
-0.18070311773182188
-0.6095602766607073
0.6684077245981225
0.6923223453013843
0.5950251761407588
0.6423056998319396
0.9491872658329639
0.31095026022737426
-0.7015912252481412
-0.685807661052233
-0.5010211181534647
-0.49291355734794073
0.16761631914710545
-0.039963614992482625
0.2877377379002741
-0.6236088809681393
0.958712466749059
0.8122239464725157
-1
-0.2756322353616497
0.8401914600237742
-0.023640620217687626
0.9208588261567886
-0.30846976561190326
0.826827361623373
-0.5337798595263723
-0.20838475366057377
0.21300782127238907
0.19619383603966015
-0.28015007982392287
0.738651207627245
-0.34229818540041396
0.7481279998701578
-0.752653454486609
0.3835954200458975
0.6912022938886206
-0.8569752808217647
0.8233519484248809
0.0564366392995611
0.7679643031012596
-0.05230741828897384
0.6040185856105049
0.4212925818450695
-0.4655245383076642
-0.9560605335686697
0.3931467780494252
-0.6501052553757427
-0.08779724483036104
0.29777010088478323
-0.4937550127904942
0.10555071085412847
0.6310832592027624
-0.24853352961288067
0.8288138241972792
-0.4539271366079663
0.5887052310973057
0.4586485093450702
0.2777069700672366
-0.8905950090930831
0.800663820644023
-0.8594800555411303
-0.5282693489209292
0.8280791108136977
0.03233419231663302
0.26668661385819786
0.989658629358505
0.07820124677647249
-0.3224280353428532
-0.4742274688769444
0.36786270174849117
-0.06824055388555277
0.3248890725221969
-0.5628381054711722
0.7188852689032269
0.8808791259524981
-0.1815369880820729
-0.2488471890200677
0.07323189149417154
0.8799812059266654
-0.46370390670101286
0.7037423482430529
-0.9100904570376936
-0.20302263659544137
-0.8948038821053544
0.5491100258139716
0.13575875645048766
-0.8946230113768764
0.594876693864544
0.24416618762355288
-0.7317220719331686
0.8742560939130187
-0.5069601812815219
0.5392368844220579
-0.1596681634573835
-0.5854229206220665
0.4166295883560636
0.5632543586348131
-0.905723810141924
-0.10412641787036647
0.9552746144598852
0.2177819669457299
0.13209806338184496
-0.10252009436714976
0.7127670941811353
0.9838841562438323
-0.5502683754145483
0.1591537551041682
-0.7223554637519416
0.47939866249026336
-0.2674098536906045
-0.33600600943996417
-0.9834123333966767
0.9935577637814517
-0.49726338347523064
0.43631320529341105
-0.4580826903435465
-0.49073274146491086
0.6957034928548356
-0.9925191956327057
-0.018270631020452826
-0.1755742852764248
0.35896630826471115
0.31827271925699463
0.13594632898483178
-0.794211821526261
0.5047410459899704
0.4815545786753626
0.7820764791282977
-0.5373278856541772
0.09052909464141659
0.9034272933296297
-0.5087548212997512
0.6050254871942718
-0.4609242598940473
-0.7886846566918198
-0.9948278826297208
-0.39404068338064263
-0.8704698279237629
-0.13125784063737428
0.2710505395898414
-0.6161871130248658
0.6714520849069203
0.6229958745350858
0.3389029093540472
0.1813128816337652
0.9333111362669417
0.8018334281299003
0.13110175884104772
0.18200601170066716
0.8030415134399633
-0.7458239681320148
0.5987631082291893
-0.45580621272423566
0.9123434555360688
0.9250861248667382
0.7914953428993523
-0.8149962292288612
-0.9860240336829271
-0.8778962032117691
-0.9673245314639114
0.42926807007979423
0.8836380867586447
-0.7032926083826158
-0.3008368420276518
-0.2955850336179423
0.9305774325316518
-0.7564868671098006
-0.0462298540941125
1
-0.8171325510745847
-0.4555617534084044
-0.20343502840822547
0.20546400148308716
-0.9947279257497954
-0.35837002370508536
-0.5855828592253016
0.3862633021656445
-0.16516504839632884
-0.17160031057422104
0.8668433802958568
-0.6461276792407665
-0.04190297619248666
-0.17010228130328015
-0.029720452419195652
0.24259686327728835
-0.3391125052986812
0.6921092577497736
-0.7289569443195464
-0.29564725927519564
0.03541826435195303
0.9066389927243083
0.5564634234009894
-0.7295756916116135
-0.32528853615534703
-0.6586496211979882
0.8264011139440846
0.4609871229568835
-0.924521575926415
-0.8365090006992184
-0.46804816434713725
-0.7494071647207278
-0.5498627808514106
0.22602472056570283
0.15013633543344074
0.6229372975625197
0.544238235194174
0.8263990321263401
-0.3160198543770525
0.621523902380688
0.6594691678473817
-0.8517672753883706
0.2059325502832843
0.34620545387948526
-0.7024327236575654
0.9720446280623571
-0.02638970884644458
0.2522766073672575
0.5068491357112065
-0.9308928127600721
-0.888894931836345
0.025245298328997204
0.23983032024847595
-0.34080967438531584
-0.460200388637256
-0.0648276972564515
0.9006456703553826
0.4151664022523423
0.2632615172125318
-0.40760571901174003
0.7679943359287531
0.2715476319642015
0.0683425246217351
-0.4736856407168033
0.24447739026516832
0.12012303154075064
-0.7613511866757008
0.3631601397412626
-0.29268328066828536
-0.27820543786478613
-0.5438672473582876
-0.31599470076115016
-0.23175981519888042
0.32930474934772835
-0.09515747287078063
-0.6845045896834235
-0.5074566322463931
-0.0046656897398198735
0.4803715226690558
-0.9125258478185972
0.6659308467575494
0.25755657658063386
0.5919017833089893
0.6770284521450267
0.5165596909396721
-0.2569462899361065
-0.5690738164559872
-0.49070458611026013
0.8135715260722046
-0.5688759620709564
0.643543396996057
0.3266569739072929
-0.6745453178965098
-0.048492162030302356
0.8493455449569948
-0.007069903335526826
-0.18885581974822402
0.8308443468742654
0.7262990642561179
0.9172009269170689
-0.04843570996312599
-0.46694059263002646
-0.5168397476196082
-0.7590650317536289
-0.336588331415134
0.22641767890091125
0.3805527209918368
-0.7769900052635502
-0.21884069388029334
-0.12858586439178094
-0.29108441103758664
-0.7070273070340897
-0.8792498233848761
0.3554459182931123
0.3237295329276615
0.07384122305199517
-0.3741984124442476
0.23182921174707352
-0.982909402523408
0.917635106451065
-0.9283999437422973
-0.6049611744326441
-0.568371540900996
-0.46750534274438343
-0.02797624934564618
0.7478008207153684
0.14558074593349002
-0.537884165940528
-0.8709669682812431
0.03997617255290371
-0.37899381804273763
-0.9955414462859953
0.11415768644874624
-0.827287640730401
0.654131483540166
-0.22589060998055066
-0.7051601800703681
-0.4117984051845367
-0.8138909444750423
-0.9841226919084308
0.44805622019649105
0.6588293522900625
-0.27343895075954505
-0.3594221155282422
-0.03151466487868136
0.27593574037629254
-0.1992663191040119
0.33188526274562274
0.941547402683543
0.36686693451495045
-0.2119699317156968
0.8433140851458945
-0.6141697071693919
-0.764052529054356
-0.19749611462307218
-0.5579307501030869
-0.5128523607329456
-0.8892558853222248
0.15156516999470357
-0.14295222830616247
0.137780640535497
0.7064806600433583
-0.549908608756422
-0.11878363166678914
0.6970841439852224
-0.10662550375907648
-0.463992141539782
-0.8038720703757105
0.6258591781259658
-0.7949504725397953
-0.5873265819755639
0.35910064780210177
-0.4276487973089869
-0.9896756455753607
-0.5686241277063313
0.14415715722744885
0.5938403448430941
-0.654580175388771
-0.5449894041775185
0.9811892363085443
0.6807731836392727
0.6529092705132916
0.9223396772468091
-0.8831171535347188
0.23650515080168308
-0.6981969510374775
-0.562302056779298
-0.5762047984251385
0.48017602508036
-0.6344718601241072
-0.07787744277141714
-0.4613569471614703
0.02592418144511896
0.993131654253587
-0.45106232321273837
0.42394630716691944
-0.7259094478590448
0.5702559332693615
0.7498014789089731
-0.930162890578215
0.5589029013825351
-0.7593858688983776
0.6904397843524253
-0.10412351222559925
0.7464701753832254
-0.24657095557357375
-0.1318772507539114
0.4535367393341808
0.8805108438046045
-0.9482724318571877
0.9432164978279904
-0.3871188588085774
0.9497592194833524
-0.5527527890824029
-0.48600233670507
-0.7023709518369631
0.8877560064829362
0.39563454088996347
0.6614632706734748
-0.7879846261747376
0.2585154265362266
0.7425225640887165
-0.6471218907716625
0.5476784809900959
0.1422658908582105
0.5346614690663203
-0.3213903626813392
-0.32075468935127716
-0.685540156612709
-0.4194080218252249
0.3128003082738835
-0.07052007198640463
0.5893104188028788
0.10825566830655162
-0.4005025758893928
0.9218682165889057
0.5228090204417525
0.4158251737441408
-0.05850163895105774
-0.2210888084130395
-0.4450396699640751
-0.5509946823860373
0.37863834799221285
0.6560219208877347
0.9623863764948409
0.9924969845724296
0.6920983526900922
-0.890123971700614
0.4276499081363177
0.44731930324537456
0.7693038704443956
0.474185282203479
-0.3729704084738918
0.6168661108714903
1
-0.6535480097701541
-0.46315757034335453
0.6222974733054566
0.09908752211001677
-0.8063607997558739
-0.8995267887347068
0.7040160032609493
-0.3111295589882285
0.41241539851959225
-0.17006488398341443
0.8152009087025064
0.6669932472472974
-0.061180065450673005
-0.10410781895996644
0.950923087190157
0.16579082515514607
0.8453817151815316
-0.5543619595175701
-0.36208987216426375
0.3937358455521748
-0.6237058501005984
-0.3926330263346172
0.2243071949370772
0.8314212619740915
-0.6822913088684558
-0.5493970245206479
0.13353671993479518
-0.7055757097918264
-0.11992629885732155
-0.5665853313922962
0.8473580091362928
-0.12879004794213633
-0.9548115547130341
0.22882842611560034
0.5136112913421126
0.35757447360437955
0.04463540889574075
0.8349931329369179
0.721865968861565
-0.4112935915055175
0.6265039296835551
0.9502794095948255
-0.03934357073459579
0.8062872077945518
0.16565555955278302
0.9702827849821164
-0.7367131232249946
-0.8999549885913951
-0.3154156499054759
-0.655466779940055
0.10701236171089214
0.2503933070338687
-0.9620072011118765
0.20033539141432313
-0.5455236474712064
-0.6536516446402962
0.8343024975240158
0.5010515790849837
-0.6921919366873351
0.4797987375142527
0.9179553953242768
-0.4736529512771188
0.2680170558621993
0.5845614028116888
0.4457116127670382
-0.5715596068321278
0.16003982887224308
-0.7629690521366641
-0.41533728489429045
-0.5704791796355434
-0.8858029411608911
0.48887755075952577
-0.4149863794924716
-0.7822505282883204
-0.16480412861727375
-0.7449612139167661
-0.16675610128152946
-0.05118161536726766
-0.004810578674574288
0.4951882236000755
-0.9595264641403488
0.3318659483814559
0.33901811260251985
-0.1041336453931936
-0.4048481348046323
-0.7653138708592236
0.42868409760787474
0.6527806277885301
0.0039668641543254436
0.5898096983916006
-0.8846098133609789
0.41325905576979
0.9334215399861134
-0.45416984879194966
0.5988654720056756
0.3558162978612851
-0.21988350822734526
-0.7477142574625272
0.21217816749313162
-0.22080014465269088
-0.9883839432985488
-0.6504637706377377
-0.24953630807295246
0.7910263296875587
0.3177410392721533
0.8843254046986762
-0.2813543193818491
0.2098685016766924
-0.6604432990309049
-0.4247784646506836
-0.40663097454521163
0.9540096759685693
0.6958580867003015
-0.3011656847886045
0.6524167791799794
0.9747285510334914
-0.8365964870934962
0.3430771303230709
0.07121187081856394
-0.9810444768529213
-0.649635862064219
0.773507937955294
0.6056144452352225
-0.4643182895117598
0.3618366429087123
-0.24983855100522692
0.9893925382750601
-0.08702212040318155
-0.6023193332550553
-0.16904329014787461
0.9945222943642107
0.4251056792408096
-0.36770559937067254
-0.24329018057057414
-0.8843006945613489
-0.13446490125923424
0.6641284788524096
0.774838905178963
0.15797491559498245
-0.5583997406862641
0.253941695499226
-0.3186831566462155
0.8284093524776529
-0.11167487620164637
0.06968517659421837
0.4479337085432311
-0.8773118125345017
-0.19813814636531787
-0.3149064287933112
0.7623331987849171
-0.6197257850942184
0.06533958754875452
-0.670087179268815
-0.9474601054583534
0.41543136643087025
-0.4131295836174821
0.1882899843722082
-0.04434883200199882
0.25195828685538846
-0.41653336514262723
-0.30943869597004264
0.7719876123313207
-0.1638800222478406
0.9166373336016204
-0.5872243536136359
0.7813515418078133
-0.29427996625000125
-0.18870036367759455
0.6732695411909274
-0.01564652804620703
0.46063134427198715
-0.6681907820502084
0.6715630402701674
-0.9367714954466918
-0.12913654138475375
-0.6502317622035654
0.09061879775592549
-0.19323671142558776
0.7081944860151973
0.3778552779036122
-0.5536230543726113
-0.2961826648076776
0.543440013363151
-0.08780019819160365
-0.3625688124396953
-0.8042762119236881
-0.4195586955777916
-0.5150736308089383
0.20152897407227638
-0.41693085695452287
0.5874970905686232
-0.5437987479464567
-0.7502701215619781
-0.32123686479753294
0.49463129430970865
-0.8516387208172225
-0.6039530870378899
0.9470965441402853
-0.8333295814267467
0.020690455334596836
-0.7815980582579164
0.774687885419598
-0.16820409536356165
0.28146273225273477
-0.6618333784356466
-0.07754096704121677
-0.767788283928164
-0.8113280413226773
0.6460266146603847
-0.5249299375202557
0.10486729312905149
0.07894239056332143
0.29465307773982785
0.21414033953180833
0.3107585649597039
-0.47355622945728226
-0.6978967152772831
0.6802088360801286
-0.1232272398133029
-0.7822159746484373
-0.004416778170419895
0.01558551288691624
0.5865576223892718
0.342728185125887
0.3361647407223169
0.9905713913013371
0.3219314287251351
0.44498716374526487
0.29604688676999436
0.8571891481015735
0.7096187608335595
-0.29081324270138714
-0.6083159398562833
-0.2377503627478449
0.5900512998877377
-0.4947805258169634
-0.625700603119715
-0.5531451373577273
-0.24781109410940122
-0.8861002201190536
0.16387297660507105
-0.5053803962001521
0.5465292444193895
-0.7556473879129286
0.9477500235172723
-0.659406002749586
-0.8154360463527619
-0.32180814422090054
0.41479768508289183
0.6255156081830321
0.20097000974105977
0.5926873676353202
-0.752898594660975
0.37784321182214436
-0.6726354830148755
-0.9163166359432706
-0.5415181050028894
0.4513021908300504
-0.7303903853810398
-0.8151832059951998
-0.25150933672295056
-0.6169855265135855
0.9153152474110036
0.8650972923524979
0.12425908444477049
-0.6382458147262555
0.9390086894010438
-0.8645967163958918
-0.500323566935554
0.3762378762207701
-0.9769325575522866
0.9495971183944926
0.6893297143873652
-0.32095612268351936
0.134755314873149
-0.6757935421765218
-0.24848286801796113
-0.7130488428294617
-0.09286349431504792
-0.9671128435356843
-0.059252760218531556
-0.9489176509948952
0.9514730113149938
0.8033662810717244
-0.36340577591525086
-0.9240993373724412
-0.10064604321340807
-0.7843191691764746
-0.2249937642353609
0.28218094132128985
-0.27944979898771477
0.2566324810090358
0.1789806952618618
0.5142131716795394
-0.9302467628403923
-0.9218058176506951
0.5163182728203749
-0.2786980519118536
-0.3172949096504272
-0.05216665547845012
-0.11792837034269599
-0.12344408500205632
-0.20340451199177187
-0.22080850221491263
-0.7505250969258482
0.9953255598538739
0.8420930404257709
0.9144395066073928
-0.7965200674984741
0.346720652250293
0.2272376790294829
0.8173370720773251
0.03443330382020196
0.3805265001036314
-0.23289315461626156
-0.4153272531509636
-0.9620190076520142
0.6487696995654161
0.24651533922380492
-0.6264464960311669
0.8822461760212628
-0.9607576108489259
0.40536494073871554
0.5590872236947844
-0.7323170791804122
0.08937775151240143
-0.10761371886499985
-0.6572527060228469
-0.5559491428623797
-0.5857692511450325
0.7797949921676224
0.9582311165516204
0.6333800051817361
-0.10939901264495022
0.4155376946726123
-0.3811908238036213
-0.7832500081301167
-0.24825984874986592
0.6739009511043852
0.26542684390363697
0.575121319544221
0.6738380207680446
-0.373048617419592
-0.1604212191721395
0.43651355280796544
-0.18627549665968102
-0.19813306000368294
0.19238942313844412
0.6187504051275636
-0.09114577113640225
-0.6689079465698573
0.7850017013794475
-0.08279447358582846
0.3270563368191445
-0.8291867892886743
-0.5628872851182902
0.18936419331043583
-0.5806048861964044
0.7232317004437159
0.09688597712464819
0.25199422688079665
-0.9768966577415518
0.5112715182740202
0.795828872252193
0.11185839874390126
-0.3272332108741269
-0.7456722274766566
-0.3046925210148363
-0.8228743548488882
0.9958287084436415
0.23887462589702688
0.5779915148542362
0.18385939039940283
-0.10843532561135205
0.0752066870116922
-0.50444400502238
0.2772923182938847
-0.7842770003120412
0.39821335224364646
0.4803814285449602
0.9084802337830723
-0.10499887354506429
0.082140342248851
-0.12195251328865715
-0.902904253967728
-0.03236836320710324
-0.6071938586025063
0.3505667481236189
-0.775121154574591
-0.652720041144092
-0.2070093771369036
-0.7014588646379013
-0.808864655105129
-0.01872775773069083
0.456222405433449
-0.28212240861295107
-0.855991026560011
-0.7666548546467459
0.3527443389299704
0.824159791566327
-0.2377100679342967
-0.6463071985161987
0.7484620083782723
-0.6256741291475824
-0.03747259286464945
0.491852367483757
0.3488515822117361
0.5962244910702172
0.9603910747619936
-0.10380407759641372
-0.4431135161763931
0.2372570902447236
-0.29871596461104966
-0.3208737780688687
-0.9487575495350039
0.34572438739556466
0.9107380776852143
0.19082758139183903
-0.5316760452781548
0.7018114214382731
0.1154321449606631
-0.5499735931528369
0.7686608980450648
-0.7262197934700259
-0.12905765402327765
-0.1303680512715848
0.2072509753437591
0.4614465790428853
0.6054109119968016
0.1164039910269775
0.4564579654283648
0.608631586269115
-0.7851305382517584
-0.2730868197786271
-0.9404589854034818
-0.8512739607896672
0.1326905564179595
-0.19192598882201775
0.8629359096117905
0.15353638475263803
-0.8445422075098414
0.37800533546032516
0.7160209836682165
-0.2593561215259805
-0.6645676838770173
0.8791959695271967
0.0768584582236589
-0.6694434799965675
-0.9430372855729788
0.4399577273397808
-0.380074364152204
-0.4608129668588086
-0.20909048795157179
0.7456252302412971
0.49739181766205437
-0.6286327989934251
0.5789273210564685
-0.3842292382902918
-0.44107722369561747
-0.3279230115769634
0.8839829913913392
0.9911762386673272
0.4125017461182267
-0.858201773823843
0.9516146562753992
0.2985397760025934
0.24138782453510094
0.8399790426754101
-0.9268100219139097
0.963674612600591
-0.9097734687355534
0.5959474535951942
0.006922062821454146
0.49147328338803187
-0.9301379104184804
-0.12821887904991855
0.11507862841640708
-0.9576497698528748
-0.5650583636829652
-0.5942081763186732
-0.6784088482669962
0.3500896471732315
0.6697735504161425
-0.7782536866280755
0.8964121378237492
-0.20759992951814638
-0.3957131648870253
0.17357211087173036
-0.834738408108219
0.8547703397371634
0.49754397701054753
0.9778273870640473
0.2883905330476851
0.8596587342312104
0.2626173978815848
-0.1980873099369297
-0.7233261717222339
0.6496603878996745
-0.8284961347634023
0.36609022758442017
0.47476330018744833
-0.7830055752852841
0.18135960429818299
-0.2623283380514106
0.7933027320351702
0.6274305866062371
-0.433850168226409
0.7388780504277206
0.7154286695001055
-0.7668513111194222
0.45028774234833446
-0.47981240876723874
-0.11175891039289995
0.7152314311804636
-0.20384157946425943
0.018625982674845925
0.8944035870989382
-0.2107192691675478
0.1234762489510041
0.7183511062945328
-0.9990875492708345
0.6779643011702626
0.03810478496159171
-0.03627129075440906
0.8404899223119058
0.8024001035275883
-0.7304295327573235
0.5231994919851558
-0.1571646556369124
0.022616011021619916
0.19618791906675137
0.19268133982840363
-0.9857940291199079
0.10221993635374721
0.9851902514917871
-0.04954144129746798
-0.5995562281221123
0.10076908380752204
0.6257634936069284
0.5685446881292964
-0.8248171348411515
0.773741166662553
-0.21904772648799437
0.43359513351372025
-0.012282437064577045
-0.9136352400320099
-0.5853266955182045
0.10228148323832034
0.6491626689685822
-0.3907525784094514
0.5552725123882408
0.21539807749902234
-0.3205490874593267
0.5088138200940502
0.7784491764678743
-0.19637836447228205
0.6849883033396691
-0.6492856637016376
-0.05692537718434368
-0.6532805244545058
-0.9220991241308814
-0.04201461206818149
0.8160100255455827
0.5196087590480923
-0.8251962340941504
-0.5839899670469813
-0.6202610648491668
0.31364590032692147
0.5112804225700623
0.4644777903483427
-0.7291397813858074
0.6955136962049805
-0.34890261214120055
0.8927939291901699
0.9455053513676924
0.719343730552168
0.344489712660332
-0.8752315996006997
-0.09253846718901781
-0.15268248482535118
0.870803136083371
0.8100903343416139
0.1004568296985972
0.07693148661627389
0.47055771642705296
0.9189989308394653
-0.39694035763809116
-0.8490330115562915
0.19639142929436748
