0.6457112921405357
0.3895870332333983
0.33271383459014814
0.9963383227705896
0.3612433310375719
-0.736862665346296
-0.9743644438923685
-0.1979440170173002
0.165316891469948
0.27624717135308935
-0.7804136333383324
0.23946052993938496
-0.3482587837604754
0.7404285171944851
0.39546150134818214
-0.909710894538704
0.8549429033650404
-0.48630265145174273
0.5628920594783693
0.19888265539550687
-0.7444451122349319
-0.316147329853975
-0.45913790163542245
0.31125315716850516
0.45089016905032264
-0.26208988545498346
-0.21291968970156963
-0.488228766574359
-0.6502213052623815
-0.28958770241280807
-0.10616097231058277
-0.7883939208977039
0.5715740279625187
0.2757521975826957
0.6820178700650312
-0.09530613634174413
0.30463703818582843
-0.1563049839454132
-0.8021166439890218
-0.33366911665985394
0.5520513025246117
0.24146584998666765
0.5471759364728407
-0.24179820205093466
0.23065642180277693
-0.07264203820601238
-0.20482439856190215
-0.0487091511658158
0.10744907567251664
0.6919956233870833
-0.2844290285627195
-0.901199999252796
-0.6751965178778396
0.9070399143091922
0.9571602799834952
-0.20368197412264266
-0.787859289377255
0.6677437238628212
0.8694393452510698
0.2432030896374327
0.9056593772559831
0.6067793112552389
-0.054650223067944655
0.4661788827295051
-0.014544224013396303
-0.8285669189920963
-0.9489606344302922
-0.8859895669749379
0.5617466719298762
-0.45233385025340017
-0.00993175148310244
0.7271854053216177
-0.43575136306390905
-0.12301348478516831
-0.0778096960686848
0.7796028073292673
0.21035849755205
-0.4371202040503968
-0.531656107309505
-0.2659763096435259
-0.5219058762401088
-0.06987672063166123
0.13829922379734982
-0.19608509480454847
0.855813694051114
0.2395392136701496
0.967722446585187
0.17470735291039405
-0.6739038675780786
-0.8098965970790601
0.5618371837160638
0.910111330831439
0.01196951269901299
-0.5839239369964485
-0.8866474993925074
0.5133677387017096
-0.27798877593691623
0.9416940775675979
-0.6317895585728224
0.32750638573281204
0.6963021118338235
0.22799646244074573
0.0399062944963285
0.5322728021197846
-0.5092761708031783
0.4724341787834588
-0.4751107271978886
-0.687440165019585
-0.9682070733462814
-0.2928289782384977
0.9880093052500046
0.3486871625234428
-0.7885475769577355
-0.7977593594004097
0.558401184776068
-0.36436453698685733
0.5012498403455271
-0.5840710604935313
0.914775735470727
-0.33907026353519193
0.3203937459147017
-0.23462081588842268
-0.7035228491252133
0.00149096902458325
0.7639694054036628
0.7938485765218701
-0.2830223415092307
0.4833816663119438
-0.8593723779830499
-0.5151252779395729
0.055407584385635436
-0.35193143861435006
-0.1316876941891926
0.0074678945661177006
-0.41422501013111823
-0.2818419797543621
0.45972947262767017
0.7458017484490899
0.3738592560694171
-0.21645911823415542
-0.4282041861714703
-0.9871181155598175
-0.44229524954382476
-0.05079066757450982
0.8498065880676785
-0.924360197553423
-0.1849498967666252
0.6854206881028018
-0.49093146935342175
0.9597855225716786
-0.4325948907560172
-0.2431223910866443
0.7248807394589778
-0.7519803610589535
-0.42067074042333663
-0.6730555072668317
0.9204730523126983
-0.5025904650692369
0.34217873595632425
-0.40836740720008063
0.08254815858702629
-0.46568961528065206
0.4000684251450619
-0.1130577796224478
0.9966109663435626
0.3834247519883842
0.016235387824654043
-0.43448606946216795
0.3023411989859844
0.08767581404029137
-0.11990588418563586
-0.3071954514818761
0.5748994116988424
0.09346948918507542
0.6725606500585242
0.654442103318767
0.4516357106822188
-0.3187801543446647
0.5205630137698777
-0.7495268016923661
-0.41388756600367466
-0.3973575263938343
-0.44257036686774565
-0.35919816129217236
-0.887451016553644
-0.43250862950283364
-0.5436934465000368
0.20042802821637518
0.8052488297325292
0.12005148229737797
0.9630960839897055
-0.7366372386783087
-0.2772266283592182
-0.17888145427081886
0.14916370298177628
-0.13879522882070844
-0.6052780703747966
-0.15040181665335747
0.28977358564769035
-0.03255516535041164
-0.21667567703039556
-0.523023894024738
0.14419481103466927
-0.8696593301031095
0.3376980024745021
-0.25294470216234244
-0.02098872769319519
-0.5406061860436154
0.2108747709743664
0.282397411608769
0.9306322768396109
0.5855785429657208
0.9499282672466249
-0.786452869622136
-0.647092087430988
-0.7372800868309097
-0.7086564586211564
-0.9726770089147212
0.07340848656462046
-0.20942352753211044
-0.16373750210581098
-0.7848058654747793
-0.7774745811715593
-0.5037351809361273
0.43471588295638935
0.09563769156108863
0.7263485009861164
-0.4982507740706081
0.6760637998766547
0.348979341430403
-0.13557381297760873
0.062225865595577134
0.5226955259277274
0.30227816526385015
-0.19245734940147213
0.7355627720210021
-1
0.5470462556493423
-0.2154456172230471
0.3179220720900634
0.1949503912236841
0.947914984202371
-0.7946347946064698
-0.390976906049551
0.6928802343375132
0.24654880726210393
0.39898950441307496
0.40617213673234476
0.7091793400127386
0.3025534505568266
0.07177994361269122
0.2797914540287481
0.40045560702815314
0.014368115309260842
0.28948504960137894
-0.010527491553359428
-0.2649014253086007
-0.2703171122322485
-0.04338081683454769
-0.6440952617750857
0.38893052451722737
-0.39792197197998835
-0.9267854957671674
0.7058611220744359
0.7989647398579057
0.09325672997078428
-0.2347289800017431
0.9170490441878983
-0.6499863960267358
-0.7725645019105913
0.3734390504696604
-0.18949349327020926
0.6671970746393282
-0.1240404906835537
0.8130501978045094
0.25175939515384627
-0.24259097619179545
-0.302004109714683
-0.8045570095445356
-0.1304111279061406
0.0679085312980652
0.6824561329504799
0.19599592587061698
-0.23514043075164698
0.06256349534406003
-0.498311278886129
0.19164444857448845
-0.6191671291470581
0.3802372398368403
0.5931615141821106
-0.20165319654310215
-0.37751289952122147
0.3156955576264464
-0.4707478305837152
-0.08758682753939775
-0.02891245524730874
-0.3899305615034534
0.7174334373689288
-0.08445672437798574
-0.31511630740819757
0.43881617959434754
-0.873150807085217
0.32228483812256875
-0.2943782845367285
0.05192409486781729
0.9326386643515593
0.6672878773974712
-0.20539440665713496
-0.9595158524580049
-0.05268552943589004
0.5971474517228073
0.7288008265105811
0.5294152903885236
-0.5209592147633963
-0.5174861435007304
-0.9212666306381675
-0.6609651693984321
0.07275196194098792
-0.19287751023351185
0.09654317344666889
0.16242783647423828
0.3664104956457312
-0.7375161775853726
-0.9923243746492569
-0.7699005847572867
-0.17533942746524928
0.09330162804022836
0.8870642629094906
-0.9929772017731031
-0.7108717650684413
-0.0429138514582555
-0.34646207865268147
0.2905049671021975
0.12318931843083722
-0.1252503042577226
-0.6583613938342223
-0.08940901947531747
0.581706509590766
-0.7529403036657235
-0.187200312166412
-0.18084664165229575
-0.29404503501370566
0.21967891578714688
-0.17495338458305976
0.16860411982649962
0.6375450833562534
-0.6129314739090179
0.5065457027904946
0.16471671062588747
0.9614578447645125
0.3504531520457014
0.9087299776281081
-0.7081921048223149
0.9466577270874006
0.7573486448469128
-0.4180618409246042
0.49284217821355863
0.14058095678694035
0.6944567878629225
0.8951675353900029
-0.22214844662235705
-0.18099956565656106
-0.3968018950740281
0.6373146710983115
0.023233103213514752
-0.8607395145791713
-0.727809020762271
0.429362382818066
-0.01924901328356649
-0.5884664291484184
0.7239779281655214
0.7987422469252486
0.025448105906662365
-0.1393330463672326
0.6109971231705131
-0.4104715383740815
-0.9009522604238116
0.2519991544715692
-0.9226144989526563
0.9191539219818017
0.3421150170946421
0.1422505071584373
-0.6612667390435496
-0.28692075014064167
0.9090238177488518
0.700983448015608
-0.004228450886155125
0.11596732922301607
-0.8223142837385174
-0.44437662252762306
0.9271753754227688
-0.9202698581701975
0.3092032673619908
0.1923884917523591
0.6164316836836505
0.4720549839960202
0.43151250487581044
-0.47606923470517315
-0.856192803794254
0.6947419318686089
-0.9895055127732165
0.3634992974417816
-0.8087184408645873
0.2113639988767054
0.04653386157679745
-0.9188640336030172
-0.8980408331943511
0.13830565499860575
-0.5415267437665059
0.3803514747639425
0.23016230898359682
-0.6589472158349806
0.6344615837433984
-0.5143865094767802
0.5422182497405406
0.6622336417937188
-0.6826085765542652
-0.197261124220008
0.6999091285925771
0.10302221263103045
-0.7641644260157847
-0.1664244415827522
-0.42569015316541986
-0.12438823892347184
0.5406723551443117
0.7409999297619726
0.4303097446066528
0.5688674870804254
-0.23806628366720423
-0.6826171060065124
0.8852461791452311
0.840466245253847
-0.5928188208418944
0.5096180975650614
-0.842284911980103
0.9245638602060897
0.0025552760102254563
-0.37330823697020005
0.7153882830511745
0.06382375649143326
-0.2605115981468903
0.39499624368099007
0.801388976061669
-0.7558582091018164
-0.1704505760830142
-0.5463016309076371
0.03471211276547794
-0.5794242742239185
-0.16922863468165866
-0.8786259940915409
-0.3427706442000444
0.5195764827865005
-0.2859409029383575
-0.27790544404914674
-0.18963624630410222
-0.4197532530703268
-0.5463341029431719
-0.32712210961641913
0.08103162766123401
0.19850756969615052
-0.4842532402014836
0.9502501368246288
-0.5296225236860048
-0.7955395995693797
-0.80205537101941
0.4197549244158697
0.4797167831037352
-0.032234762876527934
0.04846621197162436
-0.7739077040772764
-0.7969564843282925
0.17103711425072368
-0.4305233084419113
-0.5479887150193569
-0.7298088870520745
0.504614719701331
-0.7023509058858655
-0.8956115519203275
0.5491381617393253
-0.24025526896292893
-0.644715942228026
0.8839405197056996
-0.3584437061797711
0.3948776365059526
0.5446007846702209
0.849856997340492
-0.3192646371562789
-0.016335425680290592
0.665193122501959
0.24956917229897427
0.03268778170697412
-0.5875467779237713
-0.5136191589420352
0.8135167946910505
0.6457911875733763
-0.2683811104108642
-0.9251491284054638
-0.019448821485756055
0.4611143574937765
0.013437963078421516
0.0882947284921164
0.3725741032539483
0.8634578813642602
0.6959010173014681
-0.413441894912243
0.7933584052723301
-0.1729755738266321
-0.5904222307739486
0.8103059429294832
0.10739013784424932
-0.12834926714263625
0.2574707179568993
0.5153031168174352
-0.564153011968108
0.9903317818306503
0.00816352875653304
-0.5840747707156292
0.7476438619599103
-0.8221741037183603
0.8555384731814534
-0.9233343481735435
-0.2658809703634643
-0.2523711692693969
-0.6863472356950454
-0.6521740748937926
-0.9701805071218083
-0.0573639976902825
0.023201373351731176
-0.5432650167350883
0.7701340500747912
0.32828789783692813
-1
0.909131383964336
0.9650098004517544
0.17473712679513811
-0.17280329330297545
0.2983531222495273
-0.22375501743625736
0.44141089707236786
-0.18973195931324813
0.8116952580243842
0.08441528243755324
0.49935591979958677
-0.06070897209422945
-0.6638011776075201
-0.8710723983673788
-0.7004076138495674
0.6109528682093425
0.5112505585206504
-0.38510526402685985
0.5421933926210205
0.5551109070871467
-0.3129978912635038
0.045574437888273055
-0.12706595353039768
0.7539386398829242
0.920613329553837
-0.429567609361035
-0.2760886632654803
0.421660376368975
-0.24923371620913157
0.9386477662651154
-0.25752055587836775
-0.434388323842171
0.6910083596143585
-0.9068097985012986
-0.34633398345128813
-0.8988915476414627
-0.6974281551626594
0.47771949397210467
-0.24637388154466813
0.6339295593920012
-0.1588437180754204
-0.5582294532750137
-0.6071354236753298
0.32103981188509784
0.3499694441819344
-0.3642373805326138
0.36679552768240553
-0.5739120537931685
0.7672603238930877
-0.2437411825034267
-0.015477829513942293
0.6955370882748201
0.5979008358252099
-0.6167859668367385
0.8346198582230823
-0.28355777046347197
0.3945785371342902
0.5566805004108661
-0.9815583246432257
-0.059958482610368236
-0.23707779359057962
-0.1371496598677694
0.5635546372774368
0.438853517798284
-0.5108864733796964
0.7177170544284743
-0.19474886466306482
0.4700753452474674
0.6341719090308313
-0.46691372620474636
-0.7596498115614425
0.20004648510348755
0.17730952571280198
0.35764727743214847
-0.522135960930434
0.4886767588070278
0.4032189965937865
0.6245434826516529
-0.4119755286973862
0.609562718657862
-0.606063936294934
-0.6416470368065964
0.8444984854935338
-0.9550021134805173
-0.6223706935550335
-0.16147038102136177
0.26224815661609807
-0.24602321241940894
0.2844858551539178
0.2117957152979086
-0.42029424123507686
0.9330722324902077
-0.6202208351153794
-0.09149449188446229
-0.3642779123409044
0.7490941253392898
-0.2187040332106156
0.9746086764588494
0.5305596680520679
0.12166894362076501
0.8471295563191528
0.21984228930049937
-0.6380103719250731
0.3026331723173598
-0.6451661481023184
0.78240114852394
-0.03373258907952614
0.9482438982754274
0.7092903456119668
0.21154943190482411
0.9941594291349639
-0.21983253305284625
0.32418049779212893
0.6168044186045284
0.9232262649334347
-0.6493042678806143
0.2453434173062816
-0.12498120817585912
0.3868604824592531
-0.27075702051744754
-0.23924870496676295
-0.9753469601996946
-0.21814906478502968
0.9499929637870493
-0.8459194124041773
0.5276287701335135
-0.3943140625672744
-0.9284898976859316
0.4622332935754456
0.7152256721950389
-0.8327014583457685
0.08026294094087996
0.9221643797806603
0.2846799512559122
-0.9776603995342904
-0.693675686952048
1
-0.9141652568129428
-0.7269465619509441
-0.21477338852054928
0.6382928292084683
0.5111608297146296
-0.7528644739612855
-0.5350741022189409
0.07130761594089036
0.5429863723016033
0.49703247112423665
-0.13548872990494368
0.471529983829129
0.06357989467840373
0.5576880680965111
-0.8425379543290145
0.42422954392139134
-0.3754708420249613
0.5756790709656696
-0.35696543727011126
-0.24213985430176518
-0.29884262281893786
0.2046953710216059
0.9706923027187568
0.7221589171745322
-0.029627887432051664
0.7566667805660723
0.36330096849274596
-0.7797566610113396
-0.5354525099479202
-0.9543641989029432
0.1522675701475121
0.022039753083435754
-0.4368902539289963
-0.7787608354479351
-0.513131054488001
0.6599970935250138
0.8343836916007039
0.40162194927615313
0.7518097076358464
-0.54334830460996
0.7182638025636068
-0.8567246733750056
0.9057034307377286
0.5603086183978219
0.6908172381372715
-0.5509278116596575
-0.29858754329770454
0.5263614160303913
0.41495136771368824
-0.054421009238883815
-0.3627665418668247
-0.691000240672045
-0.6533536648247986
-0.18529584385465542
-0.0886348230937295
0.6636931206093283
-0.3353432117535107
-0.7588962751557736
-0.2733121637818504
0.13665221536851022
0.5586213129352398
0.002961064913684859
-0.35859050613242416
0.3413867344021036
0.6165989968053673
-0.36108781220636843
0.3729557547711706
0.9120987244272218
0.6014395638574896
0.8136102912423284
-0.2596352363297689
-0.5576863981910564
-0.8592517149618112
0.9003569244233033
0.5354399478963718
0.1338319397856963
-0.0985535155808775
0.7152546944657608
0.22999462495082024
0.12986803546616713
-0.5275919036178445
-0.07154818032639601
-0.5377512310772072
0.517417006462088
-0.6946964096019355
0.856551652272872
0.43993630957105057
-0.9720533202610434
0.06278051451073247
1
-0.46507044965737415
-0.6940570551400116
-0.441235584243076
0.7158473411115996
0.1772242602626734
-0.9927280789178847
-0.3126333314716894
-0.3139530576539183
0.7231071968600437
-1
-0.8855215684997824
-0.05465003478368145
-0.3054542136843175
0.009386338111098163
0.193788904151343
-0.6924457144617306
-0.3813315610937771
0.4092155219016567
-0.20688454592149447
0.9309280690373917
0.880384851843043
-0.8028569982446678
-0.5989635355341888
0.680303116748585
-0.35846183297838075
0.8357001656350775
0.33269407058268813
0.634945537553477
-0.9543460009037328
-0.6949547875980098
-0.717576722345369
0.8927128787644594
-0.9860553722422993
0.5343633722444522
0.23586065612638527
-0.8220084653076514
0.7971170909524756
0.6762364535846225
-0.23849210835079268
-0.34157000841298
-0.9313510777379728
0.5101663899966935
-0.1881111169710312
0.733661549265704
-0.4105128628115946
-0.7582123627697118
-0.10480498314089716
0.034761989839732645
0.08336419279498229
-0.8587827563885025
0.8786739829214293
-0.09771595079325401
-0.15359902890938162
-0.16342329880567485
0.511072964069132
0.7269451333675901
0.49782637060742585
0.9395780761130953
0.056848040163469574
-0.7723673911006741
0.6176140370510206
-0.5832350330421784
0.5320769199110524
-0.8650056420768342
0.3939156295698345
-0.07789951631153344
-0.6978602079031718
-0.130511328513893
0.4968995365989737
-0.37022023761144796
-0.8296104481264881
-0.0015253330762815907
-0.28876754954616063
0.9332647929178622
-0.22461843148604346
-0.3038973537228357
0.2004597531476968
0.5598740087459306
0.906441737987884
-0.17129540506322896
-0.20252792565593858
-0.14625777000799584
-0.987452268643855
0.41973996298970273
0.21467604549752842
-0.9794742615738736
0.9184569074930832
-0.33071434037553077
-0.5455029977803141
-0.2713928722187935
0.11313273491558208
0.7160141642542033
0.9310042976217969
0.2064618054120623
-0.27213583725625357
0.5094688145796721
0.7245120956046368
0.9419366203892341
-0.17034493056302832
0.7845378547669197
-0.7855067736199005
0.714356172013064
0.8963653311267844
0.8170146715400705
0.8761401007213208
-0.7535669634198969
-0.22097315344533205
0.012044855724442274
0.4392464535195072
0.4141564169633817
-0.34357907541434435
0.8404269406885818
-0.38485186023599804
0.4377016745770271
0.3264640597129121
0.43748270773174874
0.19830350455013077
-0.8151421929399888
-0.9078896837031241
-0.21781485904427028
-0.14673695125161812
0.6928893728699135
0.054600650741501035
-0.144580706829338
0.5207539323654686
-0.003086361514513891
0.6637238083369068
0.38553319156158833
0.045272967183272825
-0.5942173960913858
-0.33794319690501834
-0.46373075125328017
0.25795863460178753
0.06999307265227067
-0.3639504830979832
0.07232118298188889
-0.5848000799180917
-0.5583040609649236
0.6263735370093538
0.07953642159315569
0.880278196422498
0.6803062615104082
0.7111076451743663
-0.26615398220527287
0.13551859642883185
-0.8260519789065289
0.22880714761783613
0.879517118366413
-0.12580243948765935
-0.06937379559440404
0.7968724055987707
-0.7513372432519247
1
-0.12417715372398519
0.045354698022583385
-0.4175640500957309
0.32190888417673036
0.3563245678029356
0.12396373980313005
0.20236781258544173
0.7788685588673926
-0.6882387364687055
0.7661292526194516
-0.22324802444415057
0.7180234649157832
0.5761970720357579
-0.3948833363858499
0.7563537221099944
-0.41704132431673985
-0.9315113277519755
-0.0286898373052215
0.6541178560646094
-0.9601205760810606
-0.6666484721519952
0.13131016197578815
-0.8150959970257524
0.18233813111780173
-0.05248116150570546
-0.8777304769483663
-0.5188609385326108
-0.6582503670342809
0.584500708889312
-0.32616487710302905
-0.8957621287676965
0.3036953171194815
0.49876657940951385
-0.10041445405738865
0.7240322840811996
-0.07237130631918472
0.7513051526256249
-0.4856808089768841
0.36792827261878935
0.8112097412954444
-0.2349504735110472
-0.9766536672416541
-0.23333880137205099
-0.652011541103243
0.7544306606052292
0.768383463669898
-0.7609761752157111
0.5771806179071572
-0.19054903362485343
0.9022586790395658
-0.1077683695803001
-0.39456785378515513
-0.991370383015089
-0.572080860192163
0.2311398263740724
0.03998565429427216
0.6141714954633667
0.702322784406973
-0.08750166133316245
0.2968829568215669
-0.5118283081648877
0.07767194077685137
-0.008993648753782044
-0.7654172635047795
-0.38569252677745886
0.9053673366190961
-0.8264794543814367
0.8204916669737409
0.29320759816978814
0.3828703523719205
-0.5733443184350892
-0.06013809298206878
0.20692169601160554
-0.7051875245308465
0.5047592756149645
0.5370835937430728
0.9405745512910373
0.10279110313918659
-0.30733750417046224
0.6526222642325361
0.30673546577786626
-0.8671054124965558
0.45888671003490444
-0.6352745213517419
-0.363138587836807
-0.6714299502104444
-0.7627819762310043
-0.934368197885321
0.9421919311337561
-0.6312744351649512
-0.8594979837469745
-0.44312867678000584
-0.23445078857258286
0.5638450025161778
0.3301174453375549
-0.5925052974698415
-0.26407390237691714
0.7158502655841319
0.9074132586256529
0.6668902454011277
-0.09954118966380707
-0.8592007942305337
0.3903931228884888
-0.3182859777460366
-0.6869019458059871
-0.03521075353722475
-0.5728526042226075
-0.16521892526269136
-0.7210457710330798
0.44123788959288873
0.3882413634779195
-0.004451123470866905
0.7910171654513138
-0.938279653921878
0.5461697013605635
-0.5365921559013118
0.33704320668930016
0.4917293068040056
0.20883996332013083
-0.3661118614577719
0.311190773585516
-0.12286143169594996
-0.937692665329002
-0.5233730729249295
0.985864763923934
-0.14070189082217588
-0.9654961637955183
-0.5538258098905224
-0.9537060023137592
-0.2524688745854699
-0.29964495974087196
-0.7715107507764588
0.5399707289651039
-0.8656156685168648
0.40677845218469744
-0.3311297225245619
-0.6579163005035024
0.8966790910833574
-0.3979912203284619
-0.26019081279166434
0.5469105367335402
-0.8568148140147911
0.5264590169472746
0.2990175525143095
0.005362172914476058
0.4549268857670822
-0.05940058953951252
0.5993490504426647
-0.9425245363742197
0.4499424327311214
0.010293647432627824
0.12808173818890214
-0.12492386071439393
-0.07960791950160795
-0.9796915957187498
-0.9879231296886699
0.023932556259291207
-0.014393330320207648
0.5071699736140324
0.9580328524216714
-0.4284829881135086
0.7283027406249816
0.4542051725653217
-0.06828003701913145
-0.7594564217253705
-0.607402430695741
0.14439702347683614
-0.24861084341617884
-0.9873420030238191
0.9284231690535714
0.34445576255497945
0.736056954859906
-0.9904757885741
0.5718127660585084
0.0065758272898057
-0.1861718573764027
0.00820472594062794
0.5942181431557819
-0.2027175069271087
-0.23451052907496542
0.22307217205712893
0.8474245436854023
0.4404399257594916
0.402170537328307
0.5115010772287465
-0.41230263007289264
0.3316362692381554
-0.3202091451725955
-0.3812825385599151
0.22954108359609576
0.9370056588926626
0.041219868327754365
0.02787267579564537
0.4655060107526945
0.352870120651377
0.35148085311601013
0.4618091431971548
-0.33096851629059915
0.003492624310897952
-0.9120781982145421
0.10067532798602899
-0.7933444150295603
0.7222339133067234
-0.6113239040813497
-0.43510620158205465
-0.6410001928440755
0.6872417514267096
-0.5611095629874955
-0.5980904908884773
0.16761358356032643
0.31988571558578366
-0.6607604070651338
-0.5997653133057543
-0.49010502033923925
0.4327782954476072
-0.44366597998689034
-0.15301438207418222
0.22363578153040764
0.228605095328547
-0.07223442292473352
-0.1094559865420957
-0.6339282241127063
-0.3949195780908988
0.22877927398202458
-0.2590718985852959
0.26025769987564956
0.06700578071262131
-0.0996775564995001
-0.3370060762912611
0.5389516867930652
0.06250317238529701
-0.03374849758888915
-0.9125600649647259
0.9301178921346254
-0.7770549266843046
-0.33133166482636195
-0.8262408285272707
-0.4121600678994555
-0.7499009325342892
-0.8399400037586032
-0.5869008479132904
-0.2660566703930693
-0.9625822627032548
-0.054167805457971174
-0.8199000782355961
-0.4212666552680612
0.12395568109981141
-0.6561321749175321
0.21193454994819597
-0.4786171156225672
0.8035963178843718
0.6219118925389177
0.7555557153645774
-0.9262046857252696
-0.6626164242223147
-0.9520813223379709
0.7678548905876644
-0.4123852332141338
0.2564797103396986
0.8707501945724043
-0.7411896379804513
-0.7299229126539818
0.39137918792320603
0.8412320812624914
0.20172990305092917
-0.2203644990417278
0.3184232342658864
0.04214285764708296
0.16976366156126207
-0.7932567525825176
0.16101852368215192
-0.8974719130619766
-0.8794471086746098
0.05472196944825558
0.9254548744987479
0.6174784090738504
0.10628286015095291
0.8997433993095777
0.11051655541405125
-0.3526740118248029
0.3615744681299714
-0.23132452649736018
-0.117378659017999
-0.485465590509485
0.5034664619731779
-0.8597580582511694
-0.3999067825943681
0.4020700519021572
0.4784007778426758
-0.6317014631746182
0.9214680585591872
-0.7153504943175765
-0.4080974572288983
-0.06395349300166382
0.36846964505895385
-0.027160983413728818
0.5121277779497498
0.4482840140262779
0.8958681665289885
0.4486229833825192
0.776366867355311
-0.68052228402822
-0.378604003201997
-0.15466888444980015
0.9139253987238326
-0.6815929730329839
-0.7792752921890077
-0.6990695156982834
-0.07334677699267726
0.7215983084670567
-0.535008212398546
-0.22496580140193548
-0.652472138638658
-0.8846529706913159
-0.11345944978981591
-0.5468076626466868
-0.3346688236288353
0.2663779937009768
0.9863496121667381
0.9926593858192654
0.3204176404465201
0.36402568056617757
0.9427268753137814
-0.06685982697539125
0.62453881671924
-0.6672866451030148
0.1732327992341549
0.021892245014895048
-0.06867138615579492
-0.9565857227368025
-0.8653129533255114
-0.04898518894028427
0.3350072300648036
0.19680332116600274
0.9438333221647862
0.8956947632997989
-0.8198210669156959
-0.9437887237274508
-0.08008589300691271
0.14449070824102037
-0.8347360968646638
0.7066647209502528
-0.7209372791581199
0.5857230109208136
-0.3659173268843169
-0.33341018757168067
0.30820427518054905
0.8206420102861904
0.7866453305561825
-0.3153224335259234
-0.05163046797279138
0.24942825090199486
0.1781573364727865
0.6016753540174832
0.13576030142068168
0.9531303884432244
0.7578414465578174
0.09400860946792297
0.4083616937501026
0.19484371437856224
0.6740547672171011
0.7062578381906085
-0.7065267675193001
-0.5891539999307864
0.16439137178467958
-0.9871418512554806
0.6315160766765884
0.8595011586310289
-0.002267708870526134
0.6027336345237657
-0.13442129566824296
0.5103788985340514
0.3091156959101178
-0.5217511206547173
-0.5276336466043954
-0.2294589634395328
0.14152170311446413
0.7916029389003503
-0.6520520256509321
0.5935471464992886
0.09487222669504787
-0.9114126569947241
0.03166185594199183
-0.6704616613966573
-0.15619084806860778
0.7612332937885764
-0.3260594309812883
-0.15194432432734786
-0.2795839115044974
0.27156740910706084
-0.9921318728744873
0.694871397359784
-0.00031190396474082595
-0.0767836651624726
-0.10544458907969481
0.13052849700532948
0.32512018130949033
0.5620311400525856
0.6470274752157773
-0.24783962375317464
-0.045429144626406494
-0.8147533041816228
-0.4072386075564127
-0.24049774921330283
0.5054591397297581
-0.737331831447516
-0.4095958105712065
0.555417436082462
0.15799215838863256
0.004954658299452324
-0.9392920365010038
0.31791461854438136
-0.3520494161611019
-0.6694524301380804
-0.7962860907463194
0.24813141545833017
-0.3314661642437387
0.5652736244085383
0.05971249686902619
-0.5781681998204794
-0.7000772529868482
-0.42097081743472636
-0.350343003210909
-0.22572952898481385
0.2998733496294505
-0.8458889887461604
-0.44835894113314434
-0.5629631187506625
0.017687438874217812
0.048118638408195025
0.4882745726941047
-0.7347345159901684
-0.08279410815513706
0.14553251977369724
0.34346401238377533
0.9847821117339286
-0.5439943499151402
0.8508212647778934
-0.48065000673244035
0.9481220884301502
0.7635685850425692
0.79039690883495
-0.9401102802382851
-0.1786693372844736
-0.8999036556090175
0.46306143265355765
-0.15353049666198362
0.9111304170634978
0.7614821422492304
-0.7175055534243396
-0.26060401499487196
-0.13743946256790116
-0.8527866455553329
-0.6231396606710975
-0.32140743095461327
-0.1651669420986238
-0.3622106894373063
-0.5817750096202345
0.4214553025649232
0.5401181406611467
-0.3769775936827499
0.9529771705561225
-0.032654304178519944
-0.62915108227576
0.060418609019289984
-0.42379707296124386
-0.8134777077093452
-0.44775314223966595
-0.03071947286008651
-0.695659445464958
-0.36194103988201287
0.9995227037545473
-0.442205515090691
0.5308215823619992
-0.9481933564011182
-0.6983462996700833
0.16472051089135403
-0.6122902803538627
-0.027768300071472782
0.6043969516895129
-0.26392739690000866
0.4102384174989805
-0.5189258037083251
0.8742282653027426
0.15503364755753568
-0.3869275556955112
-0.29214704718847
0.2526422202940813
-0.8401511213850307
-0.5221875977218898
-0.8195636887153469
0.9069727694839661
-0.23904776193048322
-0.1422989651937702
-0.5811352817692202
0.6041739088182478
0.7211232429357428
0.6334098926742947
0.7048361651993283
0.9265146682902813
0.3228715010771141
-0.6886306820756347
-0.6730798947993601
-0.5402426454808977
-0.4851008070526316
0.16476471484934274
-0.021331604608023236
0.29209810155983273
-0.5668231163142371
0.8946037994897852
0.7874434862592475
-0.9664412623352658
-0.3507232168035283
0.8757531256422715
0.01587628558360158
0.8964644080891825
-0.28049346835477557
0.8063952279931259
-0.4682711794732523
-0.1599016545519736
0.25071992538926696
0.10338393294483558
-0.2987931300904553
0.7129438238856487
-0.34023537810501764
0.7028863011753439
-0.8232790780985443
0.3314227914387666
0.7309383542962307
-0.8171000168263778
0.8214989096473196
0.08274135140037772
0.7345395545143516
-0.03422433879437466
0.5984490677237791
0.42900738326621096
-0.5089042569966673
-0.9789450446971222
0.360675778076831
-0.5911278741322418
-0.14951239980413536
0.23718717944910617
-0.481495498018384
0.07322485206285521
0.6459305789569495
-0.28268173575823136
0.8898997469341621
-0.49310446288841764
0.6039136139673213
0.39701418329129656
0.31360037726477247
-0.8897861965619771
0.8297203594070152
-0.8315825063433797
-0.5691337595207382
0.8268437810965908
0.059014944228692155
0.2394655984077666
0.9893902139050852
0.16655223136539088
-0.31540780850503264
-0.4665710877469146
0.43311772077337274
-0.10062962719337915
0.3403101836792892
-0.5998942121866677
0.6747079888506452
0.9017069778861003
-0.21418019781383477
-0.21118816085062048
0.09754476154793401
0.8270749735299494
-0.49387757725200365
0.6992495726215513
-0.8740617075676032
-0.23124588350101594
-0.9307638054200741
0.5516590719234213
0.12484650426563466
-0.8705170917335376
0.6136155511531663
0.22319210343753523
-0.7258757097083477
0.8609079028362436
-0.512476645987191
0.49872502335489566
-0.1523909789683921
-0.6259217003335539
0.3745068784676817
0.5448026227910638
-0.896371636931742
-0.14830610826020335
0.9422954157960743
0.2807879649292316
0.15323308747313338
-0.13183308616354544
0.8044483421097115
0.9513580987161259
-0.5017794729472779
0.15272397864333553
-0.6591366736861013
0.45351407696693097
-0.2566762387189
-0.2546945327706735
-0.9538876175715454
0.9812372287208715
-0.4172643296074975
0.38393892293614873
-0.4046127907607793
-0.49887095857361075
0.7201937406383093
-0.9638609506606161
0.02414183474356428
-0.16149328153882728
0.33700180658286183
0.27803409543961083
0.0808672286125124
-0.7507400327238772
0.5204558584839256
0.5272031021576727
0.8375543825374776
-0.5295291684144872
0.09265862882507833
0.8651903879990909
-0.5296563153764048
0.5063603364536325
-0.48504622550374243
-0.772924729504422
-0.9656274109494307
-0.36504991697504413
-0.8808591859316983
-0.08761909264011138
0.271440999656486
-0.6052544523309156
0.675675073777909
0.6598416597233829
0.34789290974306897
0.1430482144831838
0.9498669791067691
0.824778802982163
0.1548044333893243
0.175388780111397
0.7803548384903879
-0.6964050692577158
0.6195230598746371
-0.49150478761785743
0.9268084556423871
0.984878936530816
0.8890932614682527
-0.8332461351082421
-0.9666713551952365
-0.8510248796970752
-0.9930205646206434
0.4214352300270949
0.8649325160393025
-0.7414021554949387
-0.280667629741799
-0.2944827454435876
0.9287860036285834
-0.7517531127714395
-0.06408840340543918
0.995884278096107
-0.853073181321837
-0.46925919315058334
-0.23018556710363694
0.19408847936617588
-0.9938825173706362
-0.3868153810665773
-0.5982681884175425
0.4010494152638863
-0.15208338914804892
-0.13052187750178892
0.8015500647828632
-0.6558953586440994
-0.06292667870988397
-0.15081383760926806
-0.03707654898529771
0.13389386352618596
-0.356343547081189
0.7035450452410286
-0.7356187179932437
-0.2701023145618896
0.010174130583425348
0.8933078224105544
0.5140531343318987
-0.7582259117323356
-0.33583292546083865
-0.6914213698853683
0.8554514301550522
0.47821636225856945
-0.978041552219558
-0.8919336993080134
-0.48479423595575233
-0.7478793598015246
-0.5686737776592931
0.19296996309054423
0.2360123341180347
0.6082450013779145
0.5484008164557732
0.7941282717503549
-0.30932358055426645
0.6418954528040638
0.6663254571076878
-0.7568121235011027
0.22431361087813867
0.34396212644793783
-0.6461909792336328
0.9668811402232017
0.046909870303407784
0.2126547415675861
0.49447546295532496
-0.9278139729665007
-0.8920639933111514
0.036402543226836837
0.33348828720709256
-0.2836957171069887
-0.5070335187666332
-0.07618590425745625
0.9230011916632526
0.40844221236839967
0.28828210252658704
-0.45729655419990717
0.8502059135541266
0.34494633760487375
0.028779070389834502
-0.4148391500279621
0.3508980951368622
0.10222891900368668
-0.729220332947851
0.41792927486536613
-0.3349824911505933
-0.23068425847572216
-0.5298218500931896
-0.3055909761056398
-0.31014332760826613
0.4105539538805468
-0.05917862533569601
-0.662700865579704
-0.5603991398073982
-0.040607148271528
0.48304486447218903
-0.944581251974783
0.7390452412830828
0.31443304108879233
0.5768774000154377
0.7249191703659296
0.40653708739488775
-0.29786878706101444
-0.49517737292750713
-0.4304922844084555
0.8360728694645251
-0.5998131445183867
0.6493834177829116
0.41185835705314255
-0.7019425808093249
-0.05907678172229423
0.8595094007370349
0.05641100427489369
-0.2140376935874172
0.8255083108877733
0.6894199054952429
0.8430218028643802
-0.08148164263158061
-0.5006371776202118
-0.47606888194424646
-0.7625169842134043
-0.31904170996260445
0.25686060096953145
0.3553012245408938
-0.7407335882636474
-0.20010553828566965
-0.0668446440339068
-0.24172852321880356
-0.7240415219482267
-0.9247364393583283
0.4374561264203869
0.2950851238482433
0.07605683604306855
-0.4111329131792505
0.20403465553297423
-0.9398442692369421
0.975529921496938
-0.9339465689746077
-0.5600206637639277
-0.6393765175792562
-0.49440670440371254
-0.05260697925991979
0.6578877552788471
0.16304724634045104
-0.5784456165987792
-0.8488851050091738
0.029350250381931828
-0.3641538742907556
-0.9881036331586953
0.03274185722829742
-0.85370125944743
0.6587967573945159
-0.16247835889667803
-0.6991232600701937
-0.44786587983967774
-0.8256446639676192
-0.9826102835334897
0.4619502480461105
0.6400453114521726
-0.2854365630679115
-0.3839977455514606
-0.019618451514879218
0.26017557372537076
-0.11784489348093212
0.274006836809299
0.9882707222070848
0.3966226935985233
-0.2375974663232654
0.8406703478038086
-0.5784336288467324
-0.7564875168330609
-0.16804276664818915
-0.511365647869138
-0.5533633960715824
-0.8673995020192553
0.16718761506327995
-0.13319982093310667
0.08079052316914981
0.7521025512844831
-0.6001894035935804
-0.15332387671777353
0.7415135684265012
-0.14516314706396513
-0.48227892027188807
-0.7558117489841306
0.602815757570953
-0.8488890095620006
-0.6129449765100153
0.38592563529266094
-0.441122736743004
-0.9327753876704866
-0.6061732209089538
0.12797253802938002
0.5479492304308109
-0.5982493272662553
-0.5046254547511988
0.9724457749611443
0.7195558891260937
0.6628172098264036
0.8867174811318781
-0.8541898071185279
0.24064050483317567
-0.702995695954846
-0.580392109621945
-0.5346917416675063
0.46015229002114594
-0.6662072102456418
-0.0906897213822998
-0.5432269464559873
0.002087118945976632
0.9513215239276388
-0.4367796739986953
0.3981052889416201
-0.6999834674232881
0.5428361036156407
0.7314385662722992
-0.8902937356502655
0.5871673539495534
-0.7896173112784001
0.6892386041766614
-0.1328017857277549
0.7257109475181742
-0.2532625101137883
-0.12831000004632623
0.4380799543034642
0.8467549529492145
-0.9539415870474933
0.9447318181763862
-0.36132469438721737
0.9431699285976481
-0.5246473588342261
-0.4872694790640518
-0.6777494424767794
0.8814366301210818
0.40802558971509073
0.6837272331487108
-0.8153267986121947
0.3301312765853328
0.8028083101589987
-0.6688455231260706
0.49885720409615825
0.05497429466101707
0.568194933832206
-0.28930702704471284
-0.30955904880592716
-0.6714150772817483
-0.3647673517531181
0.315027614637456
-0.08707504533859088
0.5875602930361696
0.0575817688535884
-0.34330499377746815
0.9371660166222432
0.4631543435143083
0.40559440971145383
-0.04084544284478636
-0.21616900005428874
-0.4522284364839646
-0.5100317611374893
0.32027569389918376
0.6850274977923935
0.8805633650427641
1
0.7214854032504485
-0.8821126091436012
0.4258239509699165
0.49571403846473194
0.8210507407994346
0.520001124405215
-0.395482883885051
0.5786080492291797
0.9849405356835367
-0.6058677979139602
-0.4484264645921352
0.6048917355176624
0.1269283454562352
-0.7280036862314042
-0.8403466715243784
0.6807667116317302
-0.362719745523482
0.41464354184613395
-0.11248317280792809
0.8541844675740464
0.6800778738884403
-0.10623875761925644
-0.10098733934021792
0.9396352547799369
0.17570946280832017
0.8661209883220936
-0.5323501084175937
-0.37947494726081904
0.41754353190019033
-0.5807692890764156
-0.4653940041873225
0.21359608351753642
0.8164739714704266
-0.6955433287066567
-0.525509343148418
0.10163623661267422
-0.7461847210581704
-0.08201865755957877
-0.595246950405985
0.8226095445938955
-0.09950923734275675
-0.9295059648504261
0.2424824242134921
0.5649220535733387
0.37149519281264687
-0.053081385451575126
0.773863048397031
0.7365218324775072
-0.4189844950902046
0.5705462031601681
0.9650394062614106
-0.06662974382968428
0.8134529907812134
0.19984019879974577
0.9980075113911349
-0.7352912624745372
-0.839902119766441
-0.35149485755366416
-0.6484505453001379
0.09798326549467896
0.2989845452466266
-0.9988817416016788
0.2184896461324951
-0.5176092041729277
-0.6683750819260575
0.7644169275636319
0.5240291637555021
-0.7364198554577107
0.5339738413474047
0.866654909656863
-0.44083981319142146
0.24412197447656217
0.5889037611823174
0.5193067971644196
-0.5136450498958255
0.16356028567606914
-0.7302436374877043
-0.37429448522908404
-0.5340139792112465
-0.894162042326005
0.46660413066798995
-0.4229311451603934
-0.7849225251773904
-0.2140753293072382
-0.8339553727089671
-0.18063207755662197
-0.05514657066449018
0.03746832928075103
0.48526724490016887
-1
0.34816159040897504
0.30840081960555205
-0.1285475238296085
-0.40561013669688606
-0.7380096482607779
0.4654664914558489
0.6750239429326909
-0.04762377045597843
0.6796471318091128
-0.8609349008592649
0.37892469256817707
0.9293640203275108
-0.47190992951991567
0.6251451039529411
0.31900326577680277
-0.2299358973376408
-0.7549461458262532
0.23147571787285143
-0.2013453113169958
-0.9907403533888341
-0.5866549767461187
-0.26813395119129324
0.8275398728965805
0.2794976180209577
0.9127138435977573
-0.27635011387983355
0.2762293223291531
-0.6848335136586884
-0.37527428820357295
-0.42811919834555007
0.9852923600717707
0.7175070457831884
-0.30707018470858966
0.6843718158570417
0.9776568765908811
-0.8924793297434885
0.4095894580912169
0.02090568095537181
-0.9796481176108179
-0.6579886042441182
0.7425000849515503
0.5861206631778109
-0.45895717303846567
0.31213863162518807
-0.21934913459327846
0.9894462409463143
-0.057700142925430964
-0.5526311123139527
-0.20691668787187478
0.9933197384145996
0.42602821716933037
-0.32671810227787046
-0.18060074153534508
-0.9001576982430446
-0.14761054984205124
0.6807296658213338
0.7513812550371721
0.12968131007008865
-0.5530592440023553
0.21298863091717402
-0.24611449977641914
0.8623581353800815
-0.13776376593377918
0.029574632330563413
0.484721492184311
-0.8827501720666164
-0.1586337958618564
-0.30269864667719987
0.7555854797094258
-0.6546266152758075
0.007228815526247427
-0.6639830055808236
-0.9831979958387574
0.4408715163836676
-0.3974497707316031
0.1949793320610231
-0.02665951298073154
0.21893790972949614
-0.38292748731733073
-0.3771536638039949
0.7580925960515943
-0.22160828380887687
0.9326571390429106
-0.5768308429435752
0.6953680535167829
-0.29052434734704935
-0.1404782696567788
0.6715862289237351
-0.02623993797964199
0.47861287628156957
-0.6865163011293294
0.7003186827133111
-0.9288786668365071
-0.0913450930906975
-0.7212488938511269
0.10660829857377084
-0.2470679475736285
0.7509088003498854
0.3830131723596475
-0.5246415843093984
-0.3189682553780383
0.5466892073003451
-0.08971059504104949
-0.35371724965168455
-0.8008635126683281
-0.40730695909213044
-0.5373979792123426
0.19586859706717225
-0.44278901252493813
0.531887786068021
-0.4838295009295059
-0.6913265631988046
-0.3003698525953018
0.5068732244400774
-0.8328305859278252
-0.6184718682086526
0.9280782798847508
-0.782692265017708
-0.04860086711971574
-0.721297259726908
0.8185809687210612
-0.18398531892453518
0.3353764017072049
-0.6803990285025673
-0.056780082932072706
-0.8428208678571584
-0.8525727643887905
0.6097189568187089
-0.5110905610791842
0.07771863275537104
0.044145384741757235
0.31425824341138325
0.2332059166166713
0.35291511922832935
-0.573845856220849
-0.6766171980916956
0.6702025550845939
-0.04608638197277776
-0.7999588831953333
-0.04970553004835639
0.026058308967025573
0.6078510400124381
0.34064513238635125
0.4022132457092648
0.9807791295964464
0.34210611723955325
0.3998516322237846
0.27583642483963583
0.8401799569382042
0.664699040309461
-0.30633481870786705
-0.6321470689100045
-0.25798231204375055
0.539684077719204
-0.532461046470033
-0.6509194030361726
-0.565674963951648
-0.25044610448664395
-0.8281785136175503
0.14099938523650316
-0.5819064783509085
0.5635904108655833
-0.7566563498657375
0.9418485523581153
-0.6200050583964491
-0.8335485798014175
-0.38544642314536204
0.4224864682726652
0.6121021707452907
0.24060565969797273
0.5313070568892412
-0.7624142900927567
0.35055755114384807
-0.6615180670669818
-0.8986863805412082
-0.520053418847052
0.437536226409629
-0.7577749763024757
-0.8339288793832906
-0.17277779837487373
-0.626892752956517
0.9183283591254371
0.8869828586352274
0.0895602492164682
-0.5888874952225343
0.9029005162100017
-0.843444315587493
-0.47676832458722646
0.3349651694852696
-0.9336906594393787
0.9544717111949149
0.592031366958009
-0.35346721468963604
0.15689081788726067
-0.6474632169596396
-0.25150684042348076
-0.6691160826675878
-0.0869296073513211
-0.9871400177034317
-0.09498331943023809
-0.9243567199227914
0.9894603923396159
0.8662206988291493
-0.343098710234754
-0.9419123260610386
-0.13688715616277086
-0.7987478275354845
-0.2417846184184606
0.2646693494088267
-0.2307594963307199
0.2728000027863196
0.11656249531958965
0.5024141705495572
-0.9524486149330642
-0.9264967086825019
0.4921086194736165
-0.2361398822670494
-0.2403875060801896
-0.08035213462597611
-0.14491496481800878
-0.071341415291133
-0.19852096164648436
-0.23683815633419444
-0.7434032526149161
0.961743664274519
0.8566206873139245
0.8651056886785269
-0.776038364094579
0.3742359890036102
0.204861983993006
0.7966471800098606
0.032094917719794114
0.36253449172558433
-0.2147367106901535
-0.42721099109609384
-0.9992606132620863
0.6529147300701166
0.24867118345486727
-0.6287211028280151
0.9255713907400861
-0.9029461739756273
0.39493480758594757
0.5439107698923911
-0.7484685746735737
0.12241921010235998
-0.11369687001054758
-0.6189692496763322
-0.518461230195808
-0.6015768150983943
0.8049736049042621
0.9845116717217123
0.5764959139346822
-0.08547519106008566
0.4365790531168098
-0.35621975021445745
-0.8037547423076953
-0.28818726222871865
0.6742221323785373
0.2532715456578262
0.5916837849295509
0.5966907610080883
-0.3465500224128366
-0.11428037596652948
0.43289860413609604
-0.15758295496827854
-0.18640134724867802
0.16207278111551304
0.611215638804723
-0.11338838641405562
-0.7197136448814111
0.7720893129077229
-0.13800721094153998
0.41750347405804006
-0.8915824265492182
-0.573555149989097
0.22661160494956586
-0.5433204418563962
0.6276929743382994
0.05557233786114152
0.207164723501108
-0.9839045433181453
0.4994161254783858
0.7752982119473149
0.07921744439180714
-0.33138114178971
-0.8157315850135357
-0.3687409465747613
-0.8892508532684247
0.9947107579816635
0.14244147203788166
0.5661520644689834
0.15982118168737952
-0.14963710701713798
0.08974005580498955
-0.3730986804049634
0.27268670712576865
-0.8518630252186443
0.39162379727547736
0.4745726271296694
0.8933088539424369
-0.0434836007459835
0.11437626607241293
-0.16200867785528572
-0.8751665228486808
-0.06969580222073916
-0.5754133505021771
0.3756319627564275
-0.7307021050580522
-0.6229426599946096
-0.24645627196194034
-0.7115098219183823
-0.8344045901064804
-0.02612970792719599
0.42425904922766783
-0.2714809281792787
-0.7948596771099115
-0.7253830014981991
0.3372001732874646
0.8416159248829007
-0.2878295064953629
-0.6377020709803677
0.7161356995201045
-0.662770057264148
-0.006378946082145816
0.4732292230956942
0.3188412841742598
0.6408313387127066
0.955734355653349
-0.1917074459983365
-0.5121212966221315
0.24528211958859228
-0.2861884326709592
-0.2451295506693772
-0.9487629195932281
0.39010533386298923
0.8859384544250269
0.17926074446830573
-0.4955918785356027
0.6695749833156803
0.13780163511186896
-0.5672743676666676
0.7416125728258777
-0.7464367979987143
-0.08265037562470831
-0.11424491000489105
0.17819486462262743
0.42657273041519744
0.6060426461092819
0.07677199993876427
0.41656783539985626
0.5877168854291892
-0.7633514566481828
-0.29307841737302665
-0.9684824795347653
-0.8752847590113454
0.15907505763666466
-0.14775746831864187
0.849473843394832
0.18030264172899738
-0.8135270166717686
0.37654786862078243
0.7009810877777193
-0.21964205646080667
-0.649747446111736
0.8389005305011262
0.14006425464738048
-0.6172531923839311
-0.9377485605096655
0.3943054355808459
-0.37589096039415565
-0.44620597396523787
-0.17663822746673594
0.7164347382364623
0.444147407127128
-0.60549393664858
0.5915618728091038
-0.43939569612978907
-0.3879404423845358
-0.39364426849667405
0.8858633773896065
0.9511911495270039
0.3978594121329997
-0.8557648430539604
0.9759547443083615
0.3805450139623593
0.26296339597900364
0.8324629828520885
-0.9465035699762168
0.9401634933255789
-0.9039466027080595
0.6012078259300462
-0.021707125199237558
0.4793801372509472
-0.9424242100990823
-0.08964696638133964
0.06874224226951753
-0.9374706333038403
-0.6106709285443817
-0.595901118039982
-0.6946587568373527
0.31884392001732553
0.6561973585921412
-0.7509795706254586
0.8589126908106534
-0.18098863471795248
-0.3979296585790968
0.11774029348593945
-0.8188670348973798
0.8991890388473257
0.559032744065831
0.9497969388483714
0.34502315255827537
0.8416731453692383
0.2672582376450566
-0.17652512873205015
-0.7537319755535998
0.6095207442309288
-0.9014103176799765
0.3675520698662835
0.50351060634816
-0.7003549957563915
0.14342945073709565
-0.32508194584162714
0.8096867755016252
0.6368649057553037
-0.40882484278835435
0.6580993225542797
0.7579815649121958
-0.8222828425787437
0.46086968392718486
-0.5027052101627792
-0.05321034626821605
0.7484046668591848
-0.16141494920504595
0.07452835998919208
0.9555045786496132
-0.2005758065697676
0.11677999594016164
0.7686911947943337
-0.9737875151154721
0.6454437678212595
0.040039251305045404
-0.03145260753373588
0.7852278358884008
0.7481520840287321
-0.7815705714703701
0.5799156262617635
-0.17738643278848715
-0.00569259583934134
0.19154253468660065
0.2200340717853282
-0.9940962051805063
0.11307650909833727
0.9659419600980333
-0.0990664292206587
-0.5946039583638764
0.15386132269086467
0.6141921295989099
0.5748301496146829
-0.7882651094660528
0.7305071438099241
-0.26780113454069004
0.47687720783822074
-0.023446647157278486
-0.8863192647322039
-0.5143007575638661
0.1755174881383513
0.6273975873518381
-0.39351437781606463
0.5135133996740523
0.2772290897720382
-0.3568761760246308
0.5079181158474557
0.7798993079146357
-0.19704472739113474
0.6568008756697035
-0.5727864723711412
-0.027136376952478003
-0.6209131600163373
-0.95713313408902
-0.016288285137185686
0.8174922667781295
0.5279258256523774
-0.7889343500290916
-0.6126461032614068
-0.6489926466622158
0.34023851409096867
0.5669607151039019
0.48224904628416787
-0.7483427713894621
0.6662176446677942
-0.31429513759820227
0.8744712466540251
0.9013903185522986
0.7545411056796048
0.3665659493622986
-0.8959894244822421
-0.10895355278000696
-0.1762012548043754
0.9723714382283071
0.8731337321580859
0.12341993991013059
0.09828400244030613
0.4935819834025425
0.9465911610225429
-0.3921580110399158
-0.8473411623131765
0.182217060100006
