0.6447735115618672
0.3896750194336403
0.34520875316278377
1
0.3037431082527541
-0.742736328962616
-0.9208175147742326
-0.23814430762126093
0.14017485943281807
0.22546900640079862
-0.7861280102667588
0.2359986075896375
-0.29268919146153227
0.7437712751737654
0.4198259872132043
-0.9291367367007798
0.7721057726204815
-0.4693277989471955
0.5675920880687655
0.17456286612250269
-0.6867580153942721
-0.31883678614074573
-0.4345994500004102
0.33060844808863743
0.4626294863192894
-0.290919279829793
-0.20699879039464414
-0.4892222943323437
-0.6428170612048516
-0.24781898805849967
-0.15138571326719255
-0.7479487301907635
0.595810359852964
0.3029432208665141
0.670788225282647
-0.08414159031942418
0.30250113205530915
-0.0881069477691459
-0.7500047164477496
-0.3671565854036419
0.5624240906239042
0.24156831787310754
0.5509853464339188
-0.2240550506291484
0.24776732513239802
-0.041607245969499315
-0.19806926448265486
-0.04182887193034299
0.10228902502691915
0.7267352992524472
-0.2822264626384819
-0.8568300751594126
-0.6257828560629312
0.8995117821313736
0.9440925473934755
-0.18432680386679953
-0.7896956705005721
0.628648241101863
0.8689740131738501
0.27918591221283834
0.8881437589215829
0.6139182840855798
-0.028809532367375643
0.509815564894156
-0.023488452423000024
-0.8529616027262308
-0.9732091352620279
-0.8749765157272833
0.5133604543783251
-0.4752580498227182
-0.03513946333840561
0.7821184619942889
-0.4395220436644231
-0.11048351926509418
-0.09310356117427293
0.819964978400798
0.20758847164439012
-0.360737245808026
-0.5399751064808878
-0.30997635257027
-0.5491059712122783
-0.07032120118425171
0.16292123539798242
-0.19036295658091695
0.8371440166818477
0.20456841561506722
0.8630840178279782
0.174507542621767
-0.7295857310665561
-0.8351441606314544
0.5120256329777008
0.9169290180834174
-0.038842299061265254
-0.6081486634757549
-0.9043380292414535
0.5499682155241666
-0.2886396102315574
0.916015008582431
-0.6056801153883153
0.31639734361411204
0.7538228265611401
0.15268846055937493
0.06923399647629366
0.45656051647963447
-0.4814075296602051
0.4574396963857334
-0.4491525720822617
-0.7046474711111601
-0.9383849214862103
-0.34121263989456924
0.9407538152496077
0.37813108712567733
-0.782567960812939
-0.8149558918501598
0.5945497901244299
-0.3778349576042755
0.4764240797533407
-0.5601782428407662
0.8992412934730181
-0.39324718195194863
0.3794759879155331
-0.2670370841990873
-0.6370595798455682
0.024251578229870237
0.723108709040333
0.7816146338248314
-0.269150266818483
0.5208484218036291
-0.8313303019898765
-0.527721645169275
0.032485252696028616
-0.30465571064742025
-0.12261146793845112
0.04256262189053418
-0.41247690807656884
-0.26281120018728876
0.4705105508770969
0.8142782059013209
0.42481652471169784
-0.16559630363281275
-0.4220138563479404
-0.9886793083801193
-0.4894538173986198
-0.022375158960412454
0.8512776851156644
-0.9228629551396299
-0.22318495652261422
0.7551268987149946
-0.5108501545578498
0.9632222882277532
-0.43066517969496976
-0.2593813305906232
0.7376103903888779
-0.750884610295664
-0.4401256376905296
-0.6833460619997089
0.9169466392219431
-0.5217172437952684
0.3696118908558656
-0.41646196970564536
0.06402883347082872
-0.4413864695058276
0.3489371349806788
-0.08191894338837671
0.9657868264380443
0.4315691596165035
0.014749264276058102
-0.44930765210916246
0.3288030289137772
0.07276123626177353
-0.13289954720337321
-0.2965771362480942
0.5759734299760818
0.008716083769191214
0.6851910980731237
0.6636374390875052
0.40690558089647644
-0.2819233589933109
0.5517219609864759
-0.8087699380280634
-0.3329690455947814
-0.40952646321041086
-0.515328243097805
-0.3814321481017805
-0.9261360396428769
-0.43956624619387574
-0.5502229280171798
0.12923397950788532
0.8450134781751233
0.08928210102477435
0.9150120468125218
-0.7475884840333479
-0.3081374385966707
-0.2078132218612135
0.1868394420163329
-0.14535816037746363
-0.6069232584992692
-0.17151859024936672
0.29521268470801265
-0.06302864095186185
-0.19427938453183977
-0.4699808616834902
0.14151810730252665
-0.8580094850929337
0.38704482013662456
-0.25796889260585115
0.0050524268415908435
-0.5440729134774408
0.21520235762196874
0.31013719810177653
0.8838602765096675
0.6383960198538433
0.9556095044310557
-0.7579098341816292
-0.571346203163561
-0.7617114448735692
-0.6558827696783064
-0.947736547442224
0.03180059516724546
-0.2218061501121118
-0.15516454727117004
-0.7685251284764916
-0.8633481708950954
-0.5089497367228432
0.4210615017702401
0.05859527914606282
0.6679161820851112
-0.512086432249509
0.6246033400780623
0.32462444892307774
-0.160800336527146
0.03664990467865384
0.561055927785358
0.3247312925020476
-0.23448039301862766
0.8160019043592818
-0.9901826180186313
0.5373810430066703
-0.18600760882564074
0.3255727502872827
0.181288803058724
0.9289641290788877
-0.8207511242510936
-0.4773587993906454
0.6690595440758782
0.26652407556801144
0.4245508041963274
0.46936821061721495
0.7240178034570943
0.391460088402507
0.07820859854978714
0.3112966602169103
0.46735067120042884
-0.061602845209099526
0.34389859637776155
-0.0003229116969705398
-0.22082786681292954
-0.24253087375057303
-0.12068907117882988
-0.6486232086127796
0.3799189789316697
-0.3555032837130775
-0.8937355626086652
0.7045133023490205
0.7907309739506065
0.06434721404077658
-0.22661998595569907
0.8939302197147997
-0.6707199501425891
-0.814130914631783
0.3698406708130924
-0.22859817969553828
0.6744234764875435
-0.1651945997340868
0.8175820896453025
0.20369046256392992
-0.304644731107341
-0.3141616930971588
-0.7760444244956092
-0.14582370552236082
0.07599190610747943
0.6239173187979521
0.20705107645920906
-0.24042963234497283
0.047111182482512864
-0.558349191421949
0.20236226250000044
-0.6250939013442535
0.3787532704979526
0.5121473925458189
-0.1650744030103875
-0.38807645041503025
0.28982874125020347
-0.4947997739485129
-0.06041081633548217
-0.007063238099367888
-0.4216454643982195
0.7363176678570141
-0.06547413299551079
-0.38170200251420316
0.4960950397884963
-0.9221835655433122
0.2892335352754254
-0.31543701758520437
0.08971663911666132
0.9360148300047927
0.7128554157224404
-0.2090640119731124
-0.9359640014528212
-0.039185659541470394
0.6162198224931968
0.6508035920280408
0.6242933208857498
-0.5788936376860505
-0.510810422940723
-0.9459056876529065
-0.6516791235923018
0.10048791840620763
-0.20297753919753236
0.06809128705853312
0.0983150779220935
0.3936106246483861
-0.7623698192726519
-0.9854673448020047
-0.7673299685675721
-0.16823155081659955
0.11422735802963735
0.91323647517686
-0.9924224995764602
-0.7156535420942756
-0.06357594912579269
-0.35106161177446527
0.25039996050324365
0.14111176162064587
-0.13479604588183547
-0.6711785688904053
-0.05838812528836323
0.5187101988727364
-0.731812488682813
-0.13412425088243346
-0.15584820916149067
-0.34940912827122894
0.2777522703892999
-0.17985936802340707
0.11607691742085649
0.6580986380933846
-0.576173269296515
0.5216737848326524
0.2324561429533954
0.9632980814257882
0.3591956030786567
0.9327264948375991
-0.7368906786537884
0.9230866829695115
0.7298710653009328
-0.4579482874350281
0.4846942610327786
0.11429698902489353
0.6922834636495322
0.8810842563507253
-0.21572040682295732
-0.18191794276067566
-0.3727804029292216
0.6615767018677305
0.04552124198562015
-0.8342104978346875
-0.7755409474131371
0.3900861490696636
-0.004336151484103943
-0.6187604695629657
0.6941535249668462
0.790680951225949
0.053122050770524086
-0.1569972782046374
0.5852549553723513
-0.3789406582896
-0.8284359863596612
0.23671942666622992
-0.9586914629002615
0.9504139906229634
0.3289349317410105
0.12645150454670342
-0.6409987091916409
-0.2829813170420582
0.8567286378957649
0.629107454444382
0.05912478202719628
0.1074982072986405
-0.8001663539739274
-0.4901134184743527
0.9891394730178519
-0.9149616628276964
0.2723263037447715
0.21667460321525664
0.5582773083504968
0.4200130519910243
0.41608244349902573
-0.48826994877528634
-0.8222948539297524
0.7022100600549518
-0.9639360757778931
0.4019985075836586
-0.82125175662418
0.14164945212666027
0.019488562265444816
-0.8581138381906873
-0.8499669131681143
0.1370772304224161
-0.5294174547462122
0.36461278856688606
0.27354647043140773
-0.6942112143649074
0.6445213010592059
-0.5399833185011855
0.4905495280213679
0.6799231442262066
-0.6593660554241982
-0.18303973101454463
0.6722104977830037
0.08707522110124565
-0.7852090100524798
-0.17909239168157468
-0.3803462584904478
-0.07495409377468268
0.5618890970487932
0.7673144792677601
0.39420955269510316
0.6471028846923919
-0.2233752424300245
-0.6300458896590416
0.867284120802189
0.8139366573608922
-0.545276442806926
0.447135729825328
-0.840926897957276
0.9393259317625898
-0.011025092966928666
-0.41586997171295564
0.7798263917983025
0.0403119043275835
-0.24413644837580317
0.4041170986620532
0.7938356464773514
-0.7784879628442098
-0.2068469772137044
-0.5961538377111625
0.013303574874806847
-0.6004013084459782
-0.22366750135628863
-0.8541957417104036
-0.3414383290039025
0.512793773780156
-0.2490706455787964
-0.29536296946886337
-0.17812937311839205
-0.39264244696508366
-0.5377823495401944
-0.3516731674182158
0.11908735537580085
0.20450158024844675
-0.4219462726614247
0.9247626704890805
-0.5141990212598623
-0.8234962023327563
-0.7783743407749245
0.46023451661687
0.46310435810708267
-0.08007394264962468
-0.0020928910341174965
-0.7754364090735452
-0.8640029749300194
0.18522921343551454
-0.4139756195111025
-0.5568239965530375
-0.7524707700001758
0.5281204117977548
-0.6662875500831736
-0.926456149249862
0.5693324167291945
-0.15129513332444391
-0.6625535454712655
0.8678393378116354
-0.3758816489239848
0.40225524925799744
0.5825885003161632
0.8263524521263939
-0.28034719183512713
0.007407477610728241
0.686445517572971
0.30894586167339366
0.06393122959421572
-0.5593870537675725
-0.5328684426086818
0.7415124275211056
0.7250226363983298
-0.2031408562364978
-0.9096461512219657
-0.01371645055081547
0.4416407115791955
0.009207418516448126
0.06360030976183756
0.3464227232103381
0.8026129379393292
0.6960231445187978
-0.39306866549718994
0.7574224711409342
-0.16222998545729467
-0.6165966478714646
0.8462267622710673
0.054369297406310246
-0.07488555194239799
0.23482848962262823
0.5081403525695631
-0.5076753563833886
0.9410048319242441
-0.03513620495777692
-0.5495537490028326
0.673641427831814
-0.8607240107399917
0.8595042439615166
-0.8856128725334879
-0.2851918064263269
-0.2904564373760521
-0.6981699296559063
-0.6472791042060838
-0.9792538934927346
-0.09813706668615817
0.017815296857767542
-0.53716432433416
0.7621054683649098
0.37605188394726713
-0.9667000914326018
0.9140489129931619
0.9279397504978765
0.1416976051596268
-0.19997674004830227
0.35744719750655596
-0.2363509875029997
0.4629757624860915
-0.19292188820648482
0.8278793145032277
0.026143087041374878
0.5437605207605556
-0.058749629159601476
-0.6350741518588369
-0.8431690521052757
-0.6581823995119898
0.6123898743796575
0.5282744725842817
-0.3596721056203002
0.58263324801662
0.549875735738352
-0.31694467809063764
0.0077047300940968465
-0.16196082673007375
0.8059277728874139
0.8827167431506785
-0.4137720725733226
-0.3521850703944909
0.4244554328567659
-0.23680648683611288
0.9298503491161406
-0.20033535004342365
-0.42998575728388083
0.7458909998314419
-0.8900081145811912
-0.34584164837990305
-0.8761785461476036
-0.6951037537931082
0.4912039798275786
-0.3245915071798436
0.5895109642938634
-0.158531792547662
-0.5309508693123495
-0.5389526382361539
0.3291693085019672
0.4143144637961092
-0.37196026858591763
0.302969404616909
-0.48379769720720067
0.8097351897021731
-0.27772850303041496
-0.01789925447410054
0.6858861689331246
0.584674389964766
-0.5550338792169924
0.8356197071115563
-0.29261588342864125
0.46634968143155303
0.6319814709526895
-0.9549775682850078
-0.10041109934473763
-0.23709326354007562
-0.1610418918133843
0.5484314845998837
0.4893029054817349
-0.47612058437066185
0.6976029765399445
-0.16971420731788375
0.4853498338069915
0.6207185758162788
-0.4741244101766862
-0.6727736645994261
0.17983413606649085
0.16475702409588874
0.3737269112876238
-0.5489746861822437
0.5631310315355067
0.4259021238033245
0.6156441112270552
-0.36095573912439094
0.6002710040524737
-0.5870573014732602
-0.6732409530980196
0.8376937431497125
-0.9708079628305641
-0.6893985049312475
-0.1705713246832406
0.27945252396659415
-0.3016065276570073
0.2865850824741051
0.14994616335821392
-0.43814989278262534
0.9248964353891178
-0.6353210362747745
-0.11099070087613175
-0.346511490555298
0.7650579714430843
-0.23715748340682247
0.9743180557504351
0.5216838723194309
0.17966918866735623
0.8758612388915397
0.19695929557821049
-0.6304008115499388
0.2951974139146779
-0.6225057940486542
0.7507836136814208
-0.013070461931062675
0.9461760582387714
0.7384245739330962
0.23706602442275035
0.9834102441776834
-0.257322922453671
0.31728228798590974
0.5872708852299432
0.9619870597165342
-0.6571382651776593
0.21517702718278425
-0.06753475674950962
0.3528247151883392
-0.3248518035953922
-0.2605160755783877
-0.9903039936823772
-0.18645700888084793
0.95263073935884
-0.8475394467165689
0.5671999708990404
-0.42893610705704377
-0.9934314919670991
0.48807457153305506
0.7583723953451406
-0.8360092529521923
0.04112574276108524
0.9344755722588692
0.30055478743874275
-0.9520700900872785
-0.7001960989792373
0.9395718619834098
-0.9538179967418543
-0.714102379699595
-0.2017087075305162
0.6085067546608737
0.5249304006888004
-0.7502785898603003
-0.555482576325803
0.0491030986735435
0.5773664264703033
0.4214954089960549
-0.12081101363507521
0.46751938279236904
0.07042025601206661
0.523983269030548
-0.8255215019055804
0.48127328957604837
-0.4071266056774868
0.5536761701961277
-0.30147044972808384
-0.2202082354671135
-0.32155886943151724
0.18152478289142204
1
0.68469323235189
-0.046813120828564876
0.7711903269456595
0.3640402065233991
-0.7226509715007785
-0.49911474257139743
-0.9577042767917043
0.12759682383041807
-0.02926460438008127
-0.40756867351560944
-0.7758519750672397
-0.49133155175411064
0.6425463633802043
0.8253267199359868
0.3730750262989931
0.7309431664000978
-0.5393311438314773
0.6671503343971219
-0.8366422909543816
0.8973238421816363
0.5388968971611576
0.6706656397548796
-0.5783869610639073
-0.32882309100482715
0.5784174339197916
0.4280446604175337
-0.022931942677536
-0.32704623208969685
-0.7070636035326076
-0.6415920593465259
-0.18881601400160283
-0.06908968044436235
0.7047402821607303
-0.321588077618506
-0.8264680949775919
-0.31145907930070443
0.11700772374471854
0.5700396306455376
-0.006153575622214538
-0.33068526995504693
0.3645331145669448
0.634840514424037
-0.34234283304441643
0.4005945835620889
0.880804516320664
0.590481628936709
0.8592827201919632
-0.26500119898583496
-0.5527083399444643
-0.8797354623394075
0.8459601091914108
0.46355485776203886
0.11467752409277061
-0.0846642180168584
0.7708739969874201
0.23206439469890913
0.14337585497942615
-0.5182675619061652
-0.11033282363240957
-0.519325354897024
0.5402875461731393
-0.7057164191956002
0.8702745439840214
0.5048309763523159
-0.9610578034721906
0.01760899676455682
0.9803472473245972
-0.5030752192460323
-0.6806937177092317
-0.45715701790415986
0.7397503442003809
0.15040888053945434
-0.9955755509897225
-0.26112106803570523
-0.293926116846318
0.7681907543000569
-0.997082417362881
-0.9222096673048419
-0.0768976529851673
-0.3123207054179538
-0.009497456124680309
0.18570462738273824
-0.7278903302574652
-0.36773789659438877
0.41426549141894936
-0.240195357247676
0.8898441966725973
0.8938677027602274
-0.8958621891187712
-0.6289310652031121
0.6923583592576737
-0.34224095926083903
0.9024817105950009
0.3626688166943825
0.609512965271342
-0.995431932322471
-0.652020739244679
-0.6994950596953647
0.8696933040732984
-0.9946584458804166
0.530930079170118
0.24055032790190314
-0.757555421798439
0.7955181836479277
0.7008315517350694
-0.31764997984542453
-0.2930974377883264
-0.9079885551890903
0.5171343234273559
-0.2042746998541337
0.8001121213659264
-0.41037977055190045
-0.7198383409703527
-0.11082710266970106
0.015063244877635894
-0.02661365527429614
-0.8660838796155769
0.9270345498866621
-0.17958782540597204
-0.16124218948701716
-0.16425018320585708
0.4865976686638482
0.7522545072043935
0.5117698399365869
0.996697402984715
0.13130099551106433
-0.8275853103747932
0.6492653505046438
-0.6508185644666753
0.5625147232695369
-0.846117132185521
0.4010082466147772
-0.032883438598816525
-0.6926981877839704
-0.1829802330407363
0.5427691046557954
-0.35328562455584844
-0.7870462852436203
-0.024049786185545305
-0.30364765792890375
0.9371874718967745
-0.21459408762582113
-0.38187438863723855
0.20443088602414183
0.5179539292000498
0.9710803786328703
-0.1268447310574192
-0.25699663772809556
-0.14348547182426394
-1
0.38677222740646866
0.25381122514352683
-0.882616294869857
0.9548136619464452
-0.309206666242422
-0.6132594318589043
-0.30888388839474396
0.10884599012798796
0.7861865450025963
0.9153493371675686
0.2032045404518902
-0.26613632124538633
0.5224772756492108
0.7326567318113859
0.9768026242694552
-0.09585540159368461
0.7493670028071947
-0.7738508690684347
0.7760152083095598
0.9267721794532228
0.8333240370429286
0.8951744109127422
-0.7962904939209243
-0.15387355792675356
-0.03290838211813651
0.41294149973041855
0.4340763560922918
-0.3741155677802753
0.8206538138462732
-0.3350277716159059
0.4462755767087092
0.3355041913129463
0.47478100284145597
0.17302409751894166
-0.7949579594492762
-0.88827690804652
-0.1483706719535841
-0.1993016989825749
0.7239109825069429
0.00637258789897819
-0.10573745596985344
0.555883546477103
-0.030682651129187576
0.7040478207093119
0.4109527854178212
-0.008870231131999402
-0.5979665614574372
-0.3531367656190984
-0.48775820654763785
0.2857016982428266
0.018861424477955586
-0.2978091260646687
0.06288206379234879
-0.577952738441305
-0.5014630151560244
0.6172566571166686
0.08629110393214341
0.8625611492148525
0.6695001340265172
0.7409117533458416
-0.25736976533484673
0.0720134950465375
-0.8147261018914435
0.29339979695291973
0.8360222642988097
-0.14462790210670273
-0.11865392344696721
0.8602590963307313
-0.7677644989384208
0.9402250926631404
-0.07209182709062732
0.07480787826979031
-0.37172574790942525
0.3188261624918682
0.31344465014091827
0.16247200234636341
0.1448687812171711
0.7446888775004624
-0.6578142626535853
0.8513276786128753
-0.2449616371543609
0.7436216882456933
0.575189429584011
-0.44091822813291115
0.7639165724825705
-0.46326539995289384
-0.9306512200245275
-0.0019872704716355823
0.6569707641231121
-0.9621584583732005
-0.6458845596929226
0.0558618011221079
-0.8254212165117463
0.16634059284227942
-0.03849007987074979
-0.9874427525791526
-0.4766566309994579
-0.6440722628731959
0.6104304638089534
-0.3047895705066243
-0.875519689473407
0.29748254484258124
0.48975957615493043
-0.13672473018048178
0.7375100204449768
-0.07954633593573936
0.7533371121938814
-0.5338565991234441
0.379326206155641
0.8117897792405503
-0.27100807724759446
-0.9683479418970241
-0.1940574916336085
-0.6300783068749204
0.7861367590818175
0.8645925663055004
-0.6548269052112335
0.5926212240637195
-0.1539413475308824
0.8867195106262056
-0.09698663611654697
-0.37723851967724503
-0.9874659507960089
-0.4974803001914107
0.22573261597188793
0.040700949889801816
0.594381370453612
0.7017491983077504
-0.07096288060687493
0.3243782517138933
-0.46374756430495945
0.09676931662148734
0.009016466957818884
-0.7448205804098916
-0.3767339389999263
0.8878868116028437
-0.854450285604022
0.8428656488511639
0.27738578959030985
0.3672339607319573
-0.5554968952106779
-0.12203575036903391
0.23773315875559384
-0.6835488143614276
0.5822035220589562
0.5789409736343868
0.9403427314577635
0.03736009288251435
-0.25308829481344786
0.6793632754326581
0.31749082074165696
-0.9096255307949989
0.4415773879636773
-0.6394064537312294
-0.31366953509480217
-0.7159692947567832
-0.816392966092841
-0.9187425099476706
0.9064851434222737
-0.6706952379850496
-0.8111341613514401
-0.4298719632837879
-0.2686255167215805
0.5303134144223826
0.326550888191891
-0.621167944344031
-0.28051002002729336
0.70139940259554
0.9435846189873124
0.6815898169630661
-0.024355333502228516
-0.8608519534801227
0.36237602321073176
-0.390550077599317
-0.6523498123932706
-0.022963536819738218
-0.549966935688958
-0.2003769219067807
-0.7939949741544574
0.46961841359003137
0.3712178662351957
-0.05329172142829024
0.7611149062045897
-0.9348905616563848
0.5671745124701582
-0.520076381331667
0.32743821662168165
0.5107053483287578
0.25955319066806015
-0.3708078785241412
0.31097753493623065
-0.12599863160707536
-0.8874790442113965
-0.5256652322339416
1
-0.11014581987133468
-0.99569927561641
-0.5900495463846999
-0.948773930818076
-0.2347115010823302
-0.3132382449456515
-0.8238640395404511
0.5123051975331306
-0.8724841938457097
0.4337635696923418
-0.3481585113598508
-0.7367941458692204
0.8901663714899234
-0.36201586272527225
-0.24426332838171155
0.46623071604538713
-0.8616770056119523
0.4800403964315251
0.30032326112253477
-0.02951116684336785
0.3626822311761509
-0.08887605088824022
0.5746229366602749
-0.9736840113763232
0.46710690003782707
0.012841906388534342
0.1546170165737005
-0.10377508827911915
-0.07803481073803901
-0.994866080022798
-0.9892050082726913
0.024553022918123887
0.03504313395827465
0.43886417243870357
0.9667885550308957
-0.5135916673115793
0.7841698709376291
0.42776729282322856
-0.09210031445449517
-0.7421797941851833
-0.5583803954947227
0.13077601552039456
-0.23226410023396177
-0.9568337324644441
0.8877962426477064
0.32354654261845894
0.7259982185927801
-0.9854691519067778
0.6547532068869168
-0.01805551825734603
-0.1910575748128892
-0.03164157119522179
0.5289781238822813
-0.22139357757123387
-0.24790889448175357
0.23141727052853095
0.853942636903945
0.458654319574607
0.40856034336995134
0.47366214802177353
-0.3812886487319954
0.2929330556480654
-0.3281211439900765
-0.3757761187017417
0.27710215150446155
0.9619166490574683
0.0015159934473486852
0.13286714858969545
0.4435641498459405
0.32958825843944495
0.3760032630518571
0.46482273311638667
-0.3503711070226537
-0.03576574720204358
-0.8829624635582292
0.11521441615724048
-0.730071163121547
0.7452890102953165
-0.6163171031488028
-0.4183089125225766
-0.6983848532858054
0.7375491669679969
-0.5893389779969831
-0.5973962538397919
0.22714505086247946
0.32002263437092626
-0.7226852702855981
-0.5926284770298987
-0.46561684580060686
0.4642089453749339
-0.4458553662089313
-0.1542241426055711
0.2648439662064997
0.240708463263711
-0.09135244120681035
-0.19338990544285806
-0.6822294712475306
-0.3647981541885921
0.2160153317734056
-0.27714495073715134
0.2772758275651016
0.053527893687396376
-0.08394840635994817
-0.3131693990164388
0.5170487291529856
0.04611717700965383
-0.052432440580856964
-0.9384925409812684
0.9458689440227638
-0.7903786910123873
-0.3223339362225056
-0.8398465351885296
-0.4515741047423041
-0.6922130498839835
-0.8379452178452059
-0.5025541418617605
-0.25614588476553324
-0.9252596661217847
-0.02523447122178804
-0.8033392816765013
-0.40179751562142024
0.09143819804715707
-0.6722123346722638
0.2256933446742191
-0.3979302078914479
0.8405742159680061
0.6672688046872576
0.6971653471406414
-0.9661922110981627
-0.6173929587096892
-0.9904648566520782
0.8159130973432078
-0.38246079526022914
0.21400224271787935
0.8568916097348545
-0.6975227727668565
-0.7523571785926036
0.3927235776225208
0.8702441648017473
0.11697160067935643
-0.19834919103170334
0.30583181327387476
0.02496841958269061
0.15978039967584412
-0.7802496948335651
0.18169948886348386
-0.8600437102638896
-0.8503822956811826
0.09680260379198617
0.9095325952843798
0.6098221827387574
0.08911852672032507
0.8600052866050355
0.16455101879607412
-0.37342248784636206
0.4469883014632544
-0.2504605183769028
-0.16933049204765185
-0.4981520018711839
0.45842578340484336
-0.7917240223181903
-0.4075769274655213
0.4508663382198707
0.4711748063584421
-0.6684793949584164
0.8891619647809561
-0.7055367796273007
-0.38593428200262214
-0.12842821704217158
0.33916542583246523
0.028055042740342172
0.4641021036277307
0.4002699066501902
0.874212780432208
0.45415858932790343
0.7923049865389021
-0.650004727327353
-0.39714733917107614
-0.15175870459454055
0.9291206937552964
-0.6563687783004756
-0.7441418556967793
-0.6701292347062324
-0.06399392126057081
0.7002221838771117
-0.5426770605287831
-0.1750559082152005
-0.7019600729998173
-0.8910781764972705
-0.14411378346111717
-0.5802314454676877
-0.35385044966621376
0.27921124082048215
0.8756373491949687
0.9494989528333484
0.23807452411560798
0.39561565958392486
0.9149720389589755
-0.08526215989828556
0.6038681219015489
-0.667805823376341
0.22109363795540268
-0.047924888112561806
-0.0844746160841656
-0.967687239497142
-0.8706241098355233
-0.09429932311167287
0.36513908641463794
0.22738230212824892
1
0.9147144205705241
-0.7458406470441925
-0.975003417337421
-0.04355130704727552
0.13606805429861688
-0.829385657433428
0.7176714196233273
-0.7620155240394589
0.6058746519633124
-0.36001973068655074
-0.27943862208386705
0.3161490917321822
0.792545223996011
0.7659902055971528
-0.37261798660273593
-0.05215219504610768
0.22933233673482306
0.16966017452054669
0.5894450954204004
0.11122286683396317
0.9138588531147749
0.7833150673184718
0.12281902454191836
0.40045546590332864
0.20193515695077477
0.6650979547665045
0.7285471580585318
-0.7266030076040937
-0.5975129789515631
0.17861273613138948
-0.9595980274767981
0.7029913737708774
0.8237657622788302
0.012873264834082413
0.6181274284823034
-0.15096010359441636
0.46075055539820503
0.2974726452696862
-0.5143523556570412
-0.49461298710298124
-0.19421950744226557
0.11270058421795287
0.7665879890190563
-0.6527265125806974
0.6047013687684436
0.05058779032819896
-0.9322452961986184
0.05937547467419282
-0.6697705603136946
-0.1507228005491132
0.7984148470301414
-0.32336350552443077
-0.21561527016993193
-0.31622981230728753
0.2626804062587533
-0.9744065696149664
0.6576851685504795
-0.032627204953112776
-0.13851800840970652
-0.15066111619525574
0.13134565084323585
0.3582855014606199
0.5478182750086835
0.6325988527316843
-0.24475146766960842
-0.03261142540823346
-0.8102881768086743
-0.43684328172681197
-0.27242520659547864
0.5083255717987305
-0.7432353041784867
-0.38680053017404725
0.5011239184780867
0.1475659510791161
0.029812861150440014
-0.8562013758362643
0.3376779156966323
-0.42374203046656905
-0.6269727874427323
-0.7453121337022491
0.322549015781932
-0.29782274533318087
0.5043166518442863
0.05457224928923924
-0.6062099765385895
-0.6860634883938747
-0.3736292173894277
-0.3850364678051471
-0.19945436505817118
0.3626032286026261
-0.8053494831444618
-0.45553882829133424
-0.5654942203888923
-0.003916932653391898
0.11917908353298551
0.4418169420844224
-0.7074740237550798
-0.0914884094848506
0.20234522919601838
0.3868897115761531
0.9769082798786889
-0.5884634890169272
0.851857459710806
-0.4940321234321242
1
0.7101152220906559
0.7944918383683955
-0.9511989420553724
-0.1837422156241664
-0.9026518582582584
0.4396918404746095
-0.17331538190382487
0.9121696059321495
0.7605303431395046
-0.7296393485268048
-0.25689895364134474
-0.16426102712219967
-0.8444493068246052
-0.6107934776956253
-0.34921593986841837
-0.12399483810860518
-0.3509553178640384
-0.5924741304710629
0.44957237329680116
0.5391238990414627
-0.3926839678371606
0.9233847070782284
-0.05692582186469534
-0.6155024754308807
-0.008747752876277088
-0.4291473601594217
-0.8399718359521462
-0.43153734279184985
0.06150183425084879
-0.6559105629803422
-0.35100995089446047
0.969656354062862
-0.39464390758944856
0.5084923745759067
-0.9315615183929659
-0.6855965661894827
0.12305651034649537
-0.5910097671616793
-0.0019276670122044563
0.5908779079570414
-0.28399993354850395
0.3588942743101206
-0.581455479244823
0.845774440119159
0.1757573096192956
-0.390577057861545
-0.3141858277392994
0.2557262569890445
-0.8428321823382858
-0.5167830633467425
-0.8372367186644896
0.8849196800075636
-0.21696993894289382
-0.20754387171083105
-0.6018184392394074
0.6992263493986105
0.6676444380702686
0.6620242794255884
0.7071928257068232
0.9169309034567277
0.3268235501826089
-0.7182659818944003
-0.652960902576734
-0.5220492036633699
-0.4883703909527766
0.14467619399681853
-0.05824558967807468
0.26328740505137016
-0.6088281540490595
0.95710300982634
0.7673105977306279
-0.9850787078287971
-0.34586488172698154
0.8695909131246303
-0.040914684178265194
0.9322346152211898
-0.27288251765832017
0.8307685705138762
-0.5110337490595035
-0.1136895099077062
0.19966129643917233
0.154868954124303
-0.2708098422925439
0.7467206094689766
-0.2991333336825092
0.7312545993255497
-0.7845848622953964
0.33786823119859327
0.6934351772043648
-0.8249555108617201
0.8660378216783259
0.06348602609138981
0.7599453344080368
-0.017642453658259817
0.6307848975613509
0.4507353658042289
-0.4759547517500463
-0.9563869307728179
0.35650595860966794
-0.611846540902633
-0.088666587880292
0.29876304837462847
-0.5180424266582568
0.07869644915324549
0.6407213338302938
-0.22480365168959432
0.8041827638961949
-0.46898867910892134
0.6111617865488368
0.4227672576530761
0.2655974429990012
-0.8715559408005722
0.8150335865956563
-0.8443577118753274
-0.5381633638778348
0.846924759076556
0.05732364408146595
0.2473664775594548
0.9821481417924742
0.08157977363198851
-0.3426164473092519
-0.43638281557268516
0.33343399092390447
-0.12689117260862304
0.2970251648928249
-0.5709963180471748
0.7021080881890699
0.8713560105954545
-0.2081616420801004
-0.22543786027562646
0.11841346402279421
0.8627803845196383
-0.49901184442311863
0.6970422796804298
-0.896305416778795
-0.19810758158093977
-0.8975448833744678
0.579185772224516
0.144418030602315
-0.8186217901216365
0.5810705540678653
0.25603091555953716
-0.699823677096194
0.8751090275665686
-0.4812487016233994
0.5093209631201825
-0.135093938554539
-0.5933233801534388
0.380676714478413
0.5630439486808713
-0.8762332311402501
-0.10097801996344777
0.9644702208902367
0.24291027594697728
0.09941030422553952
-0.10512012992571086
0.7789920469109055
0.9828417157111843
-0.5101712499938845
0.18259169445117757
-0.6901170118053976
0.4983478795721713
-0.2735901713285704
-0.3183159466386884
-0.969389193814896
0.9668384943037021
-0.49089612272197874
0.4205122075261742
-0.4575432660232652
-0.505248582782825
0.6761394742941434
-0.9926329003855382
0.016957396836941366
-0.2030619303755926
0.3782808003114946
0.31632621446085046
0.10684045746699292
-0.7979618334378002
0.5365039106412492
0.47410171742342694
0.8347420572964538
-0.5109102009149427
0.06644547735564146
0.8660618272016362
-0.5250783655775816
0.5603506450239478
-0.4848357175237172
-0.782066872931697
-0.9954008613396363
-0.37120691532324157
-0.8784895803430898
-0.10358845086507194
0.272949680621379
-0.6356958927670125
0.7134040661875477
0.6335052163038998
0.3761857840919548
0.16560304100467982
0.922765314989392
0.8097231360448964
0.13265809333804948
0.23230525125585047
0.7971249621737377
-0.6948386108014121
0.611468121052619
-0.4670274944780529
0.9161306739218117
0.9978221080282859
0.7909961799979339
-0.8010802155268305
-0.9501555923774979
-0.8495286434398349
-0.968374363352021
0.4210819189851106
0.8792712267894679
-0.6850961313668015
-0.32263400745069426
-0.33282274780638543
0.921982787708554
-0.7362282359000318
-0.059385145350561254
0.9757668509140863
-0.8408571495998545
-0.47253634276488354
-0.24203817506748407
0.15554002328366845
-0.9525730722076874
-0.33017396500225904
-0.5879461759943282
0.408437774398956
-0.1544406209644197
-0.16544260691019383
0.8154059846961134
-0.6795365285446284
-0.059021445421174594
-0.16554828087082446
-0.019879016609506063
0.22498839351982405
-0.33721775545488236
0.7483592357234539
-0.7220732338318245
-0.34044677526788086
0.012148633057428731
0.882522421592521
0.5552779287982832
-0.7178102426502272
-0.33675242727892374
-0.7020343856621459
0.8364338473439313
0.4546912572746292
-0.9461158781657621
-0.8436561316624569
-0.5036427132947477
-0.7014493456146147
-0.5470142420684592
0.20002974116553743
0.17294010466246298
0.5657785471417539
0.5842819565268225
0.8064411920738319
-0.2942456891355875
0.6275441536284266
0.6341387175221282
-0.8095810987144271
0.21665713960366798
0.34198915453882256
-0.7060677544990659
0.9621842750166901
0.027802952131738667
0.23990864915966498
0.5100905455479118
-0.8952224829958882
-0.8490802038749372
0.023563936337049705
0.2550993206379206
-0.3160615002448099
-0.4616294527697339
-0.1074247783930248
0.9323939114153381
0.42745334304466914
0.3098005139849705
-0.4272069762054845
0.806868051567081
0.2613136789668474
0.013745137031834664
-0.43638798660964306
0.27257895149779654
0.173470941773166
-0.770816609056217
0.38325906309675195
-0.330793318602667
-0.2460738689543884
-0.5919124787477145
-0.3222391868308898
-0.23317617343914604
0.3340049782726286
-0.11949070302155947
-0.6847325364096694
-0.5284990565542257
-0.03749416395858139
0.46559041675767476
-0.8910969553591083
0.6606322996627738
0.26082742259155645
0.6062000592207893
0.7158257808657815
0.4905255494621514
-0.338315297706004
-0.5627308330643945
-0.5082857639871239
0.8104291772533749
-0.5975821530944913
0.6074782087727199
0.36764429816043065
-0.6745267626337061
-0.08027964567639412
0.8452226490745572
0.012084219789007259
-0.20356309049639085
0.8200073691265587
0.7211255199820359
0.8836484449754011
-0.05229925262851162
-0.4561829633767129
-0.5381434230219783
-0.7269680106206696
-0.3369650502395212
0.23833946161605712
0.36951888293916973
-0.7579003490078032
-0.2328007136184942
-0.1117116893272789
-0.29462331868389213
-0.7177949462107471
-0.9170210423663898
0.37824961017783026
0.33593971393235367
0.04484391506035531
-0.38591159257085844
0.23654457106743834
-0.9485353907998665
0.9548712763168206
-0.901368698179954
-0.6216076262139323
-0.5680903224489381
-0.484845636965904
-0.04548090248257506
0.708513624164351
0.14332751618379386
-0.5614927003738568
-0.8286120125860738
0.05477904239947378
-0.3735576178307037
-0.983653626089665
0.09008883652636919
-0.8223632328936555
0.6671916147124242
-0.1541965509171657
-0.6998787689402216
-0.4025050560524877
-0.849348509259713
-0.9914505463958632
0.44177968480443547
0.633364258319156
-0.2343880775012611
-0.33496178304993385
-0.07112405402115676
0.2591487089590888
-0.16610837552784505
0.33397105324210946
0.9261300261904506
0.33357905671985705
-0.2311679007038515
0.8383551609919567
-0.5492317359022605
-0.7802219235997045
-0.18847930502160865
-0.530186130334714
-0.5060367116215048
-0.9088921830756321
0.1747013992875705
-0.15299844601228732
0.09738540858043081
0.7163084044420311
-0.5921782188373502
-0.08984270031033167
0.6929016053671054
-0.14214961829647638
-0.446581058909877
-0.7892398593071827
0.6310155936041695
-0.8250349432779748
-0.5709299121299014
0.38342469848302885
-0.4223526795689236
-0.9691286348529656
-0.6183622662571575
0.12693377715711748
0.6125538645834594
-0.6589681073521767
-0.5257025378810202
0.9852579981042612
0.697713580629135
0.6724447936868057
0.896436734385895
-0.8555686278728375
0.27117081804696525
-0.6769808540272629
-0.5705616811654224
-0.5731406734296498
0.48272902083479796
-0.6505445194559909
-0.044098680784484486
-0.5126285134849964
0.018644641493335806
0.9920792422663584
-0.42962700304945683
0.4138607181770706
-0.6938846425164246
0.5737476152025323
0.6947466468006991
-0.9195206558168603
0.5606557021736581
-0.8057225291497794
0.6967592425115114
-0.13064910599858473
0.7490205207690693
-0.2613504536392153
-0.0868039234841048
0.43109549434801636
0.8328321151984
-0.9508490530942217
0.9260124747863334
-0.3956237160659181
0.9749308724095083
-0.5350013815459105
-0.48309045116937527
-0.6630706569285475
0.8981520474424719
0.40332880873888716
0.6901098523089941
-0.7583386622740201
0.21328867746067226
0.7676367740022411
-0.704921180965262
0.5163360921442511
0.11959845412310258
0.5249253899633223
-0.30195895966641983
-0.29488794987563854
-0.6946459491029001
-0.37732472373733644
0.2922352752021088
-0.10084600288933665
0.604487978702769
0.10296640936479606
-0.39683912398063503
0.9356418171075529
0.49299145975395986
0.39249964507402624
-0.015001779242972644
-0.17862771499506844
-0.44598591007311683
-0.5367499893706497
0.3933868698630994
0.689767114608878
0.9528245534266353
1
0.7387744529055694
-0.9242126718457596
0.4592379841312793
0.46986424276373534
0.7853049088484759
0.5022178454755095
-0.3712159625825349
0.5965537079823182
0.9862069073344727
-0.6639570441472562
-0.42881921790559635
0.6441038471334458
0.10272467774679789
-0.7725161599350495
-0.862931701411532
0.6798373967027012
-0.2761157107143939
0.4019771216123698
-0.10828428097089181
0.7883692478295236
0.6935003817561107
-0.02747062162648311
-0.07237888536726425
0.9568062653996746
0.2260286443384545
0.8643284787008506
-0.5497011284086766
-0.37859408945204837
0.4519167766749984
-0.6294120340700761
-0.42502144252937224
0.2361863214403999
0.7998415946312872
-0.6972389203379143
-0.5241363191157664
0.10093338626094946
-0.6989490401745948
-0.14155950432936476
-0.6109430319618067
0.8283829228179688
-0.14831392829042142
-0.9975847792940865
0.23630542118815925
0.5043229257611166
0.37650958219313885
-0.005057914582976261
0.8294955180668864
0.7188681367257421
-0.37232223828043126
0.5974433363988028
0.9579681737109682
-0.04179211108241
0.7922778848813002
0.13977733348783608
1
-0.7460675314088591
-0.9244338106877623
-0.3006245278504812
-0.6707656224606697
0.09097244308666186
0.3028812656086512
-0.9898906420187029
0.1754411735280989
-0.47453661488212173
-0.6551512017218513
0.7923150244771476
0.5191837241581367
-0.7219414496309734
0.48211475093778183
0.8862417222626018
-0.47501557230749814
0.25603264328194614
0.56417869789059
0.4848605336602102
-0.5309560635902323
0.17902015360545984
-0.7498884107253927
-0.39872275472257246
-0.5783281147627076
-0.8633305880909298
0.4841770387639511
-0.4510824254730397
-0.7969120140349011
-0.17587817306454373
-0.7903405599664417
-0.1601196675864948
-0.04080500710912315
-0.013518740385464974
0.5146693182281351
-0.921704557429168
0.34455803693903697
0.29587809249592406
-0.10579825764327673
-0.3981742451036416
-0.7476184546521276
0.42078873440398556
0.6550159063433459
0.009147911687558179
0.6360264113649052
-0.879404775779261
0.4143263028805504
0.9180175213370017
-0.47607134695942566
0.5962244673375983
0.3811873003178221
-0.20881653405928716
-0.6942686424927597
0.23896133591385155
-0.2401455252879271
-0.9703551528549892
-0.6232904289459013
-0.2888631890735201
0.7948273598077127
0.27518856398565006
0.8950618469983254
-0.2978336582568323
0.23498520490300287
-0.6607248531156441
-0.4300048789250963
-0.45069679951479785
0.9441093957324348
0.7053491361934807
-0.3265596357730915
0.6285099104225021
0.9759813994158608
-0.8505833931680147
0.37615135283704276
0.028093091041233594
-0.9356303824143829
-0.6299905346825606
0.7430352480511235
0.5984845846313546
-0.4033944961630345
0.3695944800814535
-0.2501924577499332
0.9684663259873283
-0.0964624912210159
-0.5736340457995851
-0.20726935403012578
0.9932301227247895
0.42841259687877925
-0.3661039284808172
-0.2868823317936408
-0.9307619263515347
-0.11097788203020026
0.6875394087308367
0.8138880558523275
0.18658190448611953
-0.5449928547274312
0.26188029582527794
-0.3215328028013576
0.8691845957643438
-0.09962265010704371
0.05556669507401694
0.5002444855679035
-0.9130859232980784
-0.137540594781392
-0.2930146157734091
0.7657191334748862
-0.6130623189778883
0.07167876705283084
-0.6649931289767551
-0.9166872484304954
0.43851843524791523
-0.410655095482201
0.19972441562429066
-0.033370811720382074
0.2085575119180505
-0.4172876612493909
-0.2875896564513122
0.7503743176720038
-0.16685119124496856
0.9376005488542978
-0.533325876470334
0.761134833308667
-0.28344170182493217
-0.19438719534698418
0.6851600567351643
-0.04610127830228473
0.47918414614708077
-0.7122964374487486
0.6943465491579265
-0.909323231890553
-0.11808758105496216
-0.706324293050023
0.13005291589666035
-0.18583867494005324
0.741630559616029
0.364991994612353
-0.5381558552772046
-0.28648352123372955
0.5354645426427871
-0.06400851581802636
-0.3491115928852315
-0.7791386170284518
-0.38691495871840226
-0.5176737473653247
0.2032946938312927
-0.42699403307476513
0.6144649028806765
-0.5041108433805438
-0.7616992211965695
-0.31639814733686145
0.48947323514281255
-0.8155248314490138
-0.612693822235094
0.9400474456599803
-0.7929978957463975
0.025297997660944614
-0.7387441941185636
0.7675139321934304
-0.16010128405098736
0.3086537086579006
-0.6697998745198622
-0.08037429329817825
-0.7771292524400303
-0.8532431544912586
0.6225984405736013
-0.5055671492678375
0.034196533320131936
0.061869862089223966
0.2884780396864927
0.2021927676805588
0.2975062607061026
-0.511295160356609
-0.7072778537389223
0.6539003118045965
-0.12856983571878922
-0.7887468439548901
-0.002886278599428276
0.05321412504571082
0.5802840211154685
0.3361598497478394
0.3518213247390455
0.9889462362618874
0.3642706008084093
0.4699323770422781
0.29391218520604967
0.8518512563169814
0.6831873202135992
-0.28456895332649323
-0.615591596372284
-0.25055256305699236
0.5745542537811509
-0.522779252463275
-0.6273343333988493
-0.6059076162030025
-0.3014515986468769
-0.8492968253434043
0.13783861702149544
-0.5736670972952245
0.6034564824892134
-0.7795365539165715
0.9210970548278858
-0.6677405951470181
-0.8001935389337845
-0.3456145367234812
0.38882721156127004
0.5952149694502331
0.18922822061094335
0.5784045805159239
-0.7812271611933269
0.36292327526802926
-0.6492360340824228
-0.9156581618170012
-0.5078454152336137
0.48353297357865477
-0.7469473766171708
-0.8061242253136952
-0.2147483504784443
-0.604166604630689
0.9375049606245129
0.8692469505426562
0.054265705591434524
-0.6276631672455691
0.9416829128392071
-0.8791108007330742
-0.4663010106812776
0.3289096071182809
-0.9563495426449711
0.9807230173890235
0.6597104658184273
-0.3589707324790553
0.18801519429271213
-0.6495875330983574
-0.24546640574587897
-0.6741092396924135
-0.1270007962393639
-0.9586597844149588
-0.08803011380804808
-0.916328956895755
0.9663029559237954
0.8124848840251082
-0.33945371396823887
-0.9317881636716937
-0.07114778111482085
-0.7835099223727954
-0.1876192111838781
0.25001443945938107
-0.23607459222083962
0.24882019463859184
0.15571913543592697
0.525214053348209
-0.9388310513178597
-0.9646098422410833
0.5432479995847738
-0.2557088593542327
-0.25378940000626304
-0.046251724109438744
-0.16530822400403772
-0.07162796878484187
-0.19700122808296755
-0.18220662584282885
-0.7441109297281862
0.9436589210957432
0.8576716629086593
0.9225998635655134
-0.7880878632699635
0.3720295750946986
0.1901293260806552
0.7886605185208206
0.04239677006943138
0.35942495064536073
-0.24628199061537623
-0.42197586274399274
-0.9982607182626919
0.6358051507508561
0.2541810499666233
-0.6284882517565691
0.8786690443625319
-0.919268294563569
0.3631718027150538
0.5393381631833365
-0.7673140946764861
0.08112532726220664
-0.11057759629868341
-0.6667825001619166
-0.5348160788554095
-0.6091671252026087
0.7716488731688257
0.9613992912269337
0.588175798168482
-0.10384266507222636
0.37474778724851615
-0.37559097531441804
-0.8025143678053216
-0.25084459568636996
0.6445872664343555
0.27558221166773555
0.5964071507242086
0.6417046961885213
-0.3525953665455773
-0.157170300447715
0.4170673673337918
-0.16403030346611183
-0.14123283214502
0.19119919970326466
0.5831853250325787
-0.10237913574539573
-0.6496119479867483
0.7817861040308878
-0.10114947773849585
0.37781177974925656
-0.8594248069001782
-0.5907204393513126
0.21568533543579302
-0.6586757776323368
0.6832771943878452
0.07396903398277443
0.236010151714722
-0.9775005243486226
0.46612141053644013
0.7972855303987397
0.1282245451966566
-0.32951129690230513
-0.7724249743967861
-0.34241184520294277
-0.8600491595414415
0.983604340020405
0.21839290044427725
0.6289806081773498
0.17291837033367108
-0.14176891539086967
0.06469473362830912
-0.4863430954529508
0.2840978175722546
-0.8200436555651622
0.3950224750192205
0.4803102610107061
0.8702277998083453
-0.05444260252100674
0.1442073992742871
-0.12758942325049621
-0.8988782302228807
-0.02870921680849143
-0.5820155610223887
0.3492025697594739
-0.7573986752495023
-0.6197450169743475
-0.23591987289942618
-0.7278589378648852
-0.825759269840597
-0.05745981373888881
0.4576779716077272
-0.27177880789057474
-0.8401252441775666
-0.7885234729392125
0.3182763127682433
0.8382716151709163
-0.18974629455634812
-0.6497004187913432
0.7687995816831937
-0.6722263953730345
0.00830478076059231
0.4753725243051981
0.315112428200503
0.5797374536489119
0.9855583921346063
-0.14406163908262207
-0.4240986936374123
0.18586759254507199
-0.26063750360140137
-0.3063615125744295
-0.9537161321241285
0.3761066837149695
0.9018276144845147
0.18097573169079526
-0.4948166369707604
0.6991193579786843
0.09349329287600115
-0.5242926564433928
0.7877378090618711
-0.7251812876958599
-0.14934048239925976
-0.13963766176602022
0.2028027512789729
0.461437685473745
0.6204573827185691
0.1177382677557576
0.40486683408240226
0.6154519979706756
-0.7870018688907954
-0.23438336983889316
-0.9331857178296457
-0.8585240038525092
0.16062312353681427
-0.1593188892212887
0.8673525782761677
0.16495035793532797
-0.8068716169039919
0.38404548216031453
0.7189429631934745
-0.2315427992093766
-0.6937284474831296
0.8295808717726597
0.1341718685851385
-0.6678590125705629
-0.9301161989613429
0.43685147863161894
-0.38271663540308226
-0.4315576253348301
-0.15151775661814218
0.774236854096825
0.47069389723402444
-0.6275393607477536
0.5978962069792852
-0.41515627676212286
-0.4646893690881375
-0.3465224031118922
0.8814436695464357
0.9276941970680834
0.367677099541584
-0.8437291170155008
0.9505742586344486
0.30954505668302235
0.3024411464333477
0.8211287523843929
-0.932303458395059
0.9864337300010807
-0.9042965563756801
0.5593763353030425
-0.03517676179523385
0.45080083938559656
-0.9534253683371371
-0.0807357798426835
0.11224185731344011
-0.9505567634568169
-0.592125378004575
-0.5427874873011356
-0.6965594462047613
0.34021930909405623
0.6672487978326438
-0.7597289168478473
0.8550801132812476
-0.17047646500726477
-0.3859969074572231
0.15370309324927173
-0.853189064372398
0.8661188300152431
0.5037046207993441
0.995147346179311
0.32155300680095883
0.8428457403003312
0.24278822161123811
-0.2249361428629722
-0.7597307435070051
0.6487550208376512
-0.8510401560483872
0.36868783902612196
0.46506923802155475
-0.7641979401008003
0.11344034715820164
-0.3018844295923976
0.8080334717154374
0.6330004243866184
-0.43611226845733286
0.6895356646725541
0.7169279323858211
-0.7989196262634886
0.4450821309312765
-0.4874993108568565
-0.12070165776120075
0.7358239049362975
-0.19138223928412218
0.034121287789559085
0.87470771832555
-0.2312818332971925
0.12798590942312613
0.752095310648875
-0.9853372633524835
0.6646588788884469
0.03969047753222836
-0.04558267110782123
0.828921193028081
0.7586056401064994
-0.7738566494210003
0.5599282892609425
-0.19531715688458756
0.056356906960478
0.22130170264880497
0.20353201738835933
-0.930125795349393
0.09304361090337435
0.9934232664888355
-0.08410806138675526
-0.5665402166746071
0.11742028788282714
0.6081830274222325
0.5514090862179187
-0.868304550879984
0.7920868185750076
-0.21060388646208922
0.44249603101719004
-0.01882709795004138
-0.9007121919513627
-0.5385391345409902
0.11460429344041538
0.6197710988703609
-0.3860606866946728
0.5094214499692872
0.26997926696453306
-0.2828487000825163
0.49645884975906474
0.7366876498578036
-0.181487496075605
0.7138469300770376
-0.6297338182799844
-0.029146330481076514
-0.61005978181274
-0.9681814622122135
-0.013344797591026617
0.7685723700951692
0.4803731168226781
-0.8847424321828975
-0.6162680639469935
-0.6207256761415879
0.356446411117021
0.546364415000939
0.45963616750815767
-0.7738674799314096
0.6636036294513361
-0.32415561650031516
0.9147000346488766
0.8983184258701172
0.7368034405631123
0.3760353058779024
-0.8640243618702984
-0.15236060820598865
-0.1126517806618937
0.8964831324735566
0.8186116137651867
0.15973878697928326
0.049171057317678464
0.5200053084131335
0.9667479315349397
-0.3844716068422582
-0.8547645277940686
0.19182919454224165
