0.6526926136397189
0.3577938887351795
0.3358828677950352
0.998281350239562
0.30512983942918337
-0.7365954357883523
-0.930891448419754
-0.2427681922862286
0.15106198539092505
0.2299124323893381
-0.7751156595063299
0.20908981266717835
-0.337403275919226
0.7548113796516338
0.4416482372341425
-0.9202617102512609
0.8053982930788066
-0.4843347892235806
0.616035196348578
0.17428682006924284
-0.6912554994237334
-0.30942612901069094
-0.41585638354289883
0.29514739588879774
0.47448863049653617
-0.2798861087956596
-0.21173989021429332
-0.47165902247846675
-0.5904427677892773
-0.27373081641043384
-0.15099940809577106
-0.7840223297791664
0.5827003315573334
0.32445577089483235
0.7019304621829431
-0.06380223522878446
0.2954326167267817
-0.10409885273819901
-0.7686125669281938
-0.3518489576595702
0.5948130429630084
0.22801983480466598
0.5935134662668445
-0.23267579671376346
0.1917849435655497
-0.0468331300408451
-0.1681802507346312
-0.06355253265080436
0.10805433684538875
0.7057974244034375
-0.28722403492642085
-0.8725967139875986
-0.6712264614753646
0.872396488221878
0.924461061730965
-0.20464380473219665
-0.7878741830432348
0.6282135156075541
0.852686438711472
0.24954913773326418
0.8607247510827669
0.5751391649642816
-0.052790299876353114
0.45693710485047356
-0.033152497126679996
-0.8653260522185146
-0.946612222564471
-0.8533169949631018
0.5717034962944293
-0.45301799037081397
-0.045004919786239474
0.7758123560002914
-0.44402548255563995
-0.1238451695592199
-0.06590209530097747
0.7782749941021774
0.23561382562658967
-0.35664400904899435
-0.5252298834226378
-0.3073299216124839
-0.4657076401105945
-0.07011088856451357
0.17956927268258668
-0.17210087631474744
0.8037787641625512
0.2376164120309439
0.8982653637082001
0.19312791749348945
-0.7348593615831017
-0.8338187171171453
0.5135963912721259
0.9460541859842525
-0.059186615942076276
-0.5780556621141019
-0.8759771127892679
0.5078629392142044
-0.2662179009042207
0.922404579741959
-0.6067428289040702
0.3410423770476123
0.7244555491561501
0.16757485591411844
0.06480867661756008
0.46177469916930286
-0.5094104093233637
0.46498385730869113
-0.4420186867939384
-0.6915881385140656
-0.9182366532554518
-0.3361666296118763
0.9296813608512523
0.37714935364059166
-0.7803941362041422
-0.7965209936121997
0.6369999403130238
-0.4452601024307038
0.4979831368520549
-0.5483124875607562
0.9236646830572275
-0.3432370857099348
0.39004372984457325
-0.24538772655215588
-0.6197770607334829
0.01799272760581727
0.7537210296603832
0.7895875512538678
-0.2633993834836085
0.4804454729214438
-0.8425036054135497
-0.5511037167720411
0.0549152395875974
-0.3010547619443903
-0.12291285816157226
0.07001201859534661
-0.4327089921256842
-0.24782843161506027
0.48078554741607565
0.7792497895958769
0.4054533878144646
-0.19100692086799836
-0.44229659712180214
-0.9531551199643163
-0.46294147874661373
-0.03458112381240012
0.8470812322501147
-0.907864954520376
-0.20155203004811426
0.6725080169618635
-0.5075651245457207
0.9504923709526104
-0.44230521741354883
-0.2635997266263387
0.7343718658641558
-0.771912516296605
-0.4354216694489981
-0.7038174494241876
0.9548093571787045
-0.5587385766860635
0.3711508642662975
-0.4272319319324206
0.026285154069684874
-0.4502018620595433
0.337635592418809
-0.09941584469860859
1
0.44137579211780326
0.03457199328707736
-0.44862552758673246
0.35293471935409676
0.09025470028190334
-0.1267783734269875
-0.3199702809377988
0.5651312023292537
0.039763159160753174
0.7079480551186685
0.5980118971260727
0.3986382034546395
-0.26761961317533833
0.5192539403086318
-0.8281034159012406
-0.3345146393248976
-0.3835384509862794
-0.5341176039891603
-0.41039437063307344
-0.9361720278958976
-0.4552076741313623
-0.5250187390236484
0.15198004967793338
0.8778446850121469
0.156967063096743
0.9168484278288197
-0.7328230221942412
-0.30379622093902237
-0.22466553070796902
0.16460815815889748
-0.15179774340561192
-0.6090731806372013
-0.17375268711686853
0.31179724893197874
0.0020954705674732527
-0.2523340628974952
-0.5178902211370088
0.1265448879906872
-0.8458982584450354
0.3735801777672228
-0.2571814148321752
0.05322828251054872
-0.5314018227635182
0.19923302272280322
0.30075409878216686
0.9060695484437489
0.6465852303956623
0.9281845361674061
-0.7867577310972528
-0.5900820925075052
-0.7524806985465179
-0.6642709458883044
-0.9674614849332421
-0.004244533236453251
-0.2644256474098659
-0.16041882709268523
-0.756127987354874
-0.854007436560423
-0.4532383083761133
0.4092284716566269
0.03445588773463859
0.681949302175543
-0.5222127610871107
0.6847252185627538
0.2997626548871805
-0.17887904779210678
0.06802875695387128
0.5280166758464696
0.30257960987390553
-0.22942390158186027
0.805286748601975
-0.9945377859775797
0.5277763837980033
-0.1964363115187604
0.27891369872023
0.17023693234505713
0.939538152229199
-0.8338509833094551
-0.46592983749677647
0.6541723779644427
0.27884014645950383
0.4159612845015343
0.4875300310190496
0.7349021159613028
0.34112533347319157
0.12956357157285422
0.3808415061549073
0.4750815512928443
-0.04120553895792274
0.37703442192521747
-0.05739510868696147
-0.24937415505981197
-0.1863583619754215
-0.06830704026735088
-0.6504189839880671
0.3589846704325773
-0.3489920549973876
-0.8991865087899823
0.7221656517347487
0.7970123099811435
0.08376636955703015
-0.2799461549356848
0.8759105327482386
-0.6587673470605934
-0.8128653487738748
0.31935954335975697
-0.17558489470917657
0.6283862006389836
-0.16818538337081368
0.8225206545246532
0.19444301099548156
-0.29343363911332054
-0.324980008342154
-0.7336364967497151
-0.13372141058449719
0.09036720657511255
0.6271994973866838
0.18772977539858343
-0.1876041718546688
0.04723224301957213
-0.5338574238897663
0.1800522673795117
-0.6191863223179808
0.34685566438682375
0.5757545713342384
-0.1856650849029276
-0.39401303317686953
0.26894844134858636
-0.4821517513113659
-0.08159493987399413
-0.05410074134032207
-0.3818074371873331
0.7320449815760037
-0.07423644950803132
-0.32245640161018824
0.4812515006871117
-0.8971283810586391
0.29781940001783735
-0.27072292388205516
0.06720629073183274
0.9130574244773036
0.7425419129626762
-0.2296173904912964
-0.9494774678032567
-0.07756054267639143
0.5979865672191648
0.6581574539766105
0.6154651823719379
-0.5720665879396438
-0.5514446011357969
-0.9541483646837454
-0.6250943243172121
0.12553448781520016
-0.1397800724534199
0.08059006268041405
0.08473895284038188
0.3460884762899854
-0.7783176083328405
-0.9681553827704815
-0.7768312267588895
-0.17262363124449093
0.12571834678542815
0.8759154202845508
-0.9749715435084094
-0.683444731712346
-0.04681240424521596
-0.346737188822682
0.2393677947963606
0.16557649112808845
-0.09863500667390841
-0.6890584544717014
-0.06726343818125909
0.5449030758558201
-0.7271789796308883
-0.14498376300415525
-0.16308553134007728
-0.34810410983599016
0.25293435229321143
-0.2032634629458818
0.09672845091662141
0.6346787756067178
-0.5890204374652498
0.47161525071371907
0.18707810082436802
0.9663179233862493
0.369625723875455
0.9133062521845804
-0.7323859193756497
0.927573300333067
0.6873506278360922
-0.47066725963649175
0.5135431219304286
0.10239499075963665
0.699592581561522
0.8327989052490687
-0.22511858704052765
-0.18591804531055517
-0.38530923718980836
0.6244710474886468
0.06850223459510787
-0.8478988361209987
-0.7965989982056103
0.4288696799395108
-0.0033376928263413957
-0.574373592181767
0.6692224142657124
0.7966660902672558
0.07484271780309441
-0.10726477353626498
0.6094264584044473
-0.39033898470000483
-0.8722574059847468
0.2625044906681718
-0.9372579727726308
0.927671506564355
0.32897483710289893
0.1018505668976056
-0.6189432783283428
-0.2715947398744058
0.8633800796153476
0.620820655989776
0.06204137123386
0.10386698876456915
-0.8807760863488847
-0.5023256573509699
0.932086625963231
-0.902195164555444
0.3066926845532485
0.20687634207712122
0.5779001100078743
0.4666583289065883
0.3924273497001988
-0.4642404103301082
-0.8139084825923877
0.780686516444345
-0.9594125640004356
0.39528360173975996
-0.7984084408977485
0.15742730721475537
0.007390632840898627
-0.8539563090461018
-0.8600401800003173
0.1393902957378523
-0.5730250270548747
0.380882786399468
0.2552489261880542
-0.6783784862041693
0.6614264656809419
-0.5533792421959067
0.5048853165896754
0.6636607314006522
-0.6230098662741526
-0.16785253842300854
0.6841464879158364
0.07371401562551354
-0.7649646773403592
-0.10898105747155136
-0.42705497128126174
-0.09379122238073333
0.556729247814558
0.7601980746634193
0.4005638045528673
0.6534880758627569
-0.2537394554421913
-0.6470844992701238
0.8748429083085154
0.8191479176745672
-0.5287725776621269
0.4583206052676098
-0.8483269481063533
0.9209043807063618
0.033113815965661896
-0.3812165285072239
0.7597562580045988
0.022699067336893166
-0.221711401158473
0.39485614065069957
0.812539673033259
-0.7648316226384665
-0.20967403745645033
-0.5588492315569255
0.07574631344247894
-0.6008035741036623
-0.21225122127216747
-0.8606755930488478
-0.3592092485674156
0.4946335199353974
-0.2812641758276637
-0.2821263240291775
-0.1616825273767258
-0.40232646786832904
-0.583572510985491
-0.36065165478541317
0.07437656554377571
0.2529729639737037
-0.3998200074144349
0.9249515135622647
-0.5350662321380628
-0.8194054585158548
-0.7727383014972313
0.48056887090071415
0.45949629362105443
-0.03277586744323094
0.035717297757933766
-0.8332161445238011
-0.8622392768249904
0.18192031586894908
-0.4532473167116968
-0.5740974084047232
-0.7149265779384405
0.5404567599566581
-0.7169563227580154
-0.8866041066795568
0.5675428606317111
-0.17024495767193165
-0.6890622940101073
0.897322763241557
-0.3712446609431846
0.38863032234151795
0.6015376312611833
0.8195174257029081
-0.2586523887989872
0.028497059891253354
0.6984241670699773
0.3215325009113748
0.030888350157951112
-0.5839667414949953
-0.5753092118469463
0.7355727817497136
0.7159912767898605
-0.22396591732721047
-0.884720364843359
-0.029207291019957254
0.4179015391496376
0.010807863688200008
0.09051211745607363
0.3283041018203065
0.7863245912383044
0.6617837926687564
-0.314526573510304
0.7632937233831583
-0.12205584145057921
-0.6433897253701304
0.854302801959508
0.07920175652635975
-0.08417396566538324
0.24841894109767518
0.5111248383661783
-0.5517414024596357
0.9569295095908679
-0.03324605061913062
-0.5722669549857923
0.6598977704543079
-0.8164760332862208
0.8588520805412297
-0.943719114877644
-0.278568071980344
-0.28659246506037495
-0.7073523604186266
-0.6522277671251338
-0.9993024987645934
-0.09188681977111893
0.026573578482841573
-0.5400970263225264
0.7935968393548136
0.3653747710603623
-1
0.9135383326948856
0.9449793411493516
0.1325642225822022
-0.1708149728083539
0.3652600038877433
-0.2053545175109976
0.42066735183208415
-0.20841160499526473
0.8272599474583845
0.01762224327081896
0.5215624060290575
-0.03866282705323626
-0.6491600715398197
-0.827412440314675
-0.6727828856501924
0.5718501516210879
0.4940148055182881
-0.4166509185708908
0.5854438411385919
0.5408979058924102
-0.3587813052734505
0.021846499700360716
-0.1428594410821625
0.7819961007928744
0.9042709163260556
-0.4168580171149112
-0.33279055714108496
0.43536595097504893
-0.23956955874494512
0.945800452936625
-0.23297075650161833
-0.42194756908998193
0.7102905525589163
-0.8993899792087009
-0.3294589962368138
-0.8654711861167175
-0.7207395368184913
0.45591563157796455
-0.3111643376856108
0.6022054737615613
-0.14358189952952582
-0.5798205031798455
-0.5625268805757692
0.2800056506275487
0.4099068101760955
-0.3832052628002365
0.2906241804897014
-0.48384360177404945
0.8095750888475725
-0.28228270963853547
-0.032885024718705476
0.6906283179641356
0.5562565900354235
-0.5036852319798181
0.8480889054817241
-0.30383411600907995
0.40392662958757763
0.6536506754842792
-0.9003681059099697
-0.06526900832219361
-0.2380804344131488
-0.15962920305669206
0.5842014193079936
0.49539998589603973
-0.48000179063505866
0.6858718992265082
-0.1375175591810651
0.5111937182747713
0.6365674024948782
-0.4692374245703044
-0.6854049295836231
0.19342060403580724
0.19805449119544077
0.34946715719410587
-0.5544264830902337
0.5443638898782989
0.4074564543728717
0.6551713139497647
-0.35043788681310056
0.6320023022408648
-0.5562574894389393
-0.6499107291711331
0.8468402950357534
-0.95047972601921
-0.6667468826984106
-0.1587043945127733
0.29582705262251724
-0.3075006355990597
0.2591940408255171
0.19218213957769356
-0.44262896174408073
0.9178489815812084
-0.6450621472907673
-0.10498641303922578
-0.34395181216158277
0.7668478072257738
-0.26851073261983194
0.9620695995069222
0.5295492410802778
0.17299804920100487
0.8555515551369501
0.18714790439405143
-0.6343970516896607
0.27664271491318815
-0.5751333041300637
0.7699858915118436
-0.015340004556702817
0.9253500145400974
0.6870094932399623
0.19988133299818212
0.9932229472440991
-0.24755209188811222
0.3636625741393942
0.6209029657293874
0.9712569321636656
-0.6300912774181546
0.19757565608208782
-0.09235984434855252
0.3881407464919905
-0.31750409629961457
-0.22382642760165045
-0.9947049685885148
-0.17556257650572085
0.9632120516595942
-0.8255349632324175
0.5373340924024228
-0.4477416895910517
-0.995336148511615
0.49811880612446946
0.7270501859461476
-0.8263089651326734
0.05771978888698596
0.9845092669732102
0.28774127110232983
-0.9546567779052301
-0.6717916352777322
0.9746694923535766
-0.9348624346579315
-0.7523547272467409
-0.17612987458927676
0.6123455112242386
0.4859340358290756
-0.7900161574531394
-0.5472012576623171
0.060145928418489224
0.6164401878105454
0.43586850136159017
-0.12915631791672685
0.5091186028693555
0.06909315804580751
0.5325740475178257
-0.8351789463182907
0.4740337538431391
-0.4102199023997785
0.5437054436859738
-0.27929913852027105
-0.19659705009332581
-0.30691023074346285
0.19551513756181443
0.9843246138790607
0.6775670140181983
-0.049350728628348633
0.7156365441122027
0.36131123243486213
-0.7130616057705252
-0.4703568798212036
-0.9501668766700476
0.11470485062049379
-0.04462513897311613
-0.4118583188674092
-0.7460775971452474
-0.4812183008293186
0.6732982994345154
0.824214721174531
0.40962455399707165
0.7340310299452973
-0.5853909925998475
0.6750115461496873
-0.875349943884452
0.8709954205935909
0.5038556625943325
0.6426446596863981
-0.5503180063487372
-0.31726074082476563
0.6017504244350963
0.44232537487954
0.012211836487243425
-0.32064995451934847
-0.6968326573260707
-0.6552674109397068
-0.1996098833708262
-0.061405147278388535
0.6658292944108457
-0.3230050091456833
-0.816375283888628
-0.2973189539644851
0.1199845941221
0.5358435808310615
0.01748499408412058
-0.31438920172712037
0.37890193535020394
0.5975719864636715
-0.33597714607515783
0.411395832099452
0.8847404671499806
0.5582546997167429
0.8322364092657818
-0.27590098917986566
-0.5669006941712459
-0.9020136200575886
0.8618256742509098
0.5010036700268249
0.09155227142940399
-0.1075572709495321
0.7272546560583925
0.2813435707347787
0.1481032902864289
-0.5412705434815358
-0.04220955462995012
-0.521974024149998
0.5303871968153235
-0.7524542140986487
0.8453366338120849
0.49380214235931785
-0.9403895844036972
0.05394007246476533
0.9550269962486267
-0.48051053512904757
-0.6837789714374137
-0.42640932039847806
0.7370667948203
0.16766162140945115
-0.9741717852300361
-0.27576256937666555
-0.31405170825038414
0.8064393667907472
-0.9609668237155459
-0.893729691461943
-0.056637714334281684
-0.34500547756626493
0.022886422191677736
0.22624562065561268
-0.6708369285591937
-0.3656800618363897
0.448912341991382
-0.19914880969776835
0.8988006736870608
0.9358020067297581
-0.8322509742034042
-0.6266566414458045
0.7244436449523873
-0.36652327705305515
0.925124614729245
0.38245507540136725
0.6026335100679516
-0.9897231939625432
-0.6489899681697248
-0.7222509511429408
0.8490353059321109
-0.9954761407690892
0.5169507978225952
0.269159172799573
-0.7948164089668563
0.7979912479063229
0.6916946011414392
-0.25793466875458204
-0.3333825873673782
-0.9238837629481106
0.493322401909306
-0.18924724149313707
0.7675192971086685
-0.3910401529151955
-0.7119607582508196
-0.12669054957406228
0.036418616724543766
0.02165160119496587
-0.836773884406432
0.9179522488923009
-0.1858308111421089
-0.17395643448341225
-0.15601307103861325
0.4984564981825913
0.7378046407115765
0.4955204009630847
0.9372993647805956
0.12786038077849682
-0.8167981008913713
0.6272047381767134
-0.6367269733308851
0.5205173778388766
-0.898263695597302
0.4022361605383184
-0.06088361492012395
-0.6971337929278725
-0.22376490421641676
0.5386123835458991
-0.3558464889418396
-0.7499796610063024
-0.010219503369316268
-0.28199836924500654
0.9420026461853641
-0.20873390562454466
-0.35689958955673534
0.20851853816781465
0.5390194990664177
0.9461407160158944
-0.14550025918018542
-0.26869054495467204
-0.09242735265283564
-0.982235072004185
0.4206394001016915
0.22040083189216128
-0.9032009590113822
0.9514347015810448
-0.2611535012292415
-0.6108886935701958
-0.2998988561174773
0.15706729404133032
0.7636208101293799
0.8825260745839958
0.19325754466784148
-0.2461780566796257
0.4760070585911847
0.724924954634932
0.9557775606413196
-0.13298214348567747
0.7600309134450078
-0.7797322570397002
0.7416109108020746
0.9568087374460201
0.8149495238940541
0.8879171214911465
-0.7895979215240143
-0.18171350649344753
-0.04173831918462181
0.44941744545390516
0.41580702735286224
-0.39055248803150727
0.8511336422655337
-0.3180591047641193
0.4339930627074123
0.3490244910556925
0.43899387208526086
0.18460759250177722
-0.7825407704085473
-0.8956359896827836
-0.121514795211504
-0.2134347082335682
0.6885999814949676
-0.0011102516591755419
-0.13776881160643578
0.5492664140929259
-0.04377543206810534
0.704237924136175
0.39729691648055554
0.011757392786067022
-0.6595189056499594
-0.3620516094844224
-0.4678209251231949
0.30600713623721115
-0.00782701095618251
-0.3095703314111752
0.10259978499876503
-0.616606547301452
-0.482539555609321
0.6568140074117707
0.0925135678635324
0.8392035476901247
0.7050386574032342
0.7505272265121881
-0.27158779178248055
0.04583386952501298
-0.7904450789751618
0.3122626795430118
0.8798041244909113
-0.1159358706151935
-0.1477352364605006
0.8801130831893188
-0.7146551847003131
0.9785482499235654
-0.05900873689793386
0.06702014606350598
-0.39268679547323265
0.31246561001247397
0.3327217799808724
0.11622292376185686
0.14140440591147246
0.7412030744856245
-0.6844542524693912
0.8111498899847848
-0.26415866226962115
0.764733055703763
0.5540916154222474
-0.4363000227709418
0.847632100264559
-0.45593158108876064
-0.9109486326978986
0.02336079682210261
0.6451828137245672
-0.9928596564440615
-0.6275951804693715
0.07046377206134082
-0.8140515624973739
0.160611626212163
-0.08777060200026832
-0.9335955190292546
-0.5071326775925018
-0.6426008150872402
0.5728960095319746
-0.3270827433270406
-0.9014065486078391
0.2900149948672113
0.4563067720833124
-0.13682904105680618
0.726939922940482
-0.058393084254733184
0.7758938420074436
-0.5349750588923744
0.37884179838570925
0.7846355912080815
-0.2674424735947795
-0.9666556170455736
-0.20676527677436288
-0.6148521911413382
0.8086363080432069
0.8445125724396612
-0.6611773089984738
0.5650521835029162
-0.15102845178995702
0.9025882841601927
-0.12712506076344074
-0.356231469355649
-1
-0.5512816261925637
0.28128828768111686
0.004164852226476725
0.6505025195216854
0.6616375344715092
-0.07824536259366609
0.32680326165190443
-0.46548881963597283
0.07817865167383514
0.0032732027079410662
-0.7209624885398304
-0.3816071629847386
0.8682514198560721
-0.8775215986698631
0.8132740594439107
0.31328076074180666
0.4065243862599612
-0.5706391388530009
-0.08573015706229811
0.2199867228140895
-0.6092607861350182
0.5243762341565116
0.5705522051786889
0.9474597070004889
0.04259750646918918
-0.3066738256033453
0.6689284415313986
0.3404748687741913
-0.9186796808431982
0.4748482150518539
-0.6818368037529329
-0.31553171178257416
-0.7111668941953444
-0.7723238835158605
-0.953698377945693
0.9258765242647634
-0.6075435837040916
-0.7792532732870047
-0.4267847565109102
-0.24900749032044878
0.5175358807470222
0.33097823227736767
-0.6012552083851925
-0.2693167355167312
0.7158390689388978
0.915500530193674
0.6911844247461675
-0.007056738131486931
-0.8406331657703943
0.33160794221259776
-0.4200768763837068
-0.6732132207160324
-0.04171626300463214
-0.5726732593560663
-0.14644253036149607
-0.7308386790280533
0.4565852114875481
0.3706468643997861
-0.06588550998530855
0.7719378727244768
-0.9369184650578823
0.54899386220566
-0.5134146534218043
0.352208370531912
0.5171437237086453
0.2596787180355357
-0.35390892495816945
0.2990881388074063
-0.12720176181852236
-0.9156985983693317
-0.536447731927241
0.9878610167431229
-0.12741988489466208
-0.968972575243832
-0.5897420831070909
-0.9618203319148803
-0.2014967003478252
-0.34049126810308034
-0.8236847387198173
0.5227422512128034
-0.888011851427655
0.43361991862321275
-0.29729878431590273
-0.7337344994158459
0.8469769599724426
-0.38042025566039617
-0.2345522038809172
0.517037259797232
-0.8377947035055558
0.45833664424889603
0.3059072568354125
-0.023521616315239482
0.3698902766905226
-0.11098226126084706
0.5880886048286907
-0.9694244533620702
0.4781658180608991
-0.029212022933810776
0.11790478600151028
-0.10076101822887307
-0.1448509163626931
-1
-0.9743890736101514
0.02854099585477065
0.008597048090455497
0.4649904711000294
0.9932024906169834
-0.5074959908970293
0.7743935294111048
0.44656816372688973
-0.11524836261866563
-0.7000250403078885
-0.5471404195000303
0.13864069092308418
-0.27244055966279646
-0.9314490758919254
0.9022291985999992
0.33761756901874695
0.7057255986266782
-1
0.6383298462864547
-0.03926385522334278
-0.21795454609192216
-0.021499958135269427
0.5755070243857009
-0.21695492154262938
-0.2686801424841877
0.20832767975856706
0.8611509966094474
0.4832083501125112
0.4005478030530188
0.44591392472335795
-0.4207567161217004
0.3311390165262741
-0.3434109472700896
-0.4009999602753371
0.2365011617307873
0.9109717146230195
-0.04265706153990695
0.1319877873914806
0.46289914787466346
0.3163403632827157
0.37292474195159764
0.472908738076199
-0.369008165090435
-0.04659538177778188
-0.9008446315280162
0.04514483282530683
-0.73134795134497
0.7317579611353425
-0.5873957108664806
-0.430950502500338
-0.7198837835854129
0.7041165974968348
-0.6236303172922875
-0.6284695862698391
0.21462608009838513
0.3152453407980914
-0.7194891138192676
-0.5821223572861542
-0.46506663407887566
0.4598700390432693
-0.46561783064054063
-0.1564731792239896
0.26466990124109674
0.26856899463227235
-0.09466615253014717
-0.195106166305064
-0.7010007611186821
-0.42383371649034013
0.18624895777691922
-0.271722163234822
0.2550441714879925
0.10186368444020226
-0.14040636148214422
-0.29606234831813955
0.4900461879755044
0.07598608265407668
-0.07413165692571909
-0.8975558427227959
0.940221556878064
-0.8299204390079379
-0.3621839898794899
-0.8359847694651286
-0.4048122926359514
-0.6781180104013144
-0.8716808192651571
-0.5061348341010009
-0.27079882613007256
-0.915875780931687
-0.013146729956008553
-0.7738824113179192
-0.39152137878802695
0.02896073343186248
-0.6822111073030559
0.17650757167224068
-0.40894093318855235
0.8773341229126621
0.6215340872954875
0.7168223798994575
-0.958685682166589
-0.6237722870511491
-0.9753612561082359
0.8360047384974052
-0.3682166284245881
0.1878870400897812
0.8423507016211842
-0.6848155797767361
-0.767614168639752
0.3944244979277161
0.836944802674275
0.12845249174832912
-0.17221299857833877
0.2553997185011612
0.049278294101940776
0.16353401192375838
-0.7458056564105278
0.2568060812243685
-0.871813050515677
-0.8231478322500733
0.0916704934237793
0.9487564341892365
0.5720982075007572
0.10279887884594248
0.8694359429708878
0.12243368028379456
-0.3616652261272647
0.4423243007162578
-0.27405462511942813
-0.1947105166223763
-0.494968023486033
0.45467736067757974
-0.7905252001810402
-0.3960870085897166
0.4545713541600272
0.5059811164506942
-0.6603524196308589
0.9400446283628434
-0.6916551137640353
-0.36169996066992827
-0.11509009805039577
0.3498149015582051
0.05328183415139266
0.5047210902676634
0.4096022013016088
0.8924654018214124
0.42743078378781624
0.761551847175873
-0.6212129711812114
-0.38853673521061405
-0.17451423100685506
0.9524434105051715
-0.6793557136956625
-0.7744273680795576
-0.6528869152743801
-0.05245244467403952
0.691980620416806
-0.5582872273841211
-0.2140183742525571
-0.6641064168123225
-0.8812996416010043
-0.10060297932395526
-0.584419719696635
-0.38415370532556065
0.261129317648184
0.9183342619705089
0.913158878657531
0.22382439347902539
0.39104661671395297
0.9608533642123468
-0.08906487317055968
0.6227849390023573
-0.669130091887708
0.2155719923937807
-0.050988950465017016
-0.0913094238811566
-0.9942521376219124
-0.902903903966958
-0.07861623769677097
0.37800267197001136
0.24836638159190857
0.98004144611892
0.9006746945622163
-0.7443743811773336
-0.9747440095368252
-0.10088203707896115
0.11474648679223785
-0.8203738589533844
0.75080051067601
-0.7329786159481229
0.5792817184056919
-0.31680545142564415
-0.2550051937670041
0.2878851129649875
0.7797441405324588
0.7426432042118368
-0.34286415400008274
-0.0010677485837289336
0.1891362133585423
0.1393911423945741
0.6129396021180334
0.1538409959772745
0.9248232612617652
0.7874830848799815
0.11046057853118567
0.4018110074051443
0.15897080657157903
0.6932226611202743
0.720019522804174
-0.7163113815948142
-0.5770846156171322
0.16349523280118872
-1
0.6744872373070852
0.8158984840232396
0.04866416981833526
0.6158534063091101
-0.1503587584084969
0.4857971504358924
0.3059980654568347
-0.5172435384287604
-0.5160918306726374
-0.21162668343680563
0.09956982971609792
0.8041875298601175
-0.6347535639052934
0.5994107385566015
0.05251182566405278
-0.9321526588411141
0.052835845629783565
-0.6562918374543906
-0.1328670242976293
0.7763982127170563
-0.33857612230666523
-0.17480164303793067
-0.2750950118422899
0.25581484547726485
-0.986061904568303
0.6698430716909273
-0.05145267443533599
-0.11264935911467969
-0.15380126282875894
0.17119113422496815
0.37446858307405634
0.5689423373168269
0.6356124626747627
-0.20271597739739228
-0.03909006756768696
-0.7775330315898641
-0.41703218763971134
-0.2651953625720749
0.5051244923795352
-0.753645604110301
-0.3946705674065383
0.5357842125679206
0.15004301478770476
0.036086916867299354
-0.8470079385726245
0.35924762846884783
-0.3776766754605267
-0.6519615903983056
-0.7757986201666035
0.2824354011167575
-0.2993754997915256
0.5328752007524468
0.025471309078416503
-0.6212888632243105
-0.6646456311828155
-0.3670234709750977
-0.3184462941261267
-0.21703636852545688
0.33134837157289404
-0.8173629705842488
-0.43887498962573346
-0.5386437905333413
0.016668613753205982
0.11442361861117069
0.45560860204250725
-0.7085913365438059
-0.08903317949276861
0.20618583936169238
0.35947212625881747
1
-0.5787166259849792
0.8565150261959993
-0.4789637733648301
0.9672081848885851
0.7311452911294906
0.7961484984811418
-0.990279728786864
-0.1531440400244882
-0.928960900839067
0.43518365673260534
-0.19895615479079976
0.9393141136581461
0.7313019400512974
-0.7333518819151015
-0.2586434676808439
-0.1763311470414535
-0.8539922383709166
-0.5731628144538002
-0.36356977369009114
-0.10390608915820593
-0.35214000739882545
-0.5984146506313854
0.44796450988557407
0.5736130607708697
-0.41079771761792633
0.9240888370355195
-0.05431225530013025
-0.6396196413136033
0.04956125650998804
-0.42100070400194206
-0.835798168111997
-0.47118174239628124
0.04572634578318192
-0.6600277832756885
-0.34826628274246824
0.9813141843913794
-0.45833375173515367
0.5229998044152439
-0.9251989422725146
-0.6842230531679555
0.09470701911000017
-0.5884776047088808
0.04050289922973158
0.5833384340765229
-0.26403030094261387
0.38585983009837116
-0.5662003530705435
0.8989798737965294
0.15965406288864958
-0.372781223019669
-0.30608343987004794
0.31471769889408224
-0.8879684433378291
-0.49858657707516274
-0.8345688131464893
0.9111985194810809
-0.22770038782856095
-0.17448263349324816
-0.6055663404237548
0.6661112967782642
0.6887407711779963
0.5995806248837806
0.6489079916268554
0.9442447228805274
0.3113643410748525
-0.694764663555
-0.6790185258702268
-0.5101564413911261
-0.5008240576984146
0.17237318517572262
-0.03779511435685285
0.28288749608345387
-0.6212205095580221
0.95171795397619
0.8029736720908459
-0.9937950924497849
-0.26610861866512786
0.8417281704784508
-0.015532557553239321
0.9234977914420679
-0.30037361256709605
0.8172064129956644
-0.528336323712718
-0.20170644909647478
0.22237240127367672
0.18897956967715385
-0.2773444096508859
0.7414649241984912
-0.34342528547160006
0.7520318830318172
-0.7595301455484115
0.3878179930951939
0.6819127876284058
-0.848140637691441
0.832241239471641
0.05874452627693054
0.758038287046497
-0.04327079457874953
0.6133635926543285
0.41372902009567036
-0.4705765809621486
-0.9633560682863835
0.4007360505328079
-0.6500732283619367
-0.08944463329261176
0.2997975712382113
-0.4994618979965357
0.1107085666010984
0.640165975808283
-0.2534036081986519
0.8301754106782966
-0.4635269250689105
0.5805098762032894
0.46108697223787476
0.2810613490815634
-0.8829855333364319
0.8009712456738569
-0.8591669205743117
-0.5324135186143838
0.8346042601320116
0.041807084379910986
0.2585964677698219
0.9952269728196044
0.07471990289315013
-0.3271367005908061
-0.4697137087597407
0.3713786648596122
-0.06224145741119901
0.319053367968534
-0.5530967511895286
0.7175894485748371
0.883399309265544
-0.17559893049953795
-0.2535236500111387
0.07815929617301656
0.8728618628146463
-0.45472198025985
0.6976645105522353
-0.9009900589076912
-0.20456153710958005
-0.8946949115423671
0.5394587994965351
0.1423628681119433
-0.8935298976518935
0.5992721721442857
0.25359910773526234
-0.7330171935508795
0.8837588966327772
-0.5125730635061222
0.5357579662063442
-0.15497257872039427
-0.5859772081853372
0.40816209405307763
0.5572324232299743
-0.9063107671992808
-0.09672167389949891
0.9498478349592692
0.20947640773870432
0.126285196313774
-0.11204254119134192
0.7182355367872282
0.9938492151627588
-0.5445670104384343
0.1498851993673132
-0.7163725792176995
0.4802120922248397
-0.2764761049832149
-0.3357717542258406
-0.9847786288581688
0.9884234036447924
-0.4885012741606532
0.4269363135163294
-0.45951567785715064
-0.48404314429536943
0.6879515548705488
-0.9851207431129886
-0.02489235797977188
-0.17366537365772922
0.3580922445834557
0.3155901887380737
0.13132202002200413
-0.7912718947454704
0.5082254359835405
0.4868107809409848
0.7908491615241627
-0.5316984265242343
0.0944186154169103
0.9129077613249464
-0.5067273262558304
0.5981579428833964
-0.4513187557900964
-0.7904084575053462
-1
-0.4020258787333379
-0.8771266244100783
-0.12270125363352685
0.2651614754214366
-0.6160547624643111
0.6737767918276621
0.632139592002199
0.3430267912723144
0.17157191312787373
0.9300618310986328
0.7931195111491447
0.13643698900661555
0.1785346269107116
0.8060770470553508
-0.7453902174371093
0.5972273224366179
-0.45967915328361314
0.9200561343507601
0.9322528378520489
0.7940656086806773
-0.8069752727853237
-0.9776615245464458
-0.8786497196949103
-0.9654196264004787
0.42907880696286504
0.8755977686386408
-0.6980283916186621
-0.30135199415170044
-0.2890051764350833
0.92112771755752
-0.7607749922480809
-0.04912250431203072
0.9995499903699246
-0.8163096866870955
-0.46179942146025565
-0.21236544173432442
0.20287825886089259
-1
-0.3516084323738106
-0.5841995075740498
0.3837147982826247
-0.15842417581571974
-0.17923261657672013
0.8679095741089692
-0.6462142519138799
-0.04032780160871721
-0.16227477675642424
-0.02967200553130594
0.2386505021670815
-0.3323653689645155
0.692281545985041
-0.7314860600453438
-0.29889698029078654
0.027140181380012066
0.9114150891848917
0.5506089324424394
-0.736827971832543
-0.3181785836188743
-0.6564863640979334
0.8234431483809032
0.4629934365550194
-0.932517155131023
-0.8391430074701989
-0.4686028583055236
-0.751587285779567
-0.5475152306160753
0.22823332791840883
0.15884351061125376
0.6166143769345606
0.536916890694383
0.8327688872156778
-0.32136020504620094
0.6253198749871669
0.6604157445407589
-0.8511676307739475
0.2057516045803413
0.343893390760621
-0.6988338465253113
0.9671078004410639
-0.017073597317454843
0.24841416745805017
0.5051037394428658
-0.9276759847652533
-0.892446735644488
0.02070488140500853
0.2425014732149547
-0.34783973453979816
-0.45793468173933444
-0.06899814219027844
0.9061851145662838
0.41860702364064023
0.25850142826511807
-0.40005189187377493
0.7728870282272733
0.2799957526265011
0.06450502559806834
-0.46460603321877697
0.251306519743095
0.12805942123012298
-0.7634072908339987
0.36291391854329713
-0.2840925602177425
-0.2684503594806308
-0.5537109833385324
-0.314062704916307
-0.2363542514892358
0.3360628152438814
-0.09489444312214937
-0.6796455303861128
-0.5119936464074313
-0.0002764060421896206
0.4811847027845808
-0.91620933487789
0.656723941844307
0.2596783056169635
0.5946118362928396
0.6842630111491376
0.5232773967291248
-0.2669120164567123
-0.5622708279358948
-0.48589076574580853
0.8062456943125433
-0.566657441159086
0.6392251563430776
0.33401487160574655
-0.680736019679339
-0.054296534672613736
0.8479079428303259
-0.0008394637575873825
-0.19182997811561917
0.8337821691838836
0.7348820827910297
0.9256567208196412
-0.05373966666701164
-0.47599336895726324
-0.524576525042808
-0.7584635429643238
-0.34171517636641946
0.22795606307120128
0.38049107727260895
-0.7773015849947058
-0.22055248269757852
-0.12388610073336517
-0.2987900399132785
-0.7033458175120004
-0.8886991275806745
0.35976683525130776
0.3215880355764681
0.06854315101468551
-0.37291798974958806
0.2367556300771899
-0.9844097748724037
0.9218689334690037
-0.9313616326901163
-0.6086639853472895
-0.5701571576604619
-0.4720444231704686
-0.019381195504575517
0.7422744213644767
0.14366832229731713
-0.5289174667225824
-0.8757243155580098
0.03387681387846453
-0.37169287064567913
-0.9922997397931991
0.10466470822600969
-0.8310148681680655
0.6560970715108341
-0.22132616797381452
-0.7020593889235912
-0.42038106963738825
-0.8165174873285539
-0.9918903908866712
0.4519714822018381
0.6531208670375737
-0.27511230067245923
-0.357523632833437
-0.029931980113315482
0.26711626874265726
-0.19157708198620954
0.3307940391553223
0.948854934229389
0.37457756023124406
-0.20775149729623107
0.841338113857458
-0.6133859173901974
-0.7632599438051475
-0.20231883792992167
-0.5649252761927143
-0.5204625501421648
-0.8987777773487954
0.155634881525378
-0.14291853534425458
0.12829836152230367
0.7109993624389416
-0.5470564030981319
-0.11072140937895945
0.698156494909577
-0.102724458537918
-0.46378567652928787
-0.8053575022582116
0.627152378759102
-0.8026179459939522
-0.5858609716925929
0.35947042588929934
-0.4199371525155628
-0.9798526116516534
-0.5751025872400409
0.14378685502593458
0.6015181201971748
-0.6507533830024045
-0.545257785890791
0.9838976904157045
0.6837549363873878
0.6608288185701344
0.922730417316021
-0.8796052258510965
0.23143002560071946
-0.6952608937755191
-0.5584352564803381
-0.5798794831642686
0.4885722090429593
-0.6298285850684775
-0.07446739956801099
-0.464712866028083
0.027470487776028563
0.9867496186264851
-0.45521519286811074
0.41800192059428504
-0.7243236873426231
0.5606284573408434
0.7402066656151304
-0.9289581899041005
0.5670087561914597
-0.7632893070381694
0.6893996696510276
-0.107448283453819
0.7373311065304338
-0.25273494805376945
-0.12672485969603545
0.45910671297592487
0.881305564284329
-0.9505151681545871
0.9355301570661453
-0.39123341226452396
0.9442575199247181
-0.5545319450909325
-0.48427375007166523
-0.7105490151380633
0.8899883340374001
0.39272198110617196
0.6573366671276725
-0.7947391147865775
0.2680920062867343
0.736339208490738
-0.6520456718572957
0.5556428338411573
0.14804738626976546
0.5353742976950555
-0.31501526773086735
-0.3207164977907958
-0.6778902904033353
-0.418488063158875
0.3197896585526989
-0.07709571661862678
0.5829055191777632
0.11621722712820784
-0.3964783719997164
0.9225439364189547
0.5200554402457758
0.4233765577261891
-0.055461685765658346
-0.22295374639201304
-0.4547115884582524
-0.5478472056053882
0.36964182556696845
0.6651471055983326
0.95349968011755
0.9968947556012467
0.6899621540776687
-0.8977700942583159
0.43041412162650655
0.4444261939668903
0.759567659585357
0.4723895253485299
-0.36338509820132187
0.6209714053112101
1
-0.6480216246994885
-0.4675621926955328
0.614704720350447
0.10277686484849283
-0.8101416636885941
-0.8905118732698571
0.7060925449071775
-0.3056574299030701
0.41617991039923613
-0.1623592605434119
0.8075878039603966
0.6644431436438853
-0.05452047365120072
-0.10509566748385177
0.9546213078508909
0.17236401673501903
0.8490002034782066
-0.5484391784078686
-0.3696177980307173
0.3931343963520601
-0.6209492500770548
-0.40129263388756525
0.22946376754985676
0.828875079407621
-0.6848160947671761
-0.5463877664420119
0.1411079296807479
-0.7029695382541862
-0.11063220644559939
-0.5719660790701464
0.8504719642973321
-0.13305471344260655
-0.9563678853674911
0.22288137759953344
0.5082726587749141
0.3555123933685908
0.0461911325284926
0.8406686741545014
0.7311712699354984
-0.4069718904017939
0.6298988830629765
0.9469056628131223
-0.045245919252601206
0.7968044111413884
0.17325653512668637
0.9622295394382508
-0.7275541050669458
-0.9048372347455843
-0.3094470240210865
-0.6568278668680115
0.10622261380687935
0.25907737129793185
-0.9666852851191566
0.19060930056030484
-0.5387239288912832
-0.643771565499543
0.8337493107106445
0.4946867245216
-0.6947204392662798
0.48857918244536197
0.9220399391190717
-0.46987470491305905
0.2635980380623846
0.5906791954179206
0.44116460045265343
-0.5661795256311594
0.15267542643704796
-0.7709763194566137
-0.4123415864835248
-0.5783303347452377
-0.8807142097525879
0.4883256776488114
-0.4245412910188801
-0.7763126454107527
-0.16426550762631503
-0.7524344029227554
-0.16368027079100836
-0.05151940677375347
0.0016058298839295437
0.498389487933151
-0.9651796702368436
0.33718663490220874
0.3440185819798487
-0.10339145350684027
-0.41335138310978126
-0.7641203458966964
0.4262713052094799
0.6538630778751999
0.01180779988262369
0.5938073461301094
-0.8881949035809427
0.4099635990070416
0.9247459688104812
-0.4560512624945171
0.6076126752131654
0.348051248759358
-0.22612930111221502
-0.737744787787752
0.20351703751647482
-0.21911232235755954
-0.9965868524815956
-0.6516873264616756
-0.2593260644767223
0.7989012071010713
0.3091252589856687
0.8810553772539375
-0.27850860177209885
0.2038593441687282
-0.6516817317549483
-0.4169757858806682
-0.39912107761400656
0.9454542039922486
0.6943297465432371
-0.30574108174981485
0.6472473079330643
0.9706969802066122
-0.8283874362924717
0.34187864819390756
0.06132793662375062
-0.9730737301239671
-0.6567176789889906
0.781693260461814
0.6006598653380075
-0.457090981663509
0.3581923743637347
-0.24806682049733478
0.9812016971051335
-0.09131352562678566
-0.5941233726708672
-0.1638861587815952
0.9929835487522694
0.4328148044106317
-0.37769958901596756
-0.24762428297383138
-0.8772000120878235
-0.13113122007399536
0.6681352607929528
0.7710565230272857
0.1522741230162594
-0.5674036847738169
0.2476338370442825
-0.3245447745905761
0.8339306048839961
-0.11783952546547508
0.0701716490460096
0.4439835755798975
-0.8743270043624384
-0.1886954195029023
-0.31139707324862775
0.756709603780436
-0.6246161979675267
0.06961267862472084
-0.6756566162983209
-0.9518281687342771
0.420031346100013
-0.42009790347134446
0.1855099225189954
-0.04019515301999164
0.25047529412475733
-0.40893557710063266
-0.3007750128452048
0.7680762629238519
-0.16145491445560536
0.9152671813556877
-0.5899873696201973
0.7866578210293538
-0.29515525308506924
-0.17997989985503712
0.6767815939510877
-0.02420197880818333
0.46628755683393586
-0.6755920234628601
0.6778712171029685
-0.9270318640885313
-0.11959616915579839
-0.6467253277095628
0.08748842202770178
-0.19734139437310488
0.7114377664182888
0.38355195528269886
-0.5501359485096834
-0.3032027654077551
0.5427437924953289
-0.08646460827009472
-0.368936429131324
-0.7966824741770887
-0.42373434870805793
-0.5175861000348936
0.2059782343358717
-0.4152378870832925
0.5954034055902906
-0.5446563578276005
-0.7453339357446593
-0.31415512759974196
0.5030406268458391
-0.8420348880062142
-0.6022233063112064
0.9437501275082377
-0.8373303709576668
0.026447828909124473
-0.7766204234780064
0.767991578218544
-0.17264803703810194
0.2740231653304299
-0.6525240720246546
-0.0732281402397532
-0.7591939984214703
-0.8173517565019747
0.6391058545729236
-0.5242923889994946
0.09851421022038313
0.07407539654608873
0.3014331573075447
0.21122761634406956
0.3108359713712855
-0.46988564809260264
-0.7012548538482862
0.6838336078823769
-0.12695465518946208
-0.7906684823445952
-0.013365140292643076
0.024564652237679785
0.5872273092816443
0.33968920409692727
0.3367908203072658
0.986327829108835
0.3311888078087235
0.448331702464949
0.2867525193818435
0.8560771170911964
0.7018843228596865
-0.2828699743523984
-0.6030593963267273
-0.24523744784678075
0.5944662723892395
-0.5018000241568509
-0.6315852886922108
-0.5570241142013836
-0.2515256228973353
-0.884500301203761
0.16347518091341426
-0.5109073798483028
0.549721908373702
-0.7655776049765415
0.9497143182219272
-0.6676732231118682
-0.8164931922841107
-0.3305496218261589
0.40529975337220037
0.6324899921278638
0.2054632539165584
0.5933066438593757
-0.7461153906985443
0.37327938798269855
-0.6668168361367734
-0.9127655831927929
-0.5477583994602916
0.4537742037252942
-0.724988156645658
-0.8175593583624237
-0.24846485712914163
-0.6228016995308996
0.9069614096112402
0.8565784055412351
0.12528134293980778
-0.6283571431563729
0.9296806604614753
-0.8576343247713863
-0.49478801149954393
0.3682570661371176
-0.985912271170337
0.9503774557180752
0.6863170178236221
-0.3295305375443254
0.12730951722619394
-0.6663132382143533
-0.2532739621780444
-0.7202415906601467
-0.08817564548082701
-0.9611620527243454
-0.06208703543285011
-0.9453644262303422
0.9530237493897501
0.8122662689781277
-0.359624832893546
-0.9255084576679451
-0.10119518360661728
-0.775599471978581
-0.22495731367993757
0.27230182572483597
-0.2736291028428596
0.2565486190902833
0.18310714219938362
0.5220807420210932
-0.9340074411597034
-0.9279397721436448
0.5140503001995532
-0.27425217141721897
-0.31228691255352165
-0.050896169642160025
-0.12707460948965926
-0.12181651726266508
-0.1954993452199352
-0.22284988081524143
-0.7459672254012615
0.9859016550643418
0.832788925618276
0.9148771590904666
-0.7965195283653835
0.35085673441134324
0.2247432143930612
0.819422536298712
0.02591714778956005
0.38239605142707783
-0.22411992368433226
-0.4213490687870052
-0.9642877856284143
0.64893968201593
0.24673743503697942
-0.6284832904458214
0.8732113607620384
-0.958054177126506
0.40373752336858404
0.5601670851375004
-0.7313043753446502
0.09399927282101161
-0.11724280479491017
-0.6587242125631936
-0.5562512481450509
-0.5956915140584025
0.7767504435823934
0.9513789107231819
0.6236144195495692
-0.10244729653549058
0.41923250719289334
-0.3730639919205858
-0.7765232528289745
-0.2458007857292482
0.675304933589541
0.2585032334443778
0.5819270318187881
0.6741733891030132
-0.37426291496496433
-0.15746697737358462
0.4413590400244938
-0.17814298649001384
-0.20692951249888564
0.18987785530637655
0.6110288740065437
-0.09742532073002268
-0.6784437540290766
0.7846300771247231
-0.08600271641410463
0.3363412788966982
-0.8260869119861486
-0.5613096381056535
0.1980354017934922
-0.5892475297346408
0.7221744755449554
0.08814419574655287
0.2574739156020262
-0.9692474066867163
0.5077246002576623
0.7895328997124206
0.10515143024571898
-0.32716703221439214
-0.7438096822308051
-0.30256178614757945
-0.8297237658820924
0.9972385226989768
0.2451293778837342
0.5807292895325759
0.18295556776423794
-0.10697805602578936
0.08010986408899447
-0.49969186174707525
0.2786542524197987
-0.7796266332114221
0.38950460573625906
0.4713059549461259
0.9115459020289655
-0.09678229612952004
0.08833420228968114
-0.13057294302287786
-0.8959374848976
-0.034867807566496656
-0.6028043643790537
0.34268418986676025
-0.7810738645007086
-0.6536024557712667
-0.20362138697944096
-0.7086788074423481
-0.8082917263582806
-0.012362182236436998
0.4594079439914799
-0.27399397776171697
-0.8471501085551123
-0.7722720297884955
0.34808061259299816
0.8198957030413532
-0.23929269035045855
-0.649727260070357
0.7578878138687799
-0.6193619820826867
-0.032944464654351496
0.48800355236333454
0.345565583806722
0.6016605318083407
0.9621645129084075
-0.1042280082331062
-0.44613041289402033
0.23970443854029086
-0.30323794662182507
-0.316014260607051
-0.9563103877131818
0.35189100422070635
0.9043503546604255
0.19852905774173024
-0.5236887346330552
0.7037626145717164
0.10788419070958051
-0.5470160122583447
0.772007912769364
-0.7266468463578021
-0.130077660084748
-0.13842095071926883
0.20184387465417197
0.45564013463939335
0.6052757176491291
0.11691767342284519
0.45085414980362915
0.6160325629616485
-0.782120871894124
-0.2738813451697639
-0.9307244602649448
-0.8579477157666354
0.13722238345366786
-0.19469511822532684
0.8574959759633959
0.15892669216144498
-0.8455104220223045
0.38206965776350993
0.7253972197797509
-0.2510192472921274
-0.6729252516047662
0.8713221333124792
0.07737342703509296
-0.678817607287162
-0.9402448929279804
0.4377667792761174
-0.3891571643670216
-0.46913197754633856
-0.21052872440662587
0.7527108524120848
0.5057761452580373
-0.6200384843308145
0.5843476683616031
-0.3939590449547405
-0.4494678899769522
-0.33757346455274756
0.8822022856662584
0.9994187648817836
0.40820087993608745
-0.8644684778894525
0.9419741277826486
0.305865479817019
0.24196278211819966
0.8382546672330252
-0.930306205699455
0.967321294501599
-0.901005787874907
0.5864652246382274
0.0002908275772734231
0.48962321559959626
-0.9257202029090467
-0.12030845374922783
0.12313265139351937
-0.9618584855535587
-0.5735006999510496
-0.595256500870073
-0.6741074768831035
0.35588897941531045
0.6663560093369683
-0.7820119425853466
0.8895436682163266
-0.20525914842145837
-0.4047351280415679
0.1638453623357878
-0.8254054994486745
0.8627702529273852
0.49571898511984963
0.986181138529608
0.2971422495050179
0.8600800776879178
0.26636991200880933
-0.1959177809632964
-0.7222014586274679
0.6503560980558231
-0.8352215306713952
0.36360550565728467
0.48456494646447434
-0.7914909691380577
0.1728804134789647
-0.2675140776361165
0.7908624221748405
0.6310535696308159
-0.4312890646472643
0.7443560346823596
0.7222674803890233
-0.7672308272487314
0.4443800218219621
-0.4838231711951978
-0.11661543673333305
0.7083362677528564
-0.20595851553032685
0.020263720237201667
0.8997838581771918
-0.20605038887980043
0.11499865858735897
0.7278434285597095
-0.9930472449322825
0.6748430955295763
0.04064612099886285
-0.040546230411172446
0.8341416477805577
0.7949513775346031
-0.7332928113385955
0.5324001052186345
-0.1658030459250807
0.023748122462644867
0.19631260588972638
0.19910043751611645
-0.9776230779584136
0.10258763700527208
0.9887740205176735
-0.04500505722689945
-0.5962583271695641
0.10222688695870895
0.6283114049133223
0.5718532281228609
-0.8329065524390145
0.7681901098672237
-0.21149562072212993
0.44345126322855793
-0.003325074091955073
-0.9049926555723382
-0.5921532979721466
0.1061786163692735
0.6465012887906071
-0.387223790412457
0.5606201999483805
0.22362766291562508
-0.319010976851766
0.5083878643471145
0.7755011639412853
-0.19661339016055035
0.6899968678327579
-0.6461594317463323
-0.04837634660081194
-0.6605677277179913
-0.916005321729085
-0.03245068038297834
0.8094817516702054
0.5112689046107978
-0.8162723823682745
-0.5864196468137067
-0.62550264681339
0.30372451705161807
0.5198932733492702
0.47178178289603906
-0.7297765872829421
0.6860122479375449
-0.35448784597062694
0.8981544898506858
0.9469502971556291
0.7159490490447896
0.3537847547417046
-0.876976091565393
-0.09883556997662606
-0.1458498502195688
0.8663368797990332
0.8133383346924671
0.11006196476604978
0.07246836923127972
0.46637789733278406
0.9154451014593378
-0.395812346914032
-0.8418373217904975
0.19810211379335904
