0.6716943586245521
0.3560007290769248
0.3376937633997415
0.9943384733190165
0.3212989102942442
-0.7237439796108746
-0.9280682108051403
-0.23074198098017804
0.17684739948182948
0.24550178861382072
-0.7869640525778128
0.1958506246866871
-0.3505227727254597
0.762535887218321
0.42620616189668814
-0.9382006842405377
0.8016288394718436
-0.46734268812788415
0.6136857418690602
0.1526009612126315
-0.7050311027499231
-0.3255048374357299
-0.42587929085252985
0.29432180835717353
0.47564052150601627
-0.24900692174989073
-0.21737256330554336
-0.4482980201537192
-0.6328011807555912
-0.26706511459574656
-0.1452131572395918
-0.77255504173958
0.5736119847499694
0.33826195098391054
0.6953907720728039
-0.07858155339314889
0.2821485140074884
-0.09410871305846975
-0.7764673312023528
-0.3626810200783869
0.6177670924877849
0.24881345250118092
0.6055250952270779
-0.23019776253174407
0.1821905638891775
-0.04477560225010589
-0.19322476801533406
-0.06879777499835209
0.12143083905389228
0.7257751808652357
-0.3041492860093046
-0.8728730766183974
-0.6528067214564706
0.8551171603864405
0.9327296989460999
-0.211301805503731
-0.7771858225654105
0.6115261374112603
0.8712304053604247
0.22713443308877843
0.8861347990636439
0.5500773796250256
-0.06276384208413921
0.4426535434522303
-0.029616723539744594
-0.8543281948010382
-0.9644964107159097
-0.875789021227224
0.5516970646696573
-0.444677701686179
-0.054547004434804335
0.7835731058175155
-0.4843765444522169
-0.12111273435693948
-0.06658161668348071
0.7932584602866608
0.23251956569620136
-0.3680198736953149
-0.5171620462865807
-0.30641025039737063
-0.4583275313016584
-0.06529245694006813
0.19473992668429088
-0.15340760837319883
0.8267555372733022
0.23299420480581012
0.921826955334681
0.1787321604259989
-0.7359802308434618
-0.8186282475531532
0.5157879914634307
0.938722798187487
-0.05342337046253047
-0.5758132190439139
-0.8511139860762136
0.48531263244683365
-0.27611825380882404
0.8943575230843692
-0.5958689164267368
0.337128960419909
0.7163394386741894
0.13714071839087943
0.07214223699437776
0.4799791245634574
-0.5152290801895894
0.462236898204707
-0.44604642518163606
-0.7105961846245832
-0.9145152220070849
-0.3522100440578021
0.9267655109296513
0.37218447327977366
-0.7656436624903771
-0.8139962705454199
0.6261405945941549
-0.4565783740135759
0.4772273224723646
-0.5474889490463026
0.923767062720691
-0.3498441452537598
0.42020332947888633
-0.23397754744228969
-0.6333735009402258
5.992660064948075e-05
0.7340290651152842
0.764361411930591
-0.25271066692793837
0.4853882024188608
-0.8339746185851193
-0.5472103479726164
0.02601954025736687
-0.3174703020076415
-0.12035900227014666
0.06109224731666528
-0.4106197877742383
-0.2545091177851365
0.4753598892418213
0.7942915630576926
0.43853036730277284
-0.18465310507942273
-0.4464789385575567
-0.9638405131254432
-0.4453955994482139
-0.04295877602611664
0.8482793275117166
-0.9089614730198927
-0.19185284915731143
0.6717036850833815
-0.5184300062348262
0.9632059096767162
-0.4706660996115875
-0.2653656976699313
0.7632862740761825
-0.7683667761054404
-0.4357539603621199
-0.6885597502402379
0.9594247817659606
-0.5532091248959885
0.396105947126807
-0.4399046687900975
0.03982580750871821
-0.4775099704306242
0.3699842218646109
-0.11230318652416464
0.9909020848110976
0.44058537139552534
0.02824843842321642
-0.4573040217279996
0.3232193192003115
0.08623456189789527
-0.13278401620669425
-0.3008428245559595
0.5581693724723085
0.035998656815344
0.7205572699746713
0.5957421427865608
0.43305619568617426
-0.2820212299372261
0.5205103884233375
-0.8242899528309336
-0.3258994058990626
-0.3890676531236909
-0.5241144921141352
-0.3865567243484966
-0.9543279688689497
-0.44939127828959646
-0.5210017510716725
0.13315244525429762
0.8632175678697589
0.16288878605914342
0.9211416819766446
-0.7494471894097838
-0.28161822784150975
-0.22029540256751767
0.16124887063520577
-0.1709316308045207
-0.6052688564385845
-0.1924737223763513
0.33669645308089224
0.0006501797362964432
-0.2339478140229731
-0.5064577316006991
0.1301027967875414
-0.8312145056503362
0.35802267055230663
-0.25639128141318
0.02816126251779369
-0.5308595437086577
0.19777105706351325
0.3178446298374609
0.8956717515150036
0.6150641874088115
0.9482871845547397
-0.7853453548062594
-0.6107309349912511
-0.7764543084388722
-0.657781384338128
-0.9684801911738147
0.005660415068833679
-0.24818197682863688
-0.15583756574334306
-0.7657849919222168
-0.8462676849139398
-0.4553873955142809
0.4114876543553911
0.053482292359579194
0.6942492570416472
-0.5143809069557616
0.6890623152973517
0.3025267889370518
-0.19717944242428506
0.050735467352419086
0.5396694558006777
0.27362499031754167
-0.21205405746570108
0.8272837069377971
-0.9727196089327508
0.5283260555886081
-0.2135412143125039
0.2980121311944829
0.1716703493168335
0.9373898926369664
-0.8384974081855099
-0.4571610941085799
0.6609220282500412
0.27254866925270926
0.42670129481515373
0.48997419586005986
0.7505911926055078
0.3371890937808608
0.11175297955647236
0.34162110243846605
0.47739159267785436
-0.05630384287050235
0.36138907723732533
-0.051581676034061566
-0.22262558450413747
-0.1648415646538461
-0.05767211123747207
-0.6611442377751843
0.3909440789245066
-0.35125002527252425
-0.8913156378718641
0.710975281599805
0.8001896564035146
0.07457491740554076
-0.2605092621644279
0.9140833894532409
-0.6577139331485123
-0.8057340694769335
0.31526809407226025
-0.1803462430099445
0.6124716118199883
-0.1440850584632828
0.8075014946188036
0.1993302823511418
-0.28589653124928627
-0.3176346490106391
-0.7812833907257253
-0.13993183655854788
0.11043318729749198
0.6093539178466721
0.2020488889384403
-0.18684072942364519
0.02750455548117647
-0.5127794558429082
0.18916135324643227
-0.617511412275705
0.379868116440593
0.554879492882851
-0.20000090827192163
-0.37226505979165614
0.261713644664489
-0.4852589393133135
-0.09624391636839247
-0.05701964664164317
-0.38261548195497314
0.7283948098987485
-0.059433005199893967
-0.33657589394225856
0.5001741888349388
-0.8841540994603132
0.26356367950192183
-0.2834083545493345
0.06230493677046757
0.9337177646731983
0.746839534538132
-0.23294286982833923
-0.954142867058801
-0.06305801808606575
0.5652060071720122
0.6359369871548164
0.6069600255278857
-0.5829434197927394
-0.5667586192878572
-0.9465652133053358
-0.6424178004690462
0.13574428369084351
-0.165289603292027
0.051516749098168495
0.08293174689929446
0.367031300312867
-0.801055037916643
-0.9715968536410171
-0.7764346247976409
-0.16293108941631623
0.11841813099820536
0.8527681449345615
-0.9789576987940346
-0.7024964384969672
-0.029135625757552838
-0.3415936886190661
0.23580589795922224
0.17401648417511828
-0.09246404795937475
-0.6763114321161826
-0.05182699052478251
0.5544131304375612
-0.74286056061172
-0.16582593925413236
-0.1393949319915396
-0.33453095251716236
0.2585021134905064
-0.21378713220220766
0.10175689951336016
0.6486262265851559
-0.5770015472683236
0.49268379577756105
0.19319769990742253
0.9642741572681427
0.36948097226207144
0.9281206322778489
-0.7262138933570345
0.938826315627531
0.7039913707873616
-0.466198746984907
0.4976666693651656
0.08765490564871321
0.7005681238675423
0.830028020947191
-0.2286337968317897
-0.19063684232884537
-0.3805846787706347
0.611716806936586
0.06118020369901921
-0.8488970140206349
-0.7918190805859804
0.4209669623658472
0.014793289819393575
-0.5604157774364057
0.6750236174791011
0.7953412923872739
0.08321472083150099
-0.10769222427032123
0.5962327725246798
-0.3870814586939826
-0.8208527067767294
0.24667716844848633
-0.9191957697260533
0.9379937812893842
0.32952089150684066
0.12317123663763122
-0.6299421295040758
-0.28892116359331144
0.8985311068885931
0.6550309474236882
0.04896868191990671
0.09640768718034093
-0.8636964748531678
-0.4789523357391393
0.9286489884087872
-0.9321292500424052
0.3265263499884951
0.19976668426601424
0.593488304985287
0.49096778053077966
0.3982427520998275
-0.45729173655366523
-0.8206515711404373
0.7579759436612534
-0.9890625427288743
0.3874365939495658
-0.7911262790975845
0.1497507775132816
-0.00021192123223137682
-0.8461273812110108
-0.8488103756012123
0.13875927270197508
-0.5406913032072685
0.36515365107269376
0.25213524018475036
-0.6697334095892299
0.6680368752119222
-0.5411537914350991
0.47841431716059046
0.6968742249558858
-0.6123253944443567
-0.1981000441190275
0.6733224473853837
0.04583810312624463
-0.7755385294974859
-0.13106311026209383
-0.41127424126828993
-0.07384761036030271
0.5466501775130275
0.7522691934001124
0.3855581894460269
0.6120083391529044
-0.2502384281472458
-0.6528693785531748
0.8965909285559127
0.8110106374780605
-0.5049190272787012
0.4627884461853086
-0.83137050312601
0.926864092121223
0.03247861765950498
-0.3874155025152644
0.7725902839148372
0.04417564849047965
-0.2132456311908486
0.406333105615869
0.777530563176808
-0.7935506947628234
-0.22389389604672105
-0.5749251301592113
0.06615255755279806
-0.6122626568883123
-0.21321695857507234
-0.8657548468424546
-0.3672573969453695
0.4950943676592307
-0.29636364809867477
-0.30536837661105226
-0.15285416758926298
-0.4058613487629816
-0.5666209055283654
-0.35866121875357837
0.08214107620103259
0.24851740796347876
-0.42055057383105143
0.9454857636871363
-0.5505741808359759
-0.8335319967409967
-0.7904819371722
0.47372608651305653
0.46365471897892097
-0.04771398117847064
0.03370410115745277
-0.8246772613202306
-0.8386298234407951
0.15874378457510605
-0.4236372715556931
-0.5871090326626893
-0.7060925555234095
0.51350123508485
-0.6699601300247521
-0.8919074513302977
0.565647523620635
-0.16876221448569806
-0.7057343107468155
0.887763727069659
-0.3775128018036502
0.3996343604347489
0.5970257730483923
0.8271421792491571
-0.25787189418045714
0.021944755886631077
0.6848177873166897
0.31400102747826075
0.03594173344982847
-0.5460728211804085
-0.5772634363845646
0.7363811453953294
0.7156483113605432
-0.21619120202751843
-0.8916362740589241
-0.01925539295755091
0.43939116448144544
0.03566572201571264
0.08116226828938207
0.3288727832080126
0.799002843877113
0.6717352177387319
-0.31767643205124646
0.7532384392914291
-0.09584996993649904
-0.6280856752497579
0.8430450728326817
0.05187816042991407
-0.07635583422655573
0.2560967583015803
0.49179039699287075
-0.5663183720099585
0.9518215914445453
0.003321912708085256
-0.5547327310493204
0.6484886652494193
-0.8058308516647747
0.8751656082218031
-0.9030297345718956
-0.27796456563170113
-0.3017351527408288
-0.7132139457761291
-0.6449909048993698
-0.9956348503861334
-0.10609883173165013
0.03887977122649003
-0.5384993907183298
0.7805973896022471
0.3842037209632262
-0.9866508719326142
0.9044204845797459
0.9564738800175376
0.1581509342665285
-0.1987424713784791
0.3914519441882049
-0.21242777840580224
0.42784951925108516
-0.19346564594070953
0.8129762127538754
0.0005133416476265119
0.518646316629586
-0.053759501819003984
-0.6560244825542482
-0.8327094805202648
-0.6952886560370201
0.5826850752419664
0.49664783149456054
-0.4099336821808566
0.5774176916218964
0.5263198571860321
-0.3556306114614884
0.023945448431282986
-0.12865969271485253
0.7877435217625146
0.9173753756749566
-0.42862820699682136
-0.3151324958999438
0.45529109542277213
-0.23338127615956736
0.963426257777682
-0.26062296529937484
-0.4137278448210499
0.6825385645003763
-0.8708536699769793
-0.3184768131969409
-0.890464508096085
-0.7114357068662568
0.4662820611125379
-0.29450051801801685
0.5742297716029472
-0.14820883836161036
-0.5663486210052161
-0.5365026454220554
0.2930123320452106
0.42592981093190824
-0.3891825604574231
0.2845279968720361
-0.4795089740624596
0.8234680876425144
-0.24890435606138966
-0.028969447369181674
0.6695244121827931
0.549857136802085
-0.5223668043659131
0.8461864236702261
-0.3082447696333023
0.38475807785695876
0.6335551462092561
-0.9206044653615661
-0.08747417233621824
-0.23517672878370427
-0.1789178484206619
0.5667637782420311
0.47927257349707664
-0.49904493106664766
0.6938819002268859
-0.1418386811415036
0.49865760571895984
0.6204530095566185
-0.4807760657943524
-0.6985773654644437
0.18510943789519763
0.20574657582916242
0.3530096526890922
-0.534361327369923
0.5245522995886989
0.4215267282837008
0.6512672389126948
-0.32760563751422106
0.6440287819820423
-0.5604468891581768
-0.6617788911292772
0.8400804880451812
-0.9444142207581445
-0.6664087964429265
-0.1759442779339622
0.31197342181961707
-0.2829105953853213
0.2598005703168727
0.17179725707459112
-0.4476524441081623
0.9319086374978528
-0.6536781153552422
-0.09412569350671192
-0.3240430484549753
0.7868777751486836
-0.2833075517460188
0.952004597616723
0.5337386322780652
0.14820171499503043
0.8518624200415863
0.17681293144736168
-0.6334284773919464
0.2755202885342959
-0.6008599091459168
0.7597456897774306
0.009993304678071507
0.9308727334538424
0.7009696569036296
0.21894219762866565
0.985371547152462
-0.24279882057421528
0.3401954413638543
0.6003625799604144
0.9597883589391266
-0.6345992644002839
0.195932722921179
-0.1056344815204962
0.379707314814567
-0.3232015407456146
-0.22232445400818818
-0.9902543952348282
-0.19682615110783958
0.9553427698196971
-0.8441526291392145
0.5330687182196352
-0.40769902378435463
-0.970041720232202
0.4963304677598749
0.7461865950281638
-0.8161134404687139
0.046964384774608375
0.9789580356916167
0.27958877212509997
-0.9883443089647452
-0.6768744423548947
0.9855733400643418
-0.9330153838111367
-0.7411028477614776
-0.16763484607632878
0.6174700366788901
0.47240805009869663
-0.8038130858182418
-0.5481476136497746
0.05724340328806877
0.621306177509636
0.4441777799517748
-0.10698827384351658
0.5087650692451355
0.0477227147267713
0.5194721302288383
-0.8201885422337001
0.4702242779937134
-0.42043444879180875
0.5525325907863907
-0.29022572575979827
-0.22237061593741195
-0.3146039365647467
0.19704571002881266
0.9885914704836554
0.7053803617086668
-0.029645975448544595
0.7158401423038703
0.3423773332947958
-0.7088620627772537
-0.48234509971846795
-0.9446737748481551
0.132225619541233
-0.044314120128818975
-0.43425484616620214
-0.7487026986552091
-0.48563930792505744
0.6603470274360038
0.8339398575244753
0.38787618600851526
0.7411470707629974
-0.5873838472823333
0.6702388842468977
-0.8508417165675896
0.8868662841664682
0.480832911432065
0.6288487639724384
-0.537584144052334
-0.3205443584513608
0.603616646533235
0.4392627536315325
0.04646589146710768
-0.3187671382692639
-0.7111874241733077
-0.6454626089248533
-0.1831221042251216
-0.06346891880244601
0.6787575672174104
-0.3182425825134868
-0.8087543927449232
-0.30022307263081977
0.13159080832800116
0.5617322721641842
0.012842742783433222
-0.33876605496122136
0.40208431925823024
0.5680897121173276
-0.3273333568760494
0.41233914903995983
0.8960567899928022
0.5664564762881048
0.8493664446207952
-0.2518929705865864
-0.5756994378845651
-0.8892719235479515
0.8731257731416463
0.5279682601694767
0.10070329912073833
-0.09116529905131131
0.7147466539227081
0.2701495507128681
0.16697359626583758
-0.5335352842706509
-0.05876822934750736
-0.5379572743332303
0.5186015204878315
-0.7461815227802232
0.8609462157550345
0.509328211903942
-0.9198524431544686
0.04776297637397977
0.9682035906124827
-0.4869074927792778
-0.6907586903418932
-0.4531447410498826
0.740443498353866
0.17367845290511638
-0.9659678927875113
-0.287298193576957
-0.2860301584579156
0.7695429973646974
-0.9520199012036875
-0.9152988856900802
-0.07580560344812767
-0.35003782101267744
0.007570548602783473
0.22940510274165463
-0.6622957100019549
-0.3470911552743447
0.4338709523195725
-0.18482015493299095
0.8977795552174408
0.9287866984090036
-0.848354174765955
-0.6299004455578399
0.7434321649856104
-0.3705807381510096
0.9253024410065627
0.3574797999558829
0.5790409322563354
-0.9948716657290826
-0.6586021964583287
-0.6959550969893094
0.8512154865809031
-0.9955093741792492
0.5334840022958209
0.26619490489312536
-0.7768538289135483
0.7950249503519397
0.6832661387261151
-0.2880712910993069
-0.3295136257701546
-0.9256016897119707
0.5088868776930765
-0.20780151312535744
0.7393309089767293
-0.38517280761331607
-0.7257891696355239
-0.13685077748656269
0.020850374254180883
0.04077769918141967
-0.8721063587173564
0.9270846042249746
-0.1935693608660219
-0.15983756656075782
-0.16487053079857775
0.4795675483184248
0.7440250619891096
0.5143123494242456
0.9227851626002845
0.14025993545571291
-0.821672985749615
0.6030239300702074
-0.6425224773911193
0.5506552379528951
-0.9104184382632406
0.41273157789525927
-0.05795713287528184
-0.674854739766778
-0.23935161156250048
0.5370509686222095
-0.3547679494012539
-0.7500168973968832
-0.020029396864930285
-0.30785475209285024
0.947443617592682
-0.2450546933579829
-0.3680928918681915
0.1934460398678879
0.5481552004098733
0.931097525647374
-0.12288083262070221
-0.2651836910798581
-0.10714778874188394
-0.9929313561791849
0.4392548471295377
0.21889521146227175
-0.9043498694187923
0.9545121259518161
-0.26993021317973603
-0.609745049614432
-0.2984254152485803
0.141828416637999
0.7636245423188261
0.877605276027531
0.19666395548663385
-0.2462047758046979
0.4954393266663097
0.6984647898090085
0.9514474318190647
-0.129470700243653
0.7609221740140378
-0.767946028183973
0.7605317244547727
0.9459469060429598
0.826210275404199
0.8789781913260791
-0.7891896961607359
-0.16941636728862014
-0.030297284729364486
0.43180747844515455
0.4025487384741971
-0.3849650861211834
0.8680937726510863
-0.3222353895944038
0.4159154421469544
0.3539480104833161
0.46404106555586555
0.1537307145170021
-0.795760754111492
-0.9090292711487135
-0.11997194066194085
-0.23702197968372182
0.6963822819001091
0.00914157816705228
-0.1186626948531343
0.5513964863068805
-0.036469635815936326
0.684050294639591
0.3953669855489383
0.007030359900156458
-0.6700604195282753
-0.3453794289217457
-0.47284470018815816
0.3173189380110363
-0.012578189929518667
-0.3178357968206316
0.1039908267715865
-0.6206933275326773
-0.493688142089277
0.6628733095095118
0.11398102576539952
0.8479567117874345
0.6927031023833499
0.7371789227026584
-0.26008095030000183
0.04521328720966007
-0.7720281978905492
0.311291544786349
0.8893864950228226
-0.10954659197691873
-0.1604358787604619
0.8712583248927207
-0.72588869376994
0.9726170141008382
-0.0639678556498979
0.05934790404941648
-0.4016130602849477
0.29989188824536933
0.3421390902101817
0.12030141778159117
0.1459131438224806
0.7450949223490262
-0.7010426446686038
0.7999285450089821
-0.2674950660198624
0.7593463763198058
0.590143627434381
-0.4317186379870068
0.8472626880803007
-0.47594662850528086
-0.9330486833870726
0.02203174072944191
0.649321816002361
-0.9781157322821109
-0.6491873977373099
0.08740123241465064
-0.8122273453968508
0.20922481956160094
-0.08314963126633347
-0.9670532914511095
-0.505739617179797
-0.6583340006342875
0.5932816742223403
-0.3294016825673861
-0.903842316193345
0.3380130017574272
0.4515115431339663
-0.12784697910380347
0.720945027972351
-0.04908729585264187
0.7891539762845163
-0.5215704427059252
0.36202493119923174
0.7929522737936687
-0.26717931146821466
-0.9586040200624623
-0.1965271168915609
-0.6292642903796452
0.8288719209541326
0.8302527189423576
-0.6840395048258623
0.5673527717607468
-0.13939083879874425
0.9318680847515621
-0.11773379862425479
-0.36216760043110485
-0.9969587041819921
-0.5417541173791364
0.2607838227232935
0.010408697200447858
0.6519528203766163
0.6537821710936356
-0.05576409260263737
0.2990339459131886
-0.45660524396398317
0.04839816452080449
0.03503882691334307
-0.7229521055474656
-0.36769882028702755
0.8802608877775389
-0.8862629262652584
0.829298233771953
0.3147292260295495
0.4025022102293768
-0.5797683404474151
-0.0753895460300138
0.22391976868809377
-0.6155915590995303
0.5164857031404102
0.5721541347764072
0.950810722357783
0.05047730235255232
-0.3215524850711422
0.6776572636259666
0.31526922705721805
-0.9354108248255342
0.463267742732254
-0.6664102615828587
-0.34124994052586183
-0.7251433173532307
-0.7896608785281585
-0.9537345848594928
0.891924317285985
-0.605765000686639
-0.7965897643578763
-0.4179587950583576
-0.24264335886567398
0.4995987275561778
0.32580698902245775
-0.6079788480642742
-0.27144700856552606
0.7200882344208657
0.8883604337359698
0.71569174169199
-0.04456575878823575
-0.8335196763346389
0.33300540824617203
-0.40385892887192776
-0.6877186500741813
-0.03779120475912038
-0.5600166759712352
-0.14954780834529086
-0.7397620484955195
0.4616988879120126
0.3884120913121007
-0.08567124478753634
0.7660632318260591
-0.932044206100194
0.5570878884725757
-0.5061583245848962
0.37026640996952925
0.5320442894022082
0.2763876460129027
-0.3524174943646133
0.30929879924618403
-0.15663654520774817
-0.8912346523173315
-0.5386238164891813
1
-0.12213344540745769
-0.9661353533591195
-0.612777649437611
-0.9425774731369496
-0.21103314191859923
-0.30724686411833957
-0.8270752959517372
0.535553893621158
-0.8943273306678189
0.4366286372768429
-0.31778046090220957
-0.7238926108527872
0.8605685381594178
-0.3581482677234787
-0.24185373931218196
0.5204397829753298
-0.826953551199039
0.4495332630309101
0.3103451604531502
0.004940120869525478
0.3705990968134958
-0.09780598962219843
0.5910635837154449
-0.9909469396811584
0.4735606078905062
-0.029488312615352855
0.1149453121273629
-0.09485902347176937
-0.1409614117048977
-0.9764093140005409
-0.9982235000922105
0.02571253788677289
0.014449321795019903
0.45899990498970483
0.9929316467331312
-0.5329921594895572
0.7725553005157125
0.4200283793053337
-0.09870619084434108
-0.7251781368809307
-0.5366909038963823
0.13326514969746758
-0.2781159005130133
-0.9209529936618662
0.9013102316336985
0.35640236966532923
0.7283157413416825
-0.9911196614069003
0.6259378074568728
-0.0389234692771208
-0.21441045053961344
-0.010560947377960213
0.5801815342720263
-0.2330441838801806
-0.26695827068240974
0.24187566551967143
0.8544288308386849
0.4774595425404797
0.39341900756417664
0.4568620607494789
-0.3954731480303726
0.3268777804517523
-0.3289362457592623
-0.40933921721151073
0.2397795981496576
0.9249633323918751
-0.013920235732080607
0.11954827909180046
0.46327274047748346
0.32881285702909846
0.38725145357598434
0.4852827262972603
-0.3745479554333411
-0.022877205976042418
-0.9178104629235228
0.04819363816773967
-0.7126958402631655
0.755152387262631
-0.626586226378539
-0.4405028444170936
-0.6912357841649351
0.7067422978343317
-0.60108131268352
-0.618660837120781
0.2285743309965417
0.32970394868979674
-0.727782578368026
-0.5710414372120677
-0.4587385845706864
0.44427781196636584
-0.4595108343450313
-0.1422395923920039
0.26939666186335365
0.27201324298615737
-0.1010582213469317
-0.18334110843644194
-0.6952464551139761
-0.381452552277046
0.20369195511089638
-0.2866911051630934
0.2676597236001136
0.08913627670137647
-0.13610767706944524
-0.28934058925985184
0.5181398415793473
0.06249364856796595
-0.0485480922513707
-0.8935888649712901
0.9868856030597497
-0.8304824082713875
-0.3419862497989789
-0.8597537224185348
-0.40198180424419006
-0.6731805696962256
-0.8692693791564201
-0.5141085314094401
-0.26769155975174574
-0.907248343344634
0.004959099169464647
-0.7672686747039386
-0.3942002643962466
0.06308612421736201
-0.6412111104469312
0.18666247763888003
-0.3786345231295239
0.8505286514518119
0.6384194899827134
0.7062720706804948
-0.9557089952727064
-0.6243408049227487
-0.9820293758396972
0.8147250920983216
-0.37677894825603253
0.20625162152497387
0.831925968975556
-0.6816287236800397
-0.762578732978259
0.4000079006637334
0.8692535187358138
0.14362808278986247
-0.18616177170780002
0.25583415567367246
0.07520600245726061
0.17547427392847528
-0.7358309123369502
0.25074169468045615
-0.8898421875664582
-0.8033371813523492
0.10331209683744484
0.9458022747729646
0.5695118903457741
0.09045322307086279
0.8755312657372369
0.12158592807009373
-0.3697409630582574
0.4206473318121337
-0.29146533845775086
-0.2106174277293452
-0.5149782612865532
0.43759959154972644
-0.767658631579982
-0.42003016093806517
0.4546026979187011
0.5031583786105576
-0.6652436970534388
0.9343818099768726
-0.6991830672233625
-0.3496723483850318
-0.10864456566766145
0.3557976260249712
0.015287601054897047
0.48426610965903355
0.4161607684559045
0.8784410455823746
0.42640582818679357
0.7599343089671459
-0.6000944309888714
-0.3663695675148957
-0.19321548921880824
0.9672522288131908
-0.6997811100962883
-0.8061705506341041
-0.6678202715511675
-0.06326787951750991
0.7142168430578282
-0.5754980500899274
-0.2133470457902133
-0.6373691656577769
-0.8701981936844184
-0.1074652537915092
-0.5767745185308059
-0.36474306988570265
0.2648971095655836
0.9376940522437435
0.9088252073921125
0.23914353244195066
0.3989437786898943
0.973749679558632
-0.08240347799740445
0.6378945641405417
-0.6730782284123669
0.21333225098174746
-0.05371584109642434
-0.08552520531239236
-0.9912974354847729
-0.9075497050681439
-0.09398968033569079
0.37698522047354366
0.2584633300111886
0.984788612049895
0.9090647672531627
-0.7467569522189252
-0.9691152410176217
-0.10603364567820542
0.13519372053901038
-0.8207395352020598
0.7745622389166427
-0.7714578694360524
0.5565938448525728
-0.3203213785546498
-0.2748040652861014
0.28497705010953994
0.779034428162623
0.7410359586777753
-0.34585649577465916
-0.009554902679605716
0.18880460897474796
0.1352526699428645
0.6157702024985899
0.17443536213633726
0.938545644542548
0.767747507559601
0.10840570972494123
0.4027755048591292
0.1644116347875062
0.6935996462228528
0.7451521657918001
-0.7036790283766272
-0.6000973277822544
0.16218700719493712
-0.9975030839156187
0.6710644014733511
0.8143185745661338
0.01728485954413056
0.6153619038722149
-0.1441667877581869
0.4778772431466747
0.3016863246394973
-0.5190458260676206
-0.5042864154319526
-0.21187715306127547
0.09972644283580993
0.7753635039050937
-0.6366869608635158
0.6071006757768361
0.04325734671505868
-0.9054803172526994
0.06962204233105583
-0.692278824599432
-0.12210706935142143
0.7744754521755082
-0.3575856709707766
-0.15237584173238214
-0.30071051773043356
0.24542350444794614
-0.990291240316771
0.6749822808961541
-0.03662026927288387
-0.09824928742068102
-0.13591810222404357
0.15356709699149287
0.3817522734960087
0.5555218785581696
0.625839028121775
-0.22255410319646182
-0.04278417001091669
-0.7677375803732688
-0.42852462744644015
-0.2410548278760022
0.5076832993091243
-0.756679953272072
-0.4396060653683816
0.5298090674095811
0.1594979783276309
0.04112994810573987
-0.8541683405666886
0.3669572522641758
-0.37873776965641553
-0.647778408414787
-0.7687692835641513
0.2996390166956091
-0.3082591770052365
0.5388727789650171
0.014515507908307074
-0.6640287504635047
-0.6910609849955734
-0.38725828344789803
-0.341941314225424
-0.20391975941195079
0.3663439788307824
-0.8093481441885939
-0.4404654287814095
-0.5343820487588995
0.01764939158070088
0.11711534469192708
0.45080644214216853
-0.727948443736822
-0.11171115024199689
0.18929563645366015
0.3664838047234224
1
-0.566040662851685
0.8622832037823199
-0.47589318040238077
0.9477055339275989
0.7124397044671116
0.7687682113611582
-0.9856771227283422
-0.16329844301616553
-0.9480298362981571
0.4691496665142878
-0.17949544860882205
0.9108833209121285
0.7261931552078338
-0.7361130360865321
-0.2663443733064207
-0.20408302433250267
-0.84071191850101
-0.5506853084694884
-0.3666043624835611
-0.1160098573950588
-0.342714683411082
-0.6027267858963516
0.4773231435885207
0.5872374881742866
-0.4063247671892786
0.9010855256199335
-0.06458234784490119
-0.6556795424432189
0.03610444273802254
-0.41618857233005624
-0.8457553775978873
-0.4608681491988408
0.0519644920537025
-0.6358038034553205
-0.3448201810076771
0.9940546080842043
-0.4588619958169597
0.5225173017340201
-0.9083581336949234
-0.6986769872225087
0.11116104511736274
-0.5738232792092306
0.05033317888300106
0.5653025764870193
-0.2742914369010038
0.3835228953017425
-0.5865327423012396
0.8745247329834243
0.145838902468756
-0.3601551287302177
-0.3086354246620467
0.28992977481727944
-0.8807012598003078
-0.5150887483044496
-0.8368413755527035
0.8942014529457876
-0.2049378583138785
-0.2005823327314089
-0.6025032231650844
0.66650919199792
0.6830931816158676
0.6291061102612566
0.6629567578511824
0.9599835441780248
0.29575915592353885
-0.6794794507995343
-0.6742711162763669
-0.5174317889110328
-0.479155658784843
0.19084869895164627
-0.04465693496556519
0.2798686387020265
-0.5959734509219987
0.9719678863750222
0.8078975110625293
-0.9921514353299873
-0.29054153375589903
0.8377868231123902
-0.00875733520182688
0.8927811140712195
-0.286070831790637
0.8277385882952528
-0.517638376540581
-0.19378290428943085
0.2153187946501377
0.1658209661487811
-0.2780031471400693
0.7320944563931258
-0.311405010612633
0.7545430472355302
-0.7558122889834825
0.38762194592528204
0.6929423793447577
-0.8478710464815974
0.8364967446833403
0.041224490610493485
0.755942534786527
-0.0516566611375813
0.6114055919543616
0.43217284050737065
-0.4943443115547813
-0.9567270374836756
0.39910924976099205
-0.6483552769520734
-0.05948375566858556
0.3139779105769772
-0.47905130195438167
0.09894943676507362
0.640003782439315
-0.260793699520148
0.845249555976663
-0.48786012221019764
0.5776074283991572
0.44953700018568443
0.2953203217706097
-0.8826828213440555
0.7927997820315159
-0.8200400070222367
-0.5449962989075217
0.8159662599678507
0.04067343948865483
0.2542619126419443
0.9911648823097841
0.0773709289296315
-0.34079030243525055
-0.4937755572370598
0.35223778076853185
-0.05851376078497983
0.30319787893532624
-0.5603910072730746
0.7011652930861353
0.8823111382043823
-0.16898873327711728
-0.23620807227864196
0.09438400700066392
0.8792232296290442
-0.4692411463530191
0.7014878274578797
-0.906362262449821
-0.21366911318572535
-0.9189431073326018
0.5311887926734715
0.13797952905942484
-0.8648541203102067
0.6077990603402403
0.25098713012432733
-0.7386247384954451
0.8702708962558268
-0.5005531595485915
0.5407430087132039
-0.15130812806693894
-0.5813317778242034
0.38560319179577657
0.5550189914475098
-0.9014278940692715
-0.08073498930964232
0.952937217586708
0.21561522830957053
0.12278164920173672
-0.09848441196329992
0.7251396964558273
0.9889121102328583
-0.5413344486278421
0.1725083682143773
-0.7000443902708514
0.48052545193802576
-0.28060162004089784
-0.34053807281611403
-0.995473728840716
0.9764670862760815
-0.49543314014688816
0.4345263362316306
-0.45157290348719153
-0.48989007495569614
0.682468573730742
-0.9881431661400982
-0.02975638957662477
-0.17563610309326577
0.3620811831006708
0.2832275281874689
0.09744547994363117
-0.790641625662307
0.526916114441856
0.4809478496275623
0.7837263286403193
-0.5290651884415382
0.07436953845103114
0.8817868556662237
-0.48702356434551447
0.6080539907594472
-0.4553348457168529
-0.7883082329908911
-1
-0.4073189758059475
-0.890373134464092
-0.10582883863332487
0.25436237110346677
-0.5964180303032006
0.7020323232792567
0.6292593376874906
0.3680287683452513
0.15598162481049366
0.9434896568049245
0.7650445904559484
0.16502813824347595
0.16789331559606138
0.7886256679444202
-0.7188796916742538
0.6104916397713805
-0.45910353560684924
0.9282540316861598
0.9552969357266594
0.7981105025921043
-0.8055616823345224
-0.9778142823306902
-0.8597497255190915
-0.9864077509107588
0.413130392157648
0.8996846190186379
-0.6733103677173934
-0.28387193407485617
-0.3134731629105024
0.9192626023599529
-0.7621861557157318
-0.07192609500336158
0.9747529264875574
-0.8148012253450683
-0.4552278645509401
-0.24317002939598034
0.16935567686950886
-0.9923962966573113
-0.3405885368830559
-0.5657418199090498
0.3930315272301682
-0.13665333106515284
-0.2036751655052572
0.8709736652229375
-0.653751469795687
-0.044382335324798364
-0.1607724482409732
-0.028729561811982725
0.23607078155708913
-0.3324198497234007
0.7072650765917824
-0.7076299072120249
-0.302805562777552
0.0389090633744992
0.9094786141906318
0.564929243782025
-0.7323574859951058
-0.32041720227858717
-0.6420995430010715
0.8389445202168728
0.410325670631635
-0.9235660300773851
-0.8101774210856058
-0.47319572234535573
-0.7297885338056029
-0.5580832798302197
0.2319155499969195
0.17958837275525397
0.6194511809205991
0.5349561714338549
0.8268869616203174
-0.315205967493643
0.6155077761460125
0.6792984684480695
-0.8129372725079602
0.21057664489125089
0.3501804334688309
-0.7024003906964169
0.9592226219487924
-0.033650808434969114
0.2666974481850458
0.4991296542494631
-0.9048503357208911
-0.8983435226886898
0.014499457962506037
0.27143199557851677
-0.3616571416909198
-0.4689511511010556
-0.06558854301640865
0.9358049959848156
0.4432952786637641
0.24353868866521683
-0.44195775312696706
0.7594560167254496
0.3006304023859583
0.06676152434416305
-0.453399093198147
0.28049044552750274
0.14128060321960662
-0.748264218011055
0.3682221236663815
-0.31224584845577624
-0.2626588532899919
-0.5526231854272371
-0.31641760409364456
-0.22107972078361482
0.35044026312846954
-0.1185243421658725
-0.6753944158225832
-0.5154331016851531
-0.02451641732319345
0.46374332666456186
-0.9180603536534712
0.6455854000694772
0.26027306526032606
0.5855721868155835
0.6983708300653075
0.5032634718500041
-0.2802823124576616
-0.5705554402834209
-0.4862300836288884
0.8166951711506835
-0.5873488998654425
0.653579596793479
0.34668582859970587
-0.6743956883299403
-0.05504799990207312
0.824268125961264
-0.02345486149333287
-0.20191869946731206
0.833909332359692
0.7449792926943788
0.897622448163371
-0.06869384915894708
-0.49906444382606274
-0.5592828854349019
-0.756077795852896
-0.33186088740020275
0.2491658168086938
0.3748061289732986
-0.8223695047612289
-0.2077202591291656
-0.11322043631238979
-0.28861596785841126
-0.7009482317456982
-0.8975811605482187
0.3802774720720927
0.3090732722596973
0.06055005803317799
-0.4019868987829188
0.23541732977132424
-0.9735167347146226
0.9209312330269477
-0.9299669916755602
-0.6182740767826358
-0.5659241361034119
-0.491254091066906
-0.03111745347299153
0.7522941540014141
0.15233118463978038
-0.5554221934227632
-0.8939942578187487
0.03191242381035083
-0.3551331768115906
-1
0.08878194613855613
-0.8474219650765286
0.649129013539086
-0.20334548128970553
-0.7035245976967297
-0.3839879228395875
-0.8382910510153474
-0.9928217209504812
0.48071081291871165
0.667125637945322
-0.2650214681392666
-0.3344619873574483
-0.02249110249733932
0.2780919333829595
-0.16302674024410857
0.31994786481823817
0.9524197884082986
0.34148127841101766
-0.22990674991064414
0.8509053193916243
-0.5850812609540108
-0.7919571570167342
-0.17731891051525242
-0.5687885463670856
-0.5420703198294154
-0.8773435277316465
0.16005503025834455
-0.14253937373589595
0.12234489530780981
0.6940022566515699
-0.5355736226133929
-0.0697346783680647
0.707803458285556
-0.09664890191942554
-0.42935189902631
-0.8047935094961798
0.6410393220476591
-0.8031952696400197
-0.5800699243852668
0.3592210192954301
-0.4119925482950051
-0.9644204130590678
-0.5972978438622213
0.1611354600069876
0.5867471373811269
-0.6517598602987567
-0.5358364041682515
0.9854284092623072
0.6785899784760505
0.6797306226871432
0.9060312605876143
-0.8762068762064484
0.22970809617684004
-0.7168337313851754
-0.5502571642424802
-0.5834284270713378
0.4946725878720671
-0.6295776876566419
-0.07801548474732144
-0.48869679479155986
-0.004401866749475596
1
-0.4364369249417041
0.39256544779780606
-0.7167052327154164
0.5290860100759148
0.7296529714412389
-0.9063391562130864
0.5746646561845379
-0.7862551207711408
0.6782122496264713
-0.11991179737882163
0.7277661692591662
-0.2304352624704501
-0.15407647490642465
0.46058694105021636
0.899085750425861
-0.9574129676485499
0.9156192361762111
-0.4061375625369722
0.9441810761793793
-0.5417925039682873
-0.5052024622449507
-0.7009477762333884
0.8704068966786106
0.38465226348378173
0.6543248209137054
-0.8009808902130758
0.2747831193247706
0.7445340172749976
-0.660067933179862
0.5572045244168025
0.15099512262579176
0.5353345570598717
-0.35425154589918445
-0.31893912708050043
-0.6711939238729819
-0.39540603364175564
0.30805420224263896
-0.09025168282011045
0.6188969501233648
0.12049574516159889
-0.3957425613434258
0.9058289257622921
0.5354792916857342
0.38634671078877214
-0.04208227259228647
-0.21653831474753077
-0.4487664971960221
-0.5479123301755313
0.36457197977085887
0.6661405890457356
0.9702405096435691
0.9824024177139284
0.6793614786903579
-0.8996993990731408
0.43397802611562125
0.41791746575253813
0.7625961103449905
0.4798976282723743
-0.3686575296638467
0.5937030930541902
0.9963028912785045
-0.6589569695990445
-0.47457509496808287
0.6204131268343316
0.11146286996444058
-0.8098674764803103
-0.8853146773417904
0.7435156127918315
-0.3308783693646168
0.38956149271211815
-0.16976305324921098
0.7771723141504726
0.6461036437993958
-0.07681107220858109
-0.0892718618286405
0.9445407062476834
0.19697172196210105
0.8336944992828197
-0.534493552541155
-0.3714774295624826
0.4187316751003492
-0.6288021257698472
-0.41681420133704816
0.21974432327430313
0.8166671404029585
-0.6842591877827083
-0.5377780524824474
0.13021183930292182
-0.7048972084644074
-0.11631041716248555
-0.6088428934119711
0.8232516769023352
-0.12234582958959678
-0.9301158088057544
0.24020198245205018
0.5311338089434007
0.3650464408254469
0.02560210159432831
0.8174658511592403
0.7278863882776351
-0.4181016573308783
0.632263306248357
0.9499108733377529
-0.06294086872946064
0.7915968508135612
0.1849592339884934
0.9654435852325527
-0.7199090695409427
-0.9315344046114868
-0.32174136591865315
-0.6414511295326499
0.0919798670658847
0.287271726058497
-0.966934371573815
0.1940689308935929
-0.5599602210314125
-0.6604593037209409
0.8172205627710245
0.5317392207596197
-0.7062979990678527
0.46982276686161045
0.9160568776844312
-0.4653060409890211
0.28003093316364097
0.6167915519426925
0.44792397517570476
-0.5505770796752854
0.15931723130106729
-0.7669535703206147
-0.4052779678185175
-0.5977418681309158
-0.8978673564510272
0.46968082478377954
-0.4340821928363755
-0.773063768667605
-0.16210467786756227
-0.7562361977410661
-0.15900687485323967
-0.05229681172703666
0.005205301683219846
0.5141186463834126
-0.9773789522399416
0.3625900727735109
0.3295926891686811
-0.08888109915904538
-0.4059985186702407
-0.7586293049057804
0.4064641886722096
0.6588537013800235
0.00969325780163152
0.5939638672951827
-0.8747477887702171
0.3984887650568147
0.9173578411459395
-0.4658119894768904
0.5799077078546948
0.34924155854231703
-0.2617957655963649
-0.7437213892727302
0.20917883772947324
-0.20456290271007557
-0.9716830012951213
-0.663371818123503
-0.2791212120161796
0.7938944652057887
0.3040924212937265
0.8776641817462174
-0.2616235509494786
0.210359937092863
-0.6830531034661457
-0.39416474819209507
-0.39954607602994635
0.9506450737579542
0.7281314741105902
-0.3018817844662129
0.632142517200499
0.9619917725229213
-0.8444017020232917
0.35561197014326207
0.04696887782559354
-0.9792643123168682
-0.688448544660622
0.7763587677171244
0.6247581997001197
-0.46389857235077725
0.33945187568323465
-0.24388908698243505
0.9905891092524803
-0.08099257131074213
-0.5919076927469238
-0.14944213893950814
0.9935231296420732
0.44936286407816434
-0.3953434016935709
-0.24967568227172293
-0.8801472463283337
-0.11350896418092071
0.6948496979834312
0.7628904903800581
0.1427211171703794
-0.5416946448427293
0.2887634438794392
-0.3327587423304603
0.8467847620245943
-0.12294112437159774
0.0732706163537112
0.46201135524992537
-0.856698972567002
-0.19096505460301488
-0.32240927429006044
0.758846499250733
-0.6156518871686844
0.06634526593662794
-0.6721809995454032
-0.9610992120053704
0.40985562336336495
-0.4115603293790355
0.170744625340312
-0.04987293172500953
0.25543506746095307
-0.43137840958278517
-0.30351814431340174
0.7835031933060105
-0.16694398436147098
0.9083476003803741
-0.5738855189519005
0.7726240169176578
-0.29235721144878135
-0.17960083155976267
0.6695593165224342
-0.023160407022162016
0.4689993255071424
-0.6782994182028045
0.6585678537151063
-0.9268540622094397
-0.12063983435149903
-0.6611317749136535
0.09170892709291176
-0.1764897209832675
0.7309843909729509
0.3702589171973773
-0.5603776132358347
-0.3116708338551814
0.5288978227453954
-0.092229549918601
-0.35688161492145654
-0.796292420313265
-0.4441704579140815
-0.5378578847080149
0.20453127660922005
-0.4092875790139238
0.5886328735325826
-0.533701041549103
-0.7335774354001812
-0.2958465977900149
0.4956711700109063
-0.8219418412791764
-0.576768262795497
0.9420275663455098
-0.8578592030502539
0.013838088202625132
-0.7466876762065061
0.7818940032602549
-0.17917503655300643
0.29375667883573936
-0.6528907078735302
-0.08110934957249699
-0.7568229878721162
-0.83079641564316
0.646261067882545
-0.5106569090378247
0.10931960989721136
0.08460900209114008
0.3072778079182064
0.2250563294904812
0.3185678991977367
-0.48157422389138216
-0.7020567442024586
0.7070431711901148
-0.10422962168742779
-0.8068513404388262
0.00327256318718367
0.029489019046112733
0.603299995719997
0.3447024931922585
0.3465853765409356
0.9882966838973182
0.3325047934564533
0.43744988458365214
0.2772726874249791
0.8649847503990014
0.7094635264529469
-0.28421176436796
-0.6225204538097203
-0.2404893950748513
0.587888028873083
-0.5308162710897651
-0.6599619119385024
-0.5807772538034913
-0.24828763934457151
-0.8865864475790426
0.18221238799650782
-0.506508094451484
0.5863541795170913
-0.7620936396771327
0.9409402345245065
-0.6604823707926349
-0.8199855535281458
-0.32120622419014455
0.41171977537321525
0.6384515845384879
0.20905611552487627
0.5916543303123049
-0.7539539318142607
0.38607002096266774
-0.6764317656850345
-0.923068890019125
-0.5399276537566468
0.43354630908368424
-0.7205899448176032
-0.809301872892443
-0.23407466908689276
-0.6316052126885302
0.8862792009473542
0.8710102704945129
0.13885652371051735
-0.6030306093994322
0.9127869481890458
-0.8610506347629717
-0.49597974637337106
0.3642996751050414
-0.9676325476566786
0.9446276322143891
0.6929198486370254
-0.3397077280735103
0.1217797591922769
-0.6638631247960707
-0.24436634978103206
-0.7041531649395284
-0.07458294192647213
-0.9567370676832073
-0.10754379081464151
-0.9160631443172751
0.9476460587842914
0.8119095169843221
-0.34601535051045895
-0.9354912054608255
-0.07087204284831825
-0.7572845486389118
-0.201130111548609
0.27427178680034836
-0.29492891493792933
0.2680641955400609
0.171266707275686
0.502782961855203
-0.9361610861431919
-0.9341592620450513
0.5608616122497917
-0.28113779064002126
-0.31260071003494005
-0.03294847391978771
-0.1329226962949957
-0.10501927035695728
-0.2103468377491781
-0.2348639010342671
-0.762410682342482
0.9926460903113785
0.814742189578547
0.9145575573235677
-0.8027375814569302
0.38211061630053156
0.2144524204851746
0.8301210000800264
0.0030630105133029745
0.37732183835544214
-0.20459385104621544
-0.435951855545503
-0.9665447468898117
0.665037553453174
0.2686169361245943
-0.6309109144099998
0.9021510134877873
-0.9271260648406736
0.38073495719594525
0.5571701004285791
-0.7675837544870456
0.1034253886240568
-0.11893068620251525
-0.6275628595540147
-0.5590292035591146
-0.5884905464255421
0.7615389398790463
0.9243229694252617
0.6273020364071784
-0.08306620944251344
0.4350724556751214
-0.3691014691588256
-0.7610359685050846
-0.25087414377029627
0.6509958713079167
0.24248413882561556
0.5699370984451883
0.6413398527294683
-0.3709278624870985
-0.1520930313226377
0.4307828722513625
-0.14912661867845234
-0.19076412605488824
0.19134056489411622
0.6288065470607277
-0.12546107449568392
-0.6771854154524382
0.775207457840251
-0.08728773392676095
0.32596520169742976
-0.8251490062826783
-0.5346275218748326
0.18181279031847705
-0.6133482707243291
0.6979730467094237
0.09549834433668006
0.24195562277447033
-0.9466835685765906
0.5266657104319917
0.8006430564804627
0.10382933405024594
-0.32918394619863905
-0.7549748730204232
-0.291506039681712
-0.8457290072992844
0.9844534703926914
0.24057140233078914
0.5838661403870667
0.1666772158320199
-0.11249761400187964
0.07916279292472868
-0.4818959683535417
0.26307577745923083
-0.7849257811366659
0.36165029523893155
0.4722614726085406
0.9096380271328207
-0.0907407167542545
0.0707320777660326
-0.15657745825087857
-0.9047259062856273
-0.03689018489097229
-0.5644083737221152
0.3473196295027308
-0.778038408550064
-0.608226017634269
-0.2019831569627685
-0.7120283978053388
-0.7904244529639353
-0.0209699080936928
0.47037934805955334
-0.2734092340863454
-0.8378139297812273
-0.7902065712939136
0.3260900324178201
0.811556764524236
-0.2228318895344693
-0.6537407586762692
0.7614535796675717
-0.6189713126432868
-0.030924172369428647
0.45046487115778366
0.31107989424446564
0.5797180317784727
0.9441533455253092
-0.0971641162104081
-0.4584698531396015
0.23261555719306115
-0.2841989267862859
-0.2991583516752153
-0.9511331384884419
0.3729195232761141
0.905548222045609
0.18852127208004074
-0.535693132047112
0.6984480048354795
0.10115576761613841
-0.5230069206489038
0.7831661050409455
-0.7526217277062387
-0.11876361251767195
-0.1345397903067847
0.23221112513282516
0.4575313875691006
0.5945865709704966
0.10413128239184576
0.46240898071286035
0.6177697455791752
-0.7893347829183989
-0.24756841999378956
-0.9218971444427375
-0.8599722359588076
0.1576046621862086
-0.18845204096988222
0.8700418316650509
0.15867128606016964
-0.8237432813083831
0.4099459011143785
0.7014889156682953
-0.2586847518347165
-0.68976769261702
0.8547281037269593
0.08591040642710414
-0.6904787410575959
-0.9430280086779671
0.4370338216330513
-0.37660168150627243
-0.4597304235012035
-0.21784841080344097
0.7522777654980232
0.5004679843436357
-0.6478763799468207
0.5803944049680408
-0.37332412691269806
-0.44844401817823604
-0.3431334727043047
0.909686202311135
0.9904660492415355
0.41285145934744105
-0.8504087612275645
0.9759876440584072
0.3079351719087442
0.25696827213265355
0.8169532383194085
-0.9187140270644426
0.9475639422347983
-0.9091463039236037
0.5660420682524852
0.021689019901770062
0.488239790801971
-0.9337579674425072
-0.12033516330131606
0.14681455079616793
-0.9447492656700722
-0.5731809003378133
-0.6069519091311126
-0.67080564532229
0.3263676786787973
0.6824519528392273
-0.7586696077866046
0.8680140157605121
-0.20526986225717683
-0.42047377840684125
0.14746666771236858
-0.8386546017687125
0.8312777608404083
0.4956450706472746
0.9730194555153253
0.30259901231890696
0.8716726509947454
0.2746116099972163
-0.18893643065462723
-0.7142625447593309
0.6351451021904237
-0.8348335230576147
0.3883641894489045
0.48190166921053623
-0.7749461373885048
0.1774524727590623
-0.25701320394469607
0.8134265777734069
0.5980909349540678
-0.43784671168705747
0.7243928542056289
0.7214390969690553
-0.7627008835634388
0.47303774869989546
-0.4699162186306867
-0.11716531222438968
0.6868945984619408
-0.20278279044076875
0.029446206695990226
0.8829188932124663
-0.19532252093989785
0.12285205502106619
0.7357167459956891
-0.9721313140759569
0.6651568894145893
0.026519151511052972
-0.021279282589235875
0.8276188335695495
0.8095631485780377
-0.7277079553625003
0.5427021674734998
-0.18260414547099268
-0.0033349575100245143
0.18512798583678441
0.17570797004912217
-0.9896746059482765
0.08760031509970465
0.9984657883937684
-0.03414554363538726
-0.5865403424042578
0.10816607760295623
0.6043679119362911
0.5822475795858898
-0.8467436401948074
0.7729106392839484
-0.20134528113466887
0.43238197919717997
0.016182284435373985
-0.8971331911342233
-0.6112837727787338
0.12744907889046114
0.6260149103869765
-0.3841218124397985
0.5333892837616907
0.21879467676525408
-0.2984947303040393
0.5031995146266465
0.7910419936273388
-0.20098489995993676
0.6759983738182307
-0.6331043793798371
-0.04812709387846719
-0.656103256149532
-0.9343668153482905
-0.04837879098177517
0.8324043174741081
0.5296229557259283
-0.8370674330506831
-0.5856205236341987
-0.6086676716544603
0.313119299884723
0.532130010213621
0.47923024800358077
-0.7553240014871937
0.6984431715249444
-0.3519050383478215
0.8780881257655041
0.9076227471470479
0.7476218849537676
0.35696718585865433
-0.8691637043076381
-0.08018895841620668
-0.16474477656276915
0.9017108728891243
0.8160445827039559
0.10719987566596371
0.08735980456436909
0.4793968028575902
0.9246633487140268
-0.4178908640326566
-0.8667306277043222
0.20104740756909797
