0.6475107349317042
0.3704113461062328
0.35828192708741996
0.9727311328967596
0.3373496963273047
-0.7091494356324715
-0.91859578949664
-0.2502501926426106
0.14635656961003976
0.25579945406104193
-0.8450360999158371
0.22968869917353082
-0.34336539472928046
0.7931467266823522
0.41550298726182705
-0.909516686350069
0.7597591927255483
-0.46748118753887596
0.5744211413433893
0.1863579471282481
-0.6844588708830963
-0.30117667649123064
-0.40845481349097407
0.3129396440198349
0.44875971702378087
-0.26877334994369606
-0.22192563784029187
-0.4466391922466869
-0.6383693051678953
-0.2909970560863847
-0.1725339583651211
-0.7511345717542564
0.5901898655701368
0.30379293343553854
0.7070049101358746
-0.126650215861409
0.28452565295595267
-0.08593584332119675
-0.8060558634807342
-0.3269424086233997
0.562730698877225
0.24860164407309096
0.573467778285927
-0.16756030437387012
0.2541171969972653
-0.0886913368877772
-0.2321176362317893
-0.036746433030337
0.0823437563983169
0.6698479187233033
-0.2784171906192811
-0.8847874941973898
-0.6633269781123232
0.8708416111023404
0.9646606058919974
-0.15788155333970635
-0.7403606146378796
0.6222487319917744
0.9159209333722407
0.2558127703800934
0.9246165743223169
0.5859883138157541
-0.10891218806788037
0.49368815218458684
-0.03647906387717198
-0.8416205880231659
-0.9777401399671334
-0.8859449754021805
0.5206433749158106
-0.45638801871654905
-0.01779271451112103
0.7886106952723291
-0.4523597790549835
-0.1397425590675792
-0.06981656442838874
0.8340082857911175
0.19299986577837924
-0.36953817833662206
-0.529979271298157
-0.3229898776788894
-0.5034122755548712
-0.0836418595174924
0.18543740572899634
-0.15939290423695668
0.8157241161936712
0.20192541024842608
0.8428103040012287
0.1383577688869478
-0.7471226200586267
-0.8281915899193277
0.5387500236150946
0.9154477341522352
0.037053433244898244
-0.5885148551355457
-0.901433921863616
0.568954436133628
-0.24653049358911303
0.9125341594017636
-0.6044382316072677
0.33233736414883963
0.7673259926165381
0.16847281619062246
0.05840037574467698
0.5066788016146456
-0.4912542052787882
0.45946347584216557
-0.43882428613286034
-0.7433421327668178
-0.9524650800465861
-0.30839875142495216
0.9428566285307778
0.39097922675135705
-0.8020111867485159
-0.8371935589123356
0.5946259462723343
-0.37288491190153294
0.4466094972739152
-0.5392410404267651
0.9005851817731969
-0.32423427242720665
0.37691778280812693
-0.2495284412242072
-0.6286055818101648
0.005694602519820015
0.7388952057870941
0.7788994162956632
-0.29473427898397403
0.48567061832177905
-0.8454654811847521
-0.5455501826527901
0.04329910507116824
-0.32561405576064995
-0.10091189108866444
-0.013192302701176647
-0.445226052887932
-0.2633671322218267
0.5010906412666062
0.7841043326199842
0.42605327592135683
-0.15866694824346325
-0.3792309006268207
-0.9584075561063155
-0.4913541054292519
-0.024257172908294596
0.8197753676014062
-0.9425183623698677
-0.2291840845453397
0.7366602058198789
-0.4809085734499337
0.9786242206654855
-0.45549748585483
-0.29490456679136484
0.7353968986019164
-0.7786939359702411
-0.46319468011339476
-0.6845756018596973
0.9431812142954397
-0.5181063939000669
0.32265112985881617
-0.4613167445377599
0.07980667940902025
-0.4571807056325202
0.3525550076583969
-0.11051808652494417
0.961055308577636
0.35580132515450796
-0.025363525095620384
-0.4593967593003518
0.3630693412252175
0.04160878793725026
-0.1023920629257333
-0.28517493133376326
0.564886717882166
0.014201635969155689
0.6909231019942593
0.6220238110170981
0.42715421112140955
-0.24806227787507554
0.5252238839158555
-0.7950928803360875
-0.31005667517697794
-0.3976512668621136
-0.48292422907590027
-0.3545306263959213
-0.9406908995715689
-0.4662744110549707
-0.5623777280959849
0.1346785498218038
0.8859193367887592
0.07697809587020575
0.8961928369539285
-0.7772374908109497
-0.3033688953020506
-0.2613124123163467
0.15682551806090855
-0.13006386468427825
-0.6188968385417131
-0.18201035989083875
0.268886217823985
0.0005525142996511516
-0.2105196949529988
-0.4810114322106014
0.10139405079505598
-0.8486584764363527
0.3098395833841374
-0.28821016155309886
-0.03544154015233866
-0.5832801274955852
0.18589370149253487
0.3123683622858751
0.9450205641709565
0.6573026360122344
0.9460269987600759
-0.7528143746410317
-0.6181349456618956
-0.7735563503586244
-0.5793438071775852
-0.9787127164643818
0.048255932595492386
-0.2635918436001446
-0.1888928924603795
-0.7752382494420238
-0.8455119908805091
-0.43940015767939694
0.39545602055036094
0.10819555212538576
0.7002942551527968
-0.5052817041325077
0.6450652174354092
0.3153552967408256
-0.14257320695050396
0.029759000824331854
0.5052065805186977
0.29299351322442696
-0.25674181707105526
0.855489805006086
-0.96858660066857
0.5090836600043012
-0.2013349740997072
0.30153346322441743
0.15786435709708996
0.9409195535693194
-0.7931346032284959
-0.47426976697605444
0.6363109662718544
0.2686112883843915
0.41685295931512517
0.47506746556356444
0.7481042159908102
0.34240186301087006
0.07693137285432691
0.3060295993868242
0.44570981431039164
-0.00505666463988513
0.33530040509445946
-0.07719748969172914
-0.27715972692800905
-0.2528591041031867
-0.1023553712352123
-0.7207792557073861
0.38389605458044695
-0.33298257103303774
-0.8952669664230191
0.7636689787664452
0.7496904266084518
0.10011362731875163
-0.2585118528834698
0.8774810866347577
-0.6429293658858782
-0.7935771201972596
0.37013442907173366
-0.20490866384649492
0.7056485420963721
-0.1358949420482829
0.8273622152723743
0.22375314883623432
-0.263193230523497
-0.31970290616483377
-0.7972024078557967
-0.10576924871977332
0.09061041023179649
0.6108205950835642
0.23002081966202778
-0.22863648768341918
0.056388904642457716
-0.5557113131713469
0.17273417846850414
-0.6252285166546913
0.36706334285469083
0.5303264817284022
-0.21423186542032985
-0.38633666630997937
0.29331744990266684
-0.48936365250790886
-0.08447918966683213
-0.030440657224333995
-0.43476426241222865
0.7499065759187494
-0.029356820274528114
-0.3699824208945493
0.47569763728800374
-0.8815839305176124
0.34078915477395827
-0.3170690636913896
0.09120140361320382
0.926217217852975
0.7170427509652745
-0.24557620362333243
-0.9128248131791702
-0.10847514883039482
0.6264501439207506
0.6603448745799955
0.5929940288150395
-0.5859601351834872
-0.5005141465041146
-0.9306630336484942
-0.6538733363476756
0.14223695371201342
-0.17501112984470932
0.06332692933727806
0.05356804132378673
0.3615190301317911
-0.7342369047196028
-0.9823112223229821
-0.7785514306925078
-0.21117307702306828
0.11830051414531145
0.8520986591121152
-0.9725205897719076
-0.7104535931353975
-0.07610213072928466
-0.3446871348490038
0.3075186654587889
0.113786960795404
-0.09677852502099875
-0.6495928646087357
-0.09917429558424024
0.5254872433432293
-0.7032537493099027
-0.18267054155952275
-0.15901493631298796
-0.30152899771739083
0.25231030288567946
-0.2276938941174944
0.09090275421797532
0.6701462268016607
-0.5823517464437231
0.5208560947354838
0.23202110615316768
0.9158206353715951
0.34510189140088937
0.9105217541581853
-0.7793961767358469
0.9434998988439214
0.7499362986252778
-0.44607287495945813
0.45870879909416434
0.09968467557843336
0.6802828810330608
0.8446158160745291
-0.1904992649121415
-0.21984479779210997
-0.38032976750750824
0.6169288791314974
0.027536626380763846
-0.8757157088710962
-0.7583256294563463
0.3876670947857827
-0.02026360073658855
-0.5968604485690499
0.6560379463701465
0.7750729712782294
0.03378923832603852
-0.1078705035496409
0.6446974248883178
-0.434978087941325
-0.8674350696894783
0.23636580490353662
-0.9596369479119801
0.932026327016172
0.34750899432969107
0.12809574276927455
-0.700689003478968
-0.30223250647834704
0.8643576100505233
0.6763001069250046
0.04320083968626828
0.12611969197911185
-0.8055430534386837
-0.44299042897255825
0.9749303005658289
-0.9005349993860288
0.279068526312294
0.20575961086845812
0.6380194191344399
0.41613712257203833
0.44813239328623505
-0.46815227950414257
-0.7988029377946717
0.7181250181277182
-0.9398783827433351
0.36631129076607166
-0.8218002049471811
0.12028042634053146
0.07621897403104745
-0.8747959093806849
-0.8748567164965737
0.11402402302071775
-0.5469816824072007
0.31908845783234346
0.2732348815176761
-0.6452024678384952
0.6650340204620757
-0.612103313163959
0.44900054142090573
0.7025723526382326
-0.6089256413654632
-0.1666114191143926
0.7159182975351226
0.05797739856040519
-0.7661809248343883
-0.15268460617724064
-0.39087842607407763
-0.07158867220252664
0.6067972624587046
0.7169943693781546
0.38819878076177944
0.6542676988432183
-0.2727700844851865
-0.5955338161313005
0.8696444881345013
0.8558071735535531
-0.5121390722880639
0.5125483360155864
-0.8769583271737985
0.9463175430818589
-0.007560715007107547
-0.39594023387726157
0.7287747508416139
0.08994233020460349
-0.25569376692273943
0.42798041446223
0.7880960925328462
-0.781438785489179
-0.20988202207958206
-0.5444598183916592
-0.011598044707211833
-0.5964061452260253
-0.23682178768562703
-0.8720887419332027
-0.3188766887950588
0.49401495224142694
-0.31010832046151154
-0.2698013990888251
-0.16805638082959268
-0.3809891823689587
-0.5605361847080174
-0.31119829021351025
0.08554871082995272
0.24576342147219027
-0.47965503755592265
0.9225698634100092
-0.5472358759085327
-0.7947061371482301
-0.7775360087571866
0.431946961467222
0.42371463128381665
-0.08583194929579942
0.0013373217273091537
-0.8164445956486255
-0.8760372501869873
0.12975876866613698
-0.42189178049594334
-0.5872069592035712
-0.7250936622653164
0.4846930796117624
-0.6464290806573127
-0.9168648249307775
0.5369845652724684
-0.11133770516101485
-0.6732585225734107
0.8731501757961633
-0.35975815388699606
0.45091276734778435
0.523946276503905
0.8610896938872071
-0.2819132217531725
-0.010258124213132786
0.6933604442009359
0.2795625398153214
0.04562700823021161
-0.5625642678137297
-0.5330780197794778
0.7531940472211335
0.7149836834559131
-0.26031251141452755
-0.9078008828664903
-0.05259496442576693
0.454686179030804
0.030643962376151364
0.04767945285563776
0.3026797648239608
0.8025014960745576
0.7012779689650919
-0.3496344788082693
0.7959715712791455
-0.19237344932868536
-0.5909397155911661
0.8127019795190557
0.12490055949801863
-0.11940981505944538
0.23031747553580645
0.498049761937308
-0.5171762984401022
0.9210420119541326
0.0040559386112783945
-0.5939924578052274
0.695609680206243
-0.8457743129393844
0.793308036650702
-0.8832313780594957
-0.2999497722158013
-0.291455644449248
-0.7238768596454445
-0.6326588482452105
-0.9973577912847796
-0.07186364544990777
0.021329287559300185
-0.5130155309996067
0.7761455573761352
0.3488483900599556
-0.9969072860642498
0.9130085458208526
0.9322996642356822
0.17094803865288485
-0.18941224308359614
0.34822972249368733
-0.21990409709712713
0.39035713012572093
-0.21638107014831923
0.8084383666013029
0.03459734881052329
0.5393625993378802
-0.09549628884821151
-0.6057562613274536
-0.8755317220705269
-0.6881291894964034
0.5588318627453925
0.5111889666406068
-0.4019822052879527
0.583815338316393
0.49108258598255317
-0.35658687461483074
-0.014073766655063508
-0.17352650083208046
0.7421282030593438
0.8838952290150562
-0.3890189464621402
-0.29397947486200343
0.4330690049064045
-0.24966826090259053
1
-0.2308726063117071
-0.42417923506276894
0.7154015352692613
-0.8526635361326877
-0.348556641064833
-0.8439475488929651
-0.6462276249660471
0.4888965780853998
-0.292801873751395
0.5706421013690838
-0.08161336658158017
-0.5682679127086178
-0.5401103674342752
0.3247083920390907
0.4155773468691707
-0.37441802451771705
0.33190522105395587
-0.4934337960376178
0.8209030873698515
-0.23615899731981385
-0.028588081615440776
0.6910695430746977
0.5395622724418072
-0.580945463950199
0.8459313342674849
-0.2914272689782446
0.4334947467427017
0.6023014810877528
-0.9269172606727794
-0.08979091758883902
-0.23901912960961844
-0.13661144185314483
0.5341364059426971
0.4241287497150683
-0.5076757640970843
0.7129692539433511
-0.14282608088820836
0.47154646408528267
0.6558722174049123
-0.48840138453190407
-0.7229812957229161
0.17916671267429538
0.12639744043857631
0.34905196675857636
-0.5511129582560261
0.5208697318737809
0.38334510458375504
0.6923719275671291
-0.35955767733163335
0.6256009426231368
-0.572641117325821
-0.6944849455713762
0.8644803785640105
-0.9487642403832278
-0.6782689509382914
-0.16289622684477073
0.2495727503724813
-0.29771488624245634
0.2638354811156744
0.197468179974076
-0.43539721955217453
0.9751110963017681
-0.6228239440412638
-0.11535126186702803
-0.3114397522078191
0.7490632402345946
-0.2123882125568184
0.9669731087808491
0.5479345734173895
0.17050089682488395
0.8780804594209187
0.15131296266530114
-0.6397591575276361
0.2884623204302363
-0.624309986610933
0.734791222592779
-0.0277630816279873
0.92827919626641
0.7485937157908316
0.20464447700765032
0.9860049036184415
-0.2682929741069784
0.2991752395415606
0.6243876113294528
0.9950851646445456
-0.6564899867726443
0.21493888995997454
-0.08105697713372283
0.3667745673232929
-0.33436070419451747
-0.2787980914579275
-0.9735982934488415
-0.1598348023594436
0.9590689574737179
-0.8202682866183771
0.5522409131688921
-0.3971662151102172
-0.9455484963175083
0.4282079367258003
0.7464329559778218
-0.7874823626032247
0.015775354422892997
0.9784540403197474
0.30586484797471153
-0.9748458740852508
-0.7013370714199468
0.9644445876721941
-0.9472186388850172
-0.7045514632653602
-0.2154890952083592
0.6171409280122873
0.45042519644103973
-0.8053475530335853
-0.5670777901672198
0.05875286837757318
0.6045480623989773
0.40217525894484873
-0.16280533446576978
0.4982515241623235
0.06953144356716037
0.5016274217415555
-0.8180545602002844
0.40924198263822686
-0.4006438979492332
0.5801378363617908
-0.3086421243631614
-0.228054745114898
-0.3137079446212612
0.22343765865246693
0.9859142833288087
0.7075431896574189
-0.01224480717740655
0.755712417679067
0.3944141792542915
-0.7199613733593868
-0.521521626043119
-0.9685807390136527
0.1683105160669382
-0.04465396580640178
-0.35208058324620634
-0.7929949887061831
-0.47427889222654745
0.6766853381755681
0.8361866623136689
0.40784314201873717
0.7554235784719238
-0.5806204562241273
0.7010816146880537
-0.8432375433467877
0.9203502420550901
0.4940487905874662
0.6575058843689956
-0.5457812368950486
-0.3150641233253237
0.5697007253865314
0.43305006578080174
0.039022965994352676
-0.33127156556808
-0.7002647060240188
-0.561110593509489
-0.1835009649255007
-0.10273362838593167
0.6750279978256213
-0.2945220675843282
-0.8226641971557245
-0.2974687268297081
0.12826324298030561
0.5951486000877961
-0.010619194067304766
-0.33019156386270615
0.3750466574825453
0.6247556822266805
-0.31599357416362406
0.4054681172302233
0.8850718150164311
0.598554817796323
0.8585571287551531
-0.25266912493569005
-0.5903757258782889
-0.9176148160694151
0.8798680692648735
0.4786467570800022
0.07448641423221529
-0.08776854102917268
0.7137757202028746
0.21395145389272113
0.11260042295422672
-0.5049406741586779
-0.09419780326213208
-0.5126996824066887
0.5718590598232984
-0.7429523778270968
0.809665853880742
0.4626198292663223
-0.9633728217184107
0.0033307484777144215
0.9604880704332663
-0.44946769130321773
-0.6723534200637493
-0.44049203039843093
0.7228524219150995
0.124417218366883
-0.9613712883646385
-0.24993835410775309
-0.2717456344703527
0.7027571037682522
-0.9766447866691365
-0.9121876422298306
-0.09073963162898685
-0.3551406948808742
-0.0030522047769271123
0.17732240750851141
-0.6937460574372283
-0.37602413571436916
0.4666526080864934
-0.20686359463755036
0.9076615798459051
0.8439122805065786
-0.8584990933136747
-0.5964221253290763
0.7375810072211689
-0.3228152045356391
0.9129425801280253
0.3761129406723788
0.6117616679182054
-0.9612085982653129
-0.6562106838836903
-0.6914626908087161
0.9677609682377522
-0.9915291111890894
0.5241430680983168
0.2523164513360333
-0.7208837491926166
0.7683057061488553
0.645883619291555
-0.2576791272590834
-0.3064139047796218
-0.926792720434467
0.48285283513515764
-0.22336836420349052
0.755712889940692
-0.4084392699116696
-0.7600817355400659
-0.15218986621339425
0.01472445565653472
0.013551695819553584
-0.8527461929441128
0.9065664526591225
-0.13054450808524407
-0.20343964267696432
-0.14316562767005478
0.4859814651755232
0.7632507660999382
0.5187072356370086
0.946987847299695
0.20467825561655975
-0.8506593447616275
0.6450167832866626
-0.6265575372913518
0.5110556989711863
-0.8794327100244985
0.387274429088327
-0.020444625046866446
-0.6841159352590728
-0.21893014013013648
0.5342937359334632
-0.3576654885362796
-0.8164075337394999
-0.04560524029043149
-0.310049273122892
0.9006475642943436
-0.2531708646204748
-0.3600171658680609
0.16605602563907498
0.5202701662833109
0.9873916811835796
-0.14287423115949277
-0.29159924410913163
-0.13166166529126686
-0.9534956224881806
0.42210120616949265
0.22549963642172755
-0.8974529570796399
0.9503314139334754
-0.2786819002636585
-0.6030876596758928
-0.333157969128681
0.11181540167404162
0.7796698234940905
0.8795117973619252
0.1785850950346374
-0.28925719821049767
0.521113064314878
0.7364038832648451
0.9719112544234878
-0.19860877757407333
0.7124625228904539
-0.82598189641204
0.7514886161734755
0.9563673816522948
0.8403513011372205
0.8957130960474546
-0.7811213405549376
-0.14772979134607475
0.02277323670679632
0.40379150220294907
0.42140634766530033
-0.4071269818638512
0.8564001727089704
-0.35962413047875985
0.4465866801219916
0.34814203919429665
0.4418194000693003
0.12183256802317208
-0.7816722410995532
-0.9039034984346429
-0.14924301834840753
-0.21485466659417474
0.7021399225927658
0.004561084262970841
-0.09825951340851523
0.525671050541459
-0.0719006967391827
0.648292677987202
0.4102428851952735
-0.003502647275274386
-0.5912420007666596
-0.40225680717412204
-0.47561295667612696
0.24026594202758236
0.006351684933930681
-0.2991657651429784
0.07136729777294001
-0.5923364806455894
-0.4848681440373399
0.6529774315603756
0.1409616737800355
0.8992608808676561
0.6824282296805159
0.6978595783862692
-0.2836967342132788
0.03969360209743395
-0.7982623792111843
0.2001452221220815
0.8102578854508616
-0.089110476924449
-0.0943411084838369
0.8818617656052534
-0.7749224830952256
0.9581085316874188
-0.0801556363930208
0.08349271520013185
-0.4091426203816557
0.3301724447351543
0.32727702671007486
0.11036381212910898
0.15996575357614862
0.732380170515094
-0.6666232143879972
0.8189721962426023
-0.23099522350609653
0.7445911196901152
0.5476572894727044
-0.4082070557907133
0.8171994097460763
-0.47020138510883136
-0.9249581905155592
-0.019637553612222833
0.6338830779791436
-0.9144002556103762
-0.6389165571841393
0.046243592537860104
-0.829492583210038
0.19170646117594276
-0.035696850231762396
-0.9233460249520659
-0.5265998954859215
-0.6485870588711167
0.5637064268400593
-0.2974484282608509
-0.8634419831635988
0.2931670686521574
0.4588629740348871
-0.16948361610261542
0.7156763952581817
-0.06740805496250639
0.780991376896591
-0.5692206869796114
0.3769504614156784
0.7986930830352081
-0.27606809406738975
-1
-0.186903062855264
-0.6370012236563373
0.769064909501115
0.8431975002537514
-0.7068898334261648
0.5974661279213103
-0.12168211560807561
0.9632056566766801
-0.10962834967962827
-0.3819710860162891
-0.9991938207531122
-0.5023957021017209
0.2799579444927948
0.0009527541299021152
0.6498964855848154
0.706111498057062
-0.07265060819526938
0.2835155588880756
-0.4017326929780253
0.061953034670632554
0.013427423268576757
-0.7738897588617445
-0.38304485523854087
0.8938429679455493
-0.799164143122769
0.857747876804361
0.2677154337431021
0.3783871454566339
-0.6126625811709975
-0.1391999430418317
0.24686028327338094
-0.7069699867902984
0.5339634222877575
0.5471020477190504
0.9258647682116602
0.04434019775064355
-0.26730551849933515
0.7073089555192412
0.33375313824318226
-0.938473068703432
0.453325155681599
-0.6245611582011705
-0.29922817327051854
-0.7010674510565745
-0.749315177330672
-0.9267038171700017
0.9517546400810453
-0.613490777018012
-0.817370309952378
-0.463265210436051
-0.23774883999120103
0.5243368925261421
0.3298283287304917
-0.6164798754327241
-0.28820328256734934
0.7232200089572745
0.9769220467814717
0.6819612683853286
-0.05361592653605556
-0.8771918910199968
0.37345040263838336
-0.3559113203020475
-0.626183520080287
-0.032117676257853826
-0.5940496560354349
-0.20529692502915392
-0.759039116277451
0.45089566297526645
0.38158785626732716
-0.04661119200794785
0.7803804572259938
-0.9752231676489467
0.5087580444072797
-0.5270549680799294
0.3167501721956465
0.5426853381894796
0.20489167533626435
-0.3488437130223164
0.30052662398803065
-0.11180845942330592
-0.9003576816108162
-0.505305318461781
0.9858440127013518
-0.14158958924166107
-0.9978580035568153
-0.6572182721194946
-0.9959900789192712
-0.20158360315219156
-0.28564921517220193
-0.8509890670785368
0.5236046943562077
-0.8684665416599354
0.468147494382106
-0.3374096007199251
-0.7081204191571664
0.8679941928208533
-0.3575520642217243
-0.20908427523748316
0.5071069421177333
-0.8261449424411105
0.4699305392081784
0.2832025338726706
0.009843629753521918
0.40229833438455553
-0.07520488508114453
0.5581667718743967
-0.9877418934461182
0.43940206344131955
0.019918577869321757
0.1297331185179163
-0.10897368726540646
-0.12546280593019382
-1
-0.9141285383577419
0.0714477708479272
0.008345084125532273
0.4901353820981417
0.9648659574791191
-0.5146460288091015
0.7324524525975208
0.46453086198411975
-0.0757185380181418
-0.767750831787908
-0.5370497071936041
0.17422683741512282
-0.26125297148457977
-0.9995031375960169
0.8959988078561372
0.3295543185112167
0.7118817066452138
-1
0.6138984581783252
-0.012632556634247267
-0.20970419407117966
0.010917873851559802
0.628310695942307
-0.17750826272729792
-0.2550170936445936
0.28239616361374065
0.8664988155421827
0.4750732862120745
0.37097607867870963
0.5012470180898804
-0.43925333210211787
0.3161188070382159
-0.3192936877937251
-0.30635326732575124
0.25275418442482045
0.937179307120729
0.07101017509882547
0.13128091947235762
0.48154731665469913
0.32185523914884373
0.3993169983898331
0.4644108845175778
-0.3382219095853421
-0.06454188888055676
-0.8679820830857173
0.08507486364491798
-0.69885794642138
0.7428630465941771
-0.6258607626897912
-0.4077729220409465
-0.6953796736606046
0.6847037444595692
-0.573570019910331
-0.6044771228548187
0.1670932434304692
0.2777781253882135
-0.7513620599903374
-0.5598846502511745
-0.4542958694467432
0.4115099731530135
-0.4614328941871817
-0.244821488458841
0.2683446671944286
0.25885228725963966
-0.1285930997390614
-0.14090158880802903
-0.6808846108880643
-0.3262139692197199
0.2306146476656117
-0.23843719445365327
0.287312197808498
0.07442171496193507
-0.0726442629380242
-0.33447777839959036
0.5349485580724586
0.024532295822081076
-0.046870681252325255
-0.9344165250701246
0.9437899207710206
-0.8510637415483299
-0.30100617672193625
-0.8056204134956002
-0.4148239805996197
-0.7668241925768383
-0.8094569966446791
-0.48533920403629194
-0.3233448426679214
-0.8866515408913225
0.0041979521428365954
-0.823697181705999
-0.41340322881567815
0.08720925126704637
-0.6858547943226504
0.21170839525152407
-0.45141039613071227
0.8403482261626208
0.6369977372119362
0.7363627459520601
-0.9724354865673919
-0.6464236245701384
-0.980723372414179
0.804944576523052
-0.3484021342424149
0.23413614212978034
0.8599529933447353
-0.6734520588821116
-0.7746359257395593
0.4371767845479305
0.8813317997511049
0.15162332811798218
-0.19466451272169444
0.2624309024190297
0.03321254792340635
0.19356191582116333
-0.744478789509628
0.20743439034029423
-0.8308039173686306
-0.8648880603016764
0.08385021790247225
0.9163991140526312
0.6200387394256441
0.10617603923313075
0.8604526335180506
0.15988575961291526
-0.3556359956019428
0.4155412197626952
-0.2923360311297912
-0.13179409088924426
-0.5017560888314556
0.4290258688775977
-0.8111584683904502
-0.3894703009243878
0.4711720002865626
0.46394013519627264
-0.6574715920228987
0.9232974158818276
-0.6937569092625304
-0.3560230279675287
-0.120892874208914
0.31230566213235333
0.05944832284549865
0.4867058174996572
0.4231395356649058
0.8538472445091072
0.4328134549290833
0.8373360119687572
-0.6556819398920337
-0.3751555634416801
-0.20424228599590266
0.9561854079422535
-0.6913917704980734
-0.7205985708669934
-0.6975833552307996
-0.058956986995359326
0.7104231107478876
-0.5658504815107274
-0.2055452251541466
-0.6972757271298272
-0.8592018540917578
-0.11687515090085061
-0.573372929726889
-0.3505914108162973
0.2738343350645757
0.9521165917582726
0.9426381284826504
0.2942760090287616
0.41573549841468815
0.969525585613357
-0.047873932476092895
0.5965396224751418
-0.647089004186627
0.24855867647882146
-0.06430589698843887
-0.07910427105311797
-0.9929402731226163
-0.9420284699564933
-0.09873297139878776
0.3364122412777047
0.22977652455573402
1
0.9042478303842516
-0.7354548802352798
-0.9864746186680712
-0.09073871447462249
0.1968706094085111
-0.8296966132019733
0.7320524086246042
-0.7631637026992084
0.6551801878990983
-0.3486903325290304
-0.25550578145803315
0.29780658890198597
0.7806196014908156
0.7467717720126209
-0.3789123316274961
-0.03410936781964204
0.30416479925015677
0.15615664801562032
0.5763203651719111
0.14124440654824807
0.9640586676854369
0.7248049595035664
0.07527098978330535
0.38421274958392
0.1483652775137772
0.6293998281168185
0.7034874655113958
-0.6862620428102901
-0.5707893759200018
0.177045700203036
-0.9917797072509366
0.707693010596504
0.8341627921913034
0.04015241342279437
0.6234033316972423
-0.09970799779913102
0.5023368830220446
0.27069854105689023
-0.4812291689709499
-0.5028448851812807
-0.20659666296328633
0.1276277969640051
0.7489488050318466
-0.6859109585508079
0.5954983175424391
0.061261909271534305
-0.9117899854682772
0.040430559627614195
-0.6152541613383651
-0.1336536890103189
0.7956010595144807
-0.36362602331557126
-0.0858369214449653
-0.2832329161167779
0.2705519997368604
-0.9568477945835123
0.67431569198574
-0.09114595890710618
-0.1174091502501797
-0.1365636836913277
0.1282978858800665
0.38201399190506
0.5366884891201175
0.643323867476787
-0.2356048399165965
-0.07648218805546082
-0.7726692141833371
-0.4288786610187922
-0.3039932379498345
0.5181546623605567
-0.7238934487589465
-0.3749713998349006
0.4902164704185064
0.16914063928121575
0.044953709420677036
-0.8595513836419241
0.3811539035122587
-0.37400385361907434
-0.6614822631577065
-0.7634903227673707
0.30729217997146724
-0.35046383699849765
0.5919693225075282
0.056229190111281156
-0.5905447312908934
-0.7012533589431529
-0.40706446153875137
-0.4020616533067151
-0.206771195661052
0.33376289882113014
-0.8331399237298439
-0.4642133919243731
-0.5334235949401326
0.020081313375262942
0.04972473648321116
0.4525021677323908
-0.7032866016578878
-0.1376824890692151
0.15519955505007663
0.3572203429949948
0.9419225733091869
-0.5704266198452488
0.8133936203412859
-0.47350750124431773
0.9889719284002136
0.7851844223831403
0.757750913297428
-0.9876940560208347
-0.18157919455363303
-0.912882837847043
0.4333655832435767
-0.19356193262779597
0.9261553807230922
0.7330532501800576
-0.6937148008359123
-0.23249223828747895
-0.16808546134877053
-0.8647844320403173
-0.5889452578013898
-0.38014613814139725
-0.12178544278667722
-0.36200568283772533
-0.517607524445771
0.4678211999189894
0.520212347343947
-0.3768822929711746
0.8965334673787846
0.002266818079782132
-0.6136888773201002
0.006733733549998203
-0.41104053904535337
-0.845735711578457
-0.4806379291632018
-0.008662667483467865
-0.6909327683984824
-0.3394854277458618
0.9773215164734594
-0.4654178706689742
0.4934787645629053
-0.9641817191212194
-0.6692645430085953
0.12383132259693386
-0.5821035296538352
-0.0013915906831929174
0.5647866809613419
-0.22974272301921167
0.39756397500743845
-0.4982229912494115
0.8469778760798259
0.1697900163394719
-0.36243274978534923
-0.25390970467659146
0.2753281517636444
-0.8889067031228728
-0.5802761667574571
-0.8114371214088747
0.856774052095326
-0.2400918235484145
-0.16729860724154993
-0.5749315783261906
0.7113618294504108
0.7040311190302994
0.675984653244137
0.6552771465485436
0.9326270114560195
0.3260969216277481
-0.6858664439775765
-0.6557407224136547
-0.5128859594781651
-0.4888254753456365
0.18007163440114285
-0.07235744280726006
0.29467358923592524
-0.5744792237879152
0.9380711201165054
0.8132967842337672
-0.9851401941035235
-0.3857270660404326
0.8775315994445256
-0.010308797381627603
0.9226241390166757
-0.2720945885074697
0.8030843854704554
-0.47965274662481777
-0.1074557524788948
0.2467429721213244
0.14417513027565343
-0.24111668833389305
0.7660867708370735
-0.2873846112332038
0.7369024641039135
-0.7723858757733778
0.4112036266892483
0.707527433201384
-0.8562532607207367
0.8317223506352327
0.05699534625642885
0.7310535511757289
-0.01997310230780251
0.6081923213324193
0.4237700719426109
-0.5539801729779058
-0.9681785449850603
0.34750804305702576
-0.6381272804809195
-0.13530100287443234
0.2841394987983437
-0.5540040161300542
0.10869149927136633
0.6552235108432662
-0.2632892336761607
0.8229542004841747
-0.46551754247611893
0.6163785683290931
0.4424881533044478
0.22807630801793305
-0.8686945125238913
0.8329783405640564
-0.8242806934568435
-0.5118146256456351
0.8187587596549983
0.08485594163549295
0.2547975512972064
0.9975175398249339
0.08153248504309309
-0.3198026642771572
-0.46972381913602984
0.38583896192329414
-0.08141823532286636
0.30905243937283466
-0.5659605513223498
0.7190213857328863
0.8833142302920244
-0.19245808216943838
-0.2228077692486336
0.07036376536154182
0.8662661057133508
-0.45864977739002283
0.6712102468477107
-0.9015583328612367
-0.22695336523456872
-0.9292114082090837
0.5020086530546952
0.15724484199199518
-0.8085165531860375
0.5568660712868291
0.22815214527737784
-0.6856289153197138
0.8862013419425944
-0.5357801783284211
0.47706160850329293
-0.16527031162094094
-0.6586964541217502
0.36527595265861856
0.524207109857526
-0.8984833632325239
-0.07741409756722917
0.9170886376151028
0.2107720513132921
0.11003904863337186
-0.1260368562839241
0.7891349051112958
0.9960350420979588
-0.4886064503002985
0.1328003980464238
-0.6845046782830297
0.517298341651548
-0.2809566691769022
-0.3078180105000347
-0.9692080535158375
0.9771120068121744
-0.501449939463484
0.45642674903694025
-0.42675046070848033
-0.5046820027705939
0.7030926874446343
-0.9539767005382408
0.006665607205195635
-0.12547372588962805
0.35950077489948723
0.30075718484629765
0.12393137012813597
-0.8558468895822456
0.6056130785708665
0.5137432303758528
0.7811700972015929
-0.49613009357664845
0.012567498195378094
0.8913122547052774
-0.47648254567130643
0.55146610884997
-0.4982498463330223
-0.796602184937787
-1
-0.35537571481227687
-0.8684211930297473
-0.13322047781265645
0.2501955799682507
-0.6550269085791374
0.6657192437817072
0.6882218299645041
0.3954103926690347
0.1966026886432458
0.9287204941123777
0.7777390744601067
0.1856410964837744
0.1602653022640108
0.7549368417073122
-0.7308479473612588
0.6368717281917314
-0.43026547212444294
0.9473671162952092
0.9906686008500523
0.8066103826981931
-0.8388893339294394
-0.9424275900711473
-0.8831458041516406
-0.9395277302705705
0.40908586500409616
0.8698925363670507
-0.7108726400300833
-0.29426115532272074
-0.3071043816445923
0.8859796360971413
-0.7599784269959495
-0.08410211355761432
0.9977220698420823
-0.873577831484704
-0.43474334585260693
-0.25805450165229277
0.158619343420124
-0.9868405261641422
-0.354084595708554
-0.5898803647036739
0.36650050886524554
-0.13326737318404322
-0.13027648172371137
0.831659598654608
-0.6443275849128232
-0.04136823398087625
-0.1346319864441291
-0.011230189969153554
0.186655710185572
-0.3078612326581431
0.7069644867295882
-0.7048178751717213
-0.2962394230819647
0.05710997779908137
0.9118018311474568
0.5171841080440012
-0.7150048624442603
-0.3776637797844575
-0.6943361706395106
0.8319376423781778
0.4844911841901096
-0.9077729651000044
-0.8555054440556641
-0.4846144743666905
-0.7079477908670717
-0.5197238371361411
0.25670412500621953
0.22829800139031797
0.5633604425227009
0.6334383375863858
0.7941996489854021
-0.28828138553917315
0.6692220550557038
0.6500963301701698
-0.8194006235460414
0.22137966065028158
0.3621794791958454
-0.6665971784167684
0.9908455824540973
0.020275563030531765
0.21909323208038728
0.5158765298403785
-0.9356723705572948
-0.8937224015391161
0.0458377484425576
0.3036631307851318
-0.2791061401171176
-0.49190716301284576
-0.09197838460994524
0.8956000939265814
0.40880917355139107
0.2787656313514456
-0.4472306714264247
0.7885829084012381
0.3154629742147186
0.07772330956649753
-0.4759775936516029
0.27915355583074086
0.1384435890359167
-0.7620763297116243
0.3996941797637449
-0.30868680503234036
-0.27568171154897697
-0.5299565932525357
-0.37369218763866935
-0.3034663535743129
0.34928742565554516
-0.09861745006219344
-0.7091014773133071
-0.5740612321370695
-0.043628004199457275
0.4376174501895191
-0.8514830322809291
0.6852955037079114
0.29909327787922024
0.6506638096069266
0.7329204181901938
0.4791123644406211
-0.3152605664358148
-0.555906152461525
-0.4652971686675506
0.8180696058519115
-0.6498563209705841
0.6572533324290324
0.39114428176241506
-0.6558480512830522
-0.05474299366490691
0.873193600251836
-0.016253923073717747
-0.202472220754855
0.8165511735655657
0.7036199682993833
0.8989664335982679
-0.07166165064417294
-0.4581291734034392
-0.4988497211468872
-0.6705658228397542
-0.3396618662508671
0.2716953422627867
0.3644170992647264
-0.7389606659810921
-0.20349677995579218
-0.08112950126703551
-0.32594586563822237
-0.7259365312190561
-0.9079798141969051
0.3986022820209074
0.24005672418553708
0.052438245909717775
-0.3877419415232531
0.20694370039985113
-0.9848054814036569
0.9076620940609623
-0.9542463648723325
-0.5629833753650476
-0.6359063538246379
-0.5214270982402778
-0.021252224457761593
0.7330030950126769
0.14899306407298488
-0.5702400477542393
-0.8038430794447187
0.015615574852595689
-0.3513097284541381
-0.9903166727150009
0.0513927471877635
-0.8360621399025837
0.6618600860747003
-0.18415538687407632
-0.6786829840208627
-0.3868424400813509
-0.8190727117737312
-1
0.44897143822980723
0.6717931947548811
-0.2733239523010477
-0.3328904131751104
-0.06399588059518423
0.25217220889867425
-0.2249189978201293
0.301754016789098
0.9052483815220405
0.33579809880460015
-0.2595131854263112
0.8543337999705302
-0.5620017324636869
-0.7863615666120443
-0.21902347052005366
-0.49424602199392575
-0.5906658740256899
-0.9024095690507801
0.18809589065661933
-0.16147579490528072
0.12230242816278304
0.6762427016342089
-0.591578247059871
-0.11998723073346153
0.7347301010507065
-0.113163113314819
-0.38796956779805536
-0.8077279083474137
0.6507379459227497
-0.836064909699503
-0.555730250662947
0.4004959809442245
-0.41107829418464775
-0.9554168240399595
-0.5912100509227761
0.15437261921473333
0.5837114799819181
-0.6218335178406099
-0.48625984112341514
0.9906570919006921
0.6886282131949405
0.6604772634102473
0.9036036431469477
-0.9102855008133035
0.2628931075865234
-0.7115221321414058
-0.5544274956772686
-0.57282246365029
0.5364062724499906
-0.6303683376557196
-0.06013724788109281
-0.4752252663127017
0.0188040785054695
0.9874582010728891
-0.3950785845845012
0.4034588273508649
-0.7137842212707509
0.49706003148825373
0.7032515085379508
-0.9245796049836785
0.5506446064843491
-0.8019223557837046
0.7301336219032722
-0.1159199017334963
0.6923469438261391
-0.21931353104088921
-0.10824165768971872
0.4884547509256863
0.8833816604445187
-0.9649982068980859
0.9085582653716363
-0.40554480496144846
0.9752158351126688
-0.5279630387454123
-0.4870689511435184
-0.7190597611256352
0.8729236554712201
0.3747872549920113
0.6741412631946431
-0.8044233693624655
0.23973563813580598
0.7609524980722173
-0.7325669569273945
0.4894028988117273
0.14319176758352478
0.5291585154468005
-0.28746812379690645
-0.328986539915817
-0.6832796555215307
-0.3929799747901021
0.3193614328393885
-0.0488830005626653
0.5850808392335621
0.07391651726067129
-0.3519846946678607
0.8996992689898201
0.487817741209912
0.36284638092889765
-0.02568453035507673
-0.1833943863206854
-0.44601670735420995
-0.5474762356970101
0.3969729779298771
0.7003440777148396
0.9055383009771089
0.9928321337669904
0.7026349386686338
-0.8975360064523696
0.4190042385287514
0.44949908337981925
0.7960638147832979
0.5063581916982846
-0.36645036598009434
0.5942235353024846
1
-0.6395178181543818
-0.45980048787232575
0.626595945337354
0.13679297087853395
-0.7969624606165273
-0.8508518788591872
0.6805125638149433
-0.2794596320568006
0.38538330347609956
-0.08693516913238233
0.8295138400692738
0.6361422490812021
-0.04827349040881018
-0.015282646152572042
0.9358630918190058
0.1717677458054806
0.8570776563829897
-0.5348136017116054
-0.3778371841248968
0.42980655144483404
-0.6317744260733275
-0.46216414424037444
0.23594576250600455
0.8177343056113096
-0.6780883481647195
-0.5194684528789673
0.12690509585798102
-0.7621175731723909
-0.11117923996317734
-0.5949503038870275
0.8285371038771291
-0.12853629099707312
-0.955510753909194
0.25928365658332553
0.5051505049737075
0.3989948667068313
0.013010259687163895
0.8258596167256822
0.6980707255001485
-0.3416041701001256
0.6023976062854559
0.9784622426434725
-0.0009177484794127434
0.8107305852772806
0.12769098978579219
0.9914846994598928
-0.7719564587270875
-0.9279210258740922
-0.3418237432532569
-0.6217574300427682
0.07277116034603649
0.2635385393038316
-0.9801912073194722
0.1992820314341583
-0.4878753740781096
-0.6517949731371238
0.7598381218303123
0.5134776256068562
-0.6837446501627588
0.4822354623653702
0.9265869565085245
-0.45390001993675894
0.24090970467156486
0.5467110389235202
0.4555748506862568
-0.5154985569759993
0.18506960826157773
-0.7626250679039831
-0.41477037685649826
-0.5450906366667336
-0.9113454537936949
0.46367407222293977
-0.4279473145808658
-0.8122587155886699
-0.16940806639395264
-0.8228676020133425
-0.16957160235001986
-0.06298667751224478
0.012143621083384853
0.4985796897599568
-1
0.32653992142871235
0.28161456478345054
-0.11073364910416592
-0.41833718957541977
-0.7580765418344989
0.4167002502005305
0.6708041326822353
0.03756850156370544
0.6463238999197114
-0.8970159215347874
0.38500981291643815
0.9039062468655953
-0.4871430606345392
0.6063232768455378
0.3817232017468304
-0.18473792862461264
-0.7108995987284291
0.21854158421767225
-0.23049294712283375
-0.9991749902134726
-0.6187415250064022
-0.3117412981286538
0.8176985599843503
0.29407926314212024
0.8967030740364151
-0.27830281067780377
0.19343796983839945
-0.7151190870056277
-0.4720048455876127
-0.4497578719986909
0.9430652136945589
0.6770628180837479
-0.32580781836964423
0.6629943270750486
0.9601807854749411
-0.8765698373228371
0.3983874369688824
0.008250828621761689
-0.9421065340133007
-0.6093661650654647
0.7446254022570183
0.594177549747795
-0.4605490736682463
0.388950896665431
-0.22379561357349137
0.9734591679220489
-0.10884199701234425
-0.6463879629262153
-0.23941720278480408
0.9975335777206107
0.4302143908647063
-0.3833385873779448
-0.21719434391420775
-0.8768046643188637
-0.08628785033670361
0.6238300034790937
0.7758996829904908
0.12204084745150297
-0.619526025931788
0.23293490523745172
-0.3253661777405919
0.8246107224135442
-0.08235309766065443
0.08266370877600215
0.46943840900304634
-0.8859980726977182
-0.1660174121393627
-0.2876850620354763
0.7820702429322836
-0.5990537080014898
0.06459689988052786
-0.7154424163980724
-0.917823999620599
0.39792145749274505
-0.3995496995513491
0.17177528541684128
-0.04689785062666812
0.24891546326762107
-0.36728515475235357
-0.3008264907883319
0.7792369476176265
-0.1445174541991048
0.9299270909086464
-0.5510567055059629
0.7361427798363221
-0.27476062778380655
-0.15487839451594762
0.6311880518956438
-0.015792931780382807
0.4991227430299392
-0.6832988916845967
0.7163424678798934
-0.9577775127358338
-0.07969975360566953
-0.6965477950199306
0.06780881612342061
-0.1841183634939706
0.6829887890061892
0.3648098492477017
-0.521935598441343
-0.3237675347735632
0.5618017036518592
-0.07737341341892133
-0.3244455729136606
-0.7953090992497933
-0.45314719749214993
-0.5912114177319653
0.17016836016473566
-0.44442379482121275
0.5569974265074078
-0.5000607112703254
-0.7090200293885733
-0.3226842142764665
0.5139275479725048
-0.8481658383180807
-0.596066072079616
0.896257755617199
-0.821012607287141
-0.025715222037453547
-0.703682363588478
0.7594165491954405
-0.1705307038528328
0.2849090260669874
-0.7249970181066332
-0.06534773361406261
-0.7712629792490093
-0.8154874254568087
0.6091613558253892
-0.5922915686072898
0.0463358957002675
0.03130026937085003
0.31595647673945004
0.24106406021344093
0.35874763438889123
-0.5333850769101915
-0.6675020944653021
0.6711807704735216
-0.08351920940606485
-0.7737623972825509
-0.044419595883571895
0.02551052035984611
0.6216886085595117
0.33813577699468117
0.3365757283947008
0.9817243465445741
0.3752109679502084
0.41327666368392757
0.2844800747153426
0.8593278648342917
0.7222243312963167
-0.3024022612837101
-0.642208148103134
-0.26578420913254963
0.5408279912836172
-0.5629568327912394
-0.5967242243698623
-0.5659589942616287
-0.22982144807035182
-0.8338484440391024
0.21059437182834068
-0.5663581379292092
0.5849689689599535
-0.8102442588516051
0.9333001908847718
-0.7122476328572359
-0.8067170966750533
-0.38464858530264134
0.42083023191971436
0.6584451288054792
0.22612440661743038
0.5575301027907361
-0.7752812249261427
0.32489301024269035
-0.6985029589146149
-0.8768043945665703
-0.4898151866352164
0.47873881420655345
-0.7171024187021946
-0.7866187567160674
-0.21967504131120788
-0.5816926338173911
0.973520574372629
0.893189060900163
0.07912406403698535
-0.6763576941298387
0.8899343767172779
-0.8213577613907711
-0.5061930283644364
0.33269018654703986
-0.8891309839893424
0.9161154851513478
0.6680845471564725
-0.3241069649227403
0.10617685733473607
-0.6275707652860703
-0.26022982722497673
-0.6784364869787728
-0.11752717921596328
-0.9675034226279384
-0.1027398409148065
-0.8909821219268064
0.9448198893293581
0.8198148712951651
-0.3253893765652599
-0.9177690154588336
-0.10660984787117692
-0.7611083818447404
-0.1733853624455348
0.26400559002231105
-0.24647802192558252
0.31161227811772
0.13951744504633568
0.5305469101174266
-0.960665764447723
-0.958099173209875
0.5703070561949568
-0.2533324199422102
-0.25081612099043826
0.0010552884893927621
-0.1708239000149089
-0.1127672472145887
-0.21885678889226678
-0.21279994014785444
-0.7664317912544534
0.9800862001542479
0.8673340425818864
0.881677463422843
-0.8109344808784522
0.38212966338197146
0.17040415726127814
0.8355120166111493
0.031519907423526256
0.3506270027100234
-0.29431017561940565
-0.43399866410511506
-0.9701820430609793
0.646749830452567
0.2181332106317589
-0.6345504885594175
0.8997234151713278
-0.8914746506088375
0.4090445804645779
0.5149101507275685
-0.784805603669996
0.07084962674940772
-0.1271723888159772
-0.6662638255702992
-0.5385940612383097
-0.6261324258072409
0.7711258383884254
0.934582737051827
0.6179632756869384
-0.08562431000657139
0.41028217208211093
-0.36426213723473566
-0.743833049040575
-0.2298536710433683
0.6786879446738256
0.21958001967215032
0.5856147752733465
0.6513221775265855
-0.34402114987315574
-0.13493567018185557
0.3777831703677908
-0.19319502530927024
-0.1510854092685932
0.18041927395960602
0.5664681029129082
-0.13471817769620695
-0.7084418987278994
0.8133231131189594
-0.11001165066791185
0.3368217667496111
-0.8478118492153015
-0.5671217799174214
0.19353715467751065
-0.6245162465541978
0.6856630096648655
0.08653093715335769
0.24325502077744282
-1
0.4519056131450195
0.7970226980253576
0.10013913213062357
-0.3509440055340174
-0.7594959687955651
-0.32866628926932934
-0.891407060849328
0.9952012808185337
0.21829379441218216
0.5831364619745298
0.10321195393539506
-0.09949867918726168
0.1034677299831552
-0.4907096141626505
0.22521082839537274
-0.8125406316023754
0.4282154349528792
0.4724647818484535
0.8993278819988432
-0.0466566566116775
0.15063756376570392
-0.1618141774080128
-0.9008553405589121
-0.07042780931296123
-0.5351067376022394
0.3068669591830801
-0.7432611289894367
-0.6640711631782683
-0.23474780691918082
-0.6627687498402252
-0.7836279053951323
-0.033349821108415965
0.41564880607790783
-0.26478999526572927
-0.8524077657250531
-0.7658301430248212
0.3463618800824603
0.8777834972674189
-0.247291561587853
-0.6385907940898772
0.7492128890813254
-0.6619613152985536
0.029953529898376262
0.4736701346803977
0.3401697317932194
0.6262734877148215
0.9899573755158296
-0.1956737505115215
-0.451466816173104
0.17574827906255655
-0.30660906780404684
-0.3210995773217216
-0.9786424344005085
0.3259212529673317
0.9232199291403893
0.19908458973615534
-0.47772677380969536
0.7219087538102145
0.09585868476499715
-0.5623436697228641
0.798858107552487
-0.7431019569179897
-0.16997762219653723
-0.14439822208105307
0.17078379403404886
0.4322608996172308
0.6282985538532437
0.08928539073400928
0.3831538179674724
0.5847653533306432
-0.7744968853099871
-0.27141000318211395
-0.9247736733617756
-0.8556816231772808
0.1755970485388398
-0.17186373195904744
0.8007004245142979
0.16453330237195174
-0.826580109176307
0.3603405244763463
0.6892371274417145
-0.2888223079679347
-0.6625407212466126
0.80427038350676
0.1016835398816824
-0.6779566509636745
-0.9416813982838066
0.4507309284202307
-0.35785761642142827
-0.42713148696024134
-0.1965717120747868
0.77263765249546
0.49423405091269207
-0.5993318700495982
0.5842711390634694
-0.39630698982421436
-0.4620259982459575
-0.3735027059644053
0.8980756390438123
0.9391243897638885
0.41597618579439677
-0.8244911592566712
1
0.28047568749466245
0.25420665479341176
0.8295097833123773
-0.9590537128604095
0.9019092005844943
-0.9120777923331067
0.5199241745287781
-0.0010577883706813732
0.4786509877256155
-0.9484905522180235
-0.15090807630171107
0.0966424710845349
-0.9533857799311168
-0.5671108784170336
-0.5385188114117162
-0.6723196306695226
0.3230662620928336
0.6540512271602279
-0.8074098733675481
0.88960501722488
-0.19883831275932357
-0.45049205373827755
0.18298678927422848
-0.8058865160001305
0.8442955752528476
0.5095682151277857
0.9762463327388794
0.2501261446295388
0.8513375181827699
0.25208975186383514
-0.1956628035752602
-0.7357243570292961
0.6049948003058818
-0.8510200807338568
0.36082324463219145
0.5266253295967014
-0.733735999098864
0.1220787178688441
-0.3435526737634045
0.8141793208079593
0.6413184868947639
-0.4392594169598581
0.6855698431627837
0.7222731150060933
-0.8004283219771872
0.4661630504790561
-0.49860089525884094
-0.10371806919935407
0.7268679521207736
-0.15915735572168813
0.04414474398739282
0.9319163322218288
-0.20527179078584318
0.18817981878457454
0.7597552868657215
-0.9646637721407588
0.6969530459508494
0.025794611368584953
-0.05921426340598073
0.8102885226098228
0.7343822063853697
-0.7667302653669165
0.5375622734394309
-0.1925140485033875
0.0466110007065821
0.2101087674984235
0.22018133507232046
-0.9431340174580333
0.07208378502164922
0.9943589673657486
-0.11150441903561577
-0.5995683903196173
0.11478818702856905
0.5934606965936379
0.5601078449543138
-0.8911972096373086
0.7065999339834186
-0.20009049822917852
0.43901068215848177
-0.0031308198269699317
-0.9067673755771234
-0.544025844187865
0.13355720787673783
0.5944593670747369
-0.4036267162796658
0.5154292591764773
0.26023432292656806
-0.2762026308298941
0.5291303976694668
0.7529146884995418
-0.2321206160428778
0.6887196111301098
-0.6952516497436285
-0.025505622783419103
-0.6463399163126138
-0.9386039433861819
-0.028386771921247392
0.798026029669445
0.45916058998525144
-0.879418821549934
-0.6269876422006477
-0.59207666352039
0.320637266187614
0.5360459908265397
0.4742992329586933
-0.7399780556723319
0.71638137989574
-0.3117495877482086
0.9054407400940337
0.9191430609039736
0.6923768374482929
0.37902088870749695
-0.8697404526935386
-0.10559415256212878
-0.12168640824013653
0.8934534335881482
0.8299138092792983
0.07412677458707244
0.037484548949925395
0.4919236703644089
0.903340467930138
-0.39364268390628854
-0.8440519971194407
0.1886244677866353
