0.6718033565652122
0.3646102796732449
0.34528740427220284
1
0.34893925579516405
-0.7512891263364283
-0.9787287590526884
-0.22751347251397372
0.1390797204861988
0.25396942741924583
-0.8021895800713776
0.2200413563970574
-0.35437791281964176
0.7623475515331252
0.4383226956478219
-0.9206700939059883
0.8567381934211195
-0.4827111636759246
0.5937844308999538
0.21625074321971383
-0.7469131005121534
-0.2871257869909567
-0.434151845105086
0.31784766355192506
0.4709221978088148
-0.23831702916347497
-0.21895969373159327
-0.507052141532441
-0.6599781064490233
-0.30465158976160417
-0.10823939009917302
-0.7585557648713301
0.5602641811220681
0.29427341207225893
0.7031727514961476
-0.08662091443682751
0.28811958761997447
-0.127562666969205
-0.780788466899485
-0.3372822728484161
0.575544711580616
0.22888608484770967
0.5500700431028781
-0.2620321492245607
0.236147421023206
-0.06278585355894274
-0.19807148288629656
-0.0216424238014571
0.12476269363286104
0.7077557147907393
-0.26518310364581243
-0.9139306079150155
-0.6945683335099713
0.9119284252943665
0.9700502633974909
-0.19425881041901058
-0.8064413613086721
0.6946536370309454
0.8470456849228134
0.24520432496344452
0.934204108940562
0.5885982667927973
-0.049759433683293344
0.4615177577664502
0.01023145744175969
-0.811979883921472
-0.9584177051202424
-0.9129468896116149
0.5748105693814513
-0.45507474141237225
0.007567924304024978
0.7121598247495392
-0.4549936894623301
-0.12496669386145196
-0.06730112806035395
0.8160732288686584
0.19099411427273819
-0.3955863716336086
-0.5385947483087666
-0.23302047499273199
-0.5109565129734885
-0.10450503379588266
0.12800736269076307
-0.2081728965846061
0.8427429839883711
0.24491005084695874
0.9492694085579437
0.17986936727543934
-0.7116179009124289
-0.7736069835092051
0.5406552843722208
0.9154076059546278
0.020673129265724545
-0.5680930815372164
-0.9044052124345058
0.4995496470048519
-0.2799514533981442
0.9345263417055046
-0.6443929506267371
0.3711965149023685
0.6951316027290644
0.17745394200314743
0.05917047735173149
0.5390359881853262
-0.4968532084756621
0.4904938456047536
-0.45299433370470754
-0.6908164440720576
-0.9834548805496985
-0.3091822013608171
0.9875163837035871
0.3576367846828547
-0.8172393174701441
-0.8048027031780949
0.6091922079023984
-0.3830338150809718
0.48928963392284486
-0.5720282501832208
0.9055846349925195
-0.3230331472414265
0.3094584770722551
-0.24820445090519266
-0.7300530948746453
-0.008233694565949494
0.7823710687699459
0.7965232067084286
-0.24497791590429147
0.42904776276208
-0.8656755509044207
-0.4859396775098701
0.030238191257638502
-0.37401104676462693
-0.09921170447585687
0.00903773347911658
-0.4173633473143407
-0.2753982749878784
0.4513623536354276
0.7968213135481718
0.3571737701783798
-0.20039797658813538
-0.39559264287853074
-0.9870875658165164
-0.4431460874503364
-0.08178933557651795
0.8533800962230687
-0.9264318641908316
-0.20117204491868668
0.6853108292317275
-0.47200616899800774
0.937776017195155
-0.397268777883869
-0.22819923328492348
0.7522597991730935
-0.758243917350729
-0.4165432610866295
-0.6635474783970464
0.945221518237811
-0.49108396105178553
0.36230563586505854
-0.4167243566236586
0.06127190394659118
-0.4516481404476395
0.3886982791305506
-0.15539416592319105
0.9948532950851697
0.38063744951223855
0.05984034870965674
-0.4268706554372967
0.3138615129748774
0.017498117700220178
-0.09583623341411543
-0.33528940262729656
0.5774640642236637
0.08776096170561212
0.7036051346407048
0.6287940645143367
0.484350136548111
-0.3473124326388696
0.5252044230750343
-0.7297773804606803
-0.39731787546237596
-0.4271918998398334
-0.4717252850631025
-0.3382850396269184
-0.9104510565809691
-0.4260994086539321
-0.5660408127391982
0.16651300878748745
0.8498080968336256
0.08792429632478657
0.9501403453031482
-0.7138437820129371
-0.26836380538215177
-0.19986465432220385
0.16596421487850477
-0.14520161566708462
-0.6184536500741603
-0.1729650915298391
0.2895096762770132
-0.015449580631323366
-0.18610160377443233
-0.5043688148532743
0.15181527117307786
-0.8560234457802497
0.3372850499129845
-0.253203577753558
-0.0008114369431905929
-0.5831517973140204
0.22292195019176594
0.2855848285604415
0.9431328497432517
0.5866269292759105
0.9252242612382767
-0.7567692025645263
-0.6596268623125063
-0.7554278757927179
-0.6770528829031747
-0.9747008801331334
0.08828402758954602
-0.19975192889595644
-0.1264518677174808
-0.8067945131210817
-0.787064680908725
-0.4788010725485376
0.4140199971047399
0.13791345370175656
0.7016303606078454
-0.5083296107874561
0.6479941284568588
0.3195104767971644
-0.15124187794020535
0.03618671672328219
0.5131854213870453
0.32170091592910877
-0.23325045891541407
0.7562931578003048
-0.9654973013329788
0.5505667976128721
-0.22005087558101483
0.35972022539497867
0.16878183888226678
0.9429310425567248
-0.798687229826765
-0.4243527514012912
0.7175394656896721
0.2612295495170735
0.41780577520613404
0.4409216721976373
0.7166557758276708
0.31508992902552707
0.09396937846666453
0.26877723177364876
0.41711746676881883
0.009712498798906882
0.32842419547643287
0.005925165106613422
-0.2538256067894478
-0.29042013659198107
-0.04608782926738644
-0.678919220575575
0.37868530623046914
-0.37962181032940956
-0.9227734774462212
0.7414078430891549
0.8144442956497283
0.07131782548687247
-0.2635932969519038
0.8948118157418601
-0.6435637544337728
-0.7676839541488111
0.39151829466091576
-0.19418977766738194
0.6530730229456704
-0.14035679053674938
0.8336310898113295
0.21932728329360704
-0.23291956955478885
-0.3274804293004813
-0.7657310655184298
-0.12377749458578802
0.07784308786591974
0.6720255127746156
0.19241106653160814
-0.1888417236977673
0.05622343302453717
-0.5461036783161548
0.2187097568134878
-0.642353258675257
0.35746245280696237
0.60473872467992
-0.17925194695610996
-0.3646225790443043
0.326971668794223
-0.4968260608238076
-0.09221868715992519
-0.02691103773568117
-0.4057497575081509
0.7249380562055242
-0.07153230240778949
-0.34389246613256547
0.4302025806238695
-0.8709342993427359
0.2874588392131148
-0.29291237773077305
0.035370543741591196
0.9391731545200822
0.6627800084816794
-0.19651432829984894
-0.9489624892157453
-0.04306444481829668
0.5988807674371488
0.6877682964500109
0.5177976127032412
-0.5011424200672511
-0.506072899630057
-0.9273918559336398
-0.6622048266287651
0.10062787041059243
-0.1637175241887306
0.0734513416712573
0.15667726702943596
0.36927074663640613
-0.7380363264911803
-1
-0.7561348710322426
-0.17339806924114087
0.08459193323004989
0.8983619861735449
-0.9938097530863522
-0.6775550296613824
-0.05480295774663132
-0.3744239010476049
0.3236803668734556
0.09538459666674674
-0.1141121167013181
-0.6455573167744557
-0.06724156797434329
0.5672063561071992
-0.7625418029912326
-0.184978706256575
-0.1652784498692973
-0.2955042509042025
0.24033075534175152
-0.18448803275464293
0.14789882752918426
0.6298306913532222
-0.5709995126226349
0.5228460510907906
0.17734097522093006
0.9276350607785616
0.3773938459937493
0.9152489661980795
-0.7115888597898151
0.9714992344785162
0.7688932726779422
-0.4286466482178744
0.5011223211834059
0.13380956886288622
0.687864879504088
0.9219048707589911
-0.18816084897135193
-0.1908605770131496
-0.416096157779777
0.6375898390688135
0.030292977824550205
-0.8511616172528418
-0.7519920775608441
0.4356824820238315
-0.012873058606477979
-0.6132807037740643
0.7439766926077782
0.7917379578005131
0.025707152415859198
-0.16535793170535773
0.6159819430159624
-0.40967262589621356
-0.8978811549900371
0.2583263690668623
-0.8834029818711906
0.9430183487071353
0.3441430838828561
0.1054988375615584
-0.6608038222135166
-0.29829854645759857
0.9124803347692101
0.6811058681003319
0.01577832415589668
0.13426646839873058
-0.8195797621844334
-0.48012754443556566
0.9566484007527105
-0.9452133992097203
0.3132337453509558
0.20157171123051187
0.6398442461646235
0.4561273675217917
0.44995068292729207
-0.4791714788926892
-0.8807320080416897
0.6752139634589017
-0.988993685787113
0.3831784101674119
-0.8162974941445895
0.23045238625041436
0.06435709380742972
-0.9098479638951757
-0.8408739656407697
0.13496873081191876
-0.5344488360170916
0.3984977461382621
0.21044409942307213
-0.6576700647975792
0.6385437472125272
-0.5525966245647588
0.5430095518312614
0.6869319499647727
-0.6698626101013684
-0.21134491468158637
0.7170023389517665
0.08416292310609225
-0.7707018360857217
-0.15406731335399135
-0.4279543637312112
-0.0773602841785993
0.5539621568190167
0.7322415333789836
0.4328093056055694
0.5804724652265787
-0.23344350430596772
-0.6672624018670964
0.8868304450550534
0.8260650775324712
-0.6093499961848945
0.503608898678978
-0.8384842990377379
0.989012546753248
0.023534846274429415
-0.368015865838322
0.720702472643042
0.06305630212806036
-0.232961014774815
0.3966273455438933
0.7740437475966881
-0.7461112458133989
-0.17091408260302077
-0.5599932027748172
0.03952369421714288
-0.5789519667141165
-0.16865030457199234
-0.8601554730473429
-0.31502226765653163
0.49216752758092575
-0.2676363235255304
-0.28139223747849984
-0.20439961280647773
-0.38823256808326756
-0.508345889575937
-0.3450916800378609
0.13503038943766996
0.20750020947041067
-0.4934935877142488
0.9562918229780145
-0.5514654551744497
-0.8242083829744422
-0.799439946849072
0.39968896211390564
0.44807905599847275
-0.05995085844121292
0.047964612720657336
-0.7828543756199234
-0.8104140352181142
0.15773205982170804
-0.4575913505262285
-0.5449255445976057
-0.7557215862006506
0.5213582997238224
-0.7231168074761571
-0.9061219856166619
0.5275293733417878
-0.22824504462717557
-0.6423760760785932
0.8869084796807304
-0.3210606393317878
0.41187942733796745
0.5341602821219956
0.8687276234124085
-0.31400972868956156
-0.04933166882524004
0.639114102254588
0.2891935433340221
0.047305794584181646
-0.5673257580319991
-0.5252780693691828
0.8299096274243762
0.658634412014969
-0.26860904628136545
-0.9140685394795058
-0.024718876429001387
0.43250709788006214
0.037224670685548446
0.07240172591962953
0.3745062632582743
0.8490820134214859
0.6754478107437641
-0.39354403029145707
0.8025517926446432
-0.15642140633774204
-0.5799008346843239
0.8107321753657789
0.09909407074074936
-0.1349483776608059
0.2562835962442367
0.4911832764166455
-0.5831526266780964
0.9940926303690434
0.02880037883520311
-0.5892269333498337
0.742989852538896
-0.8385664057741795
0.835748276606857
-0.9322017402471021
-0.2635548001334144
-0.23766020670858204
-0.6893274229065512
-0.6470913214028813
-0.9890714235018853
-0.03685880673268897
0.021938375222011315
-0.5719240593529249
0.7918398000552105
0.32344330106380453
-0.9899576940705688
0.8972010791811895
0.990970526301172
0.16925324055998078
-0.16852936279459926
0.3269331661198945
-0.2407889516685379
0.4282983757871998
-0.2441972813383997
0.8172284065780114
0.03532724284937414
0.521523067800294
-0.042214996670681335
-0.6662672558179851
-0.8999733470810406
-0.6808932270525493
0.5796573607495774
0.514301517042934
-0.3902487187334383
0.5376097840459133
0.5468729481506648
-0.30700214938766857
0.029620415692633878
-0.14456657092789585
0.7524334681467827
0.9224006127310932
-0.42852872547635407
-0.3055237139772725
0.46059154556934917
-0.2427341515786091
0.9513510788406964
-0.2696403147451114
-0.42383832894216356
0.6976691448222012
-0.8867453316207714
-0.3550004292861176
-0.8758945212929363
-0.6641919488940387
0.4800131174153113
-0.3075130502967605
0.6012013032985692
-0.1490873930054338
-0.5813672673656508
-0.5873664822855169
0.3387387227433605
0.36266976289000025
-0.34731820283849885
0.35119989209137203
-0.5295335930937914
0.7672449837012949
-0.23046783775635174
-0.045696280169352205
0.6930917015527361
0.5889068815261755
-0.6202994785655074
0.828736002319976
-0.2656395842017694
0.424360889842856
0.5773139334328906
-0.9850621566782408
-0.07015345593409836
-0.2475823282367564
-0.11183259634352513
0.5774216974549798
0.46148616327292813
-0.509541460951863
0.7077462900829614
-0.198153389250149
0.4910676011291222
0.6186506161907693
-0.4914315199289581
-0.7394350678459597
0.202554991942289
0.1565849894310826
0.36995983112292663
-0.5457741853297076
0.4876274548566031
0.39354160895619494
0.6422108663234891
-0.42077718217489446
0.5980671351193871
-0.6012896791779344
-0.6545798927054406
0.853548689525679
-0.954254853368378
-0.6224269656629773
-0.1183135704954962
0.2607379526902094
-0.23926235311709595
0.27367408703449825
0.19385433964925805
-0.4203987636257626
0.9429034857155175
-0.6335114359915442
-0.09264644273489192
-0.35206349531344033
0.7741044871040872
-0.21926609027503347
0.9615829892531391
0.5170778860067518
0.1575961133748251
0.8337648763268171
0.18798520965416646
-0.624683050961271
0.2886844061130781
-0.6530100434623185
0.7816322028236827
-0.022921239872912003
0.9373438086933871
0.7090148623627834
0.20580336978821373
1
-0.2294373015818887
0.31927191382218967
0.6235115603724553
0.9267081225841238
-0.6866696091810315
0.25631942816284964
-0.08949642765432715
0.40651030084047396
-0.30019564018573014
-0.27460208573345246
-0.9601998627321118
-0.21199238556729422
0.9700093728917973
-0.8235022603340809
0.5519177204273477
-0.38241938047713653
-0.9440479735606258
0.4695744465446523
0.7617779512945023
-0.8257347816646543
0.0622956714065316
0.9117295013589711
0.26417458095497964
-0.9696201279327042
-0.7074984933134814
0.983227726807037
-0.9188793706581011
-0.7285793421141471
-0.1744327834141057
0.6404554342654535
0.4897957288856906
-0.7665802460250839
-0.5448752999578015
0.06597285316453752
0.5615225745931307
0.4960785246314478
-0.1228348997927965
0.46988902822446593
0.044377590965466764
0.517020215403188
-0.7887740966992962
0.39314575459582773
-0.36147401752319436
0.5886263045175907
-0.35100192546055997
-0.2650187184088507
-0.266267769166639
0.21513271300245945
0.9831001369005311
0.7107737859908398
-0.08246065322634902
0.7419137849437254
0.3482014846134543
-0.7868940521484357
-0.541277512774686
-0.9530429166083627
0.16012832194163568
0.03564396283330029
-0.43344666958580874
-0.7968929192911386
-0.4978091320936701
0.6642990624843801
0.8339323229650234
0.4024322516226247
0.7645794398785235
-0.5812999197906615
0.7115930594875644
-0.8656015878642037
0.910298482632782
0.5098395540058709
0.6379894344055076
-0.520420524221965
-0.3200916029435
0.5542878526696735
0.4368589226846736
-0.067776231483726
-0.347291862579545
-0.7058710529838963
-0.64156864453618
-0.19490504798605765
-0.07107953025202216
0.6383530494678931
-0.3536404766790598
-0.7622211844819853
-0.3027422748324824
0.14086922560885498
0.5611329176600802
0.008646938247728997
-0.3398900319977494
0.3461770442883695
0.568190507601525
-0.34374714049465466
0.3602843232010274
0.9140905972903504
0.6213096882085478
0.8102052902382991
-0.2646535907136271
-0.5563048148195435
-0.8669238339264903
0.8837408709150516
0.5268868510603358
0.1255677763031354
-0.09483677941661921
0.7236151736213681
0.23794303485370477
0.11161915517153362
-0.5438532596226807
-0.08402869282820383
-0.5298715560448934
0.5263193573369501
-0.6670169200137923
0.836120100611737
0.46440879633033955
-0.9637347201031666
0.03491755723375076
0.9878634378183297
-0.4582710980493647
-0.6959381146461558
-0.4771615741100578
0.7370619204377903
0.14953992840627578
-0.9990319144553286
-0.2967418467414586
-0.3034175161133703
0.7385972211942996
-0.9734151057034216
-0.8593503527456494
-0.10376012950435494
-0.3165926575008506
0.0035989062671478427
0.2220897239242903
-0.6907388925030425
-0.3764669923874671
0.40953576492896065
-0.22376793461711664
0.9579644042809258
0.88862382376438
-0.810833210842736
-0.6188840060270934
0.7258033315898165
-0.3631406914673332
0.8514796264890667
0.35323227011624064
0.6114638054269922
-0.9662759197986679
-0.7202104597836203
-0.7130786729219803
0.8977157855056672
-0.9651025762851145
0.5510217267626569
0.25808321598938333
-0.8145049637874122
0.795988237429944
0.6390981667154157
-0.2635577130280387
-0.32742396521621026
-0.960564927046495
0.5371532023245172
-0.17209246056049496
0.7524442973443222
-0.4059094810619333
-0.7471538498086248
-0.10364824329522583
-0.005237537886744479
0.06267502788906262
-0.8608689792481706
0.8911130237856095
-0.10423998595318762
-0.1585702706268349
-0.17435217016225676
0.4905579670564631
0.7122705208535661
0.46299476174070003
0.9685868907876368
0.08687271570649038
-0.806049915855515
0.6347789970860616
-0.5681592733840891
0.513861920743054
-0.8790984310435229
0.3922881772869837
-0.11032303330086105
-0.7562358014247432
-0.14027360307472606
0.47476392484075575
-0.36499091969008224
-0.8530711412932691
-0.05911355830885415
-0.27908217929654994
0.924586346169934
-0.26113278019822106
-0.3205973945332662
0.19273928553386474
0.5501596047588674
0.8953850695870486
-0.14438725667479238
-0.21983889688961986
-0.10593963580959428
-0.992425146405213
0.39405971700985437
0.18701795868559823
-0.9521046608273276
0.9454463290965427
-0.33317204428069813
-0.5588592755457047
-0.2455553867303539
0.1213405626927968
0.7111015071482516
0.9177629910214785
0.17397686521464364
-0.2726139985090263
0.5037779124246413
0.7192135966497621
0.9580659010959357
-0.15105305187663262
0.7567332358075768
-0.8083557054606614
0.7016335493925036
0.9084679113101846
0.8516357093256807
0.8963820881862934
-0.786068925478161
-0.21110291650713983
-0.01629070885669832
0.41922866370724565
0.40105835932077594
-0.37500917657661875
0.8320172207766082
-0.359901933619048
0.4470248169489329
0.3323043337284361
0.44908380906624723
0.19408898338178526
-0.7885784491510316
-0.9243909444000593
-0.21438426199051264
-0.17037919245391842
0.7124522786772901
0.020951469630887697
-0.09593708362448075
0.526863820578308
-0.006596210006980311
0.6900061105831827
0.40227150210895213
0.02658237130464501
-0.5705517892318902
-0.3548416631066718
-0.42958100411377076
0.25338192025527245
0.0443293821495036
-0.3670425202067232
0.03438931316365665
-0.5478277636967523
-0.5196657624038421
0.6270466856206901
0.05879805485096734
0.8641218470817452
0.687573097779653
0.7484978001746778
-0.2721736484370476
0.10811692075955082
-0.8274826897917343
0.2082447437354358
0.8320305254083381
-0.13615058698374088
-0.11373225456331673
0.8429910170367769
-0.7600036179701035
1
-0.1184197771762925
0.04105629858006706
-0.43025648695120045
0.31808649925189014
0.32763527273204834
0.1416895320112954
0.1870822538708859
0.7732639179250278
-0.6930332386971743
0.7810556594539777
-0.2346650599667456
0.7260864238982664
0.5814710447406267
-0.40881451039487016
0.7493906748271267
-0.4191582581584992
-0.903871649812456
-0.03876841345084327
0.6311715006737554
-0.9612556994670846
-0.6386247018881174
0.09965411727738524
-0.8092575729392493
0.17806725225021625
-0.03339236577886948
-0.8532997574377861
-0.5154469119091426
-0.6575517303660133
0.614638396256629
-0.337194322703408
-0.8746282529372003
0.3046652619710613
0.4932665697011609
-0.09776871960119955
0.714442815161284
-0.07200391136056092
0.767025847221431
-0.5127012569081303
0.3804104358981749
0.8139863199493789
-0.22889430057989257
-0.9426050707356415
-0.1895657606894135
-0.6550963789363182
0.7921568145255619
0.7735174535201461
-0.7702771323050785
0.5735444236874537
-0.16369088358245884
0.9122884981603557
-0.07844286166153112
-0.4023815898832206
-0.9734348119075623
-0.5684287540434669
0.22503161747160186
0.03442365958096671
0.6094106622271228
0.7318742596532096
-0.0685948610745426
0.2950314645973008
-0.5072543387094199
0.05887849481484332
0.013018844279747012
-0.7690847091511162
-0.38159268714135897
0.9179119747200332
-0.8430527207998829
0.8236504531112554
0.3088170949385492
0.4128391526132545
-0.5922468899594823
-0.047981336290909254
0.23384269476118907
-0.7074554414307396
0.514273883534494
0.5509924411438369
0.9481505395766681
0.08249257315008016
-0.2903838414432863
0.6715868084875092
0.2733742775580722
-0.8692105593583663
0.46233156686242183
-0.6627051988560371
-0.34564515864319273
-0.6730907477385326
-0.7351758869947862
-0.9412411202397287
0.9486056386296121
-0.6325363313909983
-0.8812738357202775
-0.4629620715168607
-0.2517111703873772
0.572089141686022
0.3098907461162461
-0.5898942775231775
-0.25591829732929344
0.7009975156126794
0.9429667538567705
0.6988413331654937
-0.08774750565848767
-0.8735156028590846
0.3896437239936562
-0.3511293743820579
-0.6627266832768752
-0.04635368228648176
-0.5889104751176947
-0.14369137158487763
-0.7188505453118748
0.43936454891470567
0.41182917801258856
0.002889133035459188
0.7834076745921765
-0.9440789862708904
0.5739897111169803
-0.5166995362316632
0.35089076806491465
0.5022438678084142
0.21664055925949413
-0.35740562792395275
0.29971163214368085
-0.11269977119076313
-0.9375224892518927
-0.5187038727750009
0.986189373767534
-0.16878239400961964
-1
-0.5664587894628208
-0.9460560498778199
-0.2428997801158724
-0.304662122272953
-0.7740840350060924
0.508742128587231
-0.8525795929359681
0.421221173620971
-0.34333052283849064
-0.693474318382452
0.8591750925271295
-0.4180815628588396
-0.25585926452468954
0.523535527850471
-0.8607021115093894
0.500707394998816
0.28213634986280517
-0.025677045821189334
0.4050767058825351
-0.07600272046142618
0.6114306023133209
-0.9368010410097912
0.443239479203309
0.002817571913040418
0.15515458870118887
-0.1030789607495786
-0.08922601480723438
-0.9788960625569391
-0.9816421003777643
0.01598176557215979
-0.027242202973738333
0.5079905066314474
0.9791656299534719
-0.4181885961375722
0.7278195158699012
0.44072588337165974
-0.07907133571800883
-0.7702248684759438
-0.5585132028774094
0.15829886969957577
-0.25935816145756657
-0.9989469015089747
0.9182390785063006
0.3641300562150175
0.7493139382980242
-0.9931539032809682
0.5630945588604253
-0.018184943149864904
-0.167828119131154
-0.00404827395247616
0.5847288390877504
-0.19415535383053123
-0.24755737645986917
0.21737275967446237
0.8355598118798006
0.4492302248618087
0.39415437062569425
0.5089896139008968
-0.3928729052374451
0.30394912124210327
-0.30032364371683895
-0.37580474233141503
0.2404265052117362
0.9091511924195176
0.04334085787677115
0.0736518938103818
0.5133530876590993
0.34707418303919735
0.36301444562718893
0.49489510625223104
-0.3390979416336314
-0.023853638220805166
-0.8896354556184802
0.10197345763512121
-0.7384073954834227
0.7482832658114528
-0.6133293629309754
-0.41620394933862237
-0.6447177669445906
0.6904395950610104
-0.5692760733718892
-0.5769658214061287
0.1787716291493641
0.32760686040898707
-0.6778079146392371
-0.5957279533752934
-0.4722807114279381
0.4818874382022536
-0.43548082959765877
-0.16001717180046124
0.2249630848888496
0.2238662179928386
-0.03886823731100954
-0.10928217802577588
-0.6202604685804058
-0.37656527221102937
0.23607590183319918
-0.24251801949300675
0.2628838895378022
0.05413008596580004
-0.08388311639359546
-0.3376398243769101
0.5227475813641742
0.014241958524651325
-0.05306061174438815
-0.9094624628863872
0.9615027979545536
-0.7903178070335241
-0.3320727353191627
-0.8287444334293843
-0.4194437257314922
-0.7338943417425484
-0.843152819476863
-0.540434598209219
-0.2721133888366485
-0.9567951652216412
-0.0312983070856211
-0.7997487357263329
-0.42247267069095734
0.10073086256221471
-0.6645863434396467
0.21285036340455085
-0.44776379431145524
0.7838804686911878
0.6251442762991192
0.790928213228007
-0.9232477399524799
-0.6479220331719657
-0.9661787054799849
0.7816833732979108
-0.41007560495044987
0.2787533935244384
0.8786343799782278
-0.7486361643182172
-0.7441837994801418
0.4012580179219775
0.8194835684111366
0.17653577514429095
-0.21867087663279125
0.281792822201844
0.03272640859660485
0.17287099615700446
-0.7580431598018488
0.1998916579803457
-0.8612004745502589
-0.8959924118959517
0.02232432733394593
0.9128850501326101
0.6146964308712028
0.10715959299079435
0.8939526570671446
0.13153034326567192
-0.3644427932920987
0.4035903406400033
-0.24464988790527875
-0.11095840565499453
-0.44593651259225936
0.5030482126485625
-0.8546697864781431
-0.3816079171877851
0.4159693609555182
0.4709323037823525
-0.6210153728269818
0.9018396747942272
-0.7097530713121158
-0.3959748074613215
-0.08645955563445439
0.35836684831512605
0.02328393817626429
0.5197126320032163
0.43393337269686516
0.8881032838588508
0.46401709636763927
0.8160820512227812
-0.6793113604745874
-0.39526412595965454
-0.14599762062896077
0.9392164401920278
-0.6937293070962817
-0.767332781863816
-0.6879204846033918
-0.1097495041017389
0.710654886540788
-0.5328197989732508
-0.22430387628299273
-0.6717042668142919
-0.8562735650374627
-0.11100105188727535
-0.5110536622087458
-0.33184598590446135
0.2605303306668305
1
0.9474320931393194
0.3160184853170041
0.36318174672393305
0.9503445326164183
-0.09873921344153705
0.6098346303323043
-0.6636919873972027
0.23559421199370992
0.0010675085689888378
-0.05383843461161455
-0.9706920662569644
-0.8750215301154176
-0.08284197693474912
0.3914588119384744
0.2006412882788341
0.9556439753400585
0.897694263355446
-0.7916128946439142
-0.9651671828403807
-0.06198068149879171
0.15974971940471683
-0.8130528721465367
0.7027319420169502
-0.7328285186817476
0.5915835550470906
-0.35257522703591204
-0.3260450171113771
0.3088339900442768
0.8420110694303811
0.7990209770705042
-0.3416700537210933
-0.05057945370608999
0.23565170046572506
0.17717615069136952
0.5753678581513915
0.16181429444683318
0.9300604699704997
0.7777458902122891
0.09794443486618808
0.42026543021694407
0.19579132056409318
0.6249831273646531
0.677719358555584
-0.7101354304062976
-0.579763094727326
0.14384840473221733
-0.9850252199462504
0.6335694030007017
0.8711708670182063
-0.0048561462864248565
0.6120231316838498
-0.098504111389274
0.5255961021140383
0.3357219888814541
-0.5287862471601418
-0.5430335552189991
-0.2039325779528194
0.11021535681420601
0.8133252477833082
-0.6152082971276466
0.6244374749894243
0.09403069670782775
-0.943337767971605
0.053171547198292965
-0.6367767591388406
-0.16299740226943255
0.7477914597370853
-0.33486099496565114
-0.13312570332626292
-0.27361741608750045
0.2870804268795005
-1
0.711904631945978
0.00027740949426469964
-0.05273081025929554
-0.1362842096938278
0.14359297101798332
0.3096267727986822
0.5478358293731016
0.6278110884337067
-0.2588057421284418
-0.039571044690581786
-0.7923204361640612
-0.38630854875761206
-0.23514530521199561
0.5024691193262263
-0.7740204923234281
-0.40967040702753355
0.5269784304969664
0.17943040792612305
0.014122557391882447
-0.8766206717501472
0.35770560210980484
-0.35620017241358204
-0.6792045162413176
-0.7968367901348796
0.23607997903852324
-0.30596318858545074
0.566379316181416
0.05854967101108851
-0.5702271925893496
-0.7050745193267905
-0.4017418483305892
-0.3635008310236618
-0.20454212773570365
0.2969631538875348
-0.858983333075058
-0.4476127186773488
-0.5816361641305506
0.03189386271228152
0.05383304562386585
0.4560807385409816
-0.7382940773202362
-0.06568659135357909
0.15991431099201436
0.3584732978284653
0.9704540594330643
-0.5694517572345987
0.8511215619225027
-0.49150515576680454
0.9330557448755731
0.7408601120102078
0.780921408470263
-0.9249923638746693
-0.19658138750885074
-0.8687615881478958
0.4379790212343905
-0.1742811996370025
0.9119420351164631
0.7348617027893006
-0.7077517520361337
-0.2524385839050693
-0.15659895341324956
-0.879489828915256
-0.5890044697102703
-0.32036190805586306
-0.15686710637904314
-0.34323009423217077
-0.5869974322140028
0.39901918323807684
0.5272523478588623
-0.3758570547444959
0.9436833288207701
-0.033507631681340105
-0.6209981031377358
0.07653731037281544
-0.4001762501265868
-0.8047318107521291
-0.43481617221731583
-0.0016150156953818233
-0.6879235958413942
-0.3996982522366336
0.9942837445516587
-0.44357496051225737
0.5113039783020112
-0.9312961052972031
-0.680554891155529
0.14221667842531638
-0.6205175649737523
-0.03921242526575636
0.5734351455974266
-0.26041215836518206
0.3912198578993805
-0.5235621468410327
0.8745235570539452
0.1462527230900393
-0.416165196419971
-0.3010639554053608
0.24681441940083054
-0.8582770180656863
-0.5124699689693474
-0.819465501447821
0.9207135553177483
-0.2643012272209847
-0.15661597862213145
-0.585008564130424
0.6072884296378519
0.6927356803732005
0.649997240123228
0.6894617426537434
0.9211244303388681
0.3432074571816588
-0.6849532747403638
-0.6527666779881469
-0.5394095626619496
-0.46424420969865066
0.1761702125091626
-0.04899216433001537
0.28366639161371743
-0.5752180273636127
0.9119660733984185
0.7974762795510898
-0.9618400556656068
-0.33415203142242456
0.8479394152573008
-0.01601294804076893
0.8865984210416721
-0.2769438060685755
0.8034128110919839
-0.4738038830412029
-0.13030673678762483
0.2666817898459081
0.07696502491140998
-0.2943719896662419
0.7341796247462352
-0.31807012484675373
0.7108523826560205
-0.8194532895000336
0.30543138480372833
0.735322541223407
-0.8328094802859449
0.8422348275234164
0.07464844669134998
0.7383506595620516
-0.029512403831981282
0.6185303159962493
0.4338435501961312
-0.5202143413882555
-0.9548029961688171
0.3222247971888016
-0.5978739158499841
-0.12538548617975323
0.25738324574791127
-0.47852695769866027
0.07385211360013898
0.6372253915170224
-0.28357329983721347
0.8772092869082391
-0.4848924024058825
0.5940416577228503
0.4166321286122233
0.29547050669078906
-0.8870480468162216
0.8588277970125288
-0.8221985179047323
-0.5808526163311238
0.8008303685071974
0.07947078559275136
0.24614994072453356
0.9813995877446003
0.1520175319789649
-0.2867239192156916
-0.4795280047923655
0.38290570230205767
-0.09930090226012266
0.350463566593859
-0.5774318704798358
0.686825296693815
0.9303152683131626
-0.23153690749834757
-0.20607908855388624
0.05168185701662791
0.8245204344131568
-0.498648948499093
0.7214604077543477
-0.8917497453394524
-0.2541499433282768
-0.9157401938388054
0.5518522877559722
0.14853999739940962
-0.8302897277508837
0.5720652448828271
0.24331200876527387
-0.7172583993888011
0.8362638486994726
-0.4825124702374772
0.48682576564291735
-0.1444256338706745
-0.5972222371880088
0.37818343507589075
0.5574099301761672
-0.9156192847056651
-0.16611305247417657
0.9357212108274452
0.27067556846800606
0.153399517473119
-0.13908277412929182
0.7870416567738435
0.9629543124497187
-0.48821938412370625
0.14489992871256782
-0.648003294160843
0.4698916056000083
-0.26020550385585206
-0.2684068252503161
-0.9329460205551373
0.9931937934650196
-0.45294562378672487
0.3940934014547241
-0.43566944085515485
-0.4725514463153945
0.6923960993725106
-0.9392540712157098
0.03128535244814976
-0.16428335493691107
0.3141421130570058
0.28371606755005957
0.08404593549116803
-0.7658376208181404
0.5189826724449461
0.5218697656119499
0.8312398422997839
-0.5130970578945389
0.07706040682817937
0.8770548542823798
-0.5250252009280676
0.5027147825188746
-0.4942752516587101
-0.7392797150995118
-0.9604573610823239
-0.3712943530267207
-0.8801074837160571
-0.07605637466205853
0.26066800014770575
-0.617245799062797
0.6620704234359723
0.6530261651925974
0.38801043983409716
0.13124197769358203
0.9222278825330611
0.7954534528929228
0.18819098039570215
0.17397320853988896
0.7885575090655662
-0.6996274884983441
0.6141077305012426
-0.47927294764904665
0.9303206644114127
1
0.8457099789753175
-0.873058482984067
-0.9708100599815807
-0.8390772692189363
-0.9738840546732865
0.4204302721927008
0.8301536159309435
-0.7182115658625037
-0.31177748996547056
-0.32607841267979665
0.9159349065588006
-0.7396265012935844
-0.0993361266372578
1
-0.8605121200746906
-0.4586594150065075
-0.2409314829831551
0.16354412843760494
-1
-0.3707315456095654
-0.6179619452760777
0.41392772000229033
-0.15334948787462865
-0.14798423168686123
0.8161716982374034
-0.6485959543048855
-0.05625114791907393
-0.15274183001458713
-0.02838381422853918
0.17110320993682826
-0.3738279350064022
0.7108526389057277
-0.7485877511065155
-0.30892164139331874
-0.026581084063320683
0.9276491397124633
0.5022458036975378
-0.7802090347572362
-0.32610032375139425
-0.7060534394941345
0.8662843458997272
0.4716312021765204
-0.9649709685479765
-0.8854041863401911
-0.48822461080579294
-0.7396650247337426
-0.5894669397300779
0.18625464766419172
0.22797387129038596
0.6091333576298001
0.5628337789572989
0.7858907111674137
-0.286159168673476
0.6281800630066203
0.6932769124829196
-0.7790648482018627
0.22253799614446323
0.34989515840407054
-0.6806235320844612
0.9474035134681883
0.017781062304729606
0.18914973353495992
0.47983705604352017
-0.9351096175050315
-0.8490099862459228
0.06177208471616768
0.3379293808329997
-0.2860634021914872
-0.5112193176392027
-0.0832939301085753
0.9523864598835327
0.4134258036637639
0.2768047562185075
-0.42285968161817467
0.8283879953282827
0.33114613953015926
0.02990907666262572
-0.43773426024869666
0.3230649225664578
0.12274607347728783
-0.7608837593589413
0.4446127954499511
-0.3286473807963287
-0.2589617723742269
-0.5428726602807372
-0.2905822580292538
-0.2901846158223254
0.4240956673923461
-0.058088280832804574
-0.6487715254163302
-0.5588921672148465
-0.051396508046981655
0.4628307284166532
-0.899725661130354
0.7084681763095703
0.3066468768093384
0.6124863145549234
0.7291722844101818
0.4277192214110106
-0.28210739160993836
-0.5218301105294167
-0.4455653327848573
0.8421950165857098
-0.6123294884298267
0.6403934325529731
0.41009922325630177
-0.7356658062439527
-0.011631854565326765
0.8604564014916984
0.05108639175396131
-0.21532068733884818
0.8482201458673904
0.6633331409201371
0.8726046208427588
-0.05466674628867592
-0.5316486162789171
-0.45136077010589465
-0.7613273016802612
-0.32393397366067606
0.25670966513182586
0.3750196181673287
-0.6949041914565015
-0.18644343114380263
-0.08717891472072566
-0.23237718281397962
-0.7769013883034132
-0.9154747826685692
0.4261851061775203
0.30030220155945814
0.04676621471753776
-0.3841082031906577
0.1886877190589001
-0.9372734592245618
0.9692059841366961
-0.9541471103596855
-0.5616952306839389
-0.6106126446256868
-0.4943541879802124
-0.08253018331656779
0.6692848061105681
0.14846716391820483
-0.5998314153369928
-0.8246840522547372
0.020778073958998583
-0.37389242813809864
-0.9596548064753593
0.012441139049707103
-0.8604619393942088
0.6113915450720645
-0.16634085359021678
-0.7176780119518306
-0.44555914057254203
-0.8618744070353201
-1
0.45749849789586944
0.6324048708122821
-0.2681933738568467
-0.3653473616194595
-0.027937698605550346
0.22630080514388592
-0.1485747827356713
0.29613949047676985
0.9742636813432326
0.3936358149781308
-0.20376358167644765
0.860769340493415
-0.5640367631345375
-0.7530776524668658
-0.15736339262335558
-0.48310514216741196
-0.517845439045832
-0.8821419402122863
0.17024860291220295
-0.14381404938542752
0.06309929346444616
0.767930946658959
-0.5826280258231279
-0.11737204923168851
0.7556134513603654
-0.13194270886804935
-0.4641360238539369
-0.7794797754618771
0.5977750776492173
-0.8240273755827053
-0.6062897558435674
0.3624519634310311
-0.435833256679672
-0.9631739772079354
-0.5873450234198195
0.14009841507196027
0.5554267568430984
-0.6169855427831432
-0.50795899596377
0.9555570804576647
0.7273049566559627
0.6268526414656689
0.9028430773589423
-0.8815689041715162
0.24851511453090927
-0.6985256973810917
-0.5778166199364291
-0.5594700944424017
0.44219573097664894
-0.6842055259480103
-0.07331625426105053
-0.5396705812394454
-0.006289978801448166
0.9759965383286687
-0.45084843740960645
0.390545587563535
-0.7228222420604321
0.5629207562441759
0.7521534244446655
-0.9234047260619562
0.5864144026941623
-0.7904950886531417
0.6639039907444715
-0.14271738029678174
0.7147478326572048
-0.2571635562420269
-0.13325736040330782
0.44721058166454225
0.8312252838971156
-0.9607282079403193
0.9307820804800654
-0.3924540454858124
0.9579111602753596
-0.5354230060350214
-0.46369236892507865
-0.6701591569271391
0.8844463243651893
0.4242797331651162
0.6971020110671335
-0.7979008135738251
0.30013176005864706
0.8165398460155213
-0.6718817090384566
0.5201309627498787
0.08402220834325642
0.5536658067679047
-0.2747852184731669
-0.269717957381486
-0.6401526620586068
-0.4023444079997099
0.30725304966711
-0.11195304336555623
0.560182484409718
0.07508269668706233
-0.3646144245769028
0.9413320515940016
0.4551320215759041
0.37409794389838114
-0.06824178814965831
-0.22905658911141055
-0.43799926362408237
-0.49889949301663605
0.3573241821793497
0.6967376480766345
0.8867062681006125
0.9703118383497954
0.7071766246994791
-0.9066194833669567
0.4407501746149364
0.5011878762844332
0.7712324457575557
0.5206651643384052
-0.4064495394428395
0.5835202506896979
0.9960747335986754
-0.6221214711663218
-0.45470007503534454
0.6253820273038817
0.10452811487299402
-0.7522177827956508
-0.835666403569547
0.702059663160533
-0.3590012116713963
0.41547552974359414
-0.08668282283637453
0.843728686201062
0.6733395062362971
-0.11193976957817696
-0.0847562277189588
0.951535537344929
0.20101541630911485
0.8964745116368533
-0.5196903211773686
-0.3606286886184707
0.4091538368271559
-0.560272292167008
-0.44501095542526115
0.24984802393548208
0.8119790568323182
-0.6514893411524166
-0.5336802282672923
0.12651407416387436
-0.7484691578852742
-0.10577381885069369
-0.6024198677312526
0.8200706352483731
-0.1264761201898279
-0.9171599997242617
0.22371408831882186
0.5148895469082406
0.3494684294328184
-0.04244969206209947
0.8013712906749105
0.7401278032767028
-0.4088382506273591
0.5782254460836558
0.9508726011430011
-0.06359898216571822
0.7783527647802179
0.22027205371127448
1
-0.7460733682099715
-0.8484208505246005
-0.3733067990866725
-0.6521081425260193
0.08531544000345945
0.29697271939718595
-0.9953287377604376
0.21115345938165372
-0.520613671418585
-0.6774875446881802
0.7833526573407376
0.5277685112167968
-0.7253104872072418
0.5368457674892857
0.853189827469411
-0.4292414568728401
0.25381543952564606
0.6050693501051276
0.5093254837542107
-0.5297152632002042
0.16328219836217048
-0.7417738651021049
-0.41958033560810604
-0.5447746835420169
-0.8958658097266452
0.47443928168643307
-0.42895426617035404
-0.7737692576533745
-0.1981838467624708
-0.8235070171069707
-0.1760650337182299
-0.0680797785507795
0.044415654614234176
0.4740027283099701
-0.9817649209273686
0.3524076004008533
0.29420838219747436
-0.11285565710088852
-0.3997588330220626
-0.7159021086588293
0.4899211464432473
0.6881444933932074
-0.021142953822475514
0.6835420116412759
-0.8772275849492638
0.4013914052197313
0.9080163395621503
-0.4831854884060386
0.6078552884167295
0.34874831978796667
-0.23217671634202758
-0.7316648673417239
0.21110158322992664
-0.21581136224637545
-0.9808404224297008
-0.5943023095700467
-0.24138127952139274
0.8060929852827433
0.2751273928000202
0.9245578142730352
-0.2983405399885628
0.26772804149169305
-0.6688392216199225
-0.3782850159955719
-0.41998639381973674
0.9929070085725099
0.7260609685223588
-0.33749572134030836
0.6606076583855706
0.97836359805111
-0.8787868116956596
0.3986659153692843
0.020173607372518557
-0.9490330462991526
-0.6595521561980352
0.7575497654391895
0.5785585657953539
-0.44306564145908367
0.32441642502771456
-0.20867373978490758
0.9885650887861428
-0.08484268402943872
-0.5980738892330684
-0.21472029435393195
0.9856200681236447
0.4709293717192557
-0.33384421596223735
-0.18657918573193993
-0.9070344351364709
-0.1610829993640275
0.6742201820307572
0.7361691174636168
0.16193836472190007
-0.5383775349141864
0.23645454759696036
-0.27127579284679704
0.8344982051919998
-0.13249871964762952
0.03464761211133006
0.469638512602667
-0.8980800281897954
-0.17719799427004154
-0.32553296754788497
0.7320492843166648
-0.642365908662706
-0.01633148070623084
-0.6905523133758659
-0.9756565877060099
0.41077922110385295
-0.41339873024748336
0.195462974858062
-0.06400480736051493
0.2476528876576811
-0.4104676945304642
-0.3972606420414343
0.7602291876712807
-0.2058065425431092
0.9391055224782406
-0.5923435811025488
0.7373888253863999
-0.3064291606953163
-0.1519364292571133
0.651870408561768
-0.02050293741159554
0.4499140286629904
-0.6826570852704454
0.7343623427483702
-0.9257962847036184
-0.09069916622959685
-0.733931205635581
0.09978239543164716
-0.2459267051131403
0.7458863317266936
0.3832914339631977
-0.5212919035914844
-0.3409368834468375
0.5458896281797865
-0.11351971586752678
-0.3566065747052052
-0.77870210116234
-0.4299119246883862
-0.5210085509527438
0.20696927969311188
-0.4469829192362003
0.511464062672384
-0.47863872603359303
-0.7108351841607967
-0.3392127483818543
0.5182538419488435
-0.8399057814775456
-0.648464913065267
0.9424381886564681
-0.786013726339466
-0.06196507902420179
-0.7285560267726423
0.825012115546596
-0.19445476865593195
0.34181600238502213
-0.6851472300639977
-0.07570238316305505
-0.8213381894679165
-0.8314051894860924
0.5956967135587924
-0.496500611842029
0.09859122021851677
0.034600426832905984
0.31848392591116403
0.220601897144015
0.35199526350873256
-0.5535171261314209
-0.6614828731360698
0.6717120637831809
-0.05719274730586988
-0.7672126508262509
-0.039923145131770005
0.0249796004411709
0.5986057302094089
0.34997405721348457
0.35886429189055985
0.970930797055184
0.3893268261215579
0.4164743596276787
0.3064269443181434
0.8474877860816011
0.703983461308009
-0.31478134832411164
-0.5985991738162775
-0.2731597679970572
0.5392870463073801
-0.5352093913413873
-0.6618146207474265
-0.560674554216132
-0.2231071200441311
-0.8291200690868261
0.15783312145387413
-0.614561488697182
0.6024886210877735
-0.7844514817827528
0.9383523939646932
-0.6363809755732812
-0.8416391596835214
-0.3862002288703368
0.42585315227483406
0.6224102647784264
0.22008019069277937
0.5507440951281987
-0.7882339889631539
0.36165744095926106
-0.6481092740143973
-0.9178095568606094
-0.5606660175760295
0.42481330411125123
-0.7292199765612813
-0.8386155076942176
-0.18095990177579974
-0.6462971986814001
0.9092820608031128
0.8844232311400045
0.0901225545193909
-0.5921001860938558
0.8815052266084528
-0.84557511051411
-0.4476253226893414
0.32104181142572025
-0.907967237539469
0.9924869818101177
0.5982189274500115
-0.3698579107064472
0.14649531950203562
-0.630298360987299
-0.2332845568454588
-0.656268804516968
-0.0761047980769404
-0.9874178957486756
-0.1263890465504464
-0.9267080474436127
0.9621020660324165
0.8409406018603781
-0.3020859061941138
-0.9447393779513759
-0.1397726717762834
-0.7561996864241586
-0.20878190790062218
0.2788178793601439
-0.24221650535133452
0.2453298941126938
0.12012055027173858
0.5325416107694341
-0.9619882694855536
-0.9494193914232822
0.5291551502527821
-0.23765255050081086
-0.2574263703400359
-0.047249263523785945
-0.16280523734541974
-0.07891751849227088
-0.19490712025278456
-0.20863472879541425
-0.7090989510195278
0.9291406316564444
0.8816447603216743
0.8975992244721477
-0.8129072167505579
0.3760583972359033
0.20978029741091825
0.8180860058087489
0.011762496616500976
0.3416749251283798
-0.20799033696943775
-0.4733773394104692
-0.9759832388944075
0.6414066017082197
0.261500601119727
-0.6313329230496947
0.9056142319250227
-0.9193158390478343
0.3749828867668105
0.5336380288096221
-0.7899966503085036
0.09823082727876889
-0.1146874390061295
-0.624273706803503
-0.5427830002429475
-0.5815486783150956
0.8142711923231281
0.9698194725169742
0.5876886066160347
-0.09950618775451331
0.4689894159691503
-0.3658152698886519
-0.8093335240887268
-0.30319858517229037
0.675579523725777
0.2674134276715203
0.6031830106791953
0.6178439932224008
-0.34371624567068343
-0.10218297347138117
0.42739256250867375
-0.12251241042715862
-0.1923432976199005
0.17236728769528517
0.6169425165866097
-0.0996548614047935
-0.6710523114898714
0.7474942132481704
-0.1141706415460651
0.4125713027154698
-0.8870346805066711
-0.5725329910530146
0.25059641701919155
-0.5563652782709532
0.6288671044567082
0.0979673057346584
0.2305472725375461
-0.9881470856707016
0.49404965515148375
0.7872162431784374
0.09816323104158012
-0.33441350313506557
-0.8106208086712965
-0.36643294093021656
-0.8781327254238491
0.9681447385364707
0.1525921291308352
0.5957725588438352
0.12702277937464143
-0.13188628000875008
0.1032689411605342
-0.4151397234726414
0.25944661935987184
-0.8192889286278473
0.4124085126897563
0.4693150584341123
0.9050193597558751
-0.07589369909196207
0.10505621679029051
-0.12974676352229644
-0.8831739490291161
-0.06220811849608748
-0.5781750593107265
0.39966087801238104
-0.7523643532620284
-0.6356620365724659
-0.2193858559741412
-0.7455131446685248
-0.8525956522583907
-0.036095622240092946
0.4542494963927708
-0.3032276857792438
-0.7897083323718281
-0.7669700835755606
0.3289248270492567
0.8555146421665702
-0.2867151853994415
-0.6499339686271149
0.690537841392341
-0.661023105098388
0.007769925416209041
0.4893309879272405
0.3307022727751037
0.6623013168244555
0.979910549985853
-0.19117475037400677
-0.48712235851822977
0.2674315206612838
-0.294322182908123
-0.25493411433213004
-0.960928751525848
0.38147916791611286
0.8813503592899361
0.19899047839974277
-0.5257444834730159
0.7140591013400474
0.10884651219580062
-0.5647806590526585
0.7179815894913181
-0.7397073142876096
-0.08187995083357133
-0.14377020034741264
0.22982596241311526
0.43895632099632426
0.6254304537812589
0.10421952631556256
0.43281615910866006
0.5715005812918523
-0.7546648722184389
-0.2579356438527101
-0.9526916155143513
-0.8858400240260088
0.16450936809090647
-0.1624055442005382
0.8435229027994442
0.1902314345922779
-0.8083411191833237
0.3721344190327148
0.7490837530773895
-0.22817074215328814
-0.6538927412210589
0.814029209846795
0.1491370171083743
-0.6212540145130686
-0.9043993265277119
0.38990275272245045
-0.40302114066384087
-0.44531886879770133
-0.19016131661688143
0.7188537539630424
0.4343781168316881
-0.5932724444445349
0.5767222804533405
-0.43044873223408203
-0.39821128718366
-0.41400127105008205
0.8912746424414626
0.9982914197114482
0.39133412350302255
-0.8591284809275537
1
0.3792568571114923
0.24926216105867152
0.8148811104566693
-0.947150183690337
0.8999832819630201
-0.9343823015841711
0.6224270739328516
-0.01553845229265716
0.4803287655895801
-0.9320036551594086
-0.09777071030866819
0.07102587467552997
-0.9467276023565367
-0.6074235684743751
-0.5915824667912065
-0.6882937754793779
0.31341597899168155
0.6239606635614946
-0.7699198320753803
0.8793141341702397
-0.1908167088584158
-0.3968324999891968
0.14225449244396934
-0.8103411729908846
0.8784125226804604
0.5767196211228974
0.9654599669944789
0.33996428805019746
0.8582858538678589
0.2515611950395637
-0.19378198938207117
-0.744266582675696
0.6487632263618154
-0.8692543529693053
0.3651700594049337
0.5129277001665715
-0.7229113967948695
0.11717748713497564
-0.303578539555529
0.8211506269785245
0.6598173724801034
-0.41169334316451767
0.6895536469437319
0.7429595983057756
-0.8142267398007849
0.4462160596942624
-0.4986710953240648
-0.08732837406664568
0.7297458598713278
-0.16270398037186262
0.05408833520878598
0.965725034003808
-0.19170923727546557
0.12275669633454026
0.7323802281069801
-0.9639839439436191
0.667724363202844
0.04053855897482072
-0.02554719281721074
0.807694798960045
0.7418321414962683
-0.7720898307632049
0.570777876018869
-0.18151381024261934
-0.030994818932146628
0.21086417710002744
0.19730139671840022
-0.9869865604028276
0.12045267562503856
1
-0.10216341032421603
-0.6049659710841527
0.14917407103468108
0.6152152134649251
0.5653731084395938
-0.8496480513352516
0.7450991219313466
-0.25624418160764284
0.4920952223269439
-0.029908648312116613
-0.8786677012151394
-0.5349287360973632
0.18184382128518964
0.6400842327810036
-0.3940659113580922
0.5089933985960934
0.2696065510041236
-0.36874622759659703
0.49503274350537635
0.7613466694247202
-0.16311936365595806
0.6813070623552426
-0.6119272820316709
-0.04211661055567657
-0.6161166080063213
-0.9635238807947015
-0.034987385869597314
0.8143130690689797
0.5117928617070666
-0.8226178546976656
-0.600658740055248
-0.6555964821301142
0.35054240558008565
0.5695767147179625
0.4604147961868765
-0.7649717108022652
0.6669430611990589
-0.32494710720392095
0.8913009145408262
0.9025724235115028
0.7616676042904723
0.3656732787979119
-0.9261579824253607
-0.08849838802664668
-0.19470099437218555
0.9150182637832321
0.8690099589581394
0.1291933324105984
0.08175249859093701
0.47549541748161694
0.9425592693920352
-0.3873424999569227
-0.8324555992108165
0.17188648496671702
