0.621457118240422
0.4003198194268391
0.3592196287456161
0.9779118910379878
0.3310905188775504
-0.7321763866751674
-0.9092496192188205
-0.2564792727052647
0.13700391673817197
0.22869625988930412
-0.7665590523663175
0.23612838269850608
-0.29636424744166806
0.7569979970193804
0.4293559591026028
-0.9261415747876626
0.7922846137110702
-0.46479862867821925
0.57927200742548
0.15435822781114014
-0.6883072668653935
-0.32913481789295157
-0.4351720219164946
0.32659849688114634
0.45490968960682654
-0.29540428080001496
-0.2241139060388549
-0.512462441968149
-0.645694860876482
-0.2632672739621507
-0.15196139847509518
-0.7506913651927076
0.5840773943525125
0.3066052808695716
0.6448802648686509
-0.07727675460089428
0.2813458444160386
-0.10175789042447049
-0.7553592693095594
-0.35334345573932135
0.5708206118325874
0.21078253632667374
0.5764506238087974
-0.20387597604253815
0.22462415790240192
-0.03256829529837621
-0.21586452575757425
-0.04753809926659607
0.08057101924689097
0.7481454003809083
-0.26339246857566034
-0.8643188557878073
-0.6086512739908493
0.900376996954806
0.9652398601416461
-0.17268263754520277
-0.8088685453521067
0.6307221703385328
0.8656747482228392
0.2789807042245444
0.8572701481668731
0.6168092465529565
-0.008232345934289223
0.5263644989518442
-0.005967068790366423
-0.8476217467958761
-0.9905115964567035
-0.8937845863222686
0.5072801960369149
-0.4883736416529453
-0.041044792212646584
0.7887142501225454
-0.44493114116455734
-0.12429677875861904
-0.0736657388064211
0.8285463464493595
0.22642038798613337
-0.36561584383019036
-0.5294440378575771
-0.2852906902687829
-0.5211560002120563
-0.06489970750972719
0.15545819083350193
-0.18645774139731225
0.8306096214295997
0.19856847376787215
0.8602339689391714
0.18284186124254018
-0.742678908364955
-0.8387609559941559
0.5333684124296595
0.9064680969451271
-0.01681308560722271
-0.5821014870649325
-0.9097263382344282
0.5643362445284034
-0.25689887387593907
0.9420308364190686
-0.6107989665689749
0.3172489372918324
0.7515516148490228
0.14716126406483218
0.0651305438620706
0.47843749959990056
-0.47362222815575444
0.4847867290923502
-0.463463320759825
-0.711573315961569
-0.914189625907466
-0.3630672753461776
0.9481788033735717
0.373635207055761
-0.7886268353926685
-0.8208370771651297
0.6246696187240942
-0.3861189499046922
0.49179914333220554
-0.5846677220115708
0.9245660570474817
-0.40640370016337424
0.34859467795337457
-0.28619847740602733
-0.6560392170216455
0.02534390434229651
0.7332692154037009
0.7972549646514572
-0.29399830326430565
0.5200818021813447
-0.8504372727214583
-0.528159301932361
0.05691077582180333
-0.3153223835001087
-0.12446558469552133
0.021278331400914306
-0.4022547973534777
-0.27561154276054056
0.46738051865121716
0.8200330697256936
0.4403794670508633
-0.16573739880011748
-0.39366805032770835
-0.9724712532118951
-0.4721008533824461
-0.043270082516511155
0.8475123000014055
-0.9100254198463115
-0.2089531849098464
0.7297832268805045
-0.5138988740949034
0.9425202311444347
-0.424868060687867
-0.2691869383109065
0.7233612742380862
-0.7751342756418947
-0.42246719276009653
-0.6825918446821773
0.9133243247284774
-0.49763445378309296
0.35763313301983574
-0.43537783304782773
0.07354898312399556
-0.43930784070606593
0.3251971251680525
-0.054414674127358634
0.9682404455743228
0.42352528901181835
0.029091351312166537
-0.45913437347582875
0.35607295741359507
0.08145906715917754
-0.1379189440397115
-0.31011768234282855
0.5525079118260212
0.01899169779750598
0.6981957550560293
0.6742717184850593
0.392668306178805
-0.28730835957467793
0.5449881687870168
-0.79304296806114
-0.32276837339256015
-0.401763178733773
-0.5231118472481939
-0.37761593578478786
-0.9378915505051293
-0.46569140502508594
-0.5620454792448425
0.14518298916857147
0.8317714285754874
0.09649418217986352
0.9224316899566558
-0.7487926670729329
-0.29854614723179546
-0.2099264294882363
0.18559401902090955
-0.14314239525678435
-0.6393463945399632
-0.1803388822643952
0.2919233407631201
-0.05685583119733818
-0.18380150192430195
-0.4744823179516527
0.11974132929381626
-0.8624942325968803
0.38263325510596985
-0.27687277723202314
-0.005029759385400747
-0.5600681365951634
0.19921191515284797
0.3036086492304888
0.8925101440995096
0.6548412007563769
0.9464599887550547
-0.7900270580243021
-0.5739739098693545
-0.7629100778650162
-0.6781619491022987
-0.9652092633123893
0.0156464947680644
-0.23221389384228017
-0.1547104876815631
-0.7465341512711355
-0.8631450905953775
-0.4987402717308619
0.4346396327141326
0.054949245857970064
0.6815573212654962
-0.4990220928078267
0.6365257688115161
0.34103623967238816
-0.16843697648735317
0.028574911508861302
0.5605740967280788
0.3281401552086979
-0.2375833639408465
0.8249853859475357
-0.9702242112803967
0.5595785410794916
-0.20628186351621675
0.32062837107046244
0.14553047324919818
0.9409466547835087
-0.8406379968303033
-0.4620141119222368
0.6880500718376149
0.2677650663218147
0.43574975397314736
0.49406269577127454
0.7186323838460211
0.38821918494121405
0.05742715766908358
0.31740555870798615
0.46608912560613347
-0.0658973791932111
0.37659698155089366
-0.01902161506050632
-0.20457031186441207
-0.24370182705617482
-0.10862933414214689
-0.6542237529264343
0.3762172208814275
-0.34517238234449626
-0.8972691847698512
0.7236004361738149
0.7923227616231978
0.052255887796397435
-0.2545449227790391
0.8823501049252639
-0.6787829787860754
-0.8099673852806184
0.3685114593835088
-0.23111198380217815
0.6817585003837191
-0.15826960081670954
0.8122474997521754
0.2050659551615046
-0.32181516595878723
-0.31713755156544066
-0.7818743517708067
-0.17150360464090508
0.07450940334395259
0.6332683731114074
0.20137842607481676
-0.22857390820649182
0.045178977955574316
-0.5548815386433148
0.1969127680751223
-0.6096558548764451
0.39491493584221066
0.4930607457582513
-0.18276002437747163
-0.3787121963573427
0.291954780117247
-0.49933225353140115
-0.0777566005599672
-0.026078811402348915
-0.3993539480398726
0.7135586627307726
-0.05273561547641675
-0.3628670046391505
0.5124300083268905
-0.9468134023728354
0.2893073450802064
-0.3134404110642083
0.07771590311991303
0.9372413831802301
0.7246890738174571
-0.18368320230492588
-0.9309428761406868
-0.05322010340728778
0.5974344044580316
0.6313578382843364
0.6118326151541535
-0.5935541208617092
-0.5207544954706985
-0.942689372290945
-0.6597433556679851
0.07493662524332234
-0.1965467259676946
0.08216289104593787
0.08461180654998365
0.40229141558081627
-0.7750910393927307
-0.988415387107054
-0.7841521979320252
-0.18340184814195934
0.13050219798310914
0.9173929465715235
-0.9922518635113611
-0.695045042742917
-0.07591283043698764
-0.3486386928778217
0.2645842881752471
0.15198830220997353
-0.12294890115987363
-0.6739083010902255
-0.06117715111120467
0.5260915381275534
-0.7551019797545852
-0.12629470122694253
-0.15577301087090123
-0.35865927216667365
0.2599123169158036
-0.16657637540870784
0.10213368825381779
0.6715756785453892
-0.5898191595163813
0.5181096926033563
0.23566063929516295
0.9491654214113348
0.3623644435817998
0.9150281094280655
-0.7340057318600999
0.9376609033342156
0.729499575247371
-0.4505192270894301
0.4796409089670193
0.12577244733456425
0.6816927784969051
0.8652268260268005
-0.22291651935279808
-0.1801697477057701
-0.35356567515077164
0.6491646063649199
0.04454387530720463
-0.8178203282473063
-0.7439824902017711
0.37642278898139653
0.019592268963567534
-0.643016859427871
0.6664963775531855
0.7932883315211006
0.0700179564187367
-0.16190737166933064
0.5643647774899586
-0.36116232993075387
-0.8239424569418672
0.24588493377605516
-0.9654787698300251
0.9384517516938339
0.30427473804278676
0.14914448354002702
-0.652027435576993
-0.2800685795738715
0.8657777237934643
0.6476444884404983
0.061552881048712885
0.11886016419845559
-0.8065748561220972
-0.5059815841771326
0.9689142951177971
-0.9184761956002211
0.2853978393800477
0.20806149024847734
0.5734081058293629
0.42122959383173664
0.43448865487213884
-0.46452768523403465
-0.8105032072829776
0.6872253499990582
-0.9710434356272619
0.396140962928664
-0.8276448430010823
0.1483591499241264
0.029412496417654643
-0.8458554215243945
-0.8552773763925194
0.1042295679863496
-0.5310258113903437
0.36969824846207705
0.2667141328388072
-0.6932390286840746
0.628632100571246
-0.5104561727825088
0.48841495274624896
0.6700259109382958
-0.6789494783718368
-0.17549131008420907
0.692982405364105
0.08797424870358328
-0.780785891626573
-0.1719779332891692
-0.3857223275162539
-0.06548987085174213
0.5906014121794243
0.7558516329215669
0.3730144888256074
0.640667212018578
-0.2171021832710623
-0.6204132645964653
0.8762578653581878
0.8028497195806914
-0.5507893792375761
0.4467074746801406
-0.8181168456739966
0.9221955827599383
-0.021728562895864938
-0.419541647859282
0.7862027877369067
0.06133530422625153
-0.2311966927439844
0.4079584409231046
0.804382103437019
-0.777906885258057
-0.21657378630661858
-0.581692649817578
0.02206372562745984
-0.6020582841720818
-0.2287911208953159
-0.8476557254742155
-0.3331580237498303
0.5269324006802484
-0.2793411942616616
-0.31892582266109476
-0.17518886628634717
-0.4141509173607436
-0.5436339820248073
-0.3541284694470441
0.13292033348286914
0.20908681243883742
-0.40916548017571186
0.9121754833080784
-0.4981507049828769
-0.8118595025635271
-0.7985679265964627
0.47203828977187556
0.4643398391250954
-0.06697242671438788
0.01822460521266271
-0.7965214846601317
-0.8556109103028527
0.17838781421755606
-0.4263234330388937
-0.5326803595379579
-0.7282940407492293
0.5159690438249985
-0.6352524416162547
-0.9385374323521989
0.5725684310443935
-0.15423333973679526
-0.6694355322558464
0.8912432861344134
-0.3788436153870877
0.41278533255229977
0.5839780088961045
0.8226427144001555
-0.2823769346296059
-0.005093712374845276
0.6894941755161098
0.29560229119470777
0.06700612843987204
-0.5388400927853886
-0.5185946273151948
0.7632799059805676
0.7004664982966505
-0.19796481967913987
-0.9224726800599219
-0.011813073702472462
0.4196308067871557
0.010252603190065842
0.06759787785054064
0.34771815783412174
0.8010422931642256
0.680615723106481
-0.39778371101509946
0.7794103889935003
-0.14885648294550566
-0.6113802961981353
0.8272030323562524
0.05551328479605793
-0.08355958356893392
0.25256742817792377
0.49402247579617564
-0.5244831589882809
0.9277902418965454
-0.018386066349801528
-0.5340531957449047
0.6617815608480796
-0.8789513997086917
0.8868832864052186
-0.891773522203713
-0.2789880550248548
-0.2832773405694666
-0.7017702966335179
-0.6497231949457561
-0.9832650752755305
-0.10544506736532017
0.016668616569706703
-0.5625560947728444
0.7379179466731761
0.38305468744429555
-0.9621286542527875
0.9207218751564169
0.9296878949242042
0.16847706366542797
-0.20823458149046395
0.35079510209058856
-0.21970896046274488
0.4582100509348706
-0.1944880164309358
0.8523808834362723
0.033540350191955004
0.5396356419821772
-0.045172035107032674
-0.6453912775988735
-0.838469717010198
-0.6660985584770157
0.6146403267838282
0.5482620128181007
-0.3691036203720472
0.6044689852376763
0.5117528389688016
-0.3244094524416066
-0.004784392627883502
-0.16781183369038788
0.8223097469914207
0.9030555662722235
-0.4230495017758223
-0.37323189271488233
0.4434338509503755
-0.23076684153055502
0.9495215471146785
-0.2192832247138827
-0.4206854006603852
0.7642341039981279
-0.8953929720650877
-0.3504883608082804
-0.8778453425347084
-0.7155222906463846
0.49804260135223666
-0.3215202043883164
0.5989726048144484
-0.1710878628279963
-0.5352823212525902
-0.5440804142897943
0.3172712456442578
0.4029474964286172
-0.3654118232346441
0.3135726329543401
-0.4834755842498809
0.7986693883194985
-0.28344263824856253
-0.010441992656861448
0.6896114933521575
0.5780646067710605
-0.5558928794601841
0.8408249243222602
-0.28727867368997295
0.47423157342057404
0.6204993937355953
-0.961972136118163
-0.09864205026282902
-0.23176508253382588
-0.1481572869133318
0.566739130555953
0.49123722788838836
-0.46405905808773956
0.6939724404005543
-0.1805028584605233
0.4882355071304899
0.6163624768232971
-0.47334641494425816
-0.7072085920384268
0.18063371308933798
0.17421923975390635
0.36834722636201556
-0.547612170010731
0.5780030304328722
0.4036007515918963
0.6355419548638265
-0.3638398795074956
0.5925678958901055
-0.5735225292051856
-0.6477183262650279
0.8434680269542429
-0.974751542421181
-0.698768098594451
-0.17713131428758272
0.2700122866280134
-0.303563966260202
0.27119825646056667
0.13181488208763562
-0.4513216359809445
0.9234932810638052
-0.6394717462425925
-0.10526740175905609
-0.3225873432676086
0.7513527851546169
-0.21620796989727872
0.9995724075537649
0.5196003680955655
0.17174967880143013
0.8676491465857565
0.19386643345749482
-0.6231060554649278
0.2828526076967202
-0.622394344865606
0.760925028906642
0.006624304048645858
0.931069680069638
0.7544355596496126
0.23664811744547964
0.9977319636532946
-0.2421023382095692
0.2953327539702935
0.5735978614164922
0.9691263707112973
-0.6431143820617996
0.1932195106521063
-0.05972573805414995
0.3700238228314207
-0.3213795265361758
-0.2421142563774984
-1
-0.18735537455123247
0.9836596716814724
-0.8161962178322548
0.5728450053796417
-0.41239234589270785
-0.9858560394591772
0.4717481008638196
0.7640205182640619
-0.8239475859913395
0.038748222485965454
0.9197362571966009
0.2753036008328738
-0.9534260595686223
-0.6905883262793427
0.9520803022512496
-0.9913822664862619
-0.7253718970352961
-0.21001302145646414
0.6037206198468177
0.5190307887582053
-0.7563214559125306
-0.5644206821535498
0.06678494382431155
0.6076358888995617
0.43049837695247056
-0.14989744813884592
0.4744806321142572
0.044251988619102366
0.5394459521303715
-0.8422432897700567
0.5102540793235887
-0.3704130392677571
0.5621567148350367
-0.27992557269659135
-0.2075734941402646
-0.31635707472559094
0.20178121929832613
0.9978410528399474
0.7088003637953073
-0.013491818371137613
0.7841824612390251
0.3379245041432352
-0.7220785813182985
-0.5219708426638383
-0.9547586865318329
0.14695816573045672
-0.056787173974236146
-0.4401174094386838
-0.771548813686315
-0.513353895989693
0.6524487246850333
0.8255406808294681
0.38515209579759235
0.7355882178844501
-0.5226537555242392
0.6669411595902447
-0.8256413356316586
0.882435621872973
0.529521814875548
0.6610927681631987
-0.5984325122776596
-0.3620041099057913
0.609232643389522
0.43562265893581514
-0.02573652408347947
-0.30755572677592025
-0.6828923669603341
-0.6312491562478273
-0.1933678005139526
-0.0535517339866078
0.698490590831728
-0.31534516895499337
-0.8308262839371202
-0.30585973119513904
0.12667634515044107
0.5601438940338382
-0.007301057062711435
-0.33549343729601405
0.3250784189985249
0.635625454496471
-0.3376449641848367
0.4057251969172839
0.8634971471916741
0.585204095310147
0.8708495780383453
-0.29221831172644513
-0.559826514237074
-0.868314228869046
0.8786687335876983
0.48667357121496546
0.12190579036673761
-0.0806415442220674
0.7459627985737405
0.22279087916448304
0.14219915528714097
-0.5062057098483612
-0.1193539273483286
-0.49940825932755356
0.54385495900005
-0.7501291546778309
0.8746913157709295
0.4879515123479756
-0.9860773525344025
0.009490674079116003
0.9670595689090999
-0.5035090664892257
-0.6656810773784396
-0.4731635008193122
0.7378577600455871
0.15037572244147954
-0.9915478768912053
-0.23656728752383324
-0.28360474765297483
0.7592830759472786
-0.9805221137503098
-0.9157968122772314
-0.07676925089972819
-0.31109141244055416
-0.025854341025486036
0.15991076632214662
-0.7096947466387472
-0.37470799543096694
0.40987870958896244
-0.22511870785994215
0.8823614089758351
0.9104405334775534
-0.8853599665246698
-0.6327179470808688
0.697805174315181
-0.31453371565772453
0.9165092384297842
0.33898477835983204
0.6254702328234357
-0.9770899837883101
-0.6253799093428704
-0.6926861958793141
0.8645353953129882
-0.9932176695127598
0.5200875651503414
0.2418062893655554
-0.7853175550199071
0.7944865639666282
0.6804145358294243
-0.3090892440023514
-0.3057833656818826
-0.8893248520731268
0.5113555522025026
-0.19164158074726803
0.7815664747590083
-0.4078941182300929
-0.7355291216747171
-0.1034491575377594
0.023306492504946943
0.00023085669966290724
-0.8784498022259597
0.9250712064443657
-0.18093332850519897
-0.16422924755190763
-0.15166445009797913
0.48660840857532944
0.7728403053379872
0.5125348117727276
0.9858991634219753
0.14491722511723193
-0.8296095920176119
0.6596160289683719
-0.6449027016175458
0.54525313662779
-0.8360742994854106
0.39750052984230005
-0.028852130951402863
-0.6774917319843202
-0.19877985391840697
0.5629878134866125
-0.3429059038245411
-0.8090394791170935
-0.03502129898839561
-0.3163647401571955
0.9492271180550658
-0.21669307478319458
-0.355214729130108
0.2097771873105736
0.5292284647355678
0.9652850845313059
-0.10078202542363635
-0.2557736338020719
-0.1434314279784953
-0.9819972391261135
0.3926690027078682
0.2595144028370312
-0.8961743038965947
0.9551061254033921
-0.3170497002118387
-0.608748907285705
-0.29862495034490083
0.10840644294134887
0.7942108931495512
0.8832815260240445
0.222244375436311
-0.2696024771253821
0.5120772882563653
0.7253765835055407
0.9870764692567726
-0.09967627387492851
0.7243683954183245
-0.7638130385113887
0.7645381721380802
0.9355615432688343
0.8492873809002994
0.9129255068999788
-0.8028864649594464
-0.1601538991406837
-0.05757341881723676
0.3900621759626866
0.4203696791322962
-0.3797792201766671
0.8176197489664155
-0.33703220806011014
0.4576104556302284
0.3551092203519235
0.4508485933469586
0.20207466325515888
-0.7931947632825828
-0.869394242756082
-0.1513229908165532
-0.17714925591649644
0.7133178965105881
-0.021182673722258582
-0.09406876568514065
0.5473122001502533
-0.03682968205129118
0.7142892139628035
0.4007045549409191
0.0009422066704603774
-0.6119277048160296
-0.3654347594402865
-0.4657104740468154
0.2817661453651057
-0.02572824539908646
-0.3134465435176904
0.08633334453159924
-0.5646532769303743
-0.5166012286476555
0.6210482524848447
0.09861253732839773
0.8443019606292322
0.6717196366600476
0.7334021648050214
-0.2712164735580282
0.08850617653584389
-0.8381344092624751
0.2875416575227622
0.8411609758713678
-0.11504248762194337
-0.12176700339197002
0.8632206953569372
-0.764379706192427
0.9475566407008591
-0.07155708313400079
0.10013186757721658
-0.3901731759031687
0.3212790755885155
0.30864723815075246
0.16257031452502746
0.11564579896695046
0.7652042145438714
-0.6537449428431239
0.8699368835309478
-0.21894053508730443
0.7540264364502116
0.5861404020579265
-0.44125025635988957
0.7498847241407247
-0.4674597240654295
-0.9302658108828845
0.010344128974348492
0.6812138271228146
-0.9756248982556595
-0.6627440652460852
0.04089853186824028
-0.8217354539103744
0.1674630077826057
-0.04109473574621698
-1
-0.4676741370038539
-0.6308072881497706
0.6069012940429304
-0.3057879702786157
-0.9001220771863283
0.3004786179257026
0.49117385952580306
-0.11977130777362717
0.7392578868674947
-0.08077334761305958
0.7644986706576123
-0.5449426783833135
0.38195782101665965
0.7866625868027568
-0.23245596102107965
-0.9859384204501545
-0.20779887860265783
-0.6417139861103783
0.7604160597163242
0.8647883214708922
-0.6573218849141024
0.5819013640540076
-0.169431694877672
0.9104471729970549
-0.10301355370685929
-0.3821689641826944
-0.9904165940827214
-0.5148935195888155
0.25252223204200575
0.04761425664601167
0.6146206724926193
0.7011994591374415
-0.06526058243386068
0.31187736820119927
-0.45223100325784515
0.09286392052830114
-0.0024634902418918673
-0.7329796508893335
-0.4024368894287747
0.8978988944775711
-0.8707925092757413
0.8455214615343403
0.2641368830599483
0.3444807403067323
-0.5486782848509937
-0.11611876510322804
0.2434895311444503
-0.6655704235779093
0.5782968341389279
0.590238008444702
0.9346811410183531
0.05859638391792897
-0.2467954746909507
0.6658536783318566
0.30313353013902034
-0.9147131859515437
0.42204832967975614
-0.6358929219957385
-0.32112247049668435
-0.7212764853357898
-0.7938459479299942
-0.9236776698960056
0.917003887872388
-0.6702451058838101
-0.7951368041947741
-0.4699172947816643
-0.2483602800564032
0.5319938575647657
0.332687013278094
-0.6307063590578703
-0.27112472790749576
0.6946583703220588
0.9533902072304566
0.7018964249959146
-0.037361228623673984
-0.8723299991038371
0.35290272114543153
-0.38378676816537244
-0.6542007050269585
-0.011408725956619655
-0.5691504467819809
-0.1955056825983328
-0.7788014218199012
0.4754611910530756
0.3946902601956176
-0.05479048183849399
0.7490942218350104
-0.9200420256411778
0.5445862299596738
-0.5087174397986743
0.3108577621208883
0.5104550698240562
0.254685028866238
-0.3775962766730674
0.3250641693641634
-0.14784230930858158
-0.8745405095007414
-0.5382480610213418
0.9951349939930478
-0.09734479504951339
-1
-0.5977726659363771
-0.9270828484824545
-0.22889691631467368
-0.3013439715677548
-0.8332077093346274
0.5135316426834936
-0.8569101357005248
0.4409924618953042
-0.34023843139142046
-0.7482098027704797
0.8880768147855037
-0.3672277115846637
-0.26688516733501616
0.4584083612030614
-0.8530152687315088
0.4702717569117474
0.3027830473033754
-0.012130583628985761
0.3720252456572125
-0.0872184127478028
0.5832002783735968
-0.9786190798530436
0.4905056570167769
0.02777874974989498
0.17352305838580714
-0.09578201293747245
-0.11450035011387
-0.983143896849231
-0.9936083669706434
0.04830967022451384
0.008587608746358385
0.4151618353229647
1
-0.5322373709331427
0.7920983529807402
0.4470940262295781
-0.09778088067655387
-0.7330169003834889
-0.5585406134317371
0.13858863702589452
-0.2588292666300827
-0.9397796999445426
0.9165217005247597
0.34120607527867647
0.7176979896774709
-0.9909132668597623
0.6603583544990099
-0.004923044098439789
-0.17188517333401032
0.010283683402977882
0.5260094485581794
-0.2157677059295137
-0.24278613120376316
0.2561957483154492
0.8536751669990674
0.46951929306850115
0.40421272709346423
0.5035602277598711
-0.3938959078132794
0.2838067658350071
-0.3330027158022856
-0.3626104865891435
0.28707706337451594
0.9675800937474268
-0.006487026161832978
0.12001959326421512
0.4329683367075873
0.3422089067145274
0.38925016301412896
0.48864436613951245
-0.35960989289108936
-0.03997977406652822
-0.9134152557822167
0.10842112829685327
-0.7423438350390889
0.773048906129243
-0.6467815685101517
-0.4388163923148132
-0.6925785837856726
0.7541305437809658
-0.593244407927066
-0.6273981815189494
0.23204626716928273
0.30731213832028575
-0.7041115553550935
-0.5685738810221407
-0.4763960592755459
0.49251454729158634
-0.4613880207393859
-0.14691829766568235
0.26023350174638193
0.2523503983090183
-0.07437622980661979
-0.19455852636023158
-0.6695832923066855
-0.36654781928076363
0.22640919840941157
-0.2738044532331556
0.27495354859645177
0.04021434351924322
-0.09603991110955772
-0.3269724011218366
0.5133495860034837
0.036021247352481967
-0.04057974009237543
-0.9237291019586189
0.9313255750311521
-0.7910683660391529
-0.3151020877279095
-0.815265825747362
-0.4693685738080299
-0.6884952710905039
-0.8505268005038611
-0.490119229235802
-0.25247328092699856
-0.9537157031023884
-0.0346072035657418
-0.7958957708767794
-0.43551782986535936
0.10069348680506487
-0.6561968037167567
0.22987162500587754
-0.4134451010498106
0.8337801639926089
0.6603850397064444
0.7074802623950662
-0.9569378858897619
-0.6227723009412252
-0.9679454652564337
0.814870704858275
-0.36632198752352646
0.22798109160534377
0.8428328854528236
-0.6812336555768942
-0.7483919006246063
0.397019570581803
0.8773506328399563
0.10566342193063522
-0.2053988830609036
0.29891856205063816
0.030708675336317146
0.1459091675616559
-0.791534061157757
0.18629378828658327
-0.8685564360115094
-0.8519328595709145
0.07894993159124979
0.9124745381565115
0.6143475214026529
0.08869132418816396
0.8784188776644848
0.17288519254713344
-0.3778395573029599
0.4653386855903618
-0.23399902268481182
-0.1834245757506865
-0.49510661823129154
0.48624903562044086
-0.7903284215658439
-0.40074915468503325
0.46883321609037804
0.4781596352518009
-0.6764391701762442
0.880825383589794
-0.7058475920651253
-0.3908080728157654
-0.14367514508025125
0.33368274408411847
0.03973787167651917
0.46853094507896187
0.3931774846090683
0.8984023996112996
0.4399396052004713
0.8208871102580855
-0.6520039712407998
-0.38216205337309495
-0.1417293208104397
0.9220412203642901
-0.6633070606146887
-0.7437023475213466
-0.6627501644488263
-0.07596938429401222
0.7216991921883804
-0.5565223593224918
-0.17777549692470704
-0.6807451927135333
-0.88894750274794
-0.12853580837939058
-0.5729478969649566
-0.3581762146248366
0.29213001119648174
0.84173813266095
0.949563808120685
0.24970352694793338
0.4195241409902946
0.9112095925210155
-0.09398876658272576
0.5794038545644871
-0.6645323767706312
0.24519255762446737
-0.01402445461494711
-0.08474253264616646
-0.9805726742025779
-0.8460516547428697
-0.09718326323675147
0.4014465425103787
0.22051781686467295
1
0.9475971352626502
-0.7215682992050657
-0.9909036942647949
-0.039648983697995265
0.11808170279959256
-0.8237273496602604
0.7186232196756014
-0.7483637829180003
0.6219538753560646
-0.3529606582724088
-0.27729146626855106
0.31047416884000145
0.8007267931032834
0.7916859276751661
-0.3732136868809018
-0.048069008877456514
0.2222409516866639
0.17577385948233645
0.5930600356978777
0.10719301830769401
0.9222748358875136
0.7681337052675177
0.10167884995675833
0.4087592891139962
0.2011453906135619
0.6719160211335357
0.7207376062615444
-0.7217962392769403
-0.5999224082610768
0.1843678886855287
-0.9456686983090329
0.6789326087578686
0.8387901516680393
0.015290696481809498
0.6121387331381455
-0.15916284000522746
0.4592199427191101
0.30235933205086085
-0.5201721587978343
-0.5151535991244188
-0.19175059053131632
0.11689228052648608
0.7785225806202223
-0.641485977296507
0.6249143865952623
0.02859116090803586
-0.9268033418033537
0.034396209395392265
-0.6738451899756703
-0.14362820836062665
0.797980402329608
-0.3239168520159091
-0.18849156979424195
-0.31103828814921014
0.24624073377443642
-0.9594784600585652
0.6368715266264873
-0.017307177603637
-0.13016775429143917
-0.1533994066411761
0.15466630770043727
0.34969811612952323
0.5434782821917965
0.625487784464055
-0.25753434850826773
-0.02652322903950474
-0.797658420873585
-0.4314559003486853
-0.2684737871787731
0.514434264265074
-0.7284342890785255
-0.4073478424239042
0.5045767263704085
0.16342809252535132
0.02034057545316068
-0.8913189484247496
0.3250809045674362
-0.4190402671261325
-0.6191133378060233
-0.7193458081056775
0.350186275823968
-0.2981094243912819
0.5035529239153091
0.07010611671896319
-0.6032293731835408
-0.6831578388715565
-0.379153452118699
-0.3643018700461148
-0.20372481184641505
0.3682188553089872
-0.7918735669407291
-0.47140363002478836
-0.5608412222296385
-0.014486928674880405
0.11947147415761374
0.4675388264295901
-0.6987920502260863
-0.10353019808524591
0.19548542995254192
0.3934345780024003
1
-0.5513516602411261
0.8600807921821184
-0.48830014541347555
0.9623850498277292
0.7197210182877873
0.813621978392905
-0.953153180991893
-0.17618613109747666
-0.8890348427197781
0.4520618451080534
-0.16309056847043404
0.9210548615645254
0.7657572042009679
-0.7431544563607346
-0.2535200572593889
-0.1621908372772911
-0.873818377249837
-0.6106100768990492
-0.36929527971681436
-0.10702129243088765
-0.3380800002794939
-0.5801418667599735
0.45463987423308283
0.5238218235016376
-0.37702659052902227
0.92192203849484
-0.04503784614777982
-0.6312801624206265
-0.002544053623158093
-0.4199243814149011
-0.8360735157803103
-0.44344527724963584
0.07087494091593696
-0.6603209955544851
-0.33759458113479884
0.9879219270793347
-0.3865094093450226
0.48152162180496894
-0.93022507372835
-0.6686498725535509
0.13681067460461327
-0.5927492302032509
0.010449375420844665
0.5925606599000023
-0.29141301381290513
0.35017969683006583
-0.566036374777507
0.843405699254848
0.19783048587832264
-0.395164135197123
-0.32979536562696854
0.23406438783767808
-0.8445990912430753
-0.5038910656862213
-0.8276443634449105
0.8884140703431735
-0.2465861675609123
-0.18617017160842284
-0.5832202954099229
0.7046465479825692
0.6643275030101825
0.6596903198385141
0.6987614682700417
0.9315159763106154
0.3478248219810185
-0.7099762423611573
-0.6807652280941241
-0.5266841221414008
-0.48957040721980183
0.1574901856179388
-0.058883428927273156
0.26515319362713813
-0.6256220976434604
0.972485247887192
0.7893486518468908
-0.9906078385936014
-0.33002835713059814
0.875079599559581
-0.02189381691788662
0.9346128368953787
-0.267058805986996
0.8397830064478519
-0.5145674732506493
-0.11140564875152445
0.19298450938800146
0.16336807077442128
-0.24954779011499872
0.7432188435848754
-0.2715963574677857
0.7397283041828425
-0.807074768679747
0.33717302742918903
0.7069859631334826
-0.819985818042527
0.8608812526980387
0.08471100234005768
0.7554934279901652
-0.036267160619885275
0.6331784421426278
0.4708016113537088
-0.46896554835389004
-0.9395506751857884
0.34121153345360183
-0.6163696773476482
-0.08500626039703525
0.2801478978205497
-0.5153702911991277
0.07403595042080549
0.6299673693268576
-0.21398187255241907
0.8004705690292754
-0.4552763439381075
0.579309796195938
0.443719205095779
0.2566444102561482
-0.8832741562073578
0.8304213823158766
-0.8526029246101542
-0.5423731088154666
0.8522693468086304
0.06980289237505988
0.239345167198605
0.965062851798713
0.11489151210276967
-0.3359551769043202
-0.4380216001525117
0.32935246902028875
-0.11332602117502649
0.2853292021920092
-0.5621957645618586
0.6979830875257537
0.856395252305666
-0.21140744871916392
-0.22916009799836776
0.10934690707037097
0.8590197767825606
-0.5011859876880735
0.696627997198823
-0.8965025318762093
-0.2133879607477262
-0.9023337142230713
0.574572905275544
0.15412884042149425
-0.8212377489420579
0.5781042393800729
0.2654173372553794
-0.6895520563166376
0.872424012239558
-0.49148201275222675
0.519100107468715
-0.13756869412891642
-0.6050418374487315
0.3884417531654039
0.5334321417958473
-0.8736138784402463
-0.11201846468536708
0.9533623432460967
0.22125072841497478
0.08931401037623056
-0.10102301432870162
0.7806868703968758
1
-0.4907700797395674
0.14915434742222225
-0.6698986248820122
0.4817125105759335
-0.26571456972247237
-0.31063411976994054
-0.9940173349503918
0.9611717711034379
-0.47546463624452967
0.43998105480338845
-0.4592409959036634
-0.5102820988218475
0.6736500091990779
-0.9899167292832387
0.027887980494954036
-0.20887935957491938
0.3421419502520609
0.2918167660356796
0.11766624129037716
-0.8019600270655866
0.5324935738226024
0.46654308733536193
0.8330060675265265
-0.5213907435752538
0.06461950843059545
0.8457145481185576
-0.5397579183066311
0.5667419068106936
-0.5155186582253992
-0.7904247590940093
-0.9852682935065051
-0.34671640444307184
-0.8732849987810511
-0.09897389046068594
0.2819151979804802
-0.6241457409979361
0.7181963961188028
0.6304864783123614
0.36066363229168974
0.16907275735484734
0.914851484169155
0.7969665404216921
0.15899504958357705
0.24063244866943723
0.8088075316517572
-0.7134576112529741
0.6014778364071877
-0.4794281331941484
0.9415850123391358
0.9894330506188744
0.7844428911703532
-0.8335654958556441
-0.9464824497717028
-0.8759488481344572
-0.9659916473162518
0.4156349504146343
0.8722333396605544
-0.6950925698206533
-0.3017261714743496
-0.3427800583944095
0.9192212243626169
-0.7252022879839825
-0.0704338209377721
0.9710169352214935
-0.8322734761169593
-0.4748557105004191
-0.22835016471968111
0.15207751633416522
-0.9579160431254629
-0.3291303885269751
-0.6035673098439492
0.4087565917072982
-0.16037500968251503
-0.13981899531308317
0.8126643747455014
-0.6965348538007512
-0.07217194322178926
-0.16936609366892874
-0.012082225914086314
0.20901990883243543
-0.32646979944398424
0.7470443545660141
-0.7134314199641297
-0.3355512359828292
0.009940626444280972
0.88373139240553
0.5602134625816246
-0.7141359361840793
-0.33279557738973436
-0.7116287785736473
0.8225110126381749
0.4682574708892216
-0.9418963095766727
-0.8398309463718391
-0.5073503967208579
-0.7145460528847429
-0.5424202132375631
0.19236904563445245
0.19234181510793216
0.5681006903777371
0.5831959325232875
0.817709354197426
-0.30918508162782166
0.6247100724725603
0.6264605727350323
-0.8321560589897746
0.21850927116991117
0.3443297503532253
-0.7085792877443063
0.972389170375624
0.033572253085602494
0.23762556027048476
0.5216085617740415
-0.9088003833101952
-0.8463037339433122
0.004705375430050118
0.2535020811000922
-0.32355525592833057
-0.47074410554338614
-0.11946020614119975
0.9393799153682336
0.4436775794953584
0.30538111409067403
-0.4178888843988177
0.7960716724048741
0.25729484811330683
0.01084271250289297
-0.4386392987113672
0.27316469616856
0.1916885483313887
-0.7606284651721475
0.37196149883594526
-0.32224178504839174
-0.24776545499798228
-0.578151925233119
-0.3088907288969756
-0.2149695172545914
0.3493089039928493
-0.11447219013488437
-0.6542290628831535
-0.526539829135598
-0.03860222444654514
0.47129492860517863
-0.8784315475490936
0.6688730606157639
0.26487832568863645
0.606516941567775
0.6981788935391221
0.485785282244211
-0.3266085758172732
-0.5305169085544084
-0.5141416646241703
0.8195344042185708
-0.6010894902657208
0.6226204740993717
0.35730746945112246
-0.6856679992353
-0.07223879391044606
0.8519268152021151
0.023733955302861903
-0.2105859569498356
0.839411428293428
0.7177743906420405
0.8775459606709246
-0.09169399231714878
-0.4453548506707374
-0.5149522541730939
-0.7239399637076607
-0.33098363545871784
0.25389039762767135
0.3689459632131696
-0.7697073823372785
-0.24484867889996745
-0.13030512037293607
-0.3018329515855691
-0.7402459400329832
-0.9140249751569818
0.39510519578385606
0.33488850431502504
0.0665501259892935
-0.3718009437727044
0.2157480787262464
-0.9438719236182321
0.962217052638983
-0.9205162916866714
-0.6223138111561372
-0.5938442772381808
-0.478267866414805
-0.05336209860373284
0.7121292712659932
0.12739143477291195
-0.5724769680957305
-0.838466726948514
0.011389580590004486
-0.3563443765362119
-0.9676381164360041
0.09630857438025216
-0.8231754560964556
0.6271067589564642
-0.16075300454460467
-0.7029146257328519
-0.4059217086932712
-0.8607656247561156
-0.9818226041643399
0.4228863850328015
0.6214360293585781
-0.23557632163040507
-0.33294541200809097
-0.08360823522181016
0.266717236877834
-0.17574190276750148
0.3473582248968975
0.9251101122228879
0.34919605029005596
-0.24121222884041085
0.8324753951593745
-0.5449772166682167
-0.7605604164081399
-0.17320504857180144
-0.5316978717896815
-0.5183653354783574
-0.8734976603304452
0.17144501609194338
-0.14428384833876376
0.08598225001193571
0.7176362173906792
-0.5760490664789852
-0.07302817433660948
0.6680509323145686
-0.1578393747515945
-0.43959508984644047
-0.7906626433709668
0.611103881589093
-0.8390632267411186
-0.6079251329931354
0.36976335557957596
-0.43630883239253143
-0.9644636794962617
-0.6200839694590174
0.11425791126417903
0.62354878459006
-0.6575955652616728
-0.5066325612027294
0.9885808961307686
0.6923383443892053
0.6730998497636344
0.8842324627425251
-0.8616739922263531
0.25213474033860844
-0.6657592955299765
-0.5761645439658292
-0.5858719772598486
0.45484578598658965
-0.646326065238576
-0.04050387515391354
-0.5450208302110173
0.0406424441653221
0.9672901268025673
-0.4213644434044588
0.38875643624669176
-0.6826314171481802
0.588044742526102
0.6898127737244045
-0.9045537140102811
0.5887725076643684
-0.820710059488949
0.7036487632022785
-0.14315330059627468
0.7185727187937345
-0.289830334089843
-0.09416793976295616
0.43839815710217667
0.8292356021980126
-0.9534910073940387
0.9230301815105248
-0.381597376795154
0.99860224619279
-0.5301278545156768
-0.4790245596108716
-0.6529191112805687
0.9046521047624223
0.4278924849394318
0.7020036527421246
-0.7524273300680016
0.25647085333224534
0.7311965874565063
-0.7024059303224879
0.5146608671265782
0.12693764682125533
0.5161133893278111
-0.2897129915919927
-0.26899398939463887
-0.7115150866138165
-0.39587997727921953
0.2758188161539473
-0.10572662414136255
0.6237678988283254
0.0929010655221687
-0.3849211312378184
0.929466442501802
0.4998524969931925
0.3612316596157394
-0.04431118577922851
-0.18671406641390362
-0.42260475367669903
-0.5596433164215493
0.4086556755842256
0.6949808879198406
0.9552433957050952
0.9860814766780706
0.7455069529755262
-0.9394007334864928
0.46131634979991404
0.483135434747752
0.7883371599752451
0.5003556660659952
-0.3685146554084968
0.5852309418450915
1
-0.6648699079710858
-0.43801262684538556
0.6509687315693782
0.13197128436831662
-0.7662782950001983
-0.860265845587744
0.6917621792603064
-0.244446391140874
0.39151085558702137
-0.0930904414548291
0.7878953973708019
0.720150681105777
-0.023789223721013
-0.08123346669508952
0.9613316872388407
0.2335645384321543
0.9088946228158136
-0.5428321116028569
-0.3890416297356244
0.42587401174773226
-0.6489274390322463
-0.42071685886975874
0.2571656456760509
0.8102568755651818
-0.6691877758515395
-0.538983897600938
0.10834286384714732
-0.7120897106750003
-0.14455912471357016
-0.618733403941839
0.8349726454908083
-0.1459416568625971
-1
0.22929497801230667
0.49434356467628077
0.3952780423657177
0.001414665689643809
0.822342598774669
0.7350296322485987
-0.38493399765853975
0.6282988456283287
0.9538161796871744
-0.0533916013767881
0.7939150951708157
0.15763456401678314
1
-0.7395615268876122
-0.9155824307596198
-0.28453924321039653
-0.6686756721267054
0.07594292134994607
0.3034229958060427
-1
0.18997598748302005
-0.48244256789236845
-0.666046135298621
0.8034061346430519
0.5194437472014733
-0.7023555680712941
0.4973405428048285
0.8858771083091359
-0.4713569501601427
0.2595098805263979
0.5662825123019993
0.47260023632210096
-0.5431725055588991
0.19720252699524485
-0.729245025323548
-0.40775741173263713
-0.5692047994724581
-0.8768107330988723
0.47181573046260916
-0.4588713397090743
-0.7796288088274089
-0.18381480274989956
-0.7791903826463518
-0.13903336980838227
-0.05940645429062186
0.00909420896526316
0.5211343992790679
-0.9164145171906721
0.347547579751171
0.28437133067252934
-0.10238294598230041
-0.39141932603554236
-0.7642706765532338
0.43168379693710257
0.6635368763784902
0.005036552768608741
0.6371883258362266
-0.8714001643123886
0.4016250454567579
0.8965114749390451
-0.5177690729462472
0.6116296636102571
0.3828060362367014
-0.21747200581441722
-0.7032597059229793
0.2013127662454518
-0.25731508324515806
-0.9551094238115238
-0.6296867697674277
-0.3001938476505521
0.8081976643578184
0.26651983337128987
0.8922780846063517
-0.32096628768944413
0.198828706757806
-0.6659579387033022
-0.4257384695471015
-0.4478863785009426
0.9129420006415452
0.696008015950532
-0.3601987265195859
0.6372776980176319
0.9633730853830058
-0.8505097163045644
0.34738397760656875
0.03410519758907078
-0.9474968404239055
-0.6495341393607219
0.7632108669817813
0.5918319139845656
-0.417689325990623
0.3722737247759398
-0.23284946511314586
0.9830298337556044
-0.10818833467714864
-0.5868501087764073
-0.19582941056625774
0.9751555973570798
0.42276140847983834
-0.36692417062057303
-0.28473114113530357
-0.9333666332343892
-0.104657248454576
0.7042537787845625
0.8167892475272887
0.20110620339072957
-0.5694283224274218
0.23164369481037064
-0.32465971312845704
0.8720315907672489
-0.1009616116190125
0.044060852206024334
0.49653137670131886
-0.9169387056633392
-0.16409726295985008
-0.2912537858372464
0.7522139789251676
-0.593171459413894
0.08419814859470033
-0.6788547937837273
-0.9077168507802736
0.4044605903798853
-0.42950647414314336
0.20715997880756912
-0.03950356786181118
0.23415055430953946
-0.41285094689715107
-0.28035982888246463
0.7683173548819197
-0.15628662560979886
0.9473204899690584
-0.5458006954994833
0.7299058670662589
-0.280425105773865
-0.20782148593060487
0.6915008320361906
-0.05846643084333085
0.49588736666105704
-0.7106320281397565
0.6867207700107754
-0.9152853076884067
-0.13958115739097393
-0.6967496714708892
0.12129945089429954
-0.2079704424623272
0.7462020733595668
0.3608146797630376
-0.5588175674524843
-0.3191154972316388
0.534934506659625
-0.0711304351274542
-0.3390478138047054
-0.7874051855202451
-0.3866772556273039
-0.5261397768529379
0.2048401239545989
-0.4016395506357196
0.5992037484602784
-0.5118344589065216
-0.7655407136223635
-0.3228408409376784
0.49508103939478737
-0.824684386941373
-0.6234248297125413
0.9466336224217198
-0.7838592126951608
0.020517967525468583
-0.7477782023103022
0.7908287573384654
-0.17285404595609682
0.32987252496671454
-0.6523156147674369
-0.07070324988034213
-0.7853622404416162
-0.8503125032249714
0.6242986348832966
-0.5247016633206733
0.03485789626443849
0.0885327803780674
0.27813036919517914
0.208867770504545
0.2711818334659886
-0.5212332611910099
-0.7110281615608488
0.6471047941462995
-0.11953794378030856
-0.7972903517698114
-0.011931935050437105
0.03269908124312713
0.5886626527092395
0.33952555139026647
0.33352191632420747
0.9582965461051602
0.37071354814514657
0.4625188137413401
0.3018918584614662
0.8443519840353141
0.6795291578679231
-0.29099186023971757
-0.6163539243797769
-0.25814183484466446
0.565324648546246
-0.5196897256392873
-0.6437317141606002
-0.5968509144056589
-0.27705006341497734
-0.851501248325698
0.1475730040772355
-0.5523795798893619
0.5831136320103635
-0.7732649962602486
0.9349697990695084
-0.6670367918033566
-0.80568812444247
-0.34232651309558515
0.39028045748290274
0.6194546094046671
0.18322407419881812
0.5669753790105065
-0.7984952907040371
0.3796251321469495
-0.6272792708410302
-0.9081438965102824
-0.49687830021715834
0.47398933794265463
-0.7699536288897453
-0.8234937483513899
-0.20230098779175776
-0.6121419886103913
0.9338242964646815
0.8591270434339631
0.07934729479570118
-0.6217882662613798
0.9395472526053119
-0.853469784593314
-0.46899365581572516
0.3389007156632344
-0.9658736276372387
0.9820933312028924
0.6859031021469334
-0.36451867032527774
0.1856246319255318
-0.6723197561199473
-0.25132685553272527
-0.681060236208326
-0.10963381616102266
-0.9483373039710428
-0.09225060215605363
-0.9056146944803369
0.9526949729704441
0.8142763307922322
-0.35966790446354807
-0.9409093162171621
-0.08376394471766033
-0.7809181565818819
-0.1830049116198038
0.26094466081819356
-0.2275898458424915
0.23911953939586508
0.1295573255111253
0.5072491928563776
-0.9403440137449611
-0.966342220813929
0.5530569553902095
-0.2418245273078118
-0.2615897200986642
-0.03940452619360565
-0.17400579727497004
-0.06616475396719776
-0.18328513157720405
-0.20612131269819498
-0.7529336851856991
0.9388010781693161
0.8465875770285496
0.90535952878554
-0.8041041418418372
0.39356055119060535
0.19270423165087214
0.7671552093128389
0.038016432617658406
0.3764382891703266
-0.273868492331413
-0.4078681036799663
-0.9761055709824156
0.6325997945629165
0.2581933325611402
-0.626102104115525
0.8640565646642558
-0.9428384442521809
0.35923601646173814
0.5196578656562395
-0.7586876437619973
0.09959035204520195
-0.11496379880140871
-0.6472671213011465
-0.5371761680922529
-0.635270673271172
0.7671516927808468
0.9387732590337119
0.5718152904211886
-0.10784629482073733
0.38198558908369107
-0.35063368478532053
-0.820109240599054
-0.2620709582730522
0.6544301176284772
0.2921240076646964
0.5753325248184095
0.631083068682572
-0.36632640015816426
-0.15776908327419034
0.4146434790576607
-0.17443057487450334
-0.1522655724944048
0.16339875126960685
0.5831011556990533
-0.0903424468113872
-0.6637444032944808
0.7791653966941224
-0.10475023604728816
0.3899919461008221
-0.8693539206925271
-0.564328997034079
0.18560755763456702
-0.6569598167812338
0.6754624050757926
0.0727660041376001
0.23168054577230773
-0.9583481041486301
0.4644644209153864
0.7695992952838518
0.13505929467875122
-0.3240874109971135
-0.7850770318832812
-0.3380588551861704
-0.8433428614684263
0.9960602298061882
0.20602113626850718
0.6238562023990094
0.1637997646933992
-0.12092281460937539
0.05319165340817884
-0.493736106902952
0.2800705739053707
-0.8161795247152148
0.40256492049529546
0.48532076122001266
0.8788559312562025
-0.04982839970161247
0.12773788389812207
-0.1202950251750125
-0.9212452168909367
-0.036670357011033716
-0.5641240570360919
0.3625390680371785
-0.788298204746831
-0.6562016535936609
-0.22621126472835054
-0.7271704694801067
-0.8035137504505514
-0.03275257339686262
0.4495104766988727
-0.25748172268397346
-0.8425011712610739
-0.7755418689096495
0.3207712178393326
0.8249224228306231
-0.1938404451280471
-0.6417885529149624
0.7598114932104995
-0.6845776672436387
-0.0020040579919363413
0.46706641344755967
0.3142983315480126
0.5887757790068121
0.9913290415098793
-0.14020050977989945
-0.440181406223546
0.15904028375259754
-0.25469394912341065
-0.2963097225938655
-0.9430911546118761
0.3938658711787916
0.9250354233462673
0.1807754051794982
-0.5043703446638204
0.6743283926854071
0.09330407933550126
-0.5363564407055907
0.768972118571527
-0.7430696150245618
-0.1369531039494357
-0.1572906673529817
0.20486484619991113
0.4538277520414923
0.6432731048164726
0.09772179398237461
0.38961685324602136
0.6160043714300746
-0.7876461635044373
-0.2386834541023828
-0.929253780940812
-0.839626174259542
0.14471076820956988
-0.17563685326824968
0.8816028216910986
0.1547225086341908
-0.8176678214307115
0.3626812951536085
0.7037456194577607
-0.24449244689736516
-0.6876052290105035
0.8325161408557648
0.12450673579376095
-0.6638640550105597
-0.9235653294414736
0.42364707281473324
-0.3794381865949305
-0.4185954188324752
-0.15468847561796037
0.793377460494435
0.4937134396768853
-0.6344975004151038
0.6042897122800983
-0.41651299125261065
-0.44778841807675457
-0.3537487758900637
0.8881572333534551
0.9429348545206574
0.3628704438847815
-0.8489946686479604
0.9548168726699098
0.3433780606958641
0.29957398781521055
0.8340062894904516
-0.9468923588414847
1
-0.8904198074698693
0.5478524140493556
-0.016788092180391036
0.4597792728293458
-0.9614642160057723
-0.08383664720294713
0.09616760569812102
-0.9442136678896842
-0.5688557439147279
-0.5454379158800041
-0.6945426258054538
0.35774344599371066
0.6656628185880983
-0.7476030984992239
0.8726057462704342
-0.1479755063242327
-0.41167130974438115
0.1667316527408544
-0.8558485782531015
0.8698220205323605
0.49308097422133446
0.9926871096594748
0.3224941565563553
0.8569909874295126
0.25824486963359217
-0.23362559737816474
-0.7207537574735444
0.6403077568061989
-0.8172424024556051
0.38266730596790044
0.47659693543714143
-0.7550757153377718
0.11285971092125008
-0.3028053130173443
0.8121741623569386
0.6121189046383978
-0.44728603897477137
0.6860103597879151
0.7082133532972266
-0.8020429320653838
0.44424191896062876
-0.4768335339516485
-0.11151306988972201
0.7405799441403556
-0.16145828109317192
0.05480605256900987
0.8694030617519748
-0.24446669689380152
0.11112888402474966
0.7320386240016962
-0.9751621304597913
0.6530311647725882
0.04376813405601249
-0.05555846330021735
0.841900057665133
0.7695264828084464
-0.7812542028882693
0.5495281251034272
-0.19167631320645506
0.05397624496780162
0.21050130346295237
0.21985179473570443
-0.9650530018794378
0.10584093043872084
0.99780845126327
-0.0706198387228381
-0.5691436267306588
0.12627591032269678
0.6162493060979735
0.5389670206942079
-0.8534381527481872
0.7771254479474076
-0.2101822748254603
0.4221559205985882
-0.040495676275097155
-0.900825486112093
-0.5216421022310045
0.11547418778608748
0.6358411587598404
-0.3953153342325293
0.5059625103420673
0.2617974418456596
-0.28705467757557157
0.4888811649253534
0.751704099493459
-0.1851827645983864
0.7092459261318868
-0.6238976509342158
-0.028306286231902057
-0.6304727607168132
-0.9691073596164355
0.016809020054082968
0.7924760701572092
0.48615237588977045
-0.8794449989841726
-0.6073096811529488
-0.6352620277901454
0.3585258685368012
0.5473568117233687
0.46808406587361423
-0.7672656803828981
0.6613808960876841
-0.351699741835169
0.9207933528421667
0.8851416647178912
0.719173392863162
0.39512821904250367
-0.8808425119668032
-0.16527340598410778
-0.12109743326816068
0.8850231248298732
0.8366393079007877
0.1637005949035333
0.03440885319188569
0.5152414559250944
0.9533184281059535
-0.39489822539892955
-0.8683326327196152
0.19805517873853448
