0.6736290509260832
0.35846837483163924
0.3426209000772443
0.9985619611896569
0.3094339880397032
-0.7223727093699446
-0.9237966555101571
-0.22794875642670578
0.15831006824209143
0.23405512350924276
-0.7861625905712027
0.19235111528249313
-0.3422251912519881
0.7496621612010778
0.44183960785781595
-0.9388250295943772
0.7908468735684144
-0.4604184436590317
0.614258699927067
0.17232150473449492
-0.7057556534439234
-0.3191733760253268
-0.41561092278986306
0.28844966292359125
0.48025721518676334
-0.25531507634360345
-0.22836597421603747
-0.4521890936577285
-0.6147133269796813
-0.26454303114627986
-0.13777938464691059
-0.7743237700763818
0.5847354526124846
0.3356337992303291
0.6951930977282361
-0.0715839296912665
0.29062464074988076
-0.10032380168480556
-0.7752101416715961
-0.37385763836889835
0.604754000374818
0.2318469875508275
0.5896712881717022
-0.22763916344391816
0.1867505100373638
-0.032640546544970145
-0.17614009789487547
-0.0753641756693324
0.11622741272769793
0.7263894946523091
-0.28615097156226643
-0.8723001243493115
-0.6502632772248244
0.8630277290056783
0.9198953881492701
-0.21710114290289056
-0.7930747034832388
0.6096543136403164
0.8621425169746548
0.2311284285280345
0.8749897255161734
0.5537103846707818
-0.06214328670480929
0.45355307118494476
-0.021578619177310118
-0.855331399980078
-0.9629465138587832
-0.8779543026293423
0.5574222457569549
-0.4473989801463384
-0.05186925399769052
0.7738749284945639
-0.4805728174610589
-0.1251382416242554
-0.0649019561844263
0.7870140249344776
0.2333080880346242
-0.379140237883941
-0.5126373457089626
-0.3107983839173059
-0.46376621577560045
-0.06338957985868092
0.1961186410332291
-0.16437730670367423
0.8195510420176054
0.2317907189774653
0.9180373022804879
0.1954909573676982
-0.7481291529245772
-0.8248340320893833
0.5121952293073494
0.9340290124077771
-0.050546845503926886
-0.5710405264899722
-0.8555957969598428
0.498871027641736
-0.2872350661574541
0.9032868141781224
-0.59263343565573
0.34147389548446144
0.7144331473132657
0.14735950864966588
0.05991290072836249
0.47527332213288626
-0.5179013756678253
0.46937868417209666
-0.4496762104747738
-0.700835176629312
-0.914249646815034
-0.3557103236647934
0.9269808845262931
0.37983854231001285
-0.7701415870968309
-0.8039203261289672
0.6365467097897154
-0.4532103742101532
0.47799233571392324
-0.5532398107580347
0.9254437201292138
-0.3554056458564523
0.4154910556855647
-0.23271845294521826
-0.6457051001344054
0.00953633787132503
0.7409784020382344
0.7785562087060478
-0.2651520777126304
0.47977528911301015
-0.8434616194393577
-0.547519538150852
0.04152077733402217
-0.3087326522799272
-0.126706349885194
0.05731703087237244
-0.4201773098253089
-0.2524718446899313
0.4825677259603186
0.7948835386082513
0.4234475862681362
-0.18015839726205318
-0.4562484245323526
-0.9547897939773831
-0.4521448786272543
-0.042697185553866736
0.8416090381224596
-0.8943912804729618
-0.1933210505934986
0.6866464704439095
-0.524514400158577
0.9591354421819301
-0.4560887278908631
-0.2703487729619989
0.7633430014856588
-0.7761302692642195
-0.4311681250941346
-0.6956620290214314
0.9492091204328675
-0.5538446929094295
0.37875286727062507
-0.44303966919155635
0.041733484613635206
-0.46257294664772947
0.3691436294789242
-0.11875855083750234
1
0.45655766147062804
0.045972462595271824
-0.4521192859074677
0.335411417077396
0.09002194381690053
-0.14007858668551967
-0.2936128292877066
0.5612508921079333
0.031573217805883944
0.7143104632575383
0.6091898566067052
0.4236699866018481
-0.27351305667876696
0.508352364334771
-0.8259187204805584
-0.3145892005506834
-0.3918627230113606
-0.5344758722343727
-0.39557816026003895
-0.9418074779660947
-0.44982384242500717
-0.5233411151113424
0.1346097727099372
0.8621045771021184
0.16236877328881258
0.9270510158920472
-0.7561561749069156
-0.29296633654839666
-0.2279397165796147
0.16245813855892885
-0.15581552605046997
-0.6156142882282405
-0.1844266856637776
0.3203176386315992
-0.0027435653817025132
-0.23108306954579863
-0.5061237309059083
0.12796161961956537
-0.8357876686306711
0.3550874173891899
-0.25932145358448766
0.028958612611767066
-0.538005325224375
0.19440535176211435
0.3146375625573397
0.8969823776451911
0.6348462476921443
0.9403326073832937
-0.7836925174221536
-0.5972454184711159
-0.7676917556963048
-0.654795818721539
-0.9647847239854984
0.003837138299965761
-0.25061756530660606
-0.15220014896317055
-0.7573465273684608
-0.8477739953439462
-0.46790249196162126
0.4089551752431832
0.03896674462149631
0.6935216250147578
-0.5194323815211466
0.6890944825419378
0.30973437568172923
-0.18520164571327216
0.04831272638161188
0.5285762177465725
0.2894224446509755
-0.21487810518594397
0.8286886074170096
-0.9850793106608116
0.5292709043425705
-0.2014943097512513
0.28783652274584826
0.17826791087561822
0.9384756725372689
-0.8350779865330453
-0.4674317556239477
0.6578207788596718
0.2853723035203131
0.4353757436156188
0.4988227891654243
0.7571863327917484
0.3507403950644821
0.11552417065265883
0.3518192160613489
0.4790388789886302
-0.06005343879130676
0.37115585997514644
-0.06688563526090632
-0.23221909210611266
-0.17199754323599376
-0.05775542689883351
-0.6674283073551357
0.384862606386929
-0.35571389636294815
-0.9057619321774367
0.7075601616218138
0.8101483713732563
0.06689098979487232
-0.2706718644017547
0.9124536328943037
-0.6610202768885
-0.807936361440948
0.3240421963062718
-0.17790723947706752
0.6224834426137803
-0.1551368822687882
0.8074079164367112
0.19744005115792643
-0.290813100333871
-0.31508456058904066
-0.7663326085568666
-0.14696003339646588
0.09760117815509649
0.6204056532701272
0.20739822900588212
-0.18904734049001515
0.032189386100974215
-0.5224751677919609
0.1885590637376649
-0.618671689085164
0.3694458107582687
0.5603679563507393
-0.19056108717754403
-0.3800978569691622
0.26851968377808144
-0.4961769720379911
-0.09098577585473534
-0.05236669533986453
-0.38413437480083945
0.7229155399453076
-0.06013148693708245
-0.3402774910005113
0.48418440886509817
-0.8819841464275473
0.2800554786086242
-0.28068298663824487
0.06788761667238986
0.9293315661628068
0.7451243592023998
-0.23414011037171345
-0.9528867782020267
-0.08112171484725167
0.566412447903682
0.6498809499620064
0.6120665561472359
-0.5806973535046083
-0.5584099498579799
-0.9284033233523937
-0.6396915499921485
0.13899298100796476
-0.15292434335326252
0.05323720741818295
0.07229265905804985
0.3672190722223075
-0.7915456164410601
-0.9721276994168017
-0.7734294035673818
-0.16680695043213914
0.11969042330074844
0.8644002248467992
-0.9680377353806914
-0.6884477318872019
-0.03413352023551594
-0.34886088858756653
0.23637489600711936
0.1709726006139908
-0.10395741961792611
-0.6891359750487092
-0.058244297745903
0.5505995905652462
-0.7416188344456754
-0.15178183865677528
-0.15309977335390124
-0.3380099437614659
0.26684334679867366
-0.21316577149220786
0.10519774185447625
0.6411374977240331
-0.5783502278687584
0.4871782721553706
0.19691361749929676
0.9568943371448609
0.36120004722046734
0.9112674071983046
-0.7172431212835001
0.9341942732005635
0.6973542685509649
-0.47408253575401693
0.4975042936076042
0.09853998191684331
0.708510013550387
0.8389034797093006
-0.23903263143929784
-0.18782459934785192
-0.3829051214020779
0.6156988580963949
0.05944089707466187
-0.8436577933718343
-0.7911079462338801
0.4176918524464578
0.01620195953586694
-0.5628702616795802
0.6792728644380756
0.7795254194872026
0.07925629423415305
-0.10329700815805426
0.6091419114759954
-0.4036903947277824
-0.8384519692393847
0.2479664941943335
-0.9310206989431569
0.9294444662353957
0.33290514298762525
0.10510269978877702
-0.6249043381593624
-0.27978751821661874
0.890859150014953
0.6432097424660369
0.057232372970318364
0.09231525177663698
-0.8715677832116248
-0.47234415270549013
0.9180580859597113
-0.9336211351020328
0.3254258318571417
0.19671500783060727
0.5861555515480336
0.48324257372100304
0.3944208002575226
-0.4727786078609622
-0.8309511283970106
0.7577870235934697
-0.9803589040418133
0.38473632102199157
-0.7921445637028153
0.15569313765640613
0.011345026491270675
-0.8437390993886641
-0.8450824820360133
0.1300025792537031
-0.5499631911751904
0.3602700168217392
0.24245261963660855
-0.6732573118886399
0.6556452674661772
-0.5365267918212043
0.4848931763881205
0.7027143904024699
-0.615832347803389
-0.18606405143944182
0.6796445721738411
0.05359786214770595
-0.7712135729380867
-0.12021641502543555
-0.4160230567180159
-0.0902413980054285
0.5467033525265951
0.7454952693837539
0.3982998074499853
0.6274628503804359
-0.24838115167134955
-0.6457789789679504
0.8830494165924561
0.8111947669298659
-0.5165096953893962
0.4586266406274309
-0.8255771623616436
0.93667599642285
0.02343119525046114
-0.38484834667752665
0.7695343079270535
0.040257097280610755
-0.21982182434773687
0.3972972426558273
0.7894427866465684
-0.7762907879444988
-0.21031021853665366
-0.5763194294542966
0.05859059565751712
-0.6048555870465061
-0.21653660604303523
-0.8584211916291108
-0.3627276990076483
0.4987929011382143
-0.3033451858675169
-0.30742126045914614
-0.14464537780243153
-0.40615034751343954
-0.5663834260685106
-0.36448887268481334
0.09204644150279036
0.2469296696272599
-0.42920861563417495
0.9532646755412247
-0.5451522582048378
-0.8353318380599678
-0.7944950907783715
0.4775385797427425
0.4535997667076014
-0.05514475617349586
0.015278687520528769
-0.8196293346320451
-0.8378159713536847
0.15627605077686643
-0.4369073347888157
-0.5880899046143756
-0.7233990718737965
0.5164208793525342
-0.6800584111940903
-0.899715601279815
0.566678773839447
-0.15582806719853365
-0.6900436582592586
0.8943692954308574
-0.3897400284243634
0.4060200294384012
0.5993210452697318
0.825155249128919
-0.25710237010100556
0.03210798495066887
0.684187181115224
0.3137183064823152
0.04246094292014995
-0.5605969625309288
-0.5830368673871049
0.7410494775342504
0.7069248163604833
-0.20787395189712232
-0.8917596179627678
-0.03022884764670837
0.42865567804202326
0.02458228217356713
0.07777235081754773
0.3211757740631524
0.798213655923787
0.6727121178655882
-0.31057074586071787
0.7539681782624691
-0.0986305669288493
-0.641909928416052
0.8427230187869229
0.061862634664573854
-0.07432954866998541
0.24995309335598304
0.5051585028854056
-0.563326124483185
0.9617164058466164
-0.005619994509371485
-0.5529736812712173
0.660514366076719
-0.8130504747850226
0.8764985469771222
-0.917713480278218
-0.2825284431929683
-0.30403192887803737
-0.7184766914711437
-0.644866026138485
-1
-0.09693675974736625
0.04173073340931986
-0.5380030342537394
0.7791210029101084
0.37307853573401173
-0.9895205750430405
0.8885962956573017
0.957965584189903
0.15253575949482415
-0.18994210060187608
0.376624052838853
-0.22471796373995417
0.4351031202357131
-0.19249095278923714
0.8064012985973672
0.008912363643123606
0.5172190371919636
-0.05027025512803475
-0.6530844190162529
-0.837883205367685
-0.687679156433509
0.5681417295063665
0.48005680513209614
-0.4101627573411877
0.5740548889346332
0.5200328874474681
-0.34595541185117124
0.027474941466168426
-0.12781244025273528
0.7886549000731397
0.9270594431111272
-0.4238592815371293
-0.32946231999685444
0.4475057329042047
-0.24145957340116622
0.9618557853925567
-0.2587857167663084
-0.39945423828287885
0.6984624896806012
-0.8833912191155869
-0.3270100071683905
-0.8783054472742051
-0.7190561383181917
0.45468531247525346
-0.3111898613124946
0.5917205553119008
-0.15708826172845375
-0.5808637818122511
-0.5430292415460618
0.2879542683519188
0.4309042089891514
-0.37841471362319257
0.29126108051741867
-0.48778284382574905
0.8164732026257121
-0.2623151376269255
-0.03555446963155715
0.6762391866264907
0.5510746582955637
-0.5201961885573544
0.8578709813184363
-0.3134460742601865
0.39329713099911723
0.6418619729040119
-0.9025253998226269
-0.08863878451925396
-0.23330005907469778
-0.1694502373905138
0.570747700356749
0.4972756285543174
-0.49673436580880265
0.6895081118201732
-0.1324095034056872
0.509824264848887
0.6201976017228822
-0.47710257855482596
-0.7072650873908239
0.19020199250527225
0.19008439585684397
0.3446442717471239
-0.5351602395294772
0.5216124974925291
0.40701119653700796
0.6573740938458473
-0.32990961599779645
0.6328076905372795
-0.5592752841257632
-0.6635442333195094
0.8470804202428391
-0.9404088821768822
-0.6674243404038207
-0.1583703860049334
0.30053863887800675
-0.29301544065802354
0.2637234964171545
0.16423367465901959
-0.447439775511475
0.9272962959542405
-0.6438436104343715
-0.10008962332743279
-0.33049530596094345
0.7863258355072993
-0.2725801645033983
0.9633097643719818
0.5416709318170058
0.1571489972195076
0.8440507463006982
0.17771221405287502
-0.630958115635275
0.276097801148615
-0.5959130063806366
0.764402119365171
0.00505956918122105
0.9201905120982136
0.6862201836859982
0.21995424752808776
0.9911094252272394
-0.2553798262302467
0.3506724478201235
0.6113538513857779
0.9691635132974032
-0.6369928237962597
0.20432892054195764
-0.09707141311954981
0.3789669649797399
-0.3089471357076778
-0.22697587519584425
-1
-0.21118318404963482
0.951888450798535
-0.83292417380857
0.5422258104164762
-0.4218492229709688
-0.9794698217783635
0.4904000820335429
0.7466899816333262
-0.8210835415827608
0.05504833108933477
0.9931107084858607
0.26896124196567384
-0.9815909441269812
-0.6634128115985034
0.9913274294846927
-0.939761811329714
-0.7408262334182749
-0.18022675132224142
0.6251740226144317
0.47112327806631005
-0.8077849461532134
-0.5592836994947136
0.06401239383016631
0.6256910122605142
0.44171033956905903
-0.11128191594777816
0.4991464772764887
0.05394165739588845
0.5160424101863307
-0.8254986503404854
0.46890427467935913
-0.408852967528043
0.5534315623867072
-0.2926943544343196
-0.21765306257005632
-0.3204375608979525
0.2019402719036735
0.9959517601155238
0.7113072392466148
-0.0319725532427065
0.7280998970272186
0.3534021589107525
-0.7129264047218422
-0.48232481964118273
-0.9342180282252923
0.1317816307522663
-0.04977490233583439
-0.43458844817378867
-0.7578311280402191
-0.4779297864463381
0.6664531299898564
0.8432310398274563
0.39529468707379345
0.7332623270642764
-0.5954698931536297
0.6769419651548401
-0.8490440514665125
0.8825651208432825
0.48986768416020315
0.641743575493462
-0.5510260287104062
-0.32157262481695714
0.5961018870299044
0.4435438202198644
0.02741012631964208
-0.31584914251723933
-0.7115323657743583
-0.6346481594066495
-0.1884870376538889
-0.06649912288026037
0.6656954701378319
-0.32619320067527785
-0.8044158080128819
-0.29656681487352665
0.12674586516062328
0.5497519286466035
0.014513653650868506
-0.334696167013835
0.39189083966174393
0.5731282792397812
-0.3291412448445797
0.4229884924073413
0.8979806450837226
0.5732199380136701
0.8564976337240681
-0.2685131180202256
-0.5624560649148542
-0.9038865342377184
0.8709826455592076
0.5120773863916751
0.11413868297843673
-0.08182742879907728
0.732752218938431
0.2697031707272953
0.16841127945761336
-0.5351096198806953
-0.054344613878857424
-0.5269689296070473
0.525538996304468
-0.742773174689484
0.8593363856246508
0.5040934516883123
-0.9297338374206199
0.04673705241602455
0.9753482749893256
-0.4865782650994481
-0.6913764566417974
-0.4364012192450754
0.7340012327156114
0.16181972248117044
-0.9766223369713599
-0.28436683585039957
-0.3000070718324834
0.776701914651761
-0.9581652544166916
-0.912309637964277
-0.07289123919598448
-0.34969282067352725
0.01813150788264242
0.22154409716717974
-0.6627627632395716
-0.3550108609059548
0.4427968825476207
-0.1941182914477074
0.8811134631441161
0.9260560351341359
-0.8454013210239885
-0.6315677650733414
0.735701180008347
-0.3605480351532837
0.9356816606781487
0.36215658863691025
0.5919038010762472
-0.9890702807350527
-0.6566558454872107
-0.7032936763172319
0.8569795611849087
-0.9933017275655822
0.5291939281175781
0.25656212609359674
-0.7813828021451668
0.7951202569432451
0.6818326890070306
-0.2821664919102885
-0.32508129265997604
-0.9420290610373699
0.5155381327158699
-0.19225463031368828
0.7505328630300216
-0.3872030760466785
-0.715135449124658
-0.13319915899814755
0.032769628137963754
0.02551615476815394
-0.8679047923277826
0.9359615658297716
-0.19299550209393068
-0.15878945244860526
-0.1687080572219351
0.4936038558490016
0.7556444284070909
0.5243056662442641
0.921492559454532
0.14681982084192452
-0.8210896184962712
0.618071058464042
-0.6327850513327636
0.5387843241167749
-0.9089567225464669
0.40860821814299225
-0.058164969478000365
-0.677746394897373
-0.22266768252311958
0.5339036513180236
-0.3623331855723413
-0.7472288829484611
-0.015526187799046482
-0.296751165830185
0.9505660351481305
-0.23221274166251252
-0.3557642769544118
0.19900295810276086
0.5448043908975168
0.9307066332965928
-0.12664444163807742
-0.25196558935562124
-0.12118446768594787
-0.9806177906974927
0.4356444385852421
0.2079757666039689
-0.9101131009420109
0.9555686628970372
-0.26082062094676006
-0.6143629405865995
-0.29856757454185107
0.1448298705643432
0.7492876420072518
0.8741802492202367
0.19322420636938756
-0.2500494551063448
0.48607065980765446
0.6983298636471272
0.9623430709051313
-0.13113235678083907
0.7663479964677286
-0.7679026765459979
0.7530740327927608
0.9484504999364713
0.8247589981480656
0.8805601098204143
-0.7865797361459991
-0.15993533482036063
-0.03744668099319025
0.4326814564744721
0.4087890196417542
-0.3871627586385107
0.8645800938393701
-0.33151433067658337
0.40611048422959084
0.35175302570248784
0.4463707712734637
0.16086363068271634
-0.7940767110831017
-0.9178291150201326
-0.11416345410349907
-0.2303975228135041
0.7002903909365716
0.0002883021633284513
-0.12703269242636617
0.5474497579384947
-0.05146728148258201
0.6950929616089078
0.3924665159111103
0.017840161109224508
-0.6722805530530794
-0.3605992683959366
-0.4677207369014403
0.30338032450361274
-0.010319637440422183
-0.31613744858080917
0.09287111199663976
-0.6138374197584656
-0.48600073796901655
0.6553641007466767
0.10701254105134726
0.8478930717965563
0.6909047365806217
0.7364204172848829
-0.25084201520028065
0.06309738971843937
-0.7749594974283243
0.30089026775897315
0.8731203897370443
-0.10918025481428312
-0.14628843626512084
0.8755497540835743
-0.7257845330730206
0.9767735427351159
-0.059684772719989454
0.06192977341761831
-0.39247305317741604
0.3051693981779285
0.3541133515093283
0.12273166716598502
0.14366941387918888
0.7418500815321037
-0.6950098621617816
0.7938137996342622
-0.267211789396003
0.758806676123566
0.5781234649552557
-0.44007292701329154
0.8463902451645784
-0.4686642583882808
-0.9307372558166452
0.02357893822594561
0.6458497057180331
-0.974245411043272
-0.645654185969407
0.06770597716243616
-0.8097655720747162
0.19722744859411032
-0.07579592213946995
-0.9522936362375101
-0.4964668394810738
-0.6595990930291196
0.6027085276448514
-0.3259722186827746
-0.8995496671985074
0.3198244245717798
0.454067912498407
-0.13968030588344052
0.7225601460475616
-0.05205093685718308
0.7849907616737534
-0.5349970043415282
0.3733415565973421
0.7966408869977721
-0.26937222602853383
-0.957347487171729
-0.1948897709362821
-0.6243221683832003
0.8187188593946582
0.8258719908257117
-0.6926199007496272
0.5681653187163013
-0.14661086187657335
0.9223725834922812
-0.11947964475802575
-0.3753108327254583
-0.9980912715519997
-0.5494042697064238
0.2550460068332088
0.0187399588293904
0.6600437912129171
0.6732628372159764
-0.05936780700100439
0.31597822728497216
-0.4483343164480902
0.055266703958607014
0.024146950974839352
-0.7384445209471469
-0.37856620602481084
0.872627828377897
-0.8915742141960762
0.8337319044254758
0.30366860395667067
0.4052952169545485
-0.5769088893160498
-0.08883464649107503
0.21229594101368662
-0.6202837625755607
0.5284663130618334
0.5602700197857045
0.9652964073153456
0.05680653528056878
-0.32031004917794653
0.6776506800495307
0.32297590808178217
-0.9407588696582463
0.4739522376129244
-0.6611113330411829
-0.34907722729668333
-0.7146203682708921
-0.7905731635681215
-0.9505570939432327
0.8906320725178742
-0.6070211313391372
-0.791768400602644
-0.4169628185861536
-0.23434304485726587
0.5028283361927974
0.32002746986540126
-0.6000800886878261
-0.27020560363761736
0.7172738728566361
0.8983308275486848
0.709803704025276
-0.03572679713095318
-0.8334038259231321
0.33528678479989066
-0.40538942602727684
-0.6778498423069136
-0.030762812479640356
-0.5532627505595215
-0.13879867063761503
-0.7378683672012475
0.4729369712118038
0.3833609417470623
-0.08501413764142689
0.7572666789930187
-0.942011350694753
0.5496348034922853
-0.5058098799561244
0.36393037955144036
0.5288940663888415
0.26084105914789035
-0.35122247032727844
0.2953360215829119
-0.15504961347114252
-0.8965228470034015
-0.5435505087984029
0.9921679519180481
-0.13421736212877908
-0.960669770454382
-0.6056125742870385
-0.9545655149031457
-0.21024594419182827
-0.3176875532029737
-0.8359208442847508
0.5201313309236604
-0.8837123447568049
0.4429340567870209
-0.31437792076304755
-0.7302305147241328
0.8655197148988365
-0.35395557555827306
-0.23069910285831657
0.5114514402404925
-0.8274385726899721
0.4440714925376077
0.3002966469731078
-0.00947660698160934
0.36971676927770125
-0.10594956970687515
0.575892171595144
-0.9728897728563655
0.4832893467784686
-0.027911723954281313
0.11589682645532388
-0.1059559478150578
-0.13318805320145088
-0.9745512852348027
-1
0.019493343161046152
0.009869560055762961
0.46205076341640083
1
-0.5279611026625504
0.7700366234252954
0.4141785088792069
-0.09922398764290054
-0.7165655594981103
-0.5458971187538114
0.14717107918703157
-0.28045696117694596
-0.9155195100233465
0.8978349797264642
0.3520449662136021
0.7235528953341913
-0.9932691256634145
0.6328705004676143
-0.03489024859409855
-0.20773724169528363
-0.018500383897400878
0.5821297954257103
-0.22574322426249235
-0.2634463718467557
0.2365476132626116
0.8452872187546013
0.47490601182632525
0.4066258914151143
0.44146358139774294
-0.4121515840749007
0.33624617948592295
-0.3472851613743964
-0.3969478881386878
0.24457359709593687
0.9274329845838278
-0.023749151040836945
0.1298538555893117
0.4631779236749563
0.32281314171296427
0.38047577531773297
0.48336664285874764
-0.38036799339472377
-0.03536188153117408
-0.9196848096365515
0.04635614785866708
-0.7222333632609158
0.7517609767855644
-0.6140273369395255
-0.43789785600458153
-0.7078874182806262
0.7018505268620648
-0.614041579946042
-0.6355097416777583
0.21862295398145495
0.32657405412563123
-0.723796901885427
-0.5652688540911783
-0.4525677901097876
0.44815190338476685
-0.4656068205947712
-0.1552684174909412
0.2718507002835721
0.2595320469523842
-0.10148972248419084
-0.17448726849260163
-0.7008369808138998
-0.3954994557532263
0.19804087974697096
-0.2713417575370029
0.26759723341027236
0.08694284177863272
-0.12774166737009676
-0.2973726826288137
0.5026507159876137
0.06313558340382255
-0.060648732478366815
-0.8933054676229385
0.9698104448362093
-0.835584881181215
-0.3476169485219772
-0.8531794103457553
-0.41891939624699753
-0.6871742505765427
-0.87711617290614
-0.51425312199967
-0.26714768548444306
-0.9132841427208735
-0.0066640398050300115
-0.7627334713949153
-0.4040412980679731
0.05799964689608537
-0.653663328046784
0.1805343663003072
-0.38418001231548354
0.851863358664677
0.6370079591688292
0.7167095400329514
-0.963967139397963
-0.6315095891640806
-1
0.8202581155650107
-0.3759324758945291
0.2062089363680345
0.8271562143984351
-0.6796270106679214
-0.7720779017843066
0.40429303748677814
0.8710008099498044
0.13828478814594528
-0.17532943389873948
0.25207403166809794
0.06840519986702791
0.16487388966390737
-0.7395230798367415
0.24762166946961925
-0.8771474577885343
-0.8057825124430097
0.09185302437552617
0.9412455598737953
0.5656999641788973
0.09834822650443681
0.8891314813168836
0.13254972856299538
-0.3626517053940769
0.4174227448013915
-0.28441977690733605
-0.20088651571010627
-0.5148919137083814
0.4440490298429685
-0.7857854115200942
-0.414874229015543
0.46092149772052754
0.4849092911169869
-0.6631630184242905
0.9249031171554867
-0.711795133414468
-0.3639096462915144
-0.11699415388549796
0.3461390457980075
0.027441201046482695
0.4779122369697927
0.4126442189633636
0.8817476573146569
0.43176819122609744
0.772294582938387
-0.6086568152412296
-0.3760441933067168
-0.1827312353074837
0.9533464349205261
-0.6866099696343375
-0.7946135696744513
-0.6576227886723944
-0.06521175352177688
0.6989129756076292
-0.5700079980407688
-0.2239081285187811
-0.648035926654018
-0.8748388993093392
-0.10711631060398248
-0.5764179369223358
-0.37068620278564135
0.2684199749990662
0.9331139653948016
0.9222323274689668
0.23263441364527396
0.39270561934268355
0.9702907839680035
-0.08054857967149694
0.6373521186685204
-0.6881437221114101
0.2239988178340194
-0.058860626812364134
-0.09870190676536868
-1
-0.894218693340195
-0.08778548916156068
0.38176324746153306
0.2478097465250545
0.9833314903706705
0.9024602239001224
-0.743050948544204
-0.9835286873374867
-0.10011573017912423
0.1312747764531782
-0.8311339160221614
0.764483770672376
-0.7561171131835068
0.5548969102763972
-0.31821648896831983
-0.2714667991004039
0.2836224149392229
0.7761060103641505
0.7403198609599861
-0.35190200163511326
-0.00971174758947713
0.18864780620136187
0.14188622737245313
0.6068391808517398
0.17262717217061052
0.9377796968660026
0.7751582552094011
0.10770808215438202
0.4008751802682071
0.1576979813846108
0.6806016921553812
0.7358498386406248
-0.7130047167322212
-0.5916114792624626
0.16450346800362428
-0.9864974971463413
0.6792560910531562
0.8249007695160537
0.03429706434259693
0.6092320197590518
-0.15966958783000118
0.4893132214951637
0.28751716523592113
-0.5269386589276558
-0.5122074409732492
-0.20385229055966442
0.09721947613381372
0.7773811376802737
-0.6357882879429126
0.6061149081581934
0.044166134349427205
-0.9176827442115953
0.07634825296288283
-0.6861731639708778
-0.12517976084591348
0.7732377715649748
-0.35919576951225
-0.1664998674241449
-0.2874907416849359
0.25247642527998637
-0.9941260619011016
0.660961664006447
-0.04840365176348397
-0.10215890845885933
-0.13998610883824403
0.15919800839865766
0.36845659643728507
0.5497011274963123
0.6315712437470334
-0.22261868786096425
-0.05338049810451189
-0.7711802116874189
-0.4285288263369391
-0.25332041109341596
0.49940724225100336
-0.76222275032538
-0.43458720964291286
0.5132946799123697
0.15698039285308238
0.036112524238336934
-0.8581412957451882
0.35966095238786017
-0.3898797387280306
-0.645757133398682
-0.7631622171644832
0.2996873751612619
-0.30159506231510147
0.5226709895798797
0.017775552555966623
-0.6510909807014283
-0.6800173310076172
-0.37925519584850004
-0.3316119246415172
-0.21303489412183962
0.34735645780214497
-0.8020939200481266
-0.4462498392544028
-0.5353664566826022
0.015747317492572212
0.10410972901912266
0.45987084080222834
-0.71854180034484
-0.10741986059563292
0.19818871988391584
0.3660519008012891
0.9990206273201334
-0.5808360461936196
0.8689203115173165
-0.4723845748396969
0.9448189820400313
0.7156793582924827
0.78158385600614
-0.9843336805145702
-0.16291353526966681
-0.9301858609726461
0.4673624704842382
-0.17974129035882466
0.9156734422549659
0.7334741500050159
-0.7287845628854116
-0.26521791548784707
-0.19976144830000242
-0.8514854690504671
-0.5534018685844742
-0.3629066358227045
-0.10178839178454788
-0.3490286563249646
-0.5980706461139415
0.46821519038162784
0.5870484344565439
-0.392487304870073
0.9174633797070164
-0.05778393250134218
-0.6593038888725733
0.038055983703964694
-0.41873961755813627
-0.8383179384291417
-0.469385178744184
0.05274315579786541
-0.6408369883588705
-0.35082026296149793
0.9988093533202769
-0.46096195786773064
0.5085605308255581
-0.9188371432162367
-0.692202415920389
0.1124666532079276
-0.5859729035380389
0.04660339314116528
0.5721949347773309
-0.2556997850443361
0.3905317758516668
-0.583231617303539
0.8869948635414324
0.1444087515512594
-0.3647909124761813
-0.2997424816586857
0.2867805293816238
-0.8767576310908779
-0.5000164530349425
-0.8278744039524285
0.9044739072987364
-0.21558577239365428
-0.19259146822247195
-0.592976753676644
0.6551462926400754
0.6773669385357323
0.6224407841188242
0.6563062360352673
0.9621469731107972
0.289435990251395
-0.6903683613733919
-0.6837232036268708
-0.5046335193188368
-0.4808956999719867
0.18094129515485746
-0.034258651617006586
0.28396470219539743
-0.6062048959131111
0.9661471917709812
0.8091554138503602
-0.9989143877604393
-0.2839894833811302
0.8408650548330988
-0.02144957496032278
0.8988780111280852
-0.2957659671439121
0.8219590879896683
-0.5261891184047928
-0.20052246686909905
0.21772177238755114
0.14906939744910994
-0.26797954915063593
0.7420171919433387
-0.31230508803038665
0.7505262564118746
-0.7625411932139706
0.3874806668617171
0.6869219920727535
-0.8305177007884679
0.8258917148891541
0.049347415120586845
0.7478663218971139
-0.06067702514206353
0.6027487869373166
0.4170953856425054
-0.49685292759177524
-0.9644097043515915
0.40046891554917013
-0.632783480136665
-0.06350502815281164
0.30490908569606373
-0.48469816693614615
0.10470862690598277
0.6235258900679769
-0.2743732167554746
0.8315884749058018
-0.4761804884280269
0.5852848716387018
0.458611709388497
0.28750688274696734
-0.8739911364571922
0.7891090346288409
-0.8268102565020155
-0.5361505251197561
0.81757768673145
0.05489574611047401
0.2589185741896842
1
0.07572651161766095
-0.327980906887799
-0.48093297867704143
0.3594574284497585
-0.06455251671601087
0.3182992461142831
-0.5562346771687812
0.7031850022748594
0.8790774301032059
-0.18383066054208122
-0.23009709275110207
0.08065796215549187
0.8851915242768846
-0.4558736820385596
0.7081167679820948
-0.9177022354660274
-0.21596952780975082
-0.913409681682243
0.5274453355564704
0.13235713424363932
-0.8673768143958325
0.6105690294922069
0.25277592618006806
-0.7343634172831215
0.8773108128824989
-0.5002461646670562
0.5530058479028653
-0.1570774615300302
-0.5895408101822646
0.39186548122600745
0.5692393716209027
-0.9076667341200544
-0.08051688918630491
0.9587992333411148
0.2057215764974566
0.11474822355286274
-0.10528710734234083
0.7373067336158919
0.9877388147111325
-0.5268245032780928
0.17056209919853005
-0.7053597867451888
0.4761042716698277
-0.26490531634022724
-0.3375564162575362
-0.9922922955572984
0.9907674277937271
-0.4953548507813079
0.43605028755560865
-0.45972088180119886
-0.4893622718960922
0.6936961998724731
-0.9841194366161776
-0.026256053021739265
-0.1741456066361872
0.3540758111829666
0.2926351259177136
0.10299614124549669
-0.8004764581188141
0.5272581917106645
0.4891003574846122
0.7887926943131336
-0.5259524043317386
0.08983720816754798
0.8880808960568312
-0.5016712518110293
0.601537882966384
-0.46278603417652536
-0.7834161094065419
-0.9923765644167812
-0.4073460697824799
-0.8849415871514803
-0.10762727644170714
0.2506072895286194
-0.5929333029094657
0.6918125444823822
0.6299051794741247
0.3622008228281945
0.16857367409524296
0.9342921234332497
0.7762197362137357
0.15217623736782646
0.17752970418302982
0.7856393802302015
-0.7213295166526735
0.6111403079194652
-0.4666194815560542
0.9289093216427066
0.9576333052196075
0.8043932955657489
-0.811086559834969
-0.9830054960196581
-0.859179812624111
-0.977879175686654
0.41166377405869264
0.9001819273939302
-0.6713447224475593
-0.28403816455734954
-0.3020964987366051
0.9253504219665972
-0.7595161881059114
-0.06700436948320715
0.992349224526062
-0.8184887953656114
-0.4635497874619153
-0.23913655183361401
0.16949738798871153
-0.9807149309802696
-0.338474507239749
-0.5662235764838024
0.393801809629286
-0.14585990664834406
-0.19782331078890833
0.8720483698378765
-0.6529675295189246
-0.05538992494754261
-0.1670222263190166
-0.02094062570179963
0.2347899790388218
-0.33707378169973273
0.7094292703393124
-0.7075584605392309
-0.30365482226695306
0.020839336649801362
0.9082463974562366
0.5639538710844082
-0.7337695210884322
-0.31837383706946326
-0.6459322560201546
0.8320808436397007
0.4276237977444651
-0.9293921291176561
-0.8131505244443145
-0.4828046345864706
-0.7290529009889698
-0.5600605042183155
0.23288436077879432
0.16463707901309532
0.6260796213323684
0.5330655381682733
0.8241540684218521
-0.31744215799631914
0.6249188900632602
0.6792109475880138
-0.8181969519453984
0.2180130743091466
0.35324696794563015
-0.6975309963499304
0.9642828092699481
-0.02628673296647164
0.2669401155408351
0.49819929404026325
-0.916217462785146
-0.8914395616748277
0.020282436928541845
0.2797694586439239
-0.34853976694214006
-0.4654291336621779
-0.07977098834194722
0.9379265371732107
0.42455387759514857
0.24250239001076299
-0.4290193993981821
0.7667747507386199
0.28984461592317406
0.06580584624026174
-0.4679918603898394
0.26931024261196523
0.14532637967008546
-0.7528194999661263
0.3598188670199323
-0.310716903476471
-0.2667065160560348
-0.5560922852338149
-0.31920858914025885
-0.22571256295279785
0.3369572051602809
-0.11566425928995099
-0.6744802752913107
-0.5192660561384763
-0.009490613074456391
0.4699776004868215
-0.9105385169674001
0.6525853112934519
0.2476579541651742
0.587954642180807
0.6990637966150355
0.504452727996662
-0.2746406030798225
-0.5670114242444739
-0.47039454578428075
0.8021774039474177
-0.5881458096708769
0.6549398593971867
0.3451275938038987
-0.6736116932972042
-0.07320667449867715
0.8326098782001835
-0.016963928648064452
-0.209458151354427
0.8292713552501076
0.7314958537516212
0.9051556235892151
-0.06935021341820387
-0.5089127790015284
-0.5527478602347243
-0.7453798409365507
-0.33334264638164607
0.23960444577379986
0.36655679997199664
-0.8081089421064565
-0.2186366777008238
-0.10972792481706416
-0.2935168148641162
-0.7073533247666866
-0.9018675180744987
0.37985262810851134
0.3048814500309824
0.06438193042188141
-0.3949002018098449
0.23595896508903302
-0.9846083430112728
0.9109137459293055
-0.9325026047475047
-0.6095128956871984
-0.5754162192324541
-0.47648620761645677
-0.03009532580662718
0.7439817743142285
0.1487910454747534
-0.5504211502872318
-0.8780069626771998
0.028562894137100753
-0.3646495168844201
-0.9927805877596021
0.09564440950382368
-0.8413400987997459
0.6610400460605498
-0.20644308100256475
-0.6969006310423994
-0.3949009044719007
-0.8340915582889066
-0.9927801373830428
0.47806302071770695
0.6588422815153947
-0.27536613410796396
-0.33177339019391655
-0.018081168534156707
0.2761309905903724
-0.16282948856326476
0.3225229865451674
0.9505820932469793
0.3426008973593091
-0.22204800008623496
0.8439942625542869
-0.5859009198468644
-0.7786916207593774
-0.19165142603159305
-0.5627394219971086
-0.5396694136348545
-0.8866741573627279
0.15823739030510062
-0.15400197137417368
0.13036617956867344
0.6866177799708969
-0.5381553213541707
-0.08529656225847547
0.6954983926317431
-0.11086040121436966
-0.4387728639951549
-0.8103179617626554
0.6413154263967675
-0.7969471092741082
-0.5753644733460468
0.3582781022515057
-0.4071527765319151
-0.967042653926672
-0.5938901808192316
0.15127427829709278
0.5921887866158527
-0.6406108165993044
-0.5275260480720475
0.9885384765140621
0.693384399839547
0.6669887468593383
0.9061142625207407
-0.8649969750388602
0.2292537116985353
-0.713765611142606
-0.5422005489378262
-0.5792181662501393
0.48734489928811997
-0.6360259667756161
-0.07589609680089467
-0.47842840136201586
0.0028640871264096887
1
-0.41971365618704615
0.40371716765465415
-0.7070640466418575
0.5445374684075613
0.7315798748358453
-0.9212139164334973
0.5758898357660802
-0.7783812350202861
0.6724720725553952
-0.10355074305676418
0.7347439789131263
-0.22821574528027516
-0.1357726417599031
0.4531505110489204
0.8961714745873207
-0.9449657394460668
0.9214265900355262
-0.39577895531179197
0.9390061587755328
-0.5401449621575232
-0.5002171997804317
-0.694300577526606
0.8632000691372614
0.4024735063921899
0.6596592539620627
-0.7913246149787511
0.2645526670464082
0.7532490563308007
-0.6578992378290232
0.5546882605642236
0.1539733815422686
0.5286952798644485
-0.3359234922245153
-0.3233581024346631
-0.6774617113834415
-0.40367446945937135
0.3179229383979174
-0.0924164441517986
0.6086758465227269
0.1349244294226578
-0.38732800652729477
0.9174450290763189
0.5329914309037822
0.3986581034646801
-0.04388759118317836
-0.22648668162270735
-0.4472868549904295
-0.5573253258073603
0.36820907276091336
0.6717748218020181
0.963216885812226
1
0.6842021263700828
-0.9051468076170075
0.4350619913986231
0.42055332422351877
0.7680671790459039
0.48994083588648774
-0.3676081979926101
0.6028646830201576
1
-0.6624863318537595
-0.4589635748800055
0.6257429182256936
0.11834663161400141
-0.8037186936993229
-0.8921009000105861
0.7285068698256458
-0.3255722469332769
0.4032599074761581
-0.16061690048372387
0.7875878203347425
0.6633505895589988
-0.07514991297986857
-0.09577245592500551
0.9509973251825262
0.19600449524601032
0.8339615571261406
-0.5434210450445442
-0.37896627654017584
0.4164628178903123
-0.6242629473985857
-0.41981422876955976
0.2170202535048884
0.813820304614444
-0.6906992885477706
-0.5355687628960853
0.14397328537861065
-0.7006281628963416
-0.13325939193646935
-0.605518285361873
0.8403758622924458
-0.12849255959221523
-0.9369494394179816
0.2408860193773361
0.535279451148339
0.3672303513775502
0.03955035687853755
0.8166616259554698
0.7365684627733434
-0.4267438582498692
0.6253047529267354
0.9538535565011758
-0.06034733078259138
0.7994177272364956
0.17852983280736986
0.9666807913033207
-0.7356334299130615
-0.920417926784883
-0.3269012955655553
-0.6563545879831783
0.08839145501923104
0.27993987272908405
-0.9721952547746793
0.1969288945305552
-0.5458528736366614
-0.6437037066947682
0.8123420757963247
0.5285372338903033
-0.7015235898584362
0.46754779385375
0.9176262196517575
-0.458715826504866
0.27922352393720967
0.6054589780768255
0.45052439734567556
-0.5451439367283343
0.15815343958875305
-0.7705989574748746
-0.40167842297993517
-0.5876847409986488
-0.8817882042014082
0.48055357637738505
-0.4202626530655952
-0.7801302405210522
-0.15497810145048346
-0.7531967802223604
-0.1660583730260473
-0.04820400484342555
0.00682005191376858
0.5011239706200046
-0.9650243290781321
0.34929366241561643
0.3338564115765633
-0.09233970211355727
-0.41311396674714146
-0.7460961043938066
0.4184843128169841
0.6642060432347524
0.0006400399453576752
0.5926321651203909
-0.8806878444379072
0.4060764650514784
0.9200153872213508
-0.45978951192037654
0.5846672372463644
0.34327563364823016
-0.24558797286945855
-0.7458009858471574
0.19776887015915362
-0.22189073500594164
-0.9725238086560476
-0.6534019024670092
-0.27966736717673474
0.8081407660325101
0.30994380706041125
0.8748256220424953
-0.2721186585814202
0.20777332652846356
-0.6679585012365804
-0.4084320929318873
-0.4077134545855305
0.9480029505315728
0.7101896181142194
-0.30764599716657104
0.6313465889239402
0.9754702430779697
-0.8423637398226927
0.36932205217595715
0.03535080237463205
-0.971033384294667
-0.676481397172081
0.768371754526061
0.6147360406476833
-0.45836569598590515
0.34249826404763756
-0.2269402493426977
1
-0.09040562967010508
-0.5933747412834156
-0.1549698649833897
0.9995962892927581
0.43288974727865803
-0.3848327640415613
-0.2496999518025187
-0.8800264899286027
-0.11379073566322258
0.6919709299586327
0.765968261234926
0.15144762202230813
-0.5574238947710438
0.27512901051149186
-0.3303428546996841
0.8429089395796578
-0.12038018105336261
0.07869819220782984
0.4723867226889953
-0.8632666003973449
-0.18062621449763552
-0.3104918510576125
0.749074504708389
-0.6193100764044056
0.05562004008080056
-0.6679555737070444
-0.9502525137023383
0.42080558397302464
-0.41516452228309186
0.18108439718175512
-0.051005287546087644
0.2535187230308724
-0.4233409494398794
-0.31112418651176105
0.7833558774589866
-0.18072155098691958
0.9052274004737271
-0.583349069459988
0.7723653957270322
-0.29782220716062624
-0.17874701378104785
0.6631623316474056
-0.03227361758539365
0.4570880404161834
-0.6872362297968146
0.6596653247499681
-0.9226267015266486
-0.11585083970685058
-0.6611576584973793
0.10082438640324279
-0.18019557603847136
0.7276011164467917
0.3811206403318365
-0.5611672558005399
-0.3019380233726728
0.5324810541934749
-0.08737071461594346
-0.373305545954182
-0.79200033105451
-0.42756027612117375
-0.5417454889092351
0.19113886430291566
-0.4140491242257836
0.5909334775297936
-0.5437746069721121
-0.7451377284724616
-0.29799562804188373
0.501659782880395
-0.8284549542081991
-0.5838483437451805
0.9407495830847279
-0.8440034722358596
0.009055934909281556
-0.7439659449946624
0.7781558024611597
-0.17222937376623193
0.2934574029629737
-0.6535508438406148
-0.08979552502220982
-0.7545192965643353
-0.8322831926801856
0.6558977902746153
-0.5111928889030448
0.10591239802463774
0.0732713377647449
0.30699255533980824
0.22241992980276576
0.3189744914863324
-0.49797852524037783
-0.7054233851899447
0.7050576831796239
-0.11165443875818018
-0.8021177731672327
-0.004519012267726693
0.026351451463769382
0.5879649673896192
0.3492570390176157
0.34052404084043114
1
0.34942918658107625
0.44277070334099433
0.283026128543308
0.8585278493466982
0.7147753104174348
-0.28597692042049006
-0.604481402453356
-0.2396496793884817
0.5850323844462182
-0.5309100767100009
-0.6551874693462543
-0.580472782064696
-0.2511400789582366
-0.8779736639215854
0.17917500016544793
-0.5013685698751256
0.5860803887459014
-0.7726849839878415
0.939639500573737
-0.6675448273978937
-0.8087044196059587
-0.3330187649161241
0.4084176107576828
0.6278613854332186
0.2178800276136352
0.5991246966163544
-0.7472101202445477
0.38055684429839537
-0.6718244034284497
-0.9285044226971505
-0.5411188947895988
0.44735771826162685
-0.7205723070521326
-0.8154616052591719
-0.2285361897428789
-0.6283617563576204
0.8865337947410753
0.8795946387666688
0.13006925018900442
-0.6102763756856244
0.9279264805929808
-0.8669832610851023
-0.4835754136980015
0.36598753594450656
-0.9739513375531618
0.939629070888236
0.693907523665261
-0.3322043011995779
0.1191576120366182
-0.6567238977240512
-0.2461340359437009
-0.6869948855211004
-0.08434935309459696
-0.9637294627810798
-0.0955648107766873
-0.9248599713053733
0.9550290342100762
0.8094744597527774
-0.3480089168894335
-0.9325794557216479
-0.0718554397034163
-0.7625053868754267
-0.20313825712269892
0.261357916296621
-0.2866246036162424
0.2694154916964103
0.18133809130896575
0.5094447863310431
-0.9388106734504241
-0.9326699591465595
0.5466770249527572
-0.28288442329039143
-0.32171775613766507
-0.022745122322890797
-0.13852951376094882
-0.11056954379945369
-0.21794087225509842
-0.2430531719325731
-0.7571680392204936
0.9951164566260952
0.8214148597235564
0.9019852114543552
-0.7986565164414241
0.38015706530238313
0.22068274285418613
0.8285821210634661
0.02236484849817317
0.37966184351847787
-0.21614939069010392
-0.42339232043214076
-0.9665599513157408
0.662302567385702
0.2718281175775622
-0.6175632086017981
0.8976696992387122
-0.9375028127528834
0.38339681388380603
0.5675238352604934
-0.7616489338231289
0.10700618434657562
-0.11701150028660182
-0.6461837468581935
-0.5661631479880118
-0.6080919981590753
0.7595895311283658
0.926769886751453
0.6277349470133584
-0.08017205765860652
0.43541366258661884
-0.3662784228404112
-0.7571674205489527
-0.24999768184738305
0.6506296770413845
0.24185681067911088
0.569917604205198
0.6449604643744579
-0.3719016964924642
-0.15768900477100067
0.42961214721294094
-0.14643773605603072
-0.1813427401105191
0.1894075997639245
0.6107093272877661
-0.1281340691153842
-0.6762976992833559
0.7877106868736996
-0.08283802040928843
0.3400104575989874
-0.8317843510548864
-0.542356766022705
0.18282376442387005
-0.6138680982955675
0.7038500318576838
0.10054738655476919
0.23984140420639452
-0.9578499696856366
0.5125240660025188
0.8038958404473082
0.10919560802777287
-0.3199248097234611
-0.7548470095135268
-0.29253412258176564
-0.8419307761691419
0.9881494306790678
0.24141905651002446
0.58787882711916
0.1744744104908187
-0.11242557921973229
0.07370521187334633
-0.49487039086243895
0.2629051125335014
-0.7912478489761888
0.37501451794320745
0.47179834058598913
0.9154767999642743
-0.0832475146731229
0.08135976606352686
-0.14141844246067056
-0.9022994972068412
-0.03496139230078655
-0.5723679621253013
0.33518960198088915
-0.774583415830914
-0.6208537889798198
-0.2035282500869415
-0.7241498128746127
-0.7996964159023963
-0.023637482492181297
0.45742853282437806
-0.2819334893423183
-0.8419596648174135
-0.7772500735054625
0.34268343207904195
0.8044542663639778
-0.22899671735698562
-0.648931439424502
0.7468410800511348
-0.6172799053669311
-0.03134845815844914
0.46479601141463367
0.3241723174884444
0.5948827614005014
0.9501874751814218
-0.11292096093734909
-0.45065890077747944
0.22801789287380864
-0.2868380622243573
-0.3053019521555925
-0.9553490863537943
0.36512617595348434
0.8980234257128668
0.1901020438277578
-0.5409271562120898
0.7005053361487378
0.10363682776133343
-0.5402348398842883
0.7787403634809519
-0.7498117721643347
-0.12722269732561964
-0.13137585271460242
0.21966957790986102
0.4616119612754886
0.6041675921613101
0.11402900964786719
0.45439721267014527
0.6239860996320183
-0.7860262199430094
-0.24276618645689596
-0.9207486031849365
-0.8564793081859499
0.1560153875207215
-0.18910864234019042
0.8766186150633672
0.16564028616651663
-0.8227647808520197
0.39793726141197283
0.7063852719735559
-0.2621225286319475
-0.6798294682266018
0.8630154301737956
0.09338897434882813
-0.6848218085692954
-0.9430969095637683
0.44690656106056204
-0.3816783974214028
-0.4648628660862821
-0.21941215246549575
0.756038939236963
0.5019253912115544
-0.6401743255733273
0.5673211951823057
-0.3797338427676772
-0.46260635985826276
-0.34864092516466305
0.9059790621130356
0.9969478446650987
0.4150741543850027
-0.854181406763826
0.9624388390853802
0.3067283446646862
0.2602936193432785
0.8333624257177958
-0.9294818367588912
0.9652666383821387
-0.9195134383360241
0.5799495275986282
0.0033871557064881594
0.5026070742370666
-0.9351508380767013
-0.1291679199235075
0.14199329872499328
-0.9552586746948534
-0.5624201283001071
-0.5978876794984412
-0.6692814988905903
0.330285965063367
0.6895770283903706
-0.7729673699780136
0.8696078614893427
-0.2079267884128295
-0.4193352973981209
0.1417729376320658
-0.8420257190758479
0.8404913024563934
0.501467488286671
0.9773436199569107
0.3042673549981911
0.8763167542581949
0.2596552627661308
-0.19569398011651565
-0.7241221225909278
0.6423464885504914
-0.8301658845117462
0.3811901307063916
0.4874498529554482
-0.7755880051527916
0.17613707466804068
-0.26305905906651983
0.8123564619567731
0.6075863681181973
-0.43413248997064796
0.7398896811075341
0.7277105131661334
-0.7536357130167709
0.4713284331542018
-0.4678698429174901
-0.10221363712775597
0.69906941149648
-0.19326391109314406
0.04008503590653903
0.892824333059215
-0.20697980312207268
0.1346441677405935
0.7382122111095418
-0.9848411158240498
0.6631182169272717
0.03861271022148902
-0.026796350536971957
0.829290314113273
0.7994850749439193
-0.7332715158812181
0.5342649549560947
-0.17571646587246686
0.007445754693804683
0.18587868465673948
0.1879616142343777
-0.9854993076997771
0.09362581354918773
0.9842518282618343
-0.043104518073009045
-0.5841120834016916
0.08889215303111218
0.6184517003812258
0.585012207331248
-0.8355677966303768
0.7785741683434801
-0.20744187647917042
0.4476342567854245
0.009516173921171224
-0.8933918322577143
-0.6049502153302148
0.1291318142773668
0.6284301362001671
-0.3749935586567285
0.5375893581110774
0.23250448981004337
-0.30700323073094243
0.4949634584714951
0.7911422855868137
-0.1886416523390283
0.6896035451873783
-0.6437556124310911
-0.0410391536735252
-0.6538355216666999
-0.9209843196920366
-0.045378953428473076
0.8191140124272734
0.519473380574134
-0.8311947684386903
-0.5944019672167671
-0.6159836229839667
0.32202567577897034
0.5365494350709302
0.4673650971337946
-0.746640248797021
0.6934702561095258
-0.3517313311213131
0.8960185156175592
0.913598475398677
0.7331256371419593
0.3525831255546283
-0.8708711054152913
-0.08154713992127847
-0.14631318549464403
0.8927691211373953
0.8115383504721124
0.11135307113832277
0.0836683860743243
0.47753742777559566
0.925401685064158
-0.40985711608374986
-0.8555430563403706
0.1851270994361709
