0.6227053160792718
0.41886301758602035
0.3571367061378434
0.9909652506492829
0.297038298165468
-0.7371478244711078
-0.9262639923718312
-0.21835669423639892
0.1438415586858126
0.248086034047011
-0.7725330794185733
0.2188660426569889
-0.28622896034485784
0.7303012295354483
0.44212487880800994
-0.9175312111885978
0.8096954853429814
-0.47587113895308664
0.5677348913112661
0.15881733054520056
-0.6812860578656041
-0.3039983701958447
-0.4484798585861558
0.34017554566260566
0.44164373167021354
-0.3071087021866556
-0.19632504621579658
-0.4691252251940643
-0.6557926075798939
-0.25445314599772945
-0.15390647293020548
-0.7403328293701357
0.5897676128289929
0.30701207377207607
0.6849322326764615
-0.0819017818966485
0.30822684585727106
-0.09658957282810379
-0.7438769037119921
-0.349535484156665
0.5787196393912761
0.2326958331335587
0.5490592449217085
-0.21909588744988304
0.2568655100228232
-0.022735890238756634
-0.19431959698149978
-0.028271998920620274
0.08767334059955918
0.711056895704608
-0.29924238632103656
-0.8565347606961164
-0.6189081023194107
0.8766222285122129
0.95637874402284
-0.20564199469027628
-0.8008035663307913
0.6349523996243083
0.8646003865301369
0.2707558869234607
0.900162095594597
0.5926073547515953
-0.024107131188616446
0.5290184824653824
-0.024680800720211452
-0.8626839461033708
-0.9628032922413152
-0.8675228231624815
0.5243222856713968
-0.5044062493489904
-0.04715026869010456
0.7760518145671543
-0.43405200660172977
-0.10818356063472875
-0.0964012020209104
0.8314855585644204
0.23800591658937711
-0.34623113923769416
-0.5679725659210492
-0.32585956226991686
-0.5330974632241079
-0.05649771361421354
0.16625009177604358
-0.17430964206896515
0.8400225221636284
0.18677503533517248
0.8716921606460554
0.1806947088520292
-0.7438542970162508
-0.8410661799035846
0.5326985281101604
0.9009987079559952
-0.046998891977414484
-0.6092434826906448
-0.8970865364039503
0.5421728481243514
-0.28801089150087567
0.9317649453301836
-0.6375736308048203
0.34089449335831506
0.7582232814348578
0.15409639732253624
0.0663198998545874
0.47914621642337696
-0.5076038217183189
0.44092823371973167
-0.44633054966210867
-0.7038296331134322
-0.9363402836263167
-0.311911999402339
0.948341203239378
0.37104706754015454
-0.7743400072363802
-0.810512342717032
0.5921833905929299
-0.39699689369704005
0.4811618563522995
-0.5807852101065016
0.929081995356888
-0.3840440755265836
0.39324067373716365
-0.26842851854920063
-0.6651362011768319
0.02373964313009709
0.741616897945849
0.7786255828466717
-0.2705213478384565
0.5096271557680896
-0.8204555972827919
-0.5368705903814935
0.049254712544067984
-0.30159636324300676
-0.14047758786922157
0.030859797099654605
-0.4425770420531862
-0.2843395106739983
0.5035426383451654
0.8041266851376787
0.4123913322456617
-0.13774709183414227
-0.4393214418128045
-0.993915504155502
-0.47399726676124343
-0.042231979748416124
0.8819768557531079
-0.899504754787875
-0.20398375606353714
0.7304246108399909
-0.5140837149988272
0.9432744079762394
-0.4381444069534241
-0.25326304560033047
0.7251882277777464
-0.7373685951139042
-0.4429699796673548
-0.655566607846458
0.9161007560799731
-0.4943415805572246
0.36755760206722093
-0.41357503658279626
0.06893919199215016
-0.434601400680273
0.34994951764670923
-0.07178212030687951
0.9468001600753845
0.4253677439663255
0.004066276048867069
-0.4500127540816739
0.324642221818646
0.0904678842538363
-0.12212662316248767
-0.2797011069360422
0.5860803790807434
-0.0011001547905464745
0.6889643578405292
0.6546951089088444
0.40147551887133354
-0.2988735404195851
0.5271905193774656
-0.8003485553280006
-0.32281664424386247
-0.41092202319422544
-0.5026728958603853
-0.373122277684211
-0.9317226497230083
-0.443874307892765
-0.5126353686247083
0.1367976400105783
0.8331204292073378
0.08881896656861236
0.9131069629405789
-0.7675301826879144
-0.3177846224497797
-0.1942942112160359
0.16789435295696037
-0.14445083408878448
-0.6056930611779369
-0.17201359129957414
0.30307503843851247
-0.05855464656803254
-0.20281273147162138
-0.46561415748230356
0.1257099138826993
-0.8707530001307775
0.39148171655821745
-0.2808955814938538
0.002847728616026773
-0.563714715821986
0.1698732188627017
0.29664412295630116
0.8886617248247113
0.6475110175904019
0.9473583186482917
-0.759156843498066
-0.5967728213796649
-0.7474133441442867
-0.6582970202811345
-0.9744624421140309
0.02340119753980351
-0.23264025983826153
-0.13831378067910546
-0.7414697845368752
-0.8407579406918056
-0.48720105721817203
0.40875632662159744
0.06768744330863266
0.682592835722766
-0.5001810249463936
0.6300315736989196
0.3405111340645522
-0.15930770575025305
0.0259483877409196
0.5872370649400371
0.3192294077413021
-0.2252702414833254
0.8005295410355125
-1
0.567877358044981
-0.18238221282628264
0.3169641194683871
0.18691293901116388
0.9162359561207831
-0.8307156868192179
-0.4644874597181306
0.6806583469195726
0.2814040975294205
0.41782773243641347
0.48309078558173996
0.7236405373856738
0.3924619493621152
0.06385486311225333
0.3139370580344675
0.49832396797160433
-0.06606653107682665
0.37367907268049844
0.013942901854284106
-0.2209286778735555
-0.22102930741104132
-0.12343805462293962
-0.6513377208958527
0.3559985884874987
-0.3415463857149364
-0.8803259856873722
0.7297745347628767
0.7862202245362552
0.04975513987716393
-0.2212474496352704
0.8679021063311142
-0.6589556198235095
-0.8233695792101308
0.3902515798588484
-0.21992900882809038
0.6561112344872879
-0.1500359225194852
0.8182029620199288
0.2043761683530471
-0.3138047830503599
-0.316282364915623
-0.749048990612933
-0.12589957866158002
0.0822515154854443
0.6355302473509039
0.17966518688082767
-0.2251905644156733
0.044610863284337866
-0.5664418856616803
0.19707013225062273
-0.6152715498662703
0.40613662944209644
0.49649888309647333
-0.18585143630711617
-0.3883950920643211
0.2714257185554295
-0.506831994290953
-0.06759879782791822
-0.009141098002067569
-0.4228111527036054
0.7290887824593688
-0.08713808643257702
-0.3818568523254135
0.5069290810474416
-0.9175291375765648
0.2554063808375047
-0.30505004959351745
0.08647650656310056
0.922157570420054
0.6831305993892832
-0.20673347092988945
-0.9209493293612514
-0.04634115694940756
0.5956443093222283
0.6456003725006679
0.6149232835944242
-0.5928887016583761
-0.5030910652099383
-0.9311465330698555
-0.6646466391112148
0.09809248374085462
-0.20766205710334387
0.0788829476335572
0.11504136749078796
0.3967335734012119
-0.7582293891331277
-0.9720921771280784
-0.7944853145843916
-0.13363000452648172
0.11864600717303542
0.9265614508170815
-0.985970982026001
-0.7152430455902256
-0.048892901198697346
-0.3670310710878603
0.2726881126090361
0.13962361323953712
-0.1373518340170712
-0.6784914536506849
-0.07014918858618915
0.5382915041295095
-0.74063896121734
-0.1669638559245268
-0.16149480870533522
-0.33956781425902294
0.2666150144363868
-0.18738527332927735
0.09255488140401118
0.66716477497341
-0.5547350899639809
0.5139370544704649
0.24153533170000083
0.9437418051291918
0.38873800164142625
0.9474352101315454
-0.7303103388944321
0.9115829198204499
0.7195156329738304
-0.46258192282235455
0.4658985544427966
0.1290795775778844
0.6818995753641881
0.8661037035340035
-0.21986624038446428
-0.18677530277097423
-0.3744356274848553
0.6717902320523398
0.055099006509755896
-0.8316909715849333
-0.7470878257179316
0.38194621850638466
0.0017355932239644261
-0.6265966839950121
0.6885526321408129
0.7681566895528544
0.06180040708957064
-0.1674892304972447
0.5968204925291142
-0.3929358614497054
-0.8117897445956407
0.20501615628954853
-0.9766237164897325
0.9515441704661122
0.32616302337253034
0.12438056467895896
-0.6471683082038956
-0.2891173147508862
0.8493630575488508
0.6341543749313989
0.08223645669428056
0.10224211673038539
-0.8043247713781131
-0.5045896020288011
0.9576468118623165
-0.8870176081409916
0.28115379595477763
0.21368427697173156
0.5764213613839819
0.4103851613174253
0.3886413210329034
-0.47933027966526043
-0.8084611972463676
0.7173381305021619
-0.9766589540060852
0.3836971050255459
-0.8086466136287537
0.1389583734412237
0.03848623109802405
-0.8625958219739079
-0.8491906972133246
0.13603422169618973
-0.5350524243186867
0.3786942873626496
0.25093440669556094
-0.6776116988288962
0.6577038130812689
-0.5492756400148624
0.4957544022757942
0.681097093104874
-0.660481008834474
-0.18158878407888715
0.6676582221529086
0.07166079587291006
-0.7714312846133913
-0.17465789455136502
-0.390075316100877
-0.05809660647994996
0.5402334163597035
0.7409185957491677
0.40763932155700966
0.6508539209104359
-0.24007237546089288
-0.6316814367859842
0.8635783906275676
0.832543302551703
-0.5507714653440343
0.45492511313254097
-0.8341179313494106
0.9377553475323164
-0.001213284923196258
-0.43882749502235563
0.8034335893279704
0.04573400384989548
-0.24910321576574362
0.40926769811257485
0.8073057384767004
-0.7563848385607054
-0.20892225874699624
-0.583546266871566
0.016300282447693895
-0.5781487361023003
-0.20672876097142534
-0.8373186112342783
-0.3274221306376875
0.5034375847465934
-0.2970596986980703
-0.3072761496424837
-0.20083846886475737
-0.37175837708777926
-0.561060409277188
-0.3509831875490248
0.12070744560210676
0.18725869080204394
-0.4316374807710432
0.9115660811041341
-0.5252039673021877
-0.8194919415909576
-0.7857673823125604
0.4766357775749568
0.4746042988642512
-0.08391043472923405
-0.011627307670222003
-0.759424811637559
-0.8439900693542737
0.1805881082876678
-0.40902280303603306
-0.5438399625146124
-0.7516506374642284
0.5426511727648545
-0.6620118956413825
-0.9072670933939831
0.5605043035000483
-0.14288153062642533
-0.6776539632135902
0.8651233660715795
-0.365080173688617
0.43352788943968673
0.5779661943960633
0.8266787867571527
-0.3046190817731074
0.011532326834594781
0.69071582182796
0.32017360656855276
0.055915548586998896
-0.5738708029662978
-0.5518181448356342
0.7629289588786123
0.709276032912861
-0.19506272867525828
-0.9183483163423698
0.002724762424417365
0.4125826269080234
0.01864778163044628
0.07048407358013714
0.3280834564069402
0.7868119932311689
0.6970206238787606
-0.386468373957421
0.746793796191596
-0.1552983861913346
-0.604079646090954
0.8329430084099556
0.07071664504082963
-0.05915898977255637
0.2427495807255301
0.5173620635483103
-0.5299249144050537
0.9404030054647693
-0.03320960160201128
-0.5565157973661009
0.6852892319948117
-0.8515744935112887
0.8477836343934587
-0.9059498103273035
-0.2665409055479128
-0.30244173803440155
-0.6709717340146345
-0.6347025351105583
-0.9857880518090739
-0.09740987868341813
0.029102083736943368
-0.5633615485449031
0.7595156936410385
0.39071259368915723
-0.9817701651784736
0.9061904222421382
0.9043880645780784
0.1264846855669979
-0.19203557696198903
0.3583295850875104
-0.22192875236857684
0.44977084312245075
-0.20579605864075592
0.8425830692691179
0.013972990888267183
0.5060573366002633
-0.05279489386543181
-0.6265080428148515
-0.8332629397315282
-0.6480056984056175
0.5754244993254811
0.5135018366773357
-0.34042224436432683
0.5525228971509155
0.5488718453956577
-0.2996829292693753
-0.02031370415928612
-0.16671817842190315
0.803019698790075
0.8999387811098298
-0.38459961453461183
-0.3523784666986689
0.42991518738151524
-0.21645350015660844
0.9270845518243636
-0.20162133203527563
-0.41244381054090445
0.7262336543234349
-0.895846099428843
-0.29710711055027444
-0.8951959700833644
-0.683466895041074
0.49436191288524084
-0.3269183375843583
0.6007447885505375
-0.17312666921518854
-0.5475948655726721
-0.5538011309440231
0.29553481117033553
0.43502059698688333
-0.37520426031037984
0.3120294266001882
-0.4712514552349905
0.7996357608018854
-0.276373381703642
-0.03253270396296346
0.6964255749168361
0.594002146712895
-0.547163243565942
0.8639645359263947
-0.2715421933492258
0.462860426008008
0.6318548026413195
-0.9496230169992578
-0.0990946541094782
-0.2356585133453418
-0.14770080748761952
0.5594996218058009
0.4988452399681573
-0.4719725964993359
0.7048304127203112
-0.17380148107005464
0.4953429044581491
0.6166817250562185
-0.4752650254467734
-0.6710247171576017
0.1926122398679941
0.16042612446867555
0.35520741019621205
-0.5655531861187342
0.5556482970538927
0.4327931247076733
0.6313207375145786
-0.3696961186634283
0.587294848773645
-0.5703630260665259
-0.6810311486157228
0.8323868888998072
-0.9526906281112855
-0.6722076731973862
-0.1468528617634455
0.28247573576834045
-0.30107867441809055
0.2849642557229068
0.13371649568928018
-0.44000191887825474
0.9205837120233727
-0.6233286265971704
-0.11736800267737532
-0.3188470922465725
0.7537216054416632
-0.22645646138661493
0.9760121439256614
0.517441969128888
0.2098964476707817
0.8855231222214484
0.20201860171507338
-0.6277972057157651
0.3368085015457072
-0.6149449289388006
0.7354420188980989
-0.00559040759057711
0.9372036835269817
0.7508196089349077
0.24474795465495294
0.9840634718462336
-0.2794418786174735
0.32812550728870366
0.5845716945645026
0.9710011980390814
-0.6500530893024867
0.20131146004959874
-0.07059955030624077
0.37174026805521765
-0.30685537984024913
-0.23149056015825212
-0.9748939897979938
-0.18751074194608744
0.9857460023626126
-0.8170141898419625
0.5702155743974954
-0.40758286717564174
-0.9981046256709352
0.5011096208523453
0.7458383149520377
-0.8378999192078852
0.0620201275575894
0.9204743542174478
0.29740567864285766
-0.9556178130261099
-0.6787746416095466
0.9539374076205941
-0.9757177150689071
-0.7337299731287839
-0.22023466174030365
0.6004872813863142
0.5232889348600018
-0.7350318789741007
-0.5438359371296227
0.048937180580875324
0.5801872465873553
0.43952759000618397
-0.10945799879850088
0.4821977407134671
0.07090447085704336
0.552172430586167
-0.8071469882849851
0.46644940287536557
-0.4076462616567465
0.5575841638061375
-0.3119101060361847
-0.2357949144999242
-0.3139550145965301
0.20413862858310203
1
0.6900108621629005
-0.032785060074935556
0.7723910015026825
0.35719682018686494
-0.7470097022530084
-0.49090721841997687
-0.9683911626390702
0.11987064001235245
-0.021224013841098944
-0.42052871370378764
-0.7674042416359932
-0.49323733509964995
0.6704947526147489
0.8133377764859774
0.35789737060268434
0.7307571889614705
-0.5241209981566561
0.6903999373369903
-0.8349426788554748
0.8735515968217948
0.546507504489656
0.6781425477172119
-0.608371415089901
-0.32253888423169547
0.5670595323129027
0.40745220696284906
-0.023241984400743515
-0.34448381809692663
-0.6834773452482319
-0.6238152489300219
-0.17641263018624206
-0.05347851185342513
0.6975817910656447
-0.3370492144777348
-0.851082697430459
-0.3136553048295373
0.13307898180572636
0.5708636229744196
-0.004071651886768852
-0.3234648647325697
0.36788534486820046
0.6194826599284784
-0.3454278319678286
0.3940645576297442
0.8448690241725942
0.574196255387805
0.8406950096960722
-0.28911591389482205
-0.5736885716214474
-0.8890260805933565
0.852371346962794
0.4609641045173165
0.1058278012843772
-0.10165647825965757
0.7608554801890904
0.2159653768220558
0.15424208187480676
-0.4924800950187424
-0.11703562006460835
-0.5274026643330568
0.5653099412667125
-0.7379509014146127
0.8536926516530156
0.478436033848274
-0.9700715040921732
0.02811291341020481
0.9774094038708652
-0.4764693469730607
-0.6856589850791887
-0.44846751505241916
0.7474164179516442
0.1367925447837874
-0.9857418845642721
-0.24425170574883417
-0.3029646873463272
0.7463334433315945
-1
-0.9237917664380305
-0.05605711230674768
-0.32950602223110476
-0.010135228630549496
0.17886044252509256
-0.7060620178391476
-0.3643304877234901
0.42181966245953895
-0.21252269799935483
0.9010736142161975
0.9059145952110077
-0.8955876422983713
-0.6312250721688287
0.7125807960716481
-0.3341839448571214
0.8967038795783413
0.3727729192630546
0.6284463668571736
-0.9672842699345532
-0.6704903293671656
-0.704019744865319
0.8765673393333582
-0.9673770438335707
0.5205590621579351
0.24946184472964822
-0.7335741331695318
0.780598555210596
0.682172349865961
-0.28988171320572237
-0.29209137528440804
-0.8913037828906513
0.5244311430067253
-0.18802413064381493
0.7854641869449442
-0.4207614027445648
-0.735024498288036
-0.12397424936051188
0.032008214074624106
-0.0156686918655785
-0.8387129534413996
0.9562542543032247
-0.1579795651424062
-0.17194030773659386
-0.13935019343113664
0.4967108475386309
0.746424885092647
0.5014860575311186
0.9630345865725453
0.15599034566251982
-0.8235678235672689
0.6577723648660321
-0.6284524929661464
0.5619707418191282
-0.8618803285386625
0.37751313862673513
-0.048288615584758235
-0.6711214731701555
-0.1870620527343971
0.5646542842992007
-0.37859994126394425
-0.774419794997783
-0.03357145487344754
-0.27540946806131944
0.9048753146496835
-0.20825150985011617
-0.36751043855209387
0.22428071899060584
0.5238131166335224
0.9513656207412802
-0.08982014656736939
-0.27853514358900944
-0.12373801526409618
-1
0.370138194065832
0.2451497939530498
-0.9003568398680963
0.9819138010455867
-0.2991563625506743
-0.6161717549599256
-0.3202798554969369
0.12211309388862997
0.8038852228460436
0.9204935944229542
0.1934256185252563
-0.26386626675287445
0.532508874864867
0.7027186494751424
0.9972420208652945
-0.06617772923089815
0.741397650133367
-0.7576045776002904
0.7590025403921811
0.9263741330456409
0.8558033793790732
0.8945880660179284
-0.7852935708877694
-0.16672318553716617
-0.006218286093911936
0.44075849428777986
0.4557999101895111
-0.39336583983258794
0.8500730842924175
-0.3346279963853053
0.4261483318242799
0.33689068246857445
0.4677532791676491
0.17317395485265333
-0.7839459747909403
-0.9101525028865532
-0.13141317749913073
-0.2041788623415316
0.7208645394632063
0.018493755514741323
-0.11159560632422692
0.5401119937199276
-0.06151776393330015
0.7047669196251236
0.4249819563231279
-0.002363015757612801
-0.5988315093898071
-0.379141656805551
-0.48143197446057073
0.25512810528671864
0.004901285054946878
-0.3100721690727065
0.06782422797755214
-0.5962307685425453
-0.5101033305717015
0.6351662090621613
0.08033419436331578
0.8511409916934114
0.6582363436191756
0.7611947144637622
-0.24193016940567255
0.07843824180677124
-0.8098218003234264
0.27808984301369544
0.8422216011574545
-0.12108307257825462
-0.07228139997825757
0.8635785665937884
-0.7854576028937761
0.940746081761088
-0.05661198684899576
0.09766889933517056
-0.3987238453164806
0.3353287496871234
0.3018661655666325
0.12712290176411012
0.16344707402093409
0.7473432482223041
-0.6479660152625293
0.8407636343468831
-0.2509934945690192
0.7592097300837066
0.5871213536888055
-0.4185417602871408
0.7600750277756688
-0.42568081514495526
-0.9534650018385569
-0.007413467355020853
0.648048896174532
-0.9772849765651842
-0.6479702213504311
0.04663489557418286
-0.8005133377481799
0.16764505628918014
-0.04574562729229831
-0.9752862371396495
-0.5000664311103021
-0.6812414455098486
0.5977964159032799
-0.2973549792657005
-0.8790415717987455
0.2971901170302792
0.499409922120284
-0.12616950576907623
0.7479441396414808
-0.08677013418948376
0.7622780156294342
-0.5251819270894781
0.39166279206838717
0.8130848138165923
-0.25904704549035645
-0.9676167275973951
-0.2088419798472208
-0.6352154819100148
0.7952676035687339
0.8352810890282663
-0.6381248754594058
0.5786168763767506
-0.15864074483781443
0.8848791649724335
-0.09879274699739933
-0.3709778623417431
-0.9842397662470052
-0.5095679954712632
0.2218847174867207
0.021481913174547323
0.6092049849501462
0.6988977942702885
-0.04379568391194036
0.3260356887174561
-0.4595102628235781
0.12126202603359447
-0.000353624329185903
-0.7150833630839507
-0.37761836732270593
0.8950852262199582
-0.85938364122529
0.8676914212054911
0.2723955214690236
0.3864049672249545
-0.5820473749426656
-0.11927028113789973
0.2356308322892921
-0.6796103227107197
0.5647509572576906
0.5784238084119607
0.951516846726134
0.039032275412942685
-0.2803435952651687
0.7012878701557701
0.32164815590902457
-0.9123239663804728
0.45274134320680354
-0.6496807397704149
-0.2985733482345734
-0.720580848676655
-0.8290535017321986
-0.9161365706436423
0.9203156252235749
-0.6507213363818585
-0.799242755577545
-0.4337596318041572
-0.24506654240131678
0.5433924215073017
0.3380406863196803
-0.6438437818662616
-0.27293986703516787
0.6893606709604289
0.9791883937745777
0.6644127184674156
-0.04500278874012997
-0.8614985151196797
0.36783030057742633
-0.3792748291515357
-0.654485046823334
-0.018483197973085008
-0.5776580360645398
-0.17625862219473323
-0.7941253291985317
0.47275406547426835
0.39480313533595296
-0.05601483954260575
0.7652163491428747
-0.9507601470721695
0.5609548386000857
-0.5167038823329075
0.3367247247615915
0.5236945405000731
0.28304717417956293
-0.364162426019408
0.3003886666307075
-0.14077442238129706
-0.8806392120913107
-0.4894338683697097
0.9683361334473429
-0.12783072741841253
-0.9745110586736679
-0.5969183499038084
-0.9186842761108288
-0.2254472737485605
-0.29826559286876586
-0.8395103225489419
0.4890715875626719
-0.8585926814170508
0.4594667195748083
-0.33897349369770846
-0.7393728821275004
0.8900000475351612
-0.34517630767481194
-0.2555399126921488
0.4556172403585632
-0.8856500923036561
0.4768675895166767
0.2865986438782233
-0.03697352426365899
0.3819119380212898
-0.08452130621420859
0.5588145446281559
-0.9519062548563295
0.46419658630756444
0.02155074230368737
0.11564132212955537
-0.10444164189494225
-0.1322554509877614
-1
-0.9701917338578562
0.03286410753170107
0.029049910247248324
0.4151339780865884
0.9732436208306179
-0.522645376806678
0.7761458337179975
0.3970861335567104
-0.09744290385563338
-0.7255103549700639
-0.570606771011823
0.12608488764507017
-0.22550853865648296
-0.961455536010853
0.8764121856303457
0.3436865098035792
0.7308559780845553
-0.9684116777199587
0.6366614760262804
-0.015837265267023393
-0.1698894520764788
-0.034221614531817095
0.5344296502779079
-0.23335423829758498
-0.24042100452699736
0.23327440327455393
0.8545658315564725
0.42286084726807044
0.39479289613343843
0.4642920403777181
-0.3792796443379236
0.2888653105170761
-0.3275851987458042
-0.38878928645509647
0.24950485256697033
0.9430694903245613
0.014185075593076815
0.13038686333520155
0.4383390093009494
0.3307212365095543
0.3800937477161416
0.4528552804970582
-0.33881520143903504
-0.05459994318620751
-0.8990393919996145
0.09425069404290642
-0.711887360006203
0.7410753891080887
-0.6176696248038019
-0.4348608226454594
-0.6610772450252331
0.728486095223272
-0.613248419892934
-0.6173174300516847
0.22727582965172535
0.3221858790976816
-0.700603721129697
-0.6026808777294205
-0.4793003693515433
0.4765076693774652
-0.4694500196429647
-0.1515651160414935
0.25804588170185894
0.24803185713934198
-0.07159712794807777
-0.1857380853587028
-0.666818013769638
-0.36602035996043697
0.21703720189424494
-0.2798577250078046
0.24654540482658227
0.05452902844478012
-0.0853334178573195
-0.34580251221311015
0.5192888738504655
0.03925853207237568
-0.040098708963630256
-0.9429286101932488
0.9592222810019952
-0.798490597016633
-0.3212646057940801
-0.8506321187224904
-0.45956432406229886
-0.6642333191188161
-0.8304010778938511
-0.505942872013972
-0.2551662346335104
-0.9324585958064024
-0.02119495730197864
-0.8070524046811842
-0.41939657154706084
0.12014123748117284
-0.6864176854379334
0.22702187098927465
-0.4191032800132983
0.8524765167287197
0.6518923443259793
0.705577816182589
-0.9559833863607524
-0.6277127242815143
-0.9552703051889607
0.8242606108527344
-0.3658789634254901
0.2265529496703926
0.8509416249234608
-0.6849884771118954
-0.74176430768582
0.39391076396631036
0.8564816219855521
0.1164541615908449
-0.20699048794948688
0.2894645368090907
0.046674806628445815
0.17086226141326247
-0.8033130535390509
0.18751989185233875
-0.8404838928050502
-0.8218842855464142
0.08786139997076835
0.9165434044036135
0.5806167392808996
0.10162406632343532
0.8688696199867988
0.170872673406375
-0.3708071097037248
0.46559913787614393
-0.2796256198069239
-0.14997965906348334
-0.5071038749611201
0.4775928610319715
-0.776368414304937
-0.40365349829679054
0.4745165172528989
0.4691862602467312
-0.651494834759013
0.9148413514587826
-0.6804139422990075
-0.3692492989453841
-0.12941323566268145
0.33153688087065114
0.018051146744805242
0.4526678401821203
0.40693721652229864
0.8850304217529539
0.4588968294109087
0.7724268912419374
-0.6371302345079368
-0.38657272626822675
-0.11261076748777896
0.934166731953522
-0.6523458747952748
-0.7673265345627704
-0.6796779025439779
-0.055683765192414435
0.6965579548531186
-0.5531478272034618
-0.1900402614050732
-0.6864546020575446
-0.8779388187944601
-0.13330267901522241
-0.6156601823014403
-0.3371219216769818
0.27870102015099346
0.8840801502924719
0.9503395701259415
0.2581146479906145
0.3831630605918197
0.911415615252057
-0.06874046294978571
0.5872492254780942
-0.6854647697940685
0.23108151861789666
-0.06376516647725575
-0.0936889891501275
-0.980903992034704
-0.8883888300970291
-0.08643596494796739
0.374457652855514
0.22333368495242004
0.9961878112370013
0.8789521573334234
-0.7550110354228433
-1
-0.024139508701559537
0.14410604084266823
-0.8293530960901613
0.7144866944154376
-0.7825351743481778
0.608784803434215
-0.38101151700336916
-0.2783612592017605
0.3314977778839556
0.7945745282161585
0.7599506388197655
-0.38438310359882655
-0.03903080001796014
0.26273595472643835
0.175230797859296
0.5722261799167024
0.11665782312204173
0.9313236176406954
0.8015448509624555
0.12663353021147383
0.39094576538388487
0.19105964717934795
0.6902945235842346
0.7380195107320461
-0.7415238410834922
-0.5822699388540847
0.1801113412079531
-0.9765686784389898
0.7207333734981183
0.8384079589873339
0.02460202489463257
0.6224214258681676
-0.11388665402914201
0.4685190234435865
0.3075500498834285
-0.502724819505041
-0.5172100938579034
-0.19347561823913853
0.0915621410009234
0.782343954471168
-0.6291170335146372
0.6170756949950019
0.04315853344364222
-0.9453103448793875
0.08395523433532628
-0.671908161007092
-0.15519306676457026
0.788928053508608
-0.3221489270139027
-0.2093550918109513
-0.3040420948072761
0.2435308404255602
-0.977761722828408
0.6556524040851627
-0.046548038848787984
-0.14016378042629415
-0.14337512856444878
0.13718266918981104
0.3663470784211367
0.5763667418214378
0.6244711647343733
-0.2115441706606338
-0.02861499045302919
-0.8217324509171358
-0.4698171193514848
-0.2774419951685733
0.4842349114974373
-0.7600379727387662
-0.3909005701644649
0.4922531760764621
0.17016682730085836
0.006527937271045525
-0.8737639638697865
0.32090405514195247
-0.40506712780638154
-0.645641338069289
-0.716775888625663
0.29826027260795895
-0.30851712649896285
0.5022700866600452
0.057419487987278514
-0.6146755731080947
-0.6861983859494485
-0.4047224479171663
-0.3838106003420497
-0.18864964018677877
0.3799319928065188
-0.7975296643755396
-0.46385652622414203
-0.5911766475766642
-0.02802151848671615
0.11557331199270343
0.4601342939997285
-0.7186862638386977
-0.08562337375667238
0.20007191059804563
0.3783257386250632
0.9605622457949543
-0.5815098786129255
0.8599722410479115
-0.48170807070523686
0.9859782483475965
0.7241488949850408
0.8123601106504034
-0.9285759705628917
-0.18699327591302795
-0.9177497958304054
0.4366800554045914
-0.1611185898534228
0.9181838337297235
0.7606264649503115
-0.7216849844250424
-0.2650126765411405
-0.14514899238521886
-0.8459783170091986
-0.595274631180569
-0.3185110032570609
-0.13216502202442504
-0.3630763222721696
-0.5841440487800963
0.4683657607139669
0.5681017429678801
-0.36548359132172487
0.9209726468702314
-0.05173383032803061
-0.6222371596781407
0.02170272920651738
-0.4338870343479493
-0.8755168812036133
-0.45873370705864586
0.059452422398001345
-0.6827272885297067
-0.35311415751518027
0.9680235182335475
-0.3876553449191155
0.48923709638857227
-0.9443312493422948
-0.6661593609674195
0.1146276860742427
-0.5825499523801778
0.006171787423226986
0.5990611161848317
-0.2776288076769872
0.3507466446011875
-0.5492921024437857
0.8570605285867048
0.18802033889994985
-0.4150617946967942
-0.3427000509738179
0.2349952178865999
-0.8458203524959025
-0.5069183876728569
-0.8367960524249496
0.8664389985033274
-0.22677840147001535
-0.2142701212664099
-0.5882028422823637
0.6774829626253959
0.6414240568212088
0.6730970263515409
0.7168040637778992
0.9445477257571369
0.3425537734723457
-0.708247930508773
-0.6722487668845392
-0.5250983436840707
-0.4894110721700606
0.16358263866313041
-0.0730798674097398
0.27670026506172235
-0.618897083449888
0.9382559695506069
0.7666200733000137
-0.9869819307026497
-0.3245955494083964
0.86759324181456
-0.03671735245916829
0.9396194264060894
-0.25753381189491664
0.8706599764746633
-0.5019755296205917
-0.13548162420306473
0.21811547417519997
0.16062265429177747
-0.26705644577859117
0.7511875212224751
-0.3028143312218972
0.7213506111017254
-0.7700997672430109
0.35418585499812044
0.6998079342910416
-0.8057932281378486
0.8488987285543428
0.04434542318926409
0.7783985477196975
-0.005171207236867658
0.6137417716742675
0.4515596302300995
-0.4931738035713883
-0.9606159140979315
0.37977346583007116
-0.6065730419862284
-0.0762366567075244
0.26720344263875245
-0.5016225728967147
0.06285388202360656
0.6348125487850085
-0.21787394362811435
0.7927920174634007
-0.48992864720959556
0.5670332870415739
0.4418131505621561
0.25491447989034227
-0.866191907023592
0.791441215667309
-0.8362127267929083
-0.535790417795279
0.8295601218388318
0.06860673595973542
0.24947206065921412
0.9731327255288826
0.09909213507679808
-0.3430068592067738
-0.4550487946198437
0.31942136194266413
-0.14486851093317918
0.3028668964742303
-0.5655014975373662
0.6936367196696508
0.8967073260062841
-0.22417357722454306
-0.22198513207444387
0.12200241379588436
0.8739459319799131
-0.5198887658263546
0.6947710022281548
-0.9099936312621443
-0.19299698840274085
-0.8976677645213296
0.5740144365564755
0.143827582726894
-0.830365265656653
0.588584264585122
0.24943697354557756
-0.7133517675954361
0.9028510649462352
-0.49670461952273354
0.5013290356041906
-0.17548852013951088
-0.6043752099714029
0.4019899966485176
0.5627963737182005
-0.9096897739772708
-0.1075555697333393
0.9796097447425169
0.2558606781736266
0.11656962468960962
-0.11951874704275707
0.8059608497252075
0.9936716751959679
-0.49952094521270896
0.17583302846220242
-0.6786518555755114
0.5036392984851051
-0.2594289208656526
-0.31551332216790867
-0.9851186767429615
0.9551793245282508
-0.4649451642211836
0.44944157724752465
-0.47832372834542475
-0.4808173658551886
0.6804510426390356
-0.9813197307369032
0.0010587995471914831
-0.19372105925521682
0.36051507916906805
0.30285128181087423
0.10724819185197823
-0.7986997096947327
0.5269176882421759
0.47104270586728225
0.8361786496574043
-0.5587449248535419
0.06483496328572283
0.872607695662063
-0.5266417885745764
0.5537660445859994
-0.501897198577931
-0.7710277087229607
-0.9887602567811842
-0.38719321645345756
-0.8744203228391514
-0.09791914753854482
0.25431223384033297
-0.6295761512076775
0.708422700256908
0.6417960788020558
0.3976357906847541
0.15042417536964553
0.9222691335993259
0.8363358546681033
0.12274151497337579
0.2381544988384186
0.7788066525471921
-0.6835409980127788
0.6270835364430344
-0.49270251507003443
0.9029689615334182
1
0.7591809769447443
-0.795010682756908
-0.9753871435988005
-0.8540687470299961
-0.9674873956337628
0.44167533183984653
0.8729991868405087
-0.6817754110976261
-0.31226860052566996
-0.32489851919580554
0.9049170811268705
-0.718955756161266
-0.056999909510959415
0.9806537982215696
-0.844816521896316
-0.4950331198585149
-0.23753346443322607
0.18067124471371362
-0.9634890924860743
-0.3049589273842059
-0.625927733677519
0.37900977295477695
-0.14860519566345562
-0.15380440769018164
0.8199125820502469
-0.6536478420328674
-0.07632579510102767
-0.1528519901808276
-0.014705762756717679
0.20696679745275606
-0.342852201874133
0.7504765791883902
-0.7249487375011925
-0.3392919188427929
0.018382867459627077
0.8931640336474512
0.5676735975164329
-0.7392277181334682
-0.31127293951316226
-0.687947130373193
0.8580227081712299
0.4640535065387891
-0.9452058164218767
-0.8675860722616753
-0.49938087069275117
-0.7034097725852734
-0.5421583351774086
0.2094603390647472
0.1585389923940036
0.5902317389458633
0.5619866165281575
0.8080738551762742
-0.2946882391613363
0.6476832203554914
0.6466864818814524
-0.8268766314812201
0.2033356188924035
0.34991937510963117
-0.6844892370034984
0.9486544277266278
0.030285458012618588
0.24520726964256997
0.4943006656652917
-0.922914985920273
-0.860869088687071
0.022014084335463473
0.24475302793949893
-0.30591056381494813
-0.4685912881514434
-0.10651461162910175
0.9308484894918678
0.4416242190965872
0.32735583555528214
-0.4258895037785628
0.7950473958514762
0.27304165558274157
0.045805342879202106
-0.44307609098622874
0.2720459459967318
0.16049346628308545
-0.7579506696980266
0.38288301412190723
-0.32382487033607676
-0.25841087464668105
-0.5811449237605106
-0.3101001298653171
-0.22616266264625884
0.3451730765425355
-0.13452705921043945
-0.6797812545595316
-0.508848861735124
-0.0222478218222021
0.46257716033823404
-0.9233002888887472
0.6724778104048986
0.23722422316349334
0.5885418066171358
0.7202156535072806
0.46478515807790677
-0.3259445945344217
-0.535509719746274
-0.5409249539637695
0.8129832112544791
-0.6148127773858095
0.611667016323266
0.39330335525070237
-0.6840297279995374
-0.08028486245723529
0.8354518635134048
0.022226707458205663
-0.21086264886938824
0.8255694771424351
0.7167182579877386
0.8730949085554844
-0.06041390439777164
-0.4389946106062787
-0.5382724668477648
-0.7347067433083191
-0.3449597260873293
0.25934971636195453
0.40780175847628786
-0.7483649483819123
-0.25484419797227786
-0.11503883172732421
-0.30475332313927384
-0.7096175543963834
-0.9077051899851877
0.3942430540855569
0.31828579342031194
0.06896594495797148
-0.3773221145175404
0.21597108060293624
-0.9632468110120934
0.9842179026138612
-0.905205246518362
-0.63136327003505
-0.5658105439382789
-0.485027353347792
-0.04612218978178048
0.7090224840126721
0.16911680005267313
-0.5644670247498625
-0.8629554782310422
0.02766698518488056
-0.3717270786943971
-0.9772898768172698
0.08543973770483301
-0.7952893769835736
0.6702106116667944
-0.1896176202788091
-0.6842335425254709
-0.4134523292064064
-0.84165205192505
-0.9986433363670714
0.44992246296115634
0.6217909746045035
-0.2543430111496451
-0.3652853958871505
-0.05012379002886983
0.2863330111487581
-0.16881695435148805
0.34004756842097805
0.93439099191652
0.35806634180971075
-0.23604572485322672
0.823925934751827
-0.5522480108428547
-0.7683006198150193
-0.1571563208342055
-0.5329633192948027
-0.5104934882561893
-0.914834944067951
0.1676205184003781
-0.1457520628869907
0.11476147338555888
0.7165287460161666
-0.5852074093344867
-0.09845548017014877
0.7022697625622907
-0.15273501203152703
-0.4311901267683271
-0.7986230704504648
0.6368852778064917
-0.8110427781503025
-0.5807760951217786
0.3896914810674236
-0.4346156774735451
-0.9937278395777772
-0.6019579166294046
0.14086761292220806
0.5898305040509412
-0.681133285405314
-0.5244041042017175
0.9627128733886461
0.699171201987021
0.6691459152102187
0.8745257601749731
-0.8978856894416232
0.26086076521508883
-0.6471448148198872
-0.5562052490392825
-0.573914114139772
0.4647274941305738
-0.6498488214878391
-0.06884229954941852
-0.5152501633629429
0.007849995414239998
0.9684786335006591
-0.4169753443557634
0.40497850082691167
-0.6843189720011588
0.595345335460154
0.6862576816949909
-0.9139018538522745
0.5691278520394809
-0.786578102584881
0.6777685169305745
-0.12155772722587138
0.7436803030189917
-0.28147291684958975
-0.07166553398439662
0.4431579338814777
0.8600775674826008
-0.9709678560140986
0.9177512868159101
-0.4064621712443894
0.9627483968322379
-0.5225238294203608
-0.48562104315396465
-0.6435069531120517
0.9149842251648771
0.4086122846279317
0.6821769323004921
-0.7797701095336061
0.20847953671571273
0.7498826983257153
-0.7104461200268772
0.5042377530858008
0.10454254464736641
0.5073403573066574
-0.31228893058599333
-0.26227231801907036
-0.7177284710704623
-0.36653145490016464
0.31016530039368506
-0.10137022886002016
0.5947273410637238
0.11501723383264417
-0.375454140007945
0.9338286751871232
0.4933711823673284
0.378434900977726
-0.017516751948658153
-0.19038000297667765
-0.42981940521136014
-0.532788370017738
0.38461229850502726
0.7005078391361427
0.9385013445788968
0.9879932596776031
0.7102317166802516
-0.9272333224267663
0.4553820238913684
0.47497548439894777
0.7786649826620491
0.49925706994370456
-0.3745016593125977
0.5976958671815562
0.9972540763840806
-0.6722529847319628
-0.4423091556073788
0.6282079730780662
0.11546955441925127
-0.7852448705142596
-0.8499471859662003
0.6987489093943184
-0.2852019692344708
0.423620375662455
-0.12803250007130787
0.796799383531472
0.668344706122061
-0.04949137554442065
-0.0814238502268046
0.9843653458322467
0.20355436457689358
0.8769232100804222
-0.5413394258996748
-0.3853183519084582
0.4525310633661533
-0.6227351256276579
-0.4146570233977083
0.2354290352456468
0.8081237444920228
-0.6918599573015491
-0.5013639612738388
0.11153750717012333
-0.7069196296058696
-0.13053290205520307
-0.6285901084129163
0.8197505679577551
-0.1426301270721211
-0.9958853746571785
0.23610611951567503
0.5002835245048631
0.36119741976558933
0.0041542129647242285
0.8341730311346013
0.7367706699590798
-0.3594277178819876
0.5962730970663758
0.9683547936620005
-0.059830756554195855
0.8166921923765376
0.1583465112771226
0.9855863376250131
-0.7516318569074534
-0.9213616386550132
-0.3289318149158869
-0.6565672869286755
0.07877936844396377
0.26975858473701914
-0.9792479629505315
0.16528220047264233
-0.4602459540916045
-0.6467039821753597
0.7933378032229993
0.5227716793247862
-0.7388153878453464
0.47213625638536016
0.8979169397427125
-0.4817820936960424
0.2504126515448446
0.5444885087128055
0.46418150561962784
-0.5680023724940817
0.1922236193851573
-0.7419662263478186
-0.4014498248148498
-0.5686871275926878
-0.8725834442398882
0.4739651454996762
-0.45656200439959693
-0.7915564953886547
-0.17803095536367705
-0.7924777366106419
-0.1774027259047796
-0.0451759306737278
0.007916823161230133
0.5158355322201617
-0.9154067290311612
0.3591666596642095
0.3154317412345764
-0.08419442346838042
-0.4159771648368201
-0.7432812477091649
0.42399069005292106
0.6421690850941434
0.028427432810268962
0.6098265061131407
-0.8723160622090954
0.421293116986273
0.8979096226341973
-0.47687703256665703
0.595236573517549
0.35656616381166084
-0.23477070579105963
-0.7272099789909124
0.21417151402724174
-0.24836001134965835
-0.9758172820919261
-0.6233752865025646
-0.2740808391611085
0.8189269659731454
0.2623717778694244
0.9016400077811958
-0.32666954858551006
0.21412249584125215
-0.6696952237074294
-0.42201851030911675
-0.4498821936867121
0.9186418411262887
0.7178545213491867
-0.33973395075208984
0.6419921307241556
0.9976565251099374
-0.8405831236957038
0.37117847557003
0.017678012818686403
-0.9654937247152368
-0.6055101830106593
0.7444591590601463
0.600589326585777
-0.4087007533169785
0.3908992109746474
-0.2428178186575158
0.959299018975938
-0.10056647632933226
-0.5704883678565936
-0.17372547578262393
0.9817286687655166
0.45118980114902735
-0.36840321672890114
-0.27689941358804226
-0.9447316658298193
-0.1069482054135034
0.6879732932682634
0.7987177201166958
0.1639650390730687
-0.5652294054355718
0.26294950642194653
-0.30371667329280894
0.8822923043838425
-0.10877459976639171
0.06183459396300996
0.4690582116458304
-0.8856616917106125
-0.1431571735877888
-0.3114742256532198
0.7713421036624067
-0.5952358223805229
0.07676040927800173
-0.6906019603656507
-0.9002621546710944
0.4175981243247392
-0.42872065737838483
0.19800282046753304
-0.010493686051017784
0.22212160964542405
-0.40121959698385123
-0.3051577476430092
0.7443042203434803
-0.16715529892535327
0.9490377177738613
-0.5475949161030123
0.7533963537201932
-0.27655661612524274
-0.20958580324619178
0.6845686763112931
-0.06973702441093044
0.49236276773994586
-0.7099380309529914
0.7163661738990813
-0.9308219997545399
-0.09090265607718431
-0.6752791280064673
0.1319994248485867
-0.19969211399018327
0.7428066571301679
0.3367183839267348
-0.565870099262041
-0.2870647671263707
0.527391106441135
-0.0793913833391952
-0.3501721961974179
-0.7811322771567158
-0.4035619214343658
-0.5220546232623976
0.23150613613472737
-0.3750772964062039
0.5919499486549371
-0.5206468136228364
-0.7692447928033121
-0.31461378206802915
0.48062587668981976
-0.8111799308028249
-0.5982487724777945
0.9440237586534947
-0.7848186792478369
0.02725526370280297
-0.7671229830282786
0.7755895886759436
-0.14075024772670638
0.2926593222695231
-0.6688009698432773
-0.08570540839463577
-0.786684950127559
-0.8654882592696038
0.6425970881549117
-0.5159073522446567
0.07700487503591288
0.03998677116991461
0.28423508837441536
0.18761322571248637
0.30413534235364886
-0.5381516146270616
-0.7095492672188465
0.6592384473096986
-0.15115649174774598
-0.7877242585951646
-0.03155208283298692
0.03653814767696803
0.5652892916839003
0.3306301229752222
0.3704196139303879
0.9687855926068819
0.3411863545879538
0.4590537835693722
0.32507486831306
0.8542699141529813
0.6892217973397061
-0.30068512195838853
-0.5799703357308859
-0.25682960277625516
0.5674998083852879
-0.5684638780851943
-0.6286984149089999
-0.6181907922299541
-0.2909661478718602
-0.8343820780953356
0.1620464402736387
-0.5636096054215796
0.5801894879314147
-0.7696913087482086
0.9436318700662905
-0.6591546265518802
-0.8107415930360649
-0.3579341644715683
0.4180599208496333
0.6151966918739303
0.20571551417905182
0.5716961825971737
-0.806150775461589
0.3806748514327472
-0.6558651462464571
-0.9118639326418966
-0.5224704797216084
0.47905897512415174
-0.7582338592749984
-0.7932762740189033
-0.20698348886700163
-0.5935908021693909
0.9332453966228474
0.8668436739559702
0.05431317519318926
-0.6579942713503871
0.9125504354741768
-0.880069635576469
-0.45832755254462404
0.3411295058169492
-0.9693772305747232
0.9799065111726911
0.6758089657426182
-0.3789779353760863
0.17440996692941604
-0.6598372733649616
-0.2562569440909087
-0.6863101253900374
-0.14968466073959227
-0.9836471058797304
-0.1019791121882786
-0.8885612139388188
0.9618971416083464
0.7925031066040439
-0.3528467744255676
-0.9025923473280583
-0.07181270268671562
-0.7634269852440168
-0.1887411939369556
0.2578061429641465
-0.2198645220042118
0.24441347443512207
0.11453797953561957
0.5046044289063263
-0.9534568423408507
-0.9592123115211548
0.5351452960459607
-0.2538977072368918
-0.24236834818482925
-0.02827144470421602
-0.18300533880690933
-0.05266868620116222
-0.18339998692690987
-0.19328474832182083
-0.7709238764894433
0.977929235823782
0.8627831118555174
0.90468263863157
-0.8022880372044506
0.3581487277951891
0.19440586227595552
0.7746157771068707
0.0236705829354059
0.36301305207383583
-0.2502787502474771
-0.4223056982154884
-0.993851282775809
0.591975034428205
0.2518142840647915
-0.614053641695435
0.8982294443281339
-0.9075779397183736
0.3719886150999093
0.5403297768347672
-0.7489105026108454
0.0817066382695216
-0.09567646206637581
-0.6565812693251576
-0.5741378719624237
-0.6114704490848827
0.7862221724829117
0.9442567552319959
0.5766409973316868
-0.10002936901577836
0.3829412101827522
-0.38162450310127655
-0.7959164043955685
-0.254173417538656
0.6444883234350947
0.2714854139519816
0.584166099645778
0.6474395572159551
-0.39258888915836987
-0.126676144793105
0.435121771619739
-0.17545596734788582
-0.14712444005591016
0.21315712182618934
0.5985966354558628
-0.1026266050383845
-0.6849074771119167
0.7654556586689454
-0.09065644349001498
0.3727480379198025
-0.8567240420600194
-0.5959622579899372
0.20607044061723487
-0.6502758627416696
0.6741407196006528
0.09707702661091716
0.2199297408711366
-0.9740681478625058
0.48759984011972396
0.7921416805329564
0.13774321528293562
-0.328238801664045
-0.7741244641138028
-0.32268137523339585
-0.8627180260583657
0.977210935959469
0.22409060518595914
0.6131825221156894
0.16708229415520917
-0.1511101183301429
0.056364010173962344
-0.48803259137861094
0.2867157659887819
-0.8452695323128018
0.37633714555201003
0.4848864262486781
0.8911959005974315
-0.046221626448781694
0.1508353949882968
-0.12735131388842125
-0.9104289165441378
-0.01687805713180359
-0.5832801263752778
0.344626919255583
-0.7515150549341759
-0.6272735530115223
-0.24357679457258244
-0.7173478119135603
-0.8121648646825546
-0.0512409714699026
0.4288414336966186
-0.27030066845764733
-0.8615510130556641
-0.7794035298468447
0.31755522154607463
0.8345279069615241
-0.17242895578514633
-0.626729035456169
0.7532965720843026
-0.6801899673753766
-0.014910701241184592
0.48779418236191957
0.3292050103810315
0.5697054625517263
0.9782593599149294
-0.15228712350770351
-0.44390867111667265
0.18947247104983084
-0.2562913983830767
-0.3050442331619913
-0.9216603958069474
0.38180968476018445
0.9220616627748799
0.2016390170690374
-0.4897771206069815
0.6870093282689049
0.08428568339738698
-0.5198827625252709
0.777191741751566
-0.738346371773851
-0.13270421832162982
-0.13386811376003116
0.20788533258446124
0.4470208479405539
0.6385817321356297
0.10784418086514619
0.38426233631601225
0.6026260254035519
-0.7987077605110636
-0.23334083140520406
-0.9402696068937513
-0.87115232208079
0.16237817992023712
-0.18321330234781175
0.8576658662924266
0.15744515561668113
-0.8252286519995167
0.3708444876076515
0.673971999491078
-0.19884492794666792
-0.6961787415898942
0.855341032953984
0.12505643993335952
-0.6419975174777398
-0.9351415244933894
0.43931028968446495
-0.38905682063433383
-0.4254356762980466
-0.1513628368602161
0.759127956039557
0.4923443415028616
-0.6052382255506539
0.6164111070150777
-0.41203350719141857
-0.471697535645243
-0.3081220322475613
0.8801918054263155
0.9491899801845158
0.3738435211674085
-0.8329213645879644
0.9568312604891008
0.3255211959744332
0.2706336217750273
0.8221554353071174
-0.9407337297694083
0.977389376721676
-0.9107262132592513
0.5359869006173341
-0.027818165172193716
0.44251769657082973
-0.9408288069522361
-0.09212745686508435
0.11689991084360397
-0.9458866170588627
-0.5801000868406897
-0.5499380102231807
-0.6889202939566217
0.3459879469227992
0.6626459383771249
-0.7894605153629225
0.840520094358274
-0.17191036771019869
-0.3952258060276722
0.14569100583325395
-0.8816482770451477
0.8550259324133316
0.48675119122263905
1
0.3109240795687214
0.8367527805232116
0.23443154169585292
-0.21919118834778592
-0.7544922563712736
0.6445289718806224
-0.859887113952753
0.37757387494928857
0.47878498306502726
-0.7562482464062842
0.13047429256943638
-0.30724049766889344
0.8417841509789217
0.6445799855305826
-0.4207889784941296
0.6902171208105151
0.717822112846819
-0.8016152210487648
0.47975561777511444
-0.4907836778757611
-0.09830863484392331
0.7176086795003135
-0.18150845728587006
0.027008041403490467
0.8593395865770064
-0.2246670114481426
0.12120718507647425
0.7458945791867853
-0.9967519839201523
0.6722520303902011
0.024815310979497948
-0.06384194972350889
0.8024981595392308
0.7482133362877228
-0.7750136963785244
0.5578240385953652
-0.21791071927960112
0.042622705970516574
0.22687014904722513
0.2079333870886912
-0.9509719649530807
0.09189768853316327
1
-0.08421133137111686
-0.578075536901531
0.12036205019019038
0.6151849252867359
0.5681767905337368
-0.8740584534415897
0.7840699880987848
-0.1963414310052783
0.4432764283655364
-0.009040456959733857
-0.9164079173231083
-0.5367032167129561
0.12822802371162817
0.6229483617544554
-0.40732216784124087
0.5193579107356076
0.23774893725469737
-0.284167742509813
0.4911712655001916
0.7232178772598701
-0.19946976279431275
0.7180483978187637
-0.6315915027835646
-0.018563197743910076
-0.6137338031014467
-0.934032104380669
0.008666577521938916
0.7870415200364235
0.48251365126076123
-0.8498377859604737
-0.602723650077467
-0.6269448063639109
0.3514675432780762
0.5638852637025014
0.49325197305262974
-0.7786990338387625
0.6654043697257869
-0.3152781676382235
0.9242624294058301
0.8934211199125245
0.7462796805194434
0.3494913466133607
-0.857775968177999
-0.11988183977326891
-0.13436069628872108
0.9187096520368122
0.8091731441244092
0.1486682172648611
0.055373486124023506
0.4928454294803707
0.9634312901751512
-0.37208113327514153
-0.8607060915978982
0.1843804418129207
