0.6368168826351309
0.3662228116000495
0.33297061507353815
0.9817956387310572
0.3180922818166861
-0.7318028771151923
-0.9170908259413086
-0.24557399959824416
0.14442670077782438
0.25447950034588046
-0.853378288493661
0.21621787271265902
-0.3475356953816363
0.7784712475235387
0.40449098965652164
-0.8913000660683641
0.7531519430497229
-0.47261647966845294
0.5701075508249843
0.17210153933066505
-0.6663297087344152
-0.319224756369834
-0.40559554642559487
0.3108075679835844
0.4780010835104083
-0.26773670380029585
-0.21516140977159334
-0.44473172881275497
-0.6300552557690832
-0.28274660295352316
-0.17259312535094462
-0.7463627578444377
0.5681041159404184
0.29688578331929827
0.7085520386042475
-0.14557343900907468
0.29325762916845716
-0.06643937605778096
-0.7834770822853443
-0.34439204083768077
0.5650619468017358
0.2553678605098319
0.5758245551606722
-0.16976058860454035
0.2832980591056969
-0.08007935650509027
-0.250164324646781
-0.024322803787051154
0.10364766542665828
0.6751290099399004
-0.2750624602457061
-0.8862737056168761
-0.6553310556491077
0.8571290248355584
0.953805853843395
-0.1512487050381448
-0.7466168051648364
0.6292020600093221
0.891089088668103
0.25243799603985767
0.9505714633044174
0.5631454731339951
-0.11810583043200103
0.5017351988845714
-0.03165247022759915
-0.853187403913984
-0.986988673209668
-0.8911008844064604
0.5053077157882245
-0.49351876293923164
-0.024241261652148627
0.776289426923571
-0.4636651857979765
-0.14618193564276002
-0.0745866514672987
0.840161346236028
0.2125019990710159
-0.364264199195736
-0.556790921558747
-0.3127090027676431
-0.4857015175026417
-0.08553162341419676
0.18182753302038543
-0.16865278452773477
0.8260912327686767
0.22932584217371207
0.8526157700530098
0.1468491275627134
-0.7383005080552165
-0.8506139473691838
0.5454938545731721
0.9075927488699067
0.03092220929165105
-0.5661149833179818
-0.8968998623196229
0.5529468853937707
-0.2638077180693392
0.9151085368346901
-0.5958985187250146
0.32904845224683577
0.7727796213918222
0.161090480700625
0.03533189053394801
0.5072977122378086
-0.5012574220311369
0.4509732822330071
-0.44676638566553023
-0.7429325207960061
-0.955544689172197
-0.3160804166604659
0.9551012460870715
0.39021859464747916
-0.7870502876200172
-0.803783500377274
0.610219717595022
-0.36497552997390564
0.4160283277364365
-0.5359724766254366
0.9112173072856325
-0.3284638846584555
0.3704306913151971
-0.24067444519460415
-0.64831563026779
0.006702446107861974
0.7231902597766855
0.7552791050327441
-0.3042389119094566
0.4743782437113963
-0.8563631975886176
-0.5303767742152753
0.046969505146682106
-0.31615112189504024
-0.10904421240247876
-0.017071340547228593
-0.44929580767236665
-0.2563652100850199
0.5098549095872822
0.8044328204426563
0.4257627238154393
-0.15346443911758076
-0.3633788151149292
-0.9754218786159012
-0.495101754668516
-0.004309203204019224
0.8353198455320563
-0.9520668797989842
-0.21385779170806818
0.7688789948425562
-0.45959117138711436
0.981561343582622
-0.46602804953129917
-0.2969603239353877
0.7114199148047873
-0.7843396614753684
-0.47582587623056233
-0.6788910075954488
0.9736913815463961
-0.49727673279892415
0.3303186396161096
-0.4688266048872174
0.07166803080333903
-0.44252245141784297
0.34786173177378293
-0.11996558045104716
0.9628420013622757
0.3446961492495574
-0.020918283170664395
-0.47673402514348345
0.36445445706965623
0.0335890034125995
-0.08869462329475669
-0.2864759946883688
0.5519261609322865
-0.0032961619590515766
0.6882894304904432
0.6318484346220686
0.42402080543709236
-0.26407961540746994
0.5159193421963704
-0.7761050025202523
-0.31846818855369013
-0.40339576496581697
-0.48373787771102256
-0.35437509395040867
-0.9552121243817073
-0.4627440693617297
-0.5872598420943453
0.14170713918602632
0.895187679391885
0.08407761917192694
0.8823390139285014
-0.7611291986832047
-0.30124743820401567
-0.275965170004253
0.17379022071744563
-0.1153891410542842
-0.6137821678037274
-0.187788256920513
0.271840210319491
-0.0014253574836142913
-0.19433611124441516
-0.47126525512579365
0.10598301438454981
-0.8571257217457611
0.3042599321736884
-0.2824261501203485
-0.008279815886948587
-0.5944352060717979
0.17664048434488117
0.3378118304099175
0.9379458187920282
0.6649508876057604
0.9470495687117167
-0.763308629193629
-0.6118490975656989
-0.765302563436883
-0.5557902536593633
-0.9743198208491715
0.04625436724622321
-0.25908727594509423
-0.16888647897919806
-0.7806953359906653
-0.8582693189934746
-0.436553151784007
0.4145535499611131
0.12470388323742904
0.709911559682958
-0.5040504352481613
0.6535365057382229
0.3230572389591016
-0.1406522653554707
0.03359822651295671
0.4944701627673576
0.31147040880998283
-0.26819899523324064
0.8518862304583659
-0.9735889474574765
0.5149114342793604
-0.18758321365823827
0.31387203014220527
0.1392755009511476
0.9280559416670685
-0.7877560979214887
-0.47148025703871654
0.6340812523916034
0.26735236472719254
0.42636395779126823
0.49070817498201397
0.750050771831346
0.3754493283335986
0.06272126966686693
0.32063823636266925
0.43441798890468875
-0.005917579277772416
0.3320092476927109
-0.06690930138382652
-0.2695782258898049
-0.2601538671370978
-0.118985868633359
-0.7239921971487341
0.39884455149242964
-0.32340151197916417
-0.8856440912816774
0.7341308452246894
0.748735402622472
0.09286126374192655
-0.24209220905077913
0.8829654395107744
-0.6329362229687473
-0.7810491418332858
0.37823470245999835
-0.2212630780388307
0.7177438924067843
-0.13639058655248423
0.8121909517809128
0.24559759936923292
-0.26859049723852996
-0.30148663877530585
-0.7793088999342784
-0.11335540447436779
0.09892015797257099
0.6046384525344958
0.21763142982569444
-0.22132632557829648
0.056235983060812025
-0.5538818513476546
0.14272499097660904
-0.6078676105668644
0.3482778483924435
0.5132812201013786
-0.21687949309555968
-0.3841475464641754
0.2855010239713001
-0.4839332342813142
-0.09485494758047439
-0.064091924954864
-0.41923879492310484
0.7529533572776917
-0.007947186538475943
-0.3890712301491344
0.47336462064516227
-0.906553464598786
0.34376661576178147
-0.32404861315745076
0.09183281709922379
0.9389194217869314
0.7343569323670666
-0.2319721626765257
-0.9165250681438364
-0.10518305276203586
0.6344672800971366
0.6686349698018886
0.569117073965411
-0.6055918790015945
-0.49465825098337596
-0.9221121366382032
-0.6530016009430153
0.12152020569374042
-0.17739486491556053
0.06535673153700128
0.03970345241423854
0.36241551671850203
-0.7394641550862162
-0.9749586132577588
-0.7790320546711433
-0.22157051287614932
0.10888211334117609
0.8548900848693016
-0.9598801069303071
-0.6954220485506332
-0.09162680747707318
-0.35069479380996726
0.305637859688924
0.11787107927399121
-0.09564481017546175
-0.6321567782411245
-0.11188046066765199
0.5294168328933422
-0.7107170782696336
-0.18284826175267904
-0.1625889771408329
-0.28024759688579065
0.25787957916798654
-0.21798882369389283
0.09279910183456971
0.6735603429978798
-0.5838645920395824
0.5305256754884456
0.21677412267619278
0.9345584124131113
0.34107821017300394
0.9046600975036354
-0.7715891019751702
0.9567655400862054
0.7412123017533195
-0.4475236681648137
0.45373694561034017
0.10639657364723945
0.6743764334664374
0.8463178001259007
-0.19380697534865005
-0.23067588005650153
-0.3862564714219581
0.6404012109227514
0.027267669192952416
-0.8767820208937028
-0.7793365254435786
0.41067186087000795
-0.004031221013268827
-0.5959471134212079
0.6462861488403568
0.7595410223843962
0.007880543040825253
-0.09281383170673244
0.6401213247389995
-0.43580857196121886
-0.8650823886130036
0.21973144782154508
-0.9459131237719033
0.9286134975965392
0.3414782115878541
0.1283600295342211
-0.6857841643081902
-0.2994699961917416
0.8848817766062008
0.6777958267357037
0.04254251323302817
0.14567455171099283
-0.8185602637399708
-0.4491247279394526
0.9615662067346783
-0.913929743627975
0.2834053063204056
0.21961321871579298
0.658210961639603
0.42513358826512315
0.4399368093949952
-0.4781943351879297
-0.7918364045108992
0.7414287348570611
-0.9305035262798454
0.37440780723003064
-0.831940040446528
0.09807184988665407
0.07155831914564732
-0.8457183105727634
-0.867026576328872
0.0966759944886055
-0.5580912508916459
0.34990844276392064
0.2753743506250915
-0.6404528716441048
0.6840729741289425
-0.6101865413144031
0.4410658754352853
0.6783996141285736
-0.6240039993779279
-0.1510455700272951
0.7065595966701836
0.06146359972029384
-0.7588000501933191
-0.1511118893208048
-0.3697869131141444
-0.07522452023102817
0.5863574791381121
0.7207766232992291
0.37894911371074946
0.6458859650176405
-0.28237934972385664
-0.5839691436723019
0.889038087550607
0.8612587809799199
-0.5141943127614061
0.5004927735922714
-0.8587896797655136
0.935143822876154
-0.019548878950387816
-0.3917134802799646
0.7539313747005595
0.09743355622263636
-0.24898281298919975
0.4418532443650283
0.761350656414865
-0.7535336027135551
-0.20480896332049767
-0.5442875880320305
0.0049325069483217325
-0.5937952944108021
-0.22975302401579484
-0.8818789939273031
-0.31514648578629684
0.5212892948793575
-0.3103614737476594
-0.27100461559959477
-0.16054957022667765
-0.3667279985212426
-0.5705836699333101
-0.30523337790649563
0.08886071240515594
0.2454059168106508
-0.4726004387710104
0.9101534898727056
-0.5386984310380071
-0.8025389816382343
-0.7850242669429842
0.41630755579118484
0.40038193868158006
-0.08383185198111756
0.0032297032282939727
-0.8075687071752974
-0.8673514006416125
0.13642665744331664
-0.4112064158704038
-0.6030238763658069
-0.7300463731471085
0.4936888489486579
-0.6313331266992134
-0.9163179359676443
0.5396715400549651
-0.12426344832505169
-0.6721614079919519
0.8717251619525602
-0.3623045051870738
0.44939068015274136
0.5082092146833928
0.8738041310602801
-0.2680273224517843
-0.003926736771747487
0.6891497590421733
0.3022677709037179
0.045706990445643185
-0.548803700245493
-0.5306769238787469
0.7578453434670085
0.7360016239569976
-0.278661365624137
-0.9137737951414125
-0.06010294710951493
0.43431592397574614
0.005062636943440447
0.05443987073996598
0.3006129833297822
0.8134197284378651
0.684839716305603
-0.3542194674610815
0.7817582390357126
-0.18499139472950973
-0.5694895444622302
0.8157343686679741
0.11737771299051648
-0.13773474225623902
0.25175330566641463
0.5112224745632103
-0.534716626491788
0.9126374106420474
-0.005234641109823043
-0.5794722650889893
0.7041086182080397
-0.8614418143415834
0.8082225830989913
-0.9055535703410091
-0.3110689941308377
-0.29802611014355224
-0.7338350472875763
-0.6224563334315382
-0.987567093920515
-0.05677989818454576
0.01470456095706452
-0.5047095901982249
0.7713149604345323
0.35426481285976036
-0.9874145941540164
0.9215042261255204
0.9420270251159185
0.1949173919065324
-0.17521047928192085
0.33387887879732253
-0.21368689300419966
0.38417450267965947
-0.2388311988985416
0.8131036652031353
0.04037607578802613
0.5352107697002277
-0.10554565448951744
-0.6042988631267601
-0.8740134985979019
-0.6839558030751892
0.5480603031936693
0.5127687546496591
-0.41631519838762504
0.5603203164100604
0.4711474003917297
-0.3619496597034084
-0.021274734755446684
-0.18806137321652025
0.73204612097407
0.8732073550623362
-0.38430666834010624
-0.28907502397635937
0.43085871272004717
-0.244862084038299
1
-0.25198216048779076
-0.45008608342343553
0.7309212692204559
-0.8486711463195459
-0.35923094593845906
-0.8329016213676116
-0.6283216694655563
0.473967801510196
-0.29300630883699863
0.5562126898919745
-0.07420006501771842
-0.5809233746890795
-0.5594238778411499
0.3261458896272158
0.42740384209483273
-0.36291032994654826
0.3529625695946536
-0.5037971032558917
0.8370674380496667
-0.26583211715096067
-0.024614512730777555
0.7160508541443613
0.5500333630902678
-0.5759591334549718
0.8370574763479653
-0.30041588943489217
0.44032630504729536
0.601352706290553
-0.9039115662634816
-0.08545199748872821
-0.24333583965133002
-0.13111442712384144
0.5317913849577421
0.4285028018686311
-0.4889482990308691
0.7323392953476805
-0.13894753285908276
0.48811486713621527
0.6614501070664913
-0.46865999952450954
-0.7159934584287043
0.1581484185505221
0.14135626904884316
0.3626007974443471
-0.5517352530787238
0.5465112762200709
0.3751104990183453
0.6904215892377966
-0.35157276178708535
0.6367012274633299
-0.5778689832206746
-0.691731432198004
0.836754629077317
-0.9477821577364333
-0.6877981883738225
-0.17524917534851012
0.24643313117199978
-0.3082583439489605
0.2701490181233578
0.21181511718876747
-0.45845183332154504
0.9832585304405216
-0.6273160617607392
-0.11092585445255831
-0.30069329432113917
0.7351132352356792
-0.22205358647707568
0.974443011025616
0.5450783793968239
0.18162931428390988
0.8978690871324952
0.16225463991489414
-0.6509476727882888
0.28297101974430056
-0.6422038396592916
0.7501130255565721
-0.03749854298754322
0.9208911093667552
0.7488941819320496
0.1828932821400515
0.9904197583052454
-0.2542587641211838
0.2857645167956319
0.6180038658511265
0.9700813087239007
-0.6585393458423526
0.22835003385049826
-0.07226948634402106
0.36423246813702626
-0.3442914696511675
-0.2694880141311864
-0.9712851719871578
-0.15721156902598943
0.9636048512315076
-0.8163217348322935
0.5360002327864012
-0.39508611224926926
-0.9328248597564514
0.43580808329165394
0.7422771757159574
-0.7691285510250883
0.007693554039817947
0.979590994326338
0.29896367984563404
-0.9601355122979481
-0.7151086395486952
0.9473653605609059
-0.951786155715961
-0.7113956017641705
-0.21141642994747337
0.5912205426839039
0.4444651741933275
-0.7966914989632988
-0.5799253313884947
0.058267199044194466
0.6060088375735427
0.4174491858822507
-0.16236615417093872
0.48008140493301626
0.044988523726899966
0.5139409383218115
-0.815754400285242
0.41884016439358907
-0.42923771166575714
0.5769892508349345
-0.28353404197404747
-0.23286945140872845
-0.3046673892720291
0.20847459555684975
0.9735219789243913
0.7027828755571948
-0.02342121557779102
0.736929209919836
0.38314530403409985
-0.7074098282915309
-0.5212391898948556
-0.9999715528029657
0.15219996657255938
-0.05346802907772465
-0.3604364625432246
-0.7931112317759301
-0.4766502848460262
0.6921139557931202
0.8214806231191724
0.3964899353336053
0.7661066107377921
-0.5680717917940448
0.7086794937247716
-0.8395156205870806
0.9164066242801738
0.5130346470019203
0.666147409843634
-0.5323865114030836
-0.34317658733353495
0.56322596316469
0.4171490083487779
0.03036659247984496
-0.33447014142641673
-0.7210157357358356
-0.5680206836889151
-0.17846068420092687
-0.09039226537846058
0.6736532569235438
-0.28916915103692437
-0.821725212878261
-0.29926212920573897
0.13584766858902367
0.593143613508443
-0.018153004255233144
-0.3411912267116137
0.3780962922094556
0.6223231016860719
-0.33012356776762214
0.4049598068068211
0.8886019034073077
0.6191580364894567
0.8384215439969107
-0.2574440869592499
-0.5911686149244834
-0.9279823871909313
0.8602754557600295
0.47176361126324723
0.07778433169309647
-0.0645266287004935
0.7098732590599198
0.20539415921950235
0.12307264287921935
-0.525318704210056
-0.10145311911871537
-0.5225449490134835
0.5803109001438702
-0.7582914695472969
0.8478699106205726
0.4515056468228634
-0.9764491525015389
-0.010140365987865371
0.9494081174052562
-0.4741066253349361
-0.6771594649581955
-0.42989144413209623
0.7171238040307825
0.11735267503761747
-0.9628703472992288
-0.23715889621422087
-0.2578539112428806
0.6958446699408884
-0.958354037534292
-0.905309412854457
-0.09342196267290931
-0.33154606298662503
-0.004913068043326135
0.1812081425605146
-0.6981187652980867
-0.34808241528540873
0.4540580058963327
-0.23320140664412647
0.902514319213635
0.8416595445153136
-0.8650886785660394
-0.5639988980482437
0.7377303949493422
-0.33245143163804514
0.9321104329007289
0.3644939593688702
0.6173302112383551
-0.9566404856480829
-0.6499637193438633
-0.6867229401718715
0.9619147505842857
-0.99479722538098
0.5345393170881619
0.25846638243635656
-0.7224683765439018
0.7630714765485085
0.6512910401442411
-0.23496155001676994
-0.29360942584624594
-0.9134964071246476
0.4871997670486724
-0.22174153683464315
0.7618605840926852
-0.3910525811563629
-0.7353034865222714
-0.1655896701325413
0.007017216144002544
0.007741983740144282
-0.8520949087936254
0.9014551923720643
-0.14689323246474567
-0.18733097038403565
-0.1623891455014524
0.49406771404769606
0.7465663902165585
0.5319489359375565
0.9299583368904409
0.2036073797982817
-0.8571082646600147
0.6530862705880893
-0.621497637879884
0.511562480343504
-0.8831092378048028
0.3896363978086318
-0.013278821085854627
-0.6972659704387044
-0.2245537656020131
0.5511702844341266
-0.37018395292298534
-0.8123717568206925
-0.03899667854459756
-0.3018970458124995
0.8752705943958837
-0.26484342369492375
-0.36328780731353494
0.18823463248974104
0.5186635861196748
0.9887214807491321
-0.12767735787796222
-0.2921429864448417
-0.1388474502110035
-0.9711788745347628
0.41990142519722184
0.23758677400273653
-0.881908702946401
0.952874295076752
-0.2740240502598294
-0.6226955673494086
-0.32694811134951535
0.11503598093924554
0.7969418776690129
0.8906184598683548
0.16768945364285046
-0.2765502844505904
0.5218753597832491
0.7519207550826238
0.9903650255830766
-0.20366579301971477
0.7071491421722262
-0.8322547744253455
0.7522693070133353
0.964396135805321
0.8271246420827437
0.9070552981965103
-0.7957062320557795
-0.14216741977094666
0.03319386343021092
0.37908978195034904
0.41730486694830654
-0.3918524970534915
0.8712718211525026
-0.385260678625883
0.45009713878299495
0.3450944856917405
0.457888925860466
0.13401042612222713
-0.7757328536263564
-0.9015955086167573
-0.15576056561218288
-0.19452852064593895
0.6986868513244936
0.0027285320166314415
-0.10293189652471459
0.5243009741648867
-0.07237936161115267
0.6272218416294865
0.395982747961508
0.010307572596789464
-0.6140338157638076
-0.41210654256244245
-0.4813799429629879
0.26440990229799877
0.02019593163790899
-0.30441642841545874
0.06670836314053394
-0.6026976112453447
-0.4829904847513592
0.6434781432815958
0.13704184989079374
0.8822865341444731
0.6475151400490664
0.6960348204116859
-0.27230114777935044
0.04027692902374555
-0.811926242151086
0.20245871089344172
0.792614541242506
-0.0950949708074477
-0.10756794717067218
0.8885903319528243
-0.8068513076567589
0.971783811867196
-0.07402550021672474
0.08955243094432877
-0.4077218826031597
0.3289690737443096
0.32840868187203626
0.13451680260433488
0.14164524144366583
0.7390468822334941
-0.6839853092076237
0.8169835372272951
-0.23455452324592332
0.7444777243719205
0.5608015568808041
-0.40253621208510737
0.8253381864003924
-0.4588319791278792
-0.9328428336909937
-0.022573316992567316
0.6223845451331994
-0.9306273068661498
-0.6586244640188735
0.02549308098019637
-0.8325763713060315
0.1691077603867261
-0.02107092577881236
-0.9320441475062077
-0.521277600915715
-0.6585186445203707
0.589517089261249
-0.2978434982581724
-0.8553278758986718
0.2807719269996641
0.46879228890385605
-0.16279189384090112
0.7042257625786916
-0.07833126117647107
0.7484060834138726
-0.5542467187151421
0.35586485093759085
0.7901620986624555
-0.27219906885450174
-0.9966614796974176
-0.17051050155053768
-0.6470769587969709
0.7734990418181341
0.8210872618282568
-0.683573364633047
0.5791044575088581
-0.1293545151613657
0.9338210965615473
-0.12184358640178583
-0.3832678313708842
-0.9942636505920075
-0.5018471075431771
0.26214477488947635
-0.00987241504121526
0.6558172702751611
0.7147231001644233
-0.061572211990598535
0.29823346830879793
-0.4059195743870533
0.07778868626248443
0.03136017583930058
-0.7746099724681007
-0.38423971991765205
0.8913655780330006
-0.7981523913728221
0.8553512403775387
0.2869606002476218
0.39431679516751983
-0.6266307538315498
-0.1345481807904625
0.2533111917438249
-0.7109118639375713
0.5184306847612403
0.5587386244959469
0.9298852389836165
0.03997664129977562
-0.24657086820551122
0.7124424678405518
0.33340206487430324
-0.9472613472620798
0.45801243476188874
-0.6378837548997126
-0.2763841720319315
-0.7071774340027532
-0.756525941381364
-0.9508221275673265
0.9584267357841126
-0.6042737863521821
-0.8237254530469944
-0.4667995926083606
-0.23471142794218072
0.5406115615046176
0.3490912534714253
-0.6332331932150371
-0.3023052835015058
0.7039347628644766
0.971538206496918
0.6658035265137945
-0.0728079544555105
-0.8830228592900755
0.36777075096380785
-0.36187641257928993
-0.6263231503868052
-0.057007904312765416
-0.5938573652018986
-0.18635416392422494
-0.7542788521358318
0.4440692509108987
0.39106519978834686
-0.06149424598821907
0.769502351921821
-0.9744464152257069
0.48597999772262085
-0.5275856451806644
0.31520440058941945
0.5333281520741734
0.22794560602245356
-0.34533177228084433
0.28887759971660903
-0.12324412394513752
-0.8856668150668526
-0.5167064354754736
0.9779118634414409
-0.14145368504518424
-0.9891989200513306
-0.6448904904933077
-0.9752946232433788
-0.1953241560007479
-0.2871346430623169
-0.8805853780340632
0.5242091335137892
-0.8621076800599056
0.4548714561402433
-0.3607721846186348
-0.7021749152638517
0.8637854721719646
-0.3767969140431129
-0.20384068976099412
0.5202986519076631
-0.8310087721337418
0.4484933147281601
0.28346706471493655
0.014143509671374118
0.41289862649766457
-0.06354667327689338
0.5595700562433894
-1
0.44944182892934215
0.006488754604991102
0.11749675653283577
-0.11716597336029966
-0.10571792305619145
-1
-0.9208947046921357
0.057123143498982225
0.010388487999646652
0.49502604582164383
0.9635603727631479
-0.5330734965449848
0.7234828888175687
0.4484258328113968
-0.0627469839952895
-0.7702295680193108
-0.517241839597235
0.16147626386862907
-0.2616536634609996
-0.9973464066583353
0.8939305390159127
0.3290219290560534
0.7088103648076465
-0.9929660164575361
0.6191235298887133
-0.01094443556185234
-0.2055500998744123
-0.00708116057579038
0.6348861379917745
-0.19727299218059113
-0.25237957063340544
0.27479320075975433
0.8596177148672232
0.48261574407371505
0.39854999015875536
0.5197609302447467
-0.44542355386859456
0.3161971334368285
-0.34563661406868024
-0.2784632757060716
0.27096088898665627
0.9252136470479808
0.05141558396572305
0.10979581367423341
0.48524728088332353
0.32838248198363024
0.3956414711434647
0.4610938683121398
-0.3680641912565344
-0.07634172320877979
-0.8749405744367001
0.08566609030047166
-0.714712552537421
0.7236014845114875
-0.6193948675335588
-0.39723697218599957
-0.6940525039012053
0.6631614711210244
-0.5755776566253192
-0.6108969242685358
0.1673824406722369
0.27059459593392193
-0.7659269114439268
-0.5889658243441227
-0.43083572023399236
0.40241910101097117
-0.43635376793896485
-0.24631162243011187
0.28029966016896746
0.25888919414840217
-0.11320892020394585
-0.16187775130835363
-0.6701768581387098
-0.2993809825100627
0.2337203692715003
-0.24603463135701303
0.28502423717770725
0.11587212198347982
-0.06888195884161845
-0.3426437779850753
0.5300847373389757
0.022177559163137003
-0.03875223673173794
-0.9390831403696042
0.9395681575752873
-0.8582104426302218
-0.30369467697236685
-0.8047384221011706
-0.4341137469952838
-0.7594778114268494
-0.8042465583889955
-0.48243616606424417
-0.3277215228719945
-0.881233520986301
-0.007207130462464819
-0.8037173909383194
-0.4183259659535163
0.07874371403466461
-0.6747949072243233
0.19362663522006643
-0.46461264799552326
0.8355876098092911
0.647567062228148
0.7708911779638327
-0.9661275486756703
-0.6293889900870931
-0.97398515615822
0.8288096567186742
-0.3757180292362677
0.24314385639980213
0.8699552427893291
-0.6698681121783844
-0.7678753102583482
0.42150824565284783
0.876348561911234
0.1476663045140751
-0.18801797140531035
0.25748623742280136
0.018340201782716344
0.1846620227571298
-0.7330822354803634
0.1976476693598302
-0.834695732526701
-0.8525929954544815
0.08880064993439779
0.9091762317149904
0.6085203551526237
0.11550103186702622
0.8524579498806926
0.13598493369653034
-0.3768400630694393
0.42978901673588243
-0.29392063950984454
-0.1268037119543727
-0.5029587733008014
0.45187507715734165
-0.8275583210623317
-0.4045825428937135
0.4754514214394707
0.45218228780019076
-0.646613459881756
0.938015036855451
-0.684846735816097
-0.38714936936456135
-0.11692730985782425
0.3168087388304019
0.048397988613615626
0.47023060468210875
0.4391254192654932
0.8615512413598772
0.4418550120283559
0.8223747063965637
-0.6492961117094052
-0.3795260424739871
-0.1996264862013453
0.9565837014901837
-0.6915549462043935
-0.7340664380248462
-0.6957398128413866
-0.08100255260224318
0.7217313659840294
-0.5588491840104962
-0.18730337603264027
-0.703557882933779
-0.8690825855569736
-0.09719122407727696
-0.5677175992443316
-0.3426377513101025
0.24841825083266067
0.9522408385618237
0.9396302251224903
0.2919953304043157
0.42968076797856436
0.9549793484164514
-0.05335061105940493
0.5832865458948491
-0.656050770914292
0.24265890426657155
-0.06056052456869051
-0.0578100832432398
-0.9814346139566192
-0.9261474497600505
-0.10055974432861772
0.3551201898034213
0.24205213769619152
0.9730445745407408
0.931801255163243
-0.7285324039576895
-0.9655390814074405
-0.08565126367478568
0.1984955188944366
-0.8016604546456992
0.7374446628717234
-0.7504281252118198
0.6592402823508837
-0.3293050170587193
-0.25639690259289616
0.303327693216734
0.7963079914899157
0.7628730645198224
-0.37196504702079364
-0.022362166504307564
0.29562681937357693
0.16169792685783868
0.5911903384334598
0.14191949366922427
0.9668517777181251
0.7413189502665438
0.07944054050250596
0.39113115402363297
0.1590688033056789
0.6316685407221865
0.6884737080709565
-0.6649598053813968
-0.5565986649076702
0.16713247387388425
-0.9985387718461131
0.7105811082114275
0.8429845394740301
0.043909288509959316
0.6101415277246452
-0.10301240576309298
0.4975282196954834
0.25397333587285753
-0.4767244011430831
-0.5251655730557879
-0.1981582602557386
0.12457102535213213
0.7695431485975756
-0.6745026937982885
0.5872383766844002
0.07829008634395351
-0.9086105552381885
0.036007287104615135
-0.6076914502860173
-0.1524369027224776
0.7892510876053177
-0.3558529984746623
-0.10212221721012896
-0.2909775946018645
0.2761204304641938
-0.9564980650595969
0.689782734352748
-0.07808245103089831
-0.10775993907316096
-0.12762333503070933
0.1275655732800851
0.3987358151043503
0.5343928995497275
0.6389168969511985
-0.21092403439423532
-0.09665495956616543
-0.7732744207126312
-0.44403922285592684
-0.27056761169384735
0.5287660288396323
-0.7044814804388495
-0.3738764415848359
0.48728872878339813
0.16367043230393274
0.049923891619776554
-0.8642523760860903
0.3871753357290277
-0.3632758906788861
-0.6564083636219208
-0.7791203151815148
0.3075066980011639
-0.3189431319178411
0.6167322765924724
0.06530106109085779
-0.576407280195825
-0.6974369347438455
-0.40233652406743675
-0.4164751189154443
-0.22540077929700172
0.33172761551638474
-0.8504524894975157
-0.45842795649321566
-0.518604246512085
0.023298014500808442
0.06676904123471754
0.42895463709409754
-0.6965396787148206
-0.1433805238658824
0.14296945545694678
0.3604382619741691
0.9481884253273463
-0.5836710519767053
0.8286558520915542
-0.4707930912792723
0.9809150507687406
0.8028809556772258
0.746596212759291
-0.9989120529968646
-0.17845418181830744
-0.8757356210933162
0.4260389377909133
-0.19869196568758213
0.9161200133108346
0.7206595637325567
-0.7060400061029332
-0.23204058096750277
-0.1991891779089138
-0.8445470350588027
-0.6042070836977036
-0.3899693557289091
-0.13757567014293093
-0.3567991182122269
-0.5334643948746478
0.4471994380887444
0.515649553321127
-0.3944013955628811
0.897271308663909
-0.0015691298902925036
-0.6087143514429539
0.0002995954531047184
-0.4069485741290024
-0.8554621602247229
-0.49175472691091815
0.01576976596607476
-0.6897937991578365
-0.33613924577136317
1
-0.48393006174213415
0.4984598778682551
-0.9761077973952922
-0.6800005187714224
0.11935609813048091
-0.576226206630356
0.0011685929839158823
0.5772062837523932
-0.23046988022070183
0.38496354077790984
-0.5066022856826546
0.8308144703947847
0.1503309026742066
-0.37681010461990927
-0.2702094268032931
0.27806156796431275
-0.875496733296296
-0.5796153655605742
-0.8293851673205224
0.8548210087311454
-0.21608594081742066
-0.17332729066827252
-0.5802127101118099
0.7221824563160318
0.690773881866588
0.6698051280334439
0.6455517928805611
0.9421935816387843
0.33832207951552723
-0.6813013569227954
-0.6492867992500396
-0.5252068306495887
-0.4781827713700517
0.17595732291260194
-0.07725975810925227
0.3033004145396846
-0.5775938270774812
0.9637283426441351
0.7985598350390044
-0.9850274179989404
-0.37627434647325275
0.8846555964329512
-0.0007721819507188182
0.934641845084547
-0.282381859548044
0.7967902969217073
-0.4961825360268623
-0.12805962775973406
0.2304875862045398
0.134627423799928
-0.242278193669146
0.7479743594969542
-0.282164733586863
0.7447612361179423
-0.7420191927085399
0.4087851926528718
0.7227511732864577
-0.8756365831602398
0.843340269428282
0.05427051938788948
0.7283586001109386
-0.01851936152353536
0.6039051451550473
0.4215147353966554
-0.5496835090004699
-0.949128784710757
0.3403096837325292
-0.6469707108859493
-0.12101206357016682
0.2756302126366073
-0.5654206534246081
0.11446061412559136
0.6649479765175781
-0.24204564988490646
0.8234930905574955
-0.47162677786993346
0.6370139242224704
0.4472147994813564
0.23499030104292662
-0.8792969899751277
0.8433438771439549
-0.8145271470153145
-0.5025378587139758
0.8179081376635127
0.1074810496791753
0.2667063046675878
1
0.0670783557407096
-0.33808974256356733
-0.45221372504318996
0.3843646474873546
-0.08312590677895342
0.30465805090209547
-0.5676612555806014
0.7021525390571087
0.8746911973477983
-0.18594209651359564
-0.22069596000425817
0.08470462556477487
0.8588566081269242
-0.4526645287471305
0.6606201182907692
-0.9351308769611711
-0.225962242146375
-0.9291450620034254
0.4875545376774258
0.17717963744909435
-0.8108527671424023
0.5717792805821077
0.21603207506878225
-0.6727475346823407
0.8834573744661713
-0.5093611558101556
0.4846743574349622
-0.16652021350428461
-0.65106524905205
0.37856192750866485
0.5352140669528503
-0.9019150056565113
-0.08573852553999473
0.9385950579737273
0.1999452339513414
0.10044143185999486
-0.12676587156941985
0.7835452735211551
0.9901288736440563
-0.501591313350843
0.1201768733274671
-0.66137150724273
0.5130812794627438
-0.28055625814668167
-0.3040302862260645
-0.9820096202560893
0.9723036824891056
-0.518668159782854
0.4580556760266208
-0.40739793172672173
-0.5248662938115358
0.693190781427578
-0.952439939305049
-0.011541362334186482
-0.12632346858696777
0.37390486016448876
0.28320850357335287
0.12164297732093754
-0.8517812475839944
0.6122708707074148
0.5324167877024896
0.7810577418916032
-0.4995460616686844
0.029014248986333566
0.8751873050675489
-0.4773787832174187
0.5374232450793055
-0.5022741280577367
-0.8028757582514584
-0.9937221243866766
-0.35378681063516587
-0.8778506906507623
-0.11661402651566771
0.2650980140692755
-0.6633185976642547
0.67640860037894
0.6741845153879675
0.38356583681613093
0.21160080056568917
0.9180181192117893
0.7488539546532079
0.17069517374637327
0.18046518267328834
0.7600379839830433
-0.7202652374815344
0.6454342753992311
-0.42642047917816495
0.9674661318807781
0.9742851713009855
0.8348726415599601
-0.8364094325708061
-0.9429332282661088
-0.8802711600247183
-0.945910249898391
0.39868902622324287
0.862713234032968
-0.709703123432496
-0.2842034004277551
-0.3098172368473674
0.8873738874727833
-0.7649365659965767
-0.08377601075079813
0.9865703089439273
-0.8729746490093431
-0.44645606122851506
-0.2544183391813332
0.1683367846284912
-0.9922563402350851
-0.3429752352540059
-0.5941824654105581
0.35645920986069
-0.1265740749403161
-0.14264780884658118
0.8025114159674385
-0.6625130052379886
-0.050385950468071275
-0.1388745224402938
-0.021134026151847292
0.18607415289065035
-0.3396936013118943
0.7019397440998957
-0.7264678000667626
-0.2997522763970957
0.057524492686772594
0.9190860312571129
0.5160639901475708
-0.7177677815681195
-0.38393896404693695
-0.6741886711437522
0.8320917085720113
0.47303832550795244
-0.9021088122951448
-0.8745088595597145
-0.4772995637034242
-0.6862037509501077
-0.5410529820514653
0.2364237521844871
0.21782336422463888
0.575335478154593
0.6258738170006202
0.8016165545234861
-0.27432745045421386
0.6619071629885308
0.6425102724479593
-0.7977416527889468
0.22915985388352142
0.3572427410182896
-0.6512701777381347
0.9951052338179638
-0.002572520865261903
0.21838202373930635
0.49662516916296723
-0.9355925797870926
-0.9118971221078679
0.04674832919915299
0.29374542299808337
-0.296579059566626
-0.4665232578225906
-0.0987856951593988
0.9062669530193465
0.3823620643615871
0.28970660118112634
-0.45071629134325314
0.8201976880343805
0.3029371825283402
0.06369759484750769
-0.48621707496834954
0.2729779706732774
0.142074306244281
-0.7685108635571181
0.3813991197141354
-0.3082071156531026
-0.26795539647813493
-0.5499959368087883
-0.3802744150350891
-0.32427089003238957
0.3532386933814555
-0.11457524815422357
-0.7163399370456679
-0.5975013542467019
-0.04614527722798365
0.4321351370273027
-0.8491659376464993
0.6924748593564302
0.296822833528944
0.642649224073749
0.7363054585474453
0.46289742389444266
-0.3209566198676546
-0.5370154010397258
-0.4635877410044059
0.8237381355020552
-0.6376039194179816
0.6520275444346824
0.37657083272876407
-0.6579857124872277
-0.05336258730360758
0.8684280022949115
-0.022745872008059897
-0.20595775180917533
0.8341564306317105
0.6995873470649405
0.9199465299351803
-0.0963780663559908
-0.45549331730685827
-0.4889532152473474
-0.657778173072183
-0.340451106168594
0.2568306698561969
0.3670351951749533
-0.7683594577363869
-0.19370371470975287
-0.07976518730371816
-0.31730192626472775
-0.7373954309819183
-0.9041729349062182
0.3930507460273447
0.23229834191626964
0.02253123984838052
-0.38465136916714354
0.20455533909151669
-0.9881398292010486
0.8930956383286381
-0.9597695463310076
-0.5559266898752241
-0.6340430035149263
-0.49038035616908987
-0.011713264887876168
0.7289078545057373
0.14146756521062098
-0.5749527842451364
-0.8022441824288667
0.007237556745106578
-0.34127118431758474
-1
0.056378918256515115
-0.8531608100195268
0.6572217677327375
-0.19532850880162364
-0.6866536424657568
-0.39566373609533045
-0.8089782186939269
-0.9710091832919661
0.4482586912073924
0.6805789512623175
-0.2707786593690409
-0.33833416909842484
-0.0776347162355899
0.24984934405728065
-0.23332418867654608
0.29140408036886933
0.9170009505483583
0.33344693215278537
-0.2703848823167769
0.8426011209639094
-0.5740863159066846
-0.7675828810133996
-0.20914103200581316
-0.49681007209683026
-0.571766101592552
-0.9039154689324531
0.1934911535394217
-0.1507099391300315
0.11006386069469279
0.6627324975105451
-0.5816489802369711
-0.11828851554493933
0.7398198318804167
-0.09487568103721197
-0.40138318998131484
-0.7852249494681252
0.671438680283717
-0.8340848402164595
-0.5746471154247086
0.43317084542281054
-0.4230649298383095
-0.9471449880236082
-0.5826762666683326
0.14951066314808686
0.5960761722603664
-0.6164242643277945
-0.48685494024613907
0.9739178421785161
0.6836919634358309
0.67236449177078
0.8869540087041752
-0.9041213130685355
0.26086502510143744
-0.7093088794109376
-0.5621908982668683
-0.5700681004901259
0.5151080165489891
-0.6412600159671344
-0.02653676697697393
-0.4933581978500349
0.005568307434168886
0.9900045847763242
-0.39038061024089865
0.3938085204901478
-0.7177437894694553
0.5066799415735453
0.7101322923356226
-0.9120352406081835
0.5357090505466106
-0.7927479661806932
0.7196705242388748
-0.12217866444075193
0.6768104373563119
-0.2302212122065643
-0.11024339827472787
0.4896248448415895
0.8723087054955112
-0.997294735669696
0.9012767183518176
-0.3980257383885636
0.9936393606385843
-0.5312248822861837
-0.4852880918376524
-0.7247225104883941
0.8692083686047273
0.3879612549724891
0.6908119128742827
-0.7869841355281177
0.24294062138444036
0.7574170916119368
-0.7069586037705304
0.4711533531299072
0.12676613889496324
0.5387294013988104
-0.2855605261542098
-0.32904868911611396
-0.6982460341894012
-0.3958428924195805
0.29612101177787786
-0.05514302071827199
0.6030085749569213
0.09183255973694032
-0.36030802656835825
0.9210391632256788
0.4963738601038041
0.350228953838048
-0.018084457751937823
-0.172602406560588
-0.43634480754284144
-0.5613252737871766
0.41416144054329
0.7045694016494641
0.9103475295824162
0.9866481173304881
0.7043866165861207
-0.9077933981671018
0.4129032575063703
0.45325116830849455
0.7940547347904259
0.48779167852231786
-0.35473412048243624
0.6051151353741119
0.9981988158930296
-0.633719676527676
-0.4555643938067033
0.625054641329719
0.15513458049283618
-0.8043872900608068
-0.8232119868820249
0.6718997562488205
-0.28704956936773496
0.3771788560117801
-0.0711912754659291
0.8065312926320393
0.6220422322587319
-0.027833990379962148
-0.02658652493010325
0.9596493676115133
0.17800095474809702
0.8313297216626354
-0.5339983898158083
-0.3746416818029784
0.44383188848581284
-0.6366349679720242
-0.48128471969402536
0.208436119633177
0.8344180801699739
-0.6885949207044229
-0.4972217188533912
0.09708650429803199
-0.7541062896895601
-0.11720249946383063
-0.5846744533960351
0.8123441646844769
-0.10859579802151205
-0.9719237089383312
0.25016457917154755
0.48757618061007674
0.3923191885093878
0.015147326694737659
0.8363590934362057
0.7033774113605312
-0.3318263671948096
0.604262969857948
0.9459566981839844
-0.010446313730149419
0.8326618161486394
0.12685547159278351
0.983455518593537
-0.7564915136834531
-0.9191240524780238
-0.3382978255361677
-0.6024376015119147
0.056714243530765776
0.25590168785704775
-0.9624041859773331
0.19766200963497255
-0.510740645469451
-0.6319242914003895
0.7784257592655107
0.5101007194827654
-0.6594204237064328
0.479016344664832
0.9375684153057946
-0.43991586096833457
0.2399088538267381
0.5551856993067765
0.469343988158809
-0.5003312637725518
0.17829933542085014
-0.7569897203872133
-0.4068613446044805
-0.5471328755590759
-0.8820643400582133
0.46973022279720955
-0.43266431407797074
-0.8168901131743341
-0.15742731632422935
-0.8136077239025001
-0.17208036135182075
-0.07760178975299521
0.006752872933179906
0.4946284267546892
-0.9903814037636041
0.32961391406823703
0.2802461617239728
-0.13703251520901655
-0.4155229762709677
-0.7434490818576363
0.43350840872422186
0.6754805556965554
0.051891397166983114
0.6367392831765679
-0.8883043627806089
0.3780616215638277
0.9104808875379147
-0.4954899820460107
0.630337204441066
0.3711611642295065
-0.177532714037816
-0.7020893684248642
0.19610446006664606
-0.22505271185887146
-1
-0.6262247996985503
-0.2873252215566374
0.8177657321052363
0.2888070950011939
0.9125685379603186
-0.2862205977302712
0.2012866848108218
-0.7337227671611062
-0.47860569061850383
-0.44365506178141795
0.9316207667767111
0.6824755207982833
-0.313307288497937
0.6640990660512907
0.9535211528359357
-0.8678177995463504
0.40617468536800205
0.005809644671995346
-0.9345316573672809
-0.5945848808617207
0.7214475743434008
0.5907626846122983
-0.4715221018428624
0.3764869880741962
-0.21417681889956902
0.9979736162153787
-0.11589366432143157
-0.6402182286285194
-0.2220812113881776
0.9993983393322623
0.424863684674857
-0.38319476302428046
-0.23362598794386036
-0.8833862481777481
-0.08226521893131618
0.6275960299463108
0.7643123291487582
0.12925737096766507
-0.6123790441802056
0.2257576419961775
-0.29803690111853004
0.8155104205697986
-0.10772834062804867
0.09161762000829067
0.4515365273776855
-0.8827947635175606
-0.18109707912714137
-0.2939775459633372
0.7749369398271476
-0.5960192378055326
0.07902671062792203
-0.7340472885292706
-0.9327111424247442
0.4224320483040915
-0.4229121537222258
0.18721356232056705
-0.058496171881953156
0.22975769372502822
-0.36942334357514245
-0.28383268767972963
0.7684379795352706
-0.16060670908627472
0.9374793855843204
-0.5323772153949562
0.7410188426607854
-0.2528216534212868
-0.16138005079354695
0.6508057092319591
0.005110166976148136
0.494482304052012
-0.6838700364151414
0.6949492427366676
-0.9681798765322825
-0.060399468620456385
-0.7093460100420088
0.07914308833113216
-0.18611405421493687
0.7009961184411491
0.3591763066305587
-0.5112190517593295
-0.32028112970246286
0.5576486992684346
-0.03311295282675436
-0.3260625708240822
-0.8207552338705836
-0.44893662433691406
-0.5947715655922037
0.14914503584846722
-0.42366986493788944
0.555532430404422
-0.5029450367686619
-0.7145296312740916
-0.33070738116444937
0.5283314489650108
-0.838780082543458
-0.6092198686744307
0.890433025651697
-0.8081653914109507
-0.035196629335040225
-0.7081797953953317
0.7705834544180413
-0.15700503052181922
0.29970857514298826
-0.7289425676792699
-0.050580894724149825
-0.7583643682354532
-0.8192076884152053
0.6184010416003747
-0.60109464438131
0.04073224793123586
0.023572274150605296
0.3243100838223362
0.22586383918074757
0.35207062929784855
-0.526705459840105
-0.6764283553225229
0.6885821264031367
-0.09398758743252052
-0.7710242175267137
-0.06769631481895128
0.019380681099432327
0.6049961246812469
0.35329107108217206
0.32469647392502454
0.9796133918711579
0.3588562160481462
0.42757290371928425
0.2815023462488164
0.8747893706853295
0.7217619125735159
-0.32736752840259803
-0.6436301900510956
-0.2640885325349885
0.5432572760917767
-0.5672706267480734
-0.5953911816416889
-0.5656737120072535
-0.25019044921849665
-0.8177622569345475
0.22896003609580537
-0.5468543931445067
0.5736365531582162
-0.7945260868522124
0.942700502596204
-0.7173116456993446
-0.8303706547145264
-0.3832562372795382
0.4184227187499895
0.6681985069521925
0.2182451333300873
0.5571206254942784
-0.7727152757459144
0.33701893557452817
-0.6850022977128406
-0.9011286317412665
-0.507581169271842
0.4728755798956828
-0.7117128348513347
-0.7762133896237786
-0.23937149677838687
-0.5954767560878553
0.9795278055183437
0.8963138410545558
0.08894199838392915
-0.6661689893671989
0.9240825167246725
-0.8157930487073035
-0.4908788476641973
0.3178408992300252
-0.8957850481704193
0.9138867286775304
0.6598234411533481
-0.34867442982528724
0.11108150406391802
-0.6053812943437661
-0.2637330931934201
-0.6829032193609696
-0.12525556270647384
-0.9653756653606556
-0.1093267228408002
-0.8839899785015243
0.9312472769904016
0.8320722805209996
-0.3305987910983838
-0.909802606593443
-0.11191428866588819
-0.7757595246042243
-0.17265776315302034
0.2550578532301106
-0.24870175051968707
0.29885911630881956
0.1491177150676996
0.5246103783475764
-0.9809884566281097
-0.9523944654477461
0.5685150732913642
-0.2719211069074639
-0.2533895251296796
0.0035316276140108984
-0.16315405592607793
-0.12218754694954212
-0.2188386816862094
-0.21380644886976524
-0.7527896144145506
0.9754003319712239
0.8889906514550109
0.8931936177656314
-0.8046835035687601
0.3697597428776424
0.15471528892073907
0.8599218832145504
0.0313201044783538
0.3403080070631713
-0.2905749231309723
-0.4482849801580478
-0.9489069906679013
0.6461428627102759
0.19975504273373806
-0.6410650414531189
0.8824608511082582
-0.8912874539870851
0.3947685766746813
0.500725084115128
-0.7862704109051528
0.062206707694832365
-0.11214568120031229
-0.6488492832017356
-0.5218515109767882
-0.61183913066462
0.7589058827781341
0.9368856892338002
0.6048770135644431
-0.07552159124630695
0.3692260201553084
-0.3781454139880115
-0.7501982712445004
-0.2281118993616737
0.6897799211365032
0.2162842124083679
0.5865100468461162
0.6517487816211456
-0.3418673307645824
-0.10463672307802643
0.36789889737689374
-0.18816845911466296
-0.1134990678502473
0.17997195251150294
0.5853581137410119
-0.15511728808611394
-0.702843266145347
0.8169693523720793
-0.10584131304859382
0.3347834122898238
-0.8528867076357248
-0.574253509511785
0.1884206664865806
-0.6290861786544022
0.6821374713364882
0.10277447982477604
0.22690348588967335
-0.9976834712169833
0.44445967963350547
0.7897235191148216
0.10976968903141326
-0.33834690149229824
-0.762105951050784
-0.3541251283836276
-0.8976823250220521
1
0.21442122458074248
0.5690707939557825
0.10946260479562113
-0.09819976580782366
0.09485158443906556
-0.49777874623514856
0.20785191048252555
-0.8029736299811661
0.4220216438982187
0.4763494553464766
0.9019552209648153
-0.06379997425580576
0.15596028797086867
-0.17327546958068793
-0.8869839864732655
-0.07224712927194989
-0.5175721243112643
0.30429003375916475
-0.7587982223958096
-0.6769994292240744
-0.22284469686011027
-0.6740543853054836
-0.7606456005398268
-0.039073489907319736
0.4161929774358092
-0.2640969481040979
-0.8481967799720568
-0.7727261158572989
0.34089802855050877
0.867414221817306
-0.22379367524036065
-0.6561230927584336
0.7698151696638795
-0.6717249223801448
0.03028600555585713
0.46268850681772283
0.346272257274867
0.6360107684100568
1
-0.18129850732616506
-0.46305888837377196
0.17898869133757306
-0.30279238493168115
-0.3074024370523654
-0.9631287929276897
0.31628982018749363
0.9070513067602345
0.18094539769985798
-0.48785796764201705
0.7147556567294024
0.10958464425618905
-0.5602039415531643
0.8005198180438453
-0.7232156863460573
-0.16521171741424187
-0.12899966685056363
0.18630107072459762
0.4378431048724088
0.6258686759642219
0.09643120162279982
0.3732589973035704
0.5668420147587744
-0.7794084597090969
-0.2541195415223112
-0.9413613760684589
-0.8740612809694767
0.1860614805952532
-0.16663093056318798
0.8063371695790713
0.14639016362945637
-0.8533918446888534
0.36153186241196134
0.7057579016432639
-0.2952670198225868
-0.6522869450440179
0.7647262364316775
0.10841124961106889
-0.6950991405593621
-0.9463488264174265
0.4488115986612121
-0.3604810760820028
-0.4375630102020707
-0.20890964749299054
0.7750261031474098
0.5042747090930391
-0.6247986756477574
0.5713715832380654
-0.3965439232419162
-0.459340523684522
-0.37073105107806714
0.8956026700008483
0.9248245796385046
0.3993801271879167
-0.8204349073496551
0.9878802329130862
0.2662977719935805
0.24310024220213375
0.8392435019495676
-0.9360238065927575
0.9209197607163546
-0.9334252477492916
0.5071114194349747
-0.015448122800493128
0.4713146195361928
-0.9479252851109534
-0.15579792662014055
0.09309199848596832
-0.9433364872474541
-0.56864273448446
-0.5334166821970043
-0.6760896411609894
0.3272701380457065
0.6434392470518986
-0.7869179897179415
0.8690400283382104
-0.1812363813133738
-0.4701556557183506
0.17602409636689284
-0.807771487037436
0.8455385970729921
0.5111767694416238
0.9860346698631538
0.2728968146484187
0.8415956460924525
0.2365652527354014
-0.20215354256316756
-0.7474490799847308
0.6106466063216082
-0.8435800364919704
0.34233403226663267
0.5172431226466402
-0.7468150245910735
0.1140473008384426
-0.3449124323067374
0.8158011567357478
0.652885056858142
-0.44846677209506225
0.6770123324568663
0.7306539725661598
-0.805743812172101
0.4511134863888875
-0.5178866824983167
-0.07603092967408738
0.7348637851610401
-0.16851636924561614
0.04399896211761169
0.9112930350060754
-0.2221609421734052
0.1677258127189736
0.7280913370746845
-0.9382584066209549
0.701515492409604
0.020894606301469394
-0.044229109431300415
0.81749642048291
0.7148385634374834
-0.7888347014782761
0.5450429484080951
-0.1813469895837354
0.05197939279938213
0.2092467448912812
0.2247645059020367
-0.9576237856302676
0.07197074761323163
0.9776480275043088
-0.11200128991588362
-0.5880331211532592
0.13400030759413042
0.5806319466097413
0.5527230686349995
-0.8816527771826618
0.7167783238713082
-0.20582500311040858
0.4476249702719414
-0.0025300458269769265
-0.9281479124574722
-0.5682047717560906
0.14763607147814117
0.5878932332644694
-0.41989174167557525
0.5353684916465832
0.26221661477348635
-0.28466372793195427
0.5143042239295722
0.7599004254244209
-0.22227235903945278
0.6817755629759393
-0.6888339901232076
-0.029215218892854868
-0.6420475960609712
-0.9322561600393886
-0.031189129401335586
0.803975506309241
0.4587244817335248
-0.8913119232356095
-0.6218162485189174
-0.5843437407450162
0.3395819604092348
0.5486388686265343
0.46058226464181196
-0.7186525623327621
0.6974536811876196
-0.31006478109285596
0.9270803919721929
0.9482725168058069
0.7102968836723974
0.38645512948966765
-0.8842505703547585
-0.1289760220958065
-0.11140544890340248
0.8924394091669411
0.8114440742941836
0.06445483592116098
0.04707831170330188
0.5113518706912455
0.9060841605379111
-0.3840353427422889
-0.8411272376999185
0.1903080629184253
