0.6735942659031603
0.4279494843775958
0.41198801373648314
0.9382720472354212
0.3550715493085886
-0.5772398503015413
-0.9934705297596365
-0.2472667185923542
0.19491077131664467
0.24746037697402415
-0.7735302858211126
0.3311045397059424
-0.5397812869805102
0.8122412273918561
0.39622629839332235
-0.9077247155542258
0.694386215171987
-0.5158756320122591
0.5807956236013635
0.15227317484078207
-0.845292950858888
-0.3473897527176753
-0.3932329928926556
0.4218157382409407
0.47141661908954796
-0.2319193433486219
-0.15004636930383494
-0.47497092837692
-0.5926331568365163
-0.279581826209237
-0.09126814757932115
-0.8093965646154474
0.6013098474548246
0.40457132879537683
0.6824391831410999
-0.03992262796969114
0.20143521343617524
-0.13554838798829988
-0.8170224815004209
-0.3545130186923846
0.6473969963002055
0.32297506513721125
0.5088740586850143
-0.20906328474150684
0.19842057616518483
-0.12895620944982877
-0.3284593555844862
-0.15214653225419308
0.09169348304466986
0.8126463022428588
-0.1857949424535568
-0.9617512436884056
-0.7078427441922498
0.8734894458019257
0.9556639816627068
-0.15292750860685678
-0.6728539867839031
0.701968547549396
0.8264004620059218
0.125451524942862
0.8814139052479552
0.6762227130508127
0.07630252107729457
0.5951339640783292
-0.019859347563079728
-0.9928842338815937
-0.8156729559545801
-0.8402474494265914
0.5478320872449609
-0.2412025658342007
-0.06857423698996959
0.8804244545979448
-0.40471180345278596
-0.11102669994586625
-0.04965129711550472
0.8964566125261255
0.24073076905186622
-0.3287656324041831
-0.5159778694439082
-0.2713156380281053
-0.4618057374021014
-0.0829352110104017
0.2125399260425932
-0.26763882775060077
0.9425233260453065
0.21797472668666562
0.8890011244487611
0.18224972779587711
-0.7934968428516712
-0.7895802595345166
0.6548076007928666
0.8616622695658889
-0.005051142859882718
-0.5420770803491981
-0.7297139693551347
0.5083937467249326
-0.3195881434342874
0.9928274582591397
-0.7916026841285781
0.46811053655625046
0.7351786404215748
0.16715490131074534
0.05603619471387671
0.5133670672872066
-0.5658110821540887
0.4588859401189313
-0.519056894866119
-0.608869970685114
-0.9742410551131298
-0.3665163454408045
0.9870761946542755
0.35660219900200835
-0.8112568035899602
-0.8716622289579367
0.7265303963280912
-0.4090213606539797
0.3856074650368412
-0.5238111901958699
0.9621169141836309
-0.19952337238219311
0.3083893312414718
-0.20054504648016114
-0.5827511143946515
0.03369508587903581
0.6386045189715239
0.7214149218174148
-0.19819928181142757
0.6190153979196819
-0.7866853747868514
-0.6173981852379274
-0.01058063959748875
-0.48777174114415595
0.07273405102200299
0.09821478620009502
-0.3787846697784813
-0.17425769652995554
0.4553415422434442
0.7977255610780885
0.35438536323420483
-0.01675675433632265
-0.4183033836188525
-0.9024804614605243
-0.45468669503460496
0.13378295821655434
0.8934265307241491
-0.8540967257685356
-0.19769888229177776
0.7259437004944702
-0.4882442595972887
0.9981794777126609
-0.3847691749699294
-0.24843630372324063
0.7071384681731712
-0.7230143766960351
-0.48795621591707006
-0.683374839230205
0.9989190706883403
-0.46257281204844136
0.3418606985059019
-0.41863228531025404
0.03054054905146663
-0.3452777984455833
0.49449671269787066
-0.2094152255058982
1
0.3624596810683443
0.04843244593587127
-0.526972385074874
0.30817149007638067
0.05475309291603324
-0.0641644685532899
-0.3584442967688683
0.5869461482834127
0.019889005440568132
0.6716362330972817
0.6316309822003581
0.260608178402243
-0.3351021063268351
0.48631740024503933
-0.8028194775895331
-0.3307219490197971
-0.4456034324931349
-0.6097875402518578
-0.48423569599359584
-0.8068806377822201
-0.46366113864594766
-0.5157659943046081
0.26603117562867595
0.9586634265870408
0.17572586364407877
0.9832220961265189
-0.6823768906164598
-0.213420013049568
-0.3255935321893593
-0.06904455140553081
-0.09583951151612191
-0.5558337621917379
-0.24923283400450613
0.3878776458586456
-0.012193211839754036
-0.07619096381542796
-0.44204198111807025
-0.06403199672770739
-0.966253364899994
0.3322953967215386
-0.16417707345062854
0.07823315428332242
-0.5844418286996597
0.19979118626438805
0.3787212029033077
0.8544570983581038
0.7435724506705792
0.8916804228865729
-0.7220635648281185
-0.5822004679069219
-0.7805832011673332
-0.756437770149345
-0.9852375451989303
0.08469233947274955
-0.06611209212495904
-0.07467852626821153
-0.761409342346903
-0.9965583285196127
-0.5209779218412743
0.4473560486132797
0.126522133800863
0.6822752112757801
-0.6031203378672841
0.49458324574204127
0.38338892161056015
-0.07740866926500069
0.0593990437137674
0.46139757224446026
0.3368038568629968
-0.2334040028869546
0.6935425886488353
-0.9792355115287262
0.5962833473926943
-0.14831145717873526
0.4610472902275156
0.2437887484095545
0.9827993384719328
-0.7580073290529636
-0.4297129971542057
0.6507681182718075
0.2702467644938677
0.4348821550771067
0.4726842408490003
0.6036234687837384
0.18415331296705018
0.09560715446281472
0.21265031844900337
0.563200051939055
-0.15173442037579177
0.39163746663283217
-0.02969106266380885
-0.30894080264878243
-0.2730859864658194
0.0024624026539934486
-0.6195701822526691
0.2848030335707283
-0.2785310560780465
-0.9213733141122662
0.7337368401643373
0.8862043295664783
0.09216271788452138
-0.2906886373627563
0.9115995800843831
-0.7962783493007212
-0.7508815448824389
0.4442053457710969
-0.09781920721348535
0.6375635835748841
-0.21734285679741538
0.8401343199538743
0.12003518569365214
-0.39484834321284384
-0.44241583652911093
-0.7503783799850533
-0.12089069089987796
0.022509897721700523
0.5869612087951334
0.3046614988451832
-0.23249760405055392
-0.08267467489525122
-0.42042848290854473
0.25074149257059447
-0.49493809805191025
0.43273157540917384
0.5805142796932588
-0.17192978413340698
-0.44372733741969655
0.2740052325806299
-0.5137965576512484
-0.1322791864962102
-0.17333977331341333
-0.2655109781641359
0.6927222888907206
-0.13712327438351993
-0.2625004311110722
0.5537682275264061
-0.8413097871991313
0.4417329407025551
-0.21674826581357992
0.08566784719387256
0.967105569025081
0.5483627771466898
-0.30262630213136305
-0.9723902698808448
-0.0636803610285824
0.5959934109038588
0.5595892687552133
0.5554983505107521
-0.6257634415659806
-0.6246566027455869
-0.8713427359227064
-0.7364486280753689
-0.016104234931165556
-0.2774575563837625
0.17618338328416155
0.17109857788193605
0.3878633760608942
-0.7269233764313279
-0.9516935907815348
-0.7594376121088259
-0.11174819039762457
0.1556644294611071
0.9060193879423272
-0.9794874271612805
-0.6297602506179291
-0.01560700985963495
-0.388248207749032
0.2038054902893086
-0.011689230314796208
-0.09421042622611042
-0.5744725681547163
-0.03095365132622587
0.47531599063668023
-0.8133580018535457
-0.17777137716349375
-0.09378431783349124
-0.26693231497366726
0.3496250160768057
-0.20459694428510955
0.1862895656675821
0.7167440466654862
-0.6270269688942898
0.5324492200608327
0.08858253029714182
0.9366169735665232
0.3944396170134867
0.9392442285347811
-0.7177677536162622
0.9771755794305489
0.5047070082455913
-0.5052102468652355
0.44420625127605284
0.04394903945063154
0.6414043765848255
0.8991879700549068
-0.19528640593074528
-0.20160091306195244
-0.31860031382673404
0.7599306836694397
0.12591552911479467
-0.9647398074283278
-0.801285628302747
0.36902093272248343
0.006611969620607659
-0.5873907632035418
0.7220806327809206
0.8496159840477783
-0.13783320108558544
-0.18552474933286078
0.6042414046952557
-0.40159253413883317
-0.8152490089666098
0.09838991060201041
-0.9964199388248597
0.9471951629269364
0.3144195920401488
0.14200438100482674
-0.7711455984235177
-0.16070090638232837
0.9737353299653324
0.516793196887996
-0.004317705804618804
0.05134936645167428
-0.8998607951637296
-0.46001907358459765
1
-0.9535157549820974
0.11225131169273656
0.07361120911124472
0.7372239298557892
0.43185955515093666
0.7016426495045947
-0.4432735743365678
-0.7341197234950071
0.9103982605391806
-0.9050083819923906
0.3836184085739236
-0.8020866947102114
0.1608259985778138
0.13521326127496724
-0.9986881743907102
-0.8490114739927799
0.1175079789770815
-0.5429621130555219
0.4038101754277611
0.30631407067760935
-0.584862138852585
0.5547256835823804
-0.5320125247013721
0.49404961536879244
0.6489470081878131
-0.744936021182942
-0.17750074793867793
0.7563809515792831
-0.06584401521434344
-0.8251633506916888
-0.18861993894791756
-0.537570878911253
0.07107206382012267
0.5894265655015052
0.5089066573886548
0.37275987785882436
0.6526569884487442
-0.2896136391119699
-0.6802926355801522
0.9524511993724202
0.7916186173626965
-0.6191729161648757
0.4414596404642065
-0.9231266950084506
0.8319034347967994
-0.03642149238833447
-0.4271997235119684
0.7380368124344342
0.055663267541297336
-0.34013106654076525
0.38821362345284066
0.7755162678463289
-0.79527292060236
-0.23992462413488158
-0.5599044392308711
0.1727217055729702
-0.5409951005187967
-0.22963254143101675
-0.7950298495099368
-0.30989932539547227
0.39611280889831585
-0.21738600334006405
-0.22411981640663878
-0.259885712713792
-0.45063194535940876
-0.5413637483508543
-0.3318157713404923
0.11526002028781808
0.16044579607101203
-0.479996943896542
0.9809611642504452
-0.5087008368441653
-0.7965720776926729
-0.9693543756087302
0.5298359813522431
0.4718743782917093
-0.03759774059150649
0.08018973487209688
-0.7187359742015107
-0.8635069159216977
0.2226689474132508
-0.4561598474232581
-0.5206158497710399
-0.6476508930331025
0.49107390354890235
-0.8085656486609896
-0.9021580109131121
0.6593730310243264
-0.19953017158850048
-0.6818419506062819
0.8383100570705284
-0.2877551882918346
0.5353497049097075
0.6132458058284123
0.7775633140420142
-0.2609061669094938
0.061311427839576854
0.6044170318376311
0.2966262250827218
0.12337630452534407
-0.5958816138309185
-0.617962572120204
0.6457258511700433
0.645827230880236
-0.11984352831267013
-0.9193733942447185
0.003678537096446115
0.3397250254646267
0.0141305721084952
-0.049419894876891524
0.20746941892873946
0.936843697832895
0.6049803468825661
-0.2848979959053855
0.698900374376112
-0.2176425965988167
-0.6289799726335445
0.8045944994792802
0.15179055194572308
-0.04348023687828219
0.30483744067277196
0.44359162777016525
-0.6379282691876729
0.9855209813541196
-0.04575939193000225
-0.5946032858855782
0.6319418846502095
-0.8826637064634973
0.7922180054726744
-0.9589431754917969
-0.2773175349822519
-0.10275270396659512
-0.6383367882673212
-0.6773004798092618
-0.9339107724352019
-0.1850794905576213
-0.0445396624799662
-0.5592525360362849
0.8728717177030667
0.5187221138368584
-0.9496424707605751
0.8159089148417528
0.9103328327800284
0.06015522290079236
-0.1428944486688767
0.3977682189057632
-0.29615826142728235
0.4759653443365556
-0.2181797424491739
0.854236974241039
0.05205096639223084
0.6446638024699107
-0.03227870612249006
-0.6333860510307818
-0.86230722192372
-0.6134280204443896
0.5735229386356954
0.5428742717984798
-0.23021217656898305
0.6848186049618143
0.7264906512205687
-0.2594274488628796
0.12049023716147551
-0.19779891799439728
0.8529124056454904
0.958972503727308
-0.40788750912336624
-0.3196108326998015
0.36960748155117984
-0.24351321527868192
0.9852863137617393
-0.3432338647963534
-0.36475755627531004
0.6507900042902147
-0.931053398580137
-0.41862578452696014
-0.8174619378288532
-0.5318914820761691
0.45455027262557673
-0.3219160959311442
0.6072598181462162
0.01657196246275777
-0.6252320690160733
-0.5880163707209238
0.3575850509210818
0.3943366770617513
-0.3145832526103241
0.30525088965997516
-0.57609644230145
0.8690614870863874
-0.13867083536735036
-0.05076140870956057
0.6581011549086887
0.4757192338919006
-0.730079086411194
0.9233054718232538
-0.2548563159623894
0.3852097426096405
0.7285686079635529
-0.772423192494232
0.013589756534712009
-0.2749623909892319
-0.17768843760997222
0.7531254564322004
0.3770344951472425
-0.49626281297903146
0.7529904851179693
-0.14569481215597982
0.5074677036901258
0.6716211046736869
-0.5142148790359569
-0.7763578436537649
0.2735556841782723
0.28687927643911243
0.3327000488142857
-0.5209185065348944
0.44755428527765145
0.3079732206204605
0.5763377717314497
-0.3037413916518696
0.5937605889046621
-0.5386630133843943
-0.653582494208557
0.9046529219270745
-0.9953012787949919
-0.5117751236552182
-0.14161526805176222
0.2779264655049796
-0.23981577877273216
0.38398805346363774
0.2949706603835806
-0.6379187463044858
0.991414595582184
-0.6513977071946537
-0.14955081674467322
-0.383200819642059
0.6857966948377023
-0.29146747911806503
0.7921890533881645
0.6137321165460777
0.22684878327597757
0.6479940988395815
0.2425665118194839
-0.6892290027110208
0.306786855369875
-0.5473997471042321
0.7152229591843162
-0.04365497268850375
0.9876238455265042
0.7651859349345648
0.414456059249348
0.951284053484851
-0.3225999129189238
0.451767047416957
0.6098588560936709
0.9272175373851247
-0.7465696723558363
0.2303508138178878
0.12730498984640992
0.3617401155539592
-0.16499553105866557
-0.3087544700207743
-0.8330009020040572
-0.1047328739577462
0.9369953915218295
-0.7665298486112778
0.5017381067590135
-0.5383336810581073
-0.9432651190913612
0.48504641754688554
0.5420190129175935
-0.8930941104316865
0.14628714724013678
0.9566140613827936
0.1638255795823951
-0.9524623313655048
-0.7153707776705197
0.8296998654077987
-0.9746757824641887
-0.8153536785172031
-0.2563439574167759
0.5486326796490855
0.4288431233291106
-0.7826492205595885
-0.5230248752888595
0.0927046782362465
0.6508618409983599
0.4962041077835748
-0.0625473082181759
0.475474306097004
0.09733424548528824
0.549200895979552
-0.7892687796760328
0.36640323263997593
-0.38699037208341147
0.578434933122458
-0.33654874181038386
-0.2956460101745188
-0.23330877694754454
0.1261405248119808
0.9713169061240048
0.6610420964854531
-0.11270757306667564
0.9068520075052623
0.35110572791026234
-0.8102803922820823
-0.49311068930633534
-0.9963621939237753
0.14754299293261974
-0.1265398202962276
-0.35729264800184296
-0.7647451157284348
-0.5026986789689576
0.6071452997224112
0.9120911412205706
0.3979758383150362
0.8619373455572106
-0.5757289452805898
0.5601428696629454
-0.7875204307977999
0.7684878545706185
0.4508822908728367
0.7833985886278815
-0.5527585106693595
-0.2615507801022281
0.5606922435978393
0.3249133404250807
-0.03787146898877829
-0.3603526973726369
-0.7683105746512925
-0.6602891782686238
-0.27604109444168656
-0.1077895278825542
0.6389496635086452
-0.3721429225182738
-0.8046442900770487
-0.23442796352723774
0.10493626281129059
0.5713669250914799
-0.035270793501062006
-0.19360565568776386
0.3603726670762353
0.6869922571784048
-0.24826967871882313
0.4974237997620698
0.889969082835082
0.5216284795336978
0.8415175069113192
-0.2838653282628589
-0.5662253288797288
-0.6917655734611818
0.7927214984074864
0.5526114108767036
0.08468279659167015
-0.22404994555755256
0.7230326694259235
0.18388664358321302
0.026663314744507075
-0.6309365844370161
-0.035855680958161
-0.44270018931838706
0.4937383793510683
-0.8120452917165342
0.8494335137287218
0.43842951124821833
-0.9197798845654982
0.07048359596557259
0.9737077163295431
-0.44047737794548963
-0.7118609594105045
-0.44815342516430196
0.6774576393859444
0.06523130613948115
-0.994939650225233
-0.24528318299745358
-0.3249025320031679
0.7238697052395523
-0.9618502048246645
-0.9185422804028186
-0.15867190284511468
-0.30600192089271827
0.16016135123576078
0.24175088672046857
-0.6703176360502642
-0.3730798645806255
0.5547840039115283
-0.20261027565250872
0.8476799720122866
0.9276594733469172
-0.736573625129194
-0.6840340386915954
0.5834714389443164
-0.27747099245026713
0.8177444899827354
0.3058411187699905
0.583238558613583
-0.9600901106512413
-0.6102454380108796
-0.7162896620377386
0.9942996013036584
-0.9803178199302166
0.4795954654514044
0.2764184074142035
-0.8036699610108472
0.6607130795207213
0.6207346778939806
-0.20918659796482392
-0.3551400199426492
-0.8858802249838734
0.6936405590761159
-0.14651596993527397
0.7598519255884112
-0.40069606832575894
-0.7713770382616173
-0.1259779039229811
-0.0541907590154316
-0.006275565224072251
-0.8479192799520224
0.7723175288728048
-0.25985360793670625
-0.14420179398674166
-0.09379944913783086
0.512767483198269
0.7825097543698787
0.5504444748321793
0.9148470709887763
0.0045280817108729375
-0.9191570176026458
0.6990390999663385
-0.6005676421118589
0.6226203371568104
-0.7857179775307627
0.46596442515034275
-0.007588103227730487
-0.7523874453235242
-0.15796452421082738
0.48179680422488147
-0.3676971677368504
-0.7384515049990249
0.032089204520335306
-0.19319314541852892
0.9202223709695471
-0.13976081133402476
-0.372081680504925
0.09157963633598813
0.48630996641737045
0.8811486479791498
-0.0193584478043351
-0.3627361118723637
-0.19802653185421182
-0.9469656634739803
0.2489310467262184
0.17761229808976664
-0.8146667673989854
0.8453432929925968
-0.32339549549784646
-0.5896152456626784
-0.27341917587995707
0.24179326310251914
0.7853309647827235
0.8962401871865714
0.19180498468013152
-0.13444745819059564
0.48056929689961025
0.6202345958048388
0.9674215215176799
-0.09334211296191902
0.6724938825924084
-0.8111309261929371
0.785799461122051
0.9644696590269187
0.8773970791878979
0.8688791805895657
-0.7887598039670881
-0.1136903873604348
-0.09217595816493544
0.47961794954952036
0.32424925746789596
-0.336162635809849
0.7225922981491342
-0.40003521672325537
0.5279418201042216
0.40292851820939984
0.3731749332953132
0.1939201748441975
-0.662992568645414
-0.8493465732661488
-0.10394661272692765
-0.33291578784139614
0.6417076503839405
0.0023102705675198372
-0.3370980068938947
0.4302572941654746
0.13843991641198722
0.5671457160462354
0.3389356467947548
-0.011426635984512575
-0.5077006606104966
-0.39869521849857065
-0.4447909507130891
0.25235610608158
0.03606551768935369
-0.44225129115546874
0.162877082476458
-0.4126543646365628
-0.6370715412107683
0.7524634030662046
0.09035239915826151
0.8943978994218327
0.7250903776247077
0.6853361655898975
-0.3255244569210223
-0.044134925651855395
-0.8275532938315979
0.3007603293931807
0.8569329441299078
-0.24769239030722798
-0.28019010077933115
0.7578822288116667
-0.8285309486071817
0.9219102039461431
-0.0788492914377225
-0.005712788429159915
-0.5101192549852878
0.3699422924559108
0.38182818907718374
0.12295233299754556
0.23334070240410829
0.713576489520305
-0.7683012149369213
0.776537973449388
-0.2584887061375808
0.7436191957695636
0.5991672577912467
-0.45937120850689817
0.806841816415485
-0.47900715976465635
-0.883082586181478
-0.09358500197799896
0.702029515200771
-0.9963890332412323
-0.8046014834098224
0.022007886909530414
-0.8492579686597566
0.2677087284321124
-0.0013382301696113538
-0.8232644584222207
-0.5716233394453801
-0.7664829812103522
0.4107536567659108
-0.38361363123892867
-0.7877064157491606
0.15498215981271155
0.40848978746962006
-0.1785409398808014
0.7642242012290458
-0.10215340601553233
0.7972620626137115
-0.48899459096188813
0.4042537772232541
0.7817365540895729
-0.2744583082546669
-0.8892492296315143
-0.2861943685893642
-0.6659356798425555
0.8513559971688118
0.896242705624117
-0.6235611076604224
0.5707328055794818
-0.05903346935543299
1
0.0436810940076061
-0.3886076888890448
-0.9888803826248939
-0.608242916448539
0.18145314313636285
0.14756266072674948
0.4544940095457716
0.6713889469482439
-0.0022672799375786567
0.32246316645696116
-0.3570763119794856
0.06636810570544384
-0.07274835207564566
-0.7393919475220548
-0.4659284598548197
0.8564039059966698
-0.848343539831029
0.853961493286891
0.19536805924628947
0.4218723949146629
-0.4895220266097738
-0.19642374125485276
0.28648847169459524
-0.6836414367494033
0.5350118279100844
0.6233617827385489
0.9934247232758442
0.0026244073883592766
-0.2920347979861903
0.6066247337873824
0.2008561990894728
-0.8993123719491805
0.33327980175328764
-0.6522380084944122
-0.24537315952636282
-0.7891910294457362
-0.814994374874156
-0.95162260567849
0.836233743100737
-0.6250671471786
-0.8987941569442618
-0.35994828892501
-0.26399076323176107
0.4727325386336186
0.2690146846897024
-0.6899946260598049
-0.3502372194685628
0.759699968772316
0.9829509162465916
0.7597709491792568
-0.11026896753146376
-0.7563537740997497
0.46339910601339496
-0.4525723117301103
-0.5530385196390215
-0.1523370838820239
-0.5689188238888802
-0.16609165653023591
-0.7462598782560167
0.4103422393016485
0.3575732105197661
-0.07820464348144088
0.7462250932863026
-0.9375555200758591
0.5712472096250354
-0.49043260668787436
0.27067486822162506
0.512501908873752
0.17417097455877675
-0.4605855462886439
0.29999917365645207
-0.19782843764082367
-0.8848628711621286
-0.4123764713323636
0.9832698943633875
-0.1607670196451298
-0.9113113872503151
-0.6329337425387854
-0.9249629113265754
-0.2680086857730461
-0.31898848018790604
-0.7230162117402013
0.6309706185256994
-0.826114140668137
0.4195180791737771
-0.3676171813535662
-0.6792601581666996
0.8170884486216446
-0.3679397486783948
-0.1766022965996756
0.5345330809138022
-0.7782381991668545
0.36763480178990715
0.5088542892398588
-0.030948559566722177
0.4489247948194709
0.020974374468694414
0.5377577492655798
-0.9522606632954351
0.4800060321375098
0.17467235282573026
0.20048056075952272
-0.28351105426547524
-0.09656562084232263
-0.9885180270647762
-0.7847237823764501
-0.039828271114923555
-0.010010117102591407
0.40575307851874
0.9683443276289724
-0.5518632375813389
0.7400351639703246
0.569872910460673
-0.06552670650193805
-0.6915901227995622
-0.6677062657705222
0.05503494082001305
-0.22284865922054178
-0.9619873953178091
0.9724568098102099
0.24962598677498765
0.5756782234837219
-0.9169195611439975
0.6044113179433028
-0.03559077511685906
-0.22966919339073957
-0.03257585782364392
0.4878900439282347
-0.2179034941805648
-0.1408641297121129
0.22024682355653838
0.8793365607823498
0.44896676026004395
0.4672269462892527
0.5523873669994109
-0.4928026673640742
0.26191256764441584
-0.3467993629485949
-0.48886420211782117
0.1618179076202359
0.9145844544495296
0.007673606755047645
0.07639358714181778
0.5239705560804355
0.4415038908506603
0.5088478911707959
0.5142234568910306
-0.2030711725224951
0.017899425069788043
-0.9375702386115288
0.01897504053879096
-0.576145948314566
0.6690622539190483
-0.5656081353552329
-0.48341769971677795
-0.6935177742428843
0.7019533653872901
-0.5131097140758577
-0.6452185293672267
0.24170840983161532
0.17008621145810396
-0.7559756309052797
-0.48899873762933
-0.5232028982669072
0.5415424697787998
-0.42977602539614923
-0.22818333318313405
0.08301511618687459
0.24364048000096872
-0.09904429671281922
-0.14773962341164268
-0.6802435589741758
-0.28426330277031225
0.1762098999199755
-0.44681495623462747
0.23159260270626883
0.12792037217936578
-0.1070568119123851
-0.4415763909680677
0.5401145714668556
0.10871612663293598
-0.01629479957642709
-0.9696393905655343
0.9859989916305024
-0.7090374994091022
-0.3549523236638988
-0.6889132729961555
-0.21264166204092932
-0.7015375046500851
-0.8464438142756959
-0.5374337602073571
-0.24976846808912556
-0.9144607874848678
-0.014735279430710294
-0.771395383953416
-0.47849581904124966
0.09997838006527335
-0.6364861556904029
0.1263791811046644
-0.46275330409372956
0.7954962182848683
0.6115378290242879
0.6387007642424328
-0.9612963020502979
-0.7125245597508685
-0.9605468272367792
0.7096017925989254
-0.39156727154296567
0.20836597998457038
0.8978876193952704
-0.7965623472995431
-0.621080097501527
0.28460632102720723
0.8562169206854051
0.17911995382355902
-0.2717898022382313
0.3308646446662562
0.006257346570741104
0.2424505638542399
-0.8128423329076155
0.16143483666727196
-0.9664249968395568
-0.7994404107560928
0.11105406362625932
0.7595078216229652
0.6022866936572772
0.19371988637527998
0.8628248481760861
0.08367363962813358
-0.4533414028987466
0.3497636356537491
-0.29150975889366765
-0.31919892284841983
-0.6238810129374535
0.3630951932545808
-0.7923988308449786
-0.273318579931669
0.43417957466021484
0.5230951523804696
-0.6149993512075725
0.949597001914296
-0.67976215713035
-0.39087182338559645
-0.059662010775284643
0.14039857348681398
-0.1042719264121719
0.36251952789275654
0.32758327336101095
0.726321075872558
0.3439405532686615
0.8826605062119226
-0.7671902181205102
-0.41397830159781146
-0.21200648177725634
0.9921804262755425
-0.7072787006870244
-0.5493380501650601
-0.7314530710294559
-0.03852185349748695
0.6935106425746231
-0.6124426783596014
-0.2633911286967268
-0.7919587837525568
-0.8852029161511197
-0.11985968636088468
-0.5909879624436851
-0.22152770475351224
0.1561982045071824
0.7965550779116345
0.9489378405956747
0.3345405988329516
0.3897186204944747
0.8546326898832896
-0.0935934289716635
0.550519923029783
-0.6182372028234082
0.20149481841149672
-0.03241236016285761
-0.024649055688976136
-0.9053819525671226
-0.9037921978671639
-0.0989938310695138
0.3635489356728789
0.14472931418410429
0.982654042948532
0.8673712148223639
-0.6717610563373341
-0.9161052615306947
-0.09344351141586621
0.27113229804961997
-0.8277523369670587
0.7423971879717783
-0.8977676558754869
0.4449870911773163
-0.34292304676220237
-0.16686320885148803
0.30386408640687596
0.9023571542202943
0.880234836407346
-0.3374930508649101
-0.06330435211878141
0.26878877080457625
0.19557209029780198
0.5855748675246002
0.25178940989402887
0.8668265814633326
0.7835629196072992
0.04906819105705425
0.33999623057238776
0.1872065209199758
0.6964061962296421
0.6554909959336163
-0.6653126145307771
-0.5513242174458077
0.05760205030908089
-0.9761502435040272
0.7294706186442685
0.7785165837191206
-0.009964215754936686
0.5914993451186038
-0.0032782386415734855
0.5512025204339251
0.262905331489187
-0.4893205262085163
-0.5430661181140883
-0.2681738859784107
0.08335737218379496
0.7567050621301614
-0.6104831438970227
0.6097531318986942
0.09459625972469995
-0.999820407439293
0.011792284067576729
-0.7985475287282535
-0.08275143518396687
0.7813417952709724
-0.40791098720840124
-0.19330569583189128
-0.22003304655704778
0.23394680663903217
-0.9437394199133722
0.5758506146470409
-0.060027693459655265
-0.15546064318480576
-0.11542899374929592
0.1604154032069676
0.26336390452840686
0.588573517897893
0.7563576168666589
-0.2544825863243196
0.0030650121666420923
-0.6699707998787444
-0.46958409103282106
-0.3830061580323042
0.5653869296002295
-0.7703039225804192
-0.25190512757282246
0.3915140323859925
0.24949064790372613
0.14247316007627536
-0.9964830760887874
0.3010373711723057
-0.4319482723593041
-0.6572977149913287
-0.7400108113286892
0.44384955639449536
-0.22280398182398214
0.567523068970016
0.10784285345161845
-0.806579506735746
-0.6405846792954729
-0.5245237304990711
-0.3292652876807631
-0.22125818358852004
0.26557845444109346
-0.7845674367874258
-0.5038765466484884
-0.567246046639164
0.14390254911521425
0.0948785899496822
0.4982507782155694
-0.5785863635873824
-0.13055977259563292
0.11047910012158502
0.35684550718788494
0.8767511313711968
-0.6295682798884238
0.8311852408385312
-0.515145302932835
0.9782714763822596
0.7463869423495755
0.946355387068846
-0.9439254692567571
-0.24137198184129435
-0.8063652859505676
0.36889538698624297
-0.2667542234260551
0.9758402400468428
0.6887202867928431
-0.666256880781017
-0.09622162527877216
-0.10875505159671987
-0.8173636700831598
-0.7628257116455701
-0.26040275776023286
-0.12730211005409953
-0.27193800248576805
-0.5586967476222146
0.39862109966455095
0.4840094882207369
-0.4682090776520967
0.7364750019612296
0.02103424028126268
-0.7134340712343556
-0.0651049205965821
-0.5682719071524993
-0.8221333166566694
-0.4042627598184067
0.04432618566638227
-0.7496272823545845
-0.3887401553116182
0.9729312032962328
-0.5241796912603741
0.586580255182822
-0.9454036474910168
-0.5981625816054331
0.0022371432813022897
-0.5609683324429187
-0.07270629285418517
0.5086735462918446
-0.2162779131647098
0.36467157504078335
-0.5872705088989665
0.8718850927082304
0.0637604625101651
-0.42189183574127626
-0.215452687470989
0.31363755115692155
-0.8759860394138799
-0.49537276049007156
-0.7900355173926595
0.9851858522912257
-0.15275318046931624
-0.13200032690018798
-0.7379706929554586
0.6687091600838782
0.5857934389499079
0.7168017351698892
0.8571868265878015
0.9406305843905314
0.38373114317286744
-0.7241335904394473
-0.9052934996612373
-0.5647261399759156
-0.20242887855134528
0.2946335985635068
-0.10266713347138015
0.2062617130784917
-0.5536765528919888
0.8673327237221222
0.8434452671345154
-0.996998678813203
-0.4332853922713019
0.8217782259223663
-0.07719684126880474
0.9728275475383475
-0.15883597073890587
0.8647624261490978
-0.49835697898312353
-0.2665500323500399
0.10842671012353869
0.08044617837198989
-0.23030478722650294
0.683312650025335
-0.33063246985584954
0.726083470669553
-0.8010876121777435
0.32099459154473653
0.5992544772759897
-0.8815282193977453
0.8342321645106232
0.17127096787632204
0.7430858341221893
-3.721564079217296e-06
0.702824008250466
0.4668414906471097
-0.6161494223103845
-0.864759863780253
0.1766323161960454
-0.7537446498456554
-0.2535384587563937
0.10557380085008115
-0.5819147569504068
0.09864012894012618
0.790997935634893
-0.20271622508367665
0.8901688010754076
-0.33247607275228896
0.6320125684913285
0.3808633535518846
0.32014020371728247
-0.9035921212299627
0.876685854203107
-0.8162973935632574
-0.5702810697592455
0.9364521234324142
0.02053799190318306
0.16198319956390267
0.9698797600944582
0.040572940636178334
-0.38731159627639966
-0.48759549080660963
0.23629718768900212
-0.1509066292361784
0.31351282933318636
-0.6122676293806282
0.9012249089130554
0.8907715406715502
-0.10510035914842508
-0.38776700074728854
0.20413308762415577
0.9525566245669321
-0.5195364979255663
0.6306078237637444
-0.8965182442350472
-0.1239837001111281
-0.9293887475145042
0.5300075457535407
0.22278674329418802
-0.8344255244146211
0.5103038364736742
0.08196402108489523
-0.5758825886899244
0.8566762243712349
-0.5439420462787143
0.47166326729092645
-0.09169325211089548
-0.6626819146709395
0.3760974754151213
0.5216419379363133
-0.8914349316861893
-0.22808695087117942
1
0.2712574704764868
0.049334197706431104
-0.014378136154144
0.7399796820237358
0.9687038487833526
-0.5153743374301606
0.24051890272801138
-0.7294758396182339
0.5727492033962752
-0.2637574522196889
-0.2930083682011286
-1
0.9178706666808035
-0.4009881248274918
0.2896547602619968
-0.36400131467339397
-0.5269781173284519
0.7703004392746812
-0.9464643857293178
0.10818286435640588
-0.1802284723100298
0.22435610797831193
0.273822789490952
0.08828925101855302
-0.9069736760705579
0.5888950262736603
0.5100180202821991
0.8750534005163275
-0.4414028147867874
0.0979354760694185
0.9203201780265325
-0.4501033146553783
0.46506185680958706
-0.5047484176789677
-0.9002055291541515
-0.8577411389973776
-0.3852834557504437
-0.8702217896108501
-0.15849289518915055
0.27215131072698845
-0.6422226556634463
0.7486288043662487
0.7012540097374401
0.39104354500432825
0.048074297704473565
0.7293714149582402
0.8057700490455892
0.13142351482386408
0.2672435318070943
0.8661060497517319
-0.9293380462591848
0.6802633552097465
-0.30483980580444564
0.84870244198182
0.9114427842116086
0.760104983413685
-0.9465952553936441
-0.9408334756698478
-0.9178212290675267
-0.951926517929667
0.5849667279803178
0.8064000597799766
-0.7048675227094554
-0.19739414997376922
-0.43804464427970574
0.8241356908486586
-0.8128228972789979
0.012748125946857636
0.8440354632519742
-0.8254189201022022
-0.49093874233296325
-0.4184505339552464
0.343344149570461
-0.903246522674469
-0.28552267655886054
-0.5600904612183871
0.3712350065225339
-0.21237801940595272
-0.30080095959508285
0.7712384263160073
-0.6871054453064962
0.06782313852959795
-0.2828553222306192
0.0812987141476112
0.20177277555725776
-0.3502423761689142
0.7037330233262598
-0.8057341135139914
-0.41043440371560713
-0.03833134513627888
0.9215770344160855
0.6368870713746192
-0.7694215801739793
-0.2707223115525264
-0.768247281165326
0.8295345979557317
0.47226684529492896
-0.8683186681944723
-0.8006853101332385
-0.4893153235330667
-0.7038060963882925
-0.48843855169896294
0.13932885708874176
0.18888447049334314
0.5366605563435897
0.7143053351709322
0.836211312534017
-0.2958921192909939
0.4576799397274645
0.7473557643104571
-0.9005439924739532
0.3271103877428352
0.4362179827519855
-0.7060547881373275
0.9643010522282304
0.08754785784402427
0.29257945805937136
0.5341864424243485
-0.9354637608410801
-0.7817515426485556
0.0902095126056654
0.18709242223716108
-0.19343402042228602
-0.46624820858469257
-0.026167273812902483
0.9351019354137747
0.38633145467041385
0.21468113703030686
-0.3357343575715442
0.7161648689522645
0.34118105131697324
0.14029667663341747
-0.38507187649631897
0.22345250236891867
0.19310745567284487
-0.7074141744690119
0.33138212926012955
-0.31961836121482945
-0.171830367153807
-0.582512601245363
-0.3233373371528152
-0.3017133140968192
0.44177128914781943
-0.12843018247478388
-0.6885827241174662
-0.6306212285412482
-0.11896662495342798
0.41674095624093405
-0.8625855207355624
0.5680874183704696
0.2610127783385564
0.6610602313062178
0.8301845203518746
0.6584462756767561
-0.22364702894230853
-0.6018266007015874
-0.5094112019144659
0.9833475823236677
-0.4556707516688341
0.5933772143684423
0.3841530398844159
-0.5953171904946161
-0.005085898629462245
0.9197903745607235
-0.04360544190039055
-0.2478060806844983
0.8728933786230001
0.7700460803865877
0.8858889328493104
0.04063055768531506
-0.46953920018726564
-0.4459783487485318
-0.8480751953123928
-0.2927935227758359
0.18756791229626207
0.24555632034425726
-0.7599856021237836
-0.18137073405711177
-0.13155216650443083
-0.2735966483814369
-0.7895277396907522
-0.9485303815402234
0.3891951230764511
0.4569906597917727
-0.01875368478671115
-0.396465054662758
0.1531242024789838
-0.9522355444958034
0.9349050547216475
-0.8610247882782027
-0.6583236436199963
-0.5209577217816143
-0.6178677991804548
-0.11645519365972075
0.6319834712520176
0.0798228517669147
-0.6417496231028277
-0.9054781321493186
-0.00813407950355825
-0.34538589220798577
-0.987265824489107
0.10241233750861811
-0.8982107512826355
0.8067096403334614
-0.06933539096957171
-0.7037155790673902
-0.42220214341509815
-0.9116962277720376
-0.940888074316899
0.4506054281196715
0.6542729503024526
-0.09752800111207006
-0.39911027061095444
-0.03470514119545465
0.17266393535604785
-0.26756359188119283
0.39600948615155385
0.9283902508759321
0.3046388986527799
-0.2928455290105855
0.9102152404570337
-0.41722799458333626
-0.6703293595681633
-0.13993775139131664
-0.4532506175923433
-0.4910677341716685
-0.8489168979779241
0.24618798587983926
-0.22369832012301694
0.15544703230937426
0.6836407747409587
-0.7731466260785964
-0.05051037799225645
0.6445026013939374
-0.12583292052135306
-0.5604261079332477
-0.8421840488689788
0.6080438944075666
-0.7639140384803916
-0.6169589589897567
0.44394966728948065
-0.4637146503095941
-0.8426033117882505
-0.7112066470811838
0.1691833723742042
0.761649720280965
-0.7972535587774515
-0.5795884523621873
0.8559436174720423
0.650550520949619
0.6702629448893741
0.7769380617168307
-0.9864076910637589
0.2609671093521171
-0.7197320778994866
-0.6701024499383769
-0.5532352965382042
0.4612292947224986
-0.7581945127186226
-0.07818435734952844
-0.6118106455352481
0.11673785571278913
0.9217133992530347
-0.5208898531249463
0.4084001098407025
-0.642976154786024
0.6073376322483724
0.798763344587202
-0.951310211746358
0.45772421695972804
-0.8706188332173908
0.6288981257608856
-0.12339897504576301
0.7687949526007056
-0.2420547160735371
-0.20270079092568283
0.5285908428010571
0.8831504718978951
-0.9268260113302981
0.8231162086179845
-0.4481452642097932
0.8964710686681339
-0.493548564644033
-0.6791525963650473
-0.7720748869110465
0.9977097804063199
0.3122297609169073
0.7961787940882032
-0.7707250070043289
0.31245353632571327
0.7545671777442193
-0.6790515529529223
0.5706771292733301
0.11308500569800108
0.5061487774556477
-0.31144676374214436
-0.23334503903057507
-0.6257584179614544
-0.42690993371803165
0.24540135539877697
0.03743014201151613
0.5973158368210634
0.11800316987727327
-0.3814901921794114
0.9481142113134485
0.5606160595201649
0.46105383910867204
0.07766785575734658
-0.1950364168283543
-0.5379759099014944
-0.5461989697674053
0.37149773905693323
0.6493542423498634
0.8926964227927622
1
0.6921380644793311
-0.8566823229231978
0.5210269175077505
0.4230230346390945
0.6249311943182768
0.5217381246082229
-0.37506835368286645
0.7383442143960718
0.9668807730812926
-0.6480490769288819
-0.4592389125563828
0.7578031761664602
0.042672381481057356
-0.7753933006637952
-0.9949761643693114
0.609009290449241
-0.4834148573494674
0.3721562382770446
-0.145820542712521
0.9588304098012773
0.6661744414044195
-0.059310877088635944
-0.04439777664923928
0.9666092828227669
0.1521248353421779
0.9503373081720824
-0.628599984381014
-0.2929556260794843
0.35426367341202664
-0.6806407692536943
-0.4804969750712063
0.20180606286189784
0.8246716884721603
-0.6417933069094353
-0.5838664422118934
0.11942294398349447
-0.7702818917582441
-0.03986801473941539
-0.5549214057387226
0.9722959676201874
-0.11193806379179046
-0.974630274029768
0.2221657291430375
0.621497629710513
0.36761942065414754
0.021935045653016808
0.7610568841022349
0.8322253562616633
-0.4020765695751162
0.6788175122602033
0.9941103683003321
-0.13180047119701127
0.7280998645034505
0.24412540223809337
0.9341162680645644
-0.7580362421098414
-0.8754915974950449
-0.2874389391106523
-0.6423880784506915
0.017658532293201246
0.2917079947948741
-0.841677769286426
0.15971834815168734
-0.5575845374681042
-0.6989672265459278
0.7897372374287435
0.333638824641906
-0.752643464170766
0.5347393921292094
0.9567406848220157
-0.3879375157619016
0.27781494132745727
0.49923750016575574
0.47645166776017395
-0.6567764807413808
0.1319146673898239
-0.788942871045093
-0.4394802180878874
-0.5410820134811749
-0.8284359499423577
0.36621073009677335
-0.3860520667460847
-0.6152211665281981
-0.1816538150172991
-0.9120585470784324
-0.17363039834386287
-0.17142742052790277
-0.03388779663198305
0.6287729427579901
-0.9395900076453453
0.2782356113424855
0.31002794714763426
-0.06267236648817658
-0.3968767065277469
-0.7488121547872428
0.39844520384505666
0.5736430481570938
-0.03822284798461919
0.6883089392313846
-0.8597605283376749
0.3494219792138828
0.7747223637100031
-0.5170046528459562
0.7415845287933713
0.2792019252645464
-0.2490336975250304
-0.653428248490573
0.23124692181534828
-0.3676278073154085
-0.9343002136469851
-0.44424804764083287
-0.2843521544969285
0.7523444403156554
0.24989169844709738
0.9769058511672415
-0.1991689677421582
0.2816058908944192
-0.6982836872881935
-0.3022322977728498
-0.5090985524759821
0.9119083252050945
0.5593780630436412
-0.2555776438494038
0.7270690994836807
0.9151360699310892
-0.8487297589121459
0.31362116524797345
-0.12455744996644948
-0.9900166299164913
-0.6475747628155081
0.7799023405284786
0.7094773207196343
-0.5185192703547358
0.250044312220539
-0.19292985914634475
0.89795335017795
-0.08621851171540172
-0.617890005757198
-0.19372378893049944
0.8601219041906422
0.39011288938201416
-0.3992898481191888
-0.3016994542901301
-0.9065085260193606
-0.1165015608976046
0.4647831623195025
0.6823046966141761
0.17578118196951362
-0.41877367749691236
0.2988868848743665
-0.2620354014263896
0.7974455822496924
-0.23744869420551848
0.039485629179017434
0.5029663894115065
-0.891674069481806
-0.19432959557193422
-0.21285453174602909
0.7296187053123633
-0.5940515265309114
0.11344035717763515
-0.749233317045908
-0.9910281382315107
0.4082067305331503
-0.47489523390272265
0.26096109614175933
-0.009300057282066534
0.27225998866966966
-0.595862434760277
-0.2362865285654352
0.8607363528874291
-0.1642042053817128
0.9929881370121261
-0.5942336287996833
0.8634120877327894
-0.2556333558065942
-0.18067759899183589
0.5975647233852771
0.01766038324284562
0.5027193076040989
-0.7877940338018479
0.7849169750572359
-0.900214316687062
-0.11825976815634374
-0.759411396449123
0.1506950981826162
-0.1548711741521968
0.7512788136746379
0.24549433231933662
-0.5998838881967734
-0.3383506037303808
0.7447861005220389
0.10073035461485877
-0.2086504100607937
-0.8484897534982065
-0.43686992210355513
-0.5546172072919022
0.1182527127128225
-0.4857504346935078
0.4562930823386957
-0.4446782947534947
-0.6667676833210877
-0.29354408612781036
0.5622147866549405
-0.7407181862217199
-0.47405081215532263
0.9528751273166908
-0.8670617558798392
-0.2079686044632056
-0.6876857429223852
0.8397912824075755
-0.15379934089600475
0.3907705083162667
-0.6619307570192895
0.01208153920568311
-0.8234162669829694
-0.8173987115161817
0.5789253826630016
-0.698714940534101
0.1262551571596432
-0.06546456410092243
0.3346036226715377
0.1634053096652959
0.30934829548486836
-0.7472675151485457
-0.9367926635228543
0.7574177774093358
-0.05791462509574748
-0.6787573007956368
0.10284623066841733
0.06293975424212521
0.6029777856170396
0.3233931663608356
0.5013685447604765
0.9342579298997938
0.3940428536916949
0.484156553169977
0.32969990876521504
0.9360603214814993
0.6784445453441874
-0.3608037407184909
-0.5876524405269585
-0.2543221474728636
0.7411096212977787
-0.4391767760026594
-0.5868834536330384
-0.5602020366136042
-0.2012880858792532
-0.9941365444286585
0.14941736173491846
-0.5824716883589582
0.6173982718490458
-0.6943017949456936
0.9616843853643506
-0.5899014595607484
-0.8604393182644069
-0.3619607910310243
0.4287842371887
0.6234505574573289
0.24010685443382773
0.4737467140857737
-0.7228443872373594
0.44248830373761416
-0.7113100876795093
-0.8811114504324984
-0.32237451717476817
0.5397678238240908
-0.6668554921725016
-0.9470788254442873
-0.1686927186540088
-0.5766466707715343
0.86621062716208
0.9743249563686969
0.03527563605686355
-0.6890495206314687
0.9669096655368973
-0.8702893309563762
-0.414885295209922
0.39531102353041264
-0.9215442957338547
0.8964197465179637
0.6349633543559162
-0.349056564294504
0.07141209681735833
-0.6368013095492868
-0.4419005149588044
-0.7588191678596465
-0.14239052023226104
-0.9229327638668725
0.06753294350653888
-0.940985538845363
0.9922450945807508
0.7158276590998516
-0.2746372633913725
-0.9360582034684908
0.05373634393375668
-0.6758625659214053
-0.09950010378621403
0.2966180365303726
-0.17164857941240566
0.1690793703523947
0.17111849182109204
0.5143880320023556
-0.9594698384074191
-0.9221905325171093
0.4953461128003357
-0.32913395412605595
-0.24491184991626755
0.018186094245883848
-0.13530800686697672
-0.03625241341089655
-0.10305569365336788
-0.2028489951624466
-0.7147471228962597
0.8793977338487866
0.7955964321721306
0.8576477990787394
-0.8571347817142974
0.34096317147697613
0.12216001606931519
0.8191016172099633
0.0021676451498743006
0.48537348488853005
-0.09228351934989262
-0.4232894293736263
-0.993220720455101
0.46051602471430697
0.3116651897221151
-0.6329351701491338
0.835953776628317
-0.7929077595746062
0.4269741796031455
0.40322534584501324
-0.8937597529683483
0.04572893164925104
-0.17162159049379794
-0.6825908612699639
-0.48088344879088374
-0.7252730687451232
0.8737707267693968
0.7601948221739352
0.47960566594341464
-0.19219351663978423
0.4310559207439525
-0.4438579817670639
-0.7247020215445078
-0.18777223921622774
0.669700328622077
0.22992516831394327
0.533437054178912
0.7019700951129185
-0.26639658905713404
-0.10898684418702999
0.4888572936105566
0.02913687254576578
-0.2168802863802113
0.13529759578011227
0.5108142354171912
-0.16615316134417596
-0.6891126428314905
0.8807694165642522
-0.1397649093194974
0.44775265675136955
-0.9186514967287265
-0.5954408382161522
0.18486790613124443
-0.6294911864033558
0.7376159332987581
0.05768050113858743
0.29945371295012313
-0.9674815686709378
0.6648290289364119
0.8592535397027379
0.08615780192507778
-0.2096796118867439
-0.7493310075378343
-0.24296165925779206
-0.8699589832544812
0.9758455117595118
0.2534531152978112
0.6176026467449893
0.22356300174138782
-0.1465897256871398
0.10320597351819828
-0.4829248947837873
0.38298914114993904
-0.8890552906145412
0.4301773228563381
0.4826421255309998
0.7501755055097614
0.03946485511838649
0.12800088700588405
-0.11816890800180113
-0.9628569726817732
-0.1262011557785537
-0.49971756885413693
0.39238424869820393
-0.79866565227302
-0.7543857069543479
-0.14820637899296474
-0.795067070136402
-0.8741195084642169
-0.09003805575104183
0.4986306811870633
-0.2914427410817806
-0.8163872464235614
-0.816241592778707
0.3070461096186968
0.7661793393211134
-0.24993367727898277
-0.6160272603400446
0.5966524534873309
-0.4548870210952105
0.038869888242114806
0.5224603767852489
0.2875028402662713
0.6162255118098439
0.9376373977411155
-0.09223597118155401
-0.5386860570882458
0.26800386623809425
-0.4168199864011783
-0.3415544428327975
-0.9520030582233154
0.37028452158982744
0.8870810398732759
0.17126115031042924
-0.36999481193184636
0.7387262699573243
0.09927293289871243
-0.37022549373396796
0.7399362333178727
-0.8147578503481414
-0.04164669995811364
-0.2152157068839661
0.1315423224126158
0.49474867869990335
0.5632014188600513
0.24470861985593106
0.4988782219472859
0.6615662937901604
-0.7294962435633102
-0.312057852163534
-0.7807748101819028
-1
-0.0013391761529783254
-0.1407072298505822
1
0.2568437343949903
-0.7451546783015243
0.3685282317837481
0.7939896605848293
-0.21153585276271786
-0.6958082286575545
0.8699670215936589
0.14947435758676392
-0.6236058513618885
-0.980642319379555
0.31232536019809143
-0.18967832582535843
-0.38289484454556194
-0.21253169351804838
0.891236590955201
0.4724459129141296
-0.6200232242807454
0.6148286567899928
-0.502928309107663
-0.2830211227339007
-0.5779258285062504
0.8853389761618948
0.9893773515534201
0.41468338375795655
-0.8061469556834164
0.951638317516333
0.4431085066485434
0.30397031515250206
0.6493420135395975
-0.952153853665741
0.8984115997075549
-0.8989476015406953
0.3639427910349569
-0.1612710852929804
0.47765337672570285
-0.9344791822779976
-0.08803868081625991
0.0942293345082995
-0.9008270513540084
-0.6501911414826721
-0.5999527187497142
-0.706044452944377
0.45724558043400215
0.6062218393864331
-0.8601958737545542
0.9238311088776675
-0.028725332778491854
-0.33759707671578515
0.15181903977308836
-0.8030991131060793
0.8771614272095211
0.547027212015235
1
0.4524392540027292
0.9663092822263865
0.20707158147433513
-0.04490044969613442
-0.7250314305059975
0.7440240276486781
-0.5871810864512421
0.4273939619493025
0.5456822035900974
-0.6946358557525286
0.0887687120695454
-0.2533342254152797
0.7690702615831229
0.7218870849325847
-0.27010180166248005
0.6039334223703293
0.7944571201600622
-0.8463549929401375
0.5189595071990107
-0.6057843652308323
-0.14014553035998858
0.7328260092160741
-0.20859211915757606
0.07956857656193568
0.861534909420312
-0.19736320981796351
0.053312134918231634
0.6137231895502916
-0.8507670983718562
0.7602925249781329
0.040754016882184996
-0.1013914661543514
0.776019166262021
0.7426370077534132
-0.7736370484296512
0.5786680214381035
-0.22051015928457257
0.11012908067623248
0.05360998646792721
0.11372698301815075
-0.9769761104448598
-0.023027252693942554
0.9003437122834396
-0.18023810811776705
-0.6186070938484312
0.1937770232484687
0.5203342817560754
0.5767149931455998
-0.9070023003445319
0.7121368670939283
-0.2364755253478404
0.35824998643431494
-0.08193256292181632
-0.872394736867514
-0.4533228936202359
0.05953007913774458
0.6726442018460855
-0.3946536799598281
0.4031294899665945
0.36004980028068667
-0.368397341446695
0.4375133875583059
0.7435499839481372
-0.2007378573023145
0.6468835803147219
-0.7434581674623123
0.0913203748844349
-0.7119761406204749
-0.9692262099813481
0.052844820215233776
0.8285139645064771
0.6198808662655093
-0.8573632371285614
-0.5695081419222615
-0.602566541688965
0.27515381669921535
0.6214685578216831
0.3763997757972384
-0.7730217105968115
0.6656946256396788
-0.33174462263692195
0.9174141308267812
0.9734448691876335
0.6856905242309183
0.4110849525707286
-0.8732559118774218
-0.23171772175212968
-0.13165946728165376
1
0.8794861430748551
0.030156922114127852
-0.0420648634282759
0.41612309864636515
0.9799014839755923
-0.4575526146937077
-0.8286085480705617
0.3289624512419839
