0.5749113015448649
0.4261795421038937
0.3861857459156257
0.9167312069591099
0.38813010139092635
-0.6463915580724631
-0.9409036179477139
-0.15152312844468926
0.1745699257858886
0.21043922325970493
-0.7424877546899191
0.3287904405541323
-0.4716780737839962
0.8239532221930684
0.37998724599831446
-0.8912524163477235
0.7073168553916467
-0.582826154305839
0.6158294067663345
0.1151459053330952
-0.8033616501652017
-0.3253495200444386
-0.3229346284563737
0.36746371248348736
0.5003840131829057
-0.2839272466828024
-0.15405663630712466
-0.43681897607855585
-0.5479926125356755
-0.4147149109863674
-0.15245540034445998
-0.7951703319654855
0.5860014511540488
0.3536623636873439
0.6433840609712319
-0.06601283082425818
0.21935763267267985
-0.1094800411995394
-0.7927724302695557
-0.313195233286319
0.6153228503099568
0.30791840678391896
0.49213467950507733
-0.18878027911603376
0.2087061756495864
-0.10218248134188981
-0.3775912192464041
-0.1522458791140416
0.19041311399654479
0.8125625253693121
-0.1768888816988676
-0.9121261419428893
-0.697067376779858
0.9010178173068136
0.9349866990092345
-0.17917638808899564
-0.7205493565995863
0.6248321345787199
0.8621674742316398
0.0980525179732358
0.8921555107502246
0.6136528596301655
0.032801961570679446
0.5249263671865249
-0.0210401310347673
-0.9839275339646232
-0.8645937839083804
-0.787791643936369
0.5488774162420186
-0.333356996633271
-0.0446519429807132
0.8028102721316063
-0.3658412502769938
-0.0762823356615111
-0.056709920532121136
0.8340309432229489
0.3926421759027895
-0.41459062224584153
-0.5509443513544046
-0.22898877816594806
-0.45821000396146966
-0.07416942937332069
0.2263685500057244
-0.16926820168346957
0.9025519481872789
0.2020944922117757
0.956633240001829
0.10970001413032601
-0.7703889427335193
-0.714254497823409
0.6477430628015888
0.8676710026904066
0.030530704330454
-0.6132509464838743
-0.8081084479780875
0.6106327887983726
-0.15659192645710554
0.9475559170891713
-0.6659864068325908
0.4380709779691938
0.7899229139145935
0.06970624955651704
0.017305400950578902
0.5039780541516474
-0.5445810216715385
0.45735459837463316
-0.5010239340279385
-0.5125557763708775
-0.9448281027549981
-0.3396163443038109
0.8715695547365407
0.3657090593419602
-0.7489805251701578
-0.8415983803556151
0.7780409682747724
-0.44376239965396774
0.41648432119876916
-0.5198020162824225
0.940424775236066
-0.2208267665341301
0.39454171883561356
-0.277855930815325
-0.5817060625791997
0.013046435498901799
0.6231719310126781
0.7706345166322605
-0.26066454126696176
0.6039318366979708
-0.8182091718544907
-0.5869862903829041
0.0264650002864675
-0.4918172733609369
-0.06784183394240527
0.03127416262668629
-0.41360634431168347
-0.24486073050843413
0.4272150246819689
0.837534665415477
0.2861649723010785
-0.0882904858202726
-0.39593291416017007
-0.8998623117981049
-0.4771279297967138
0.08573766747257107
0.9542599915347648
-0.8261320111093514
-0.25263491182342634
0.7333077466020717
-0.47893222823775117
1
-0.3406125094979173
-0.2414220081699564
0.6949880489640373
-0.819635124067352
-0.5961346917257402
-0.6898208199967356
0.9896494408288009
-0.4786526630383335
0.3543927190365704
-0.40982506322471934
-0.016784162218647994
-0.44345236540922955
0.49394273349157614
-0.20781626420593835
0.955793696489391
0.44664012391259766
-0.0016321522057308763
-0.48613384690684797
0.26734798525673925
0.09162416630141512
-0.13159538896040882
-0.2853075555897945
0.513139971778545
-0.0233482100701623
0.735782807816793
0.640309504724684
0.23118887640675959
-0.3747027321819457
0.5358095179869402
-0.8646639722168501
-0.27581468762011485
-0.5224960226764146
-0.5531386985045801
-0.4529584678210997
-0.7394094326520566
-0.4376927934206742
-0.5351570299922874
0.25755249892839555
0.9529782018964882
0.18192015280265514
1
-0.7141186456081963
-0.2504019814617523
-0.38231595047051814
-0.008655903537616562
-0.0745307846768492
-0.5055339444717805
-0.25948032528293463
0.3605413408965204
-0.02714408632206937
-0.10949924904388675
-0.46051808479489115
-0.011221903981125027
-0.895484232625324
0.29966100303773946
-0.1913942288561097
0.018237483803471517
-0.5354757720486694
0.21185972365084305
0.3293352467580583
0.7743046709336421
0.6963560149750309
0.94754604736142
-0.6156094488183406
-0.5827816871906143
-0.7713348026957108
-0.7595747479538814
-0.9635625624173957
0.1665908298329723
-0.10465075628491712
-0.07213857915194334
-0.7032829440824564
-0.9509598813226597
-0.49512194718519154
0.4726245686092372
0.06449504125992396
0.7538280137503115
-0.6209024067977241
0.41918294488671953
0.4159858417161976
-0.13748935002470627
-0.007641409034569031
0.49534743230381356
0.38637774543431463
-0.2881926099999718
0.7063054280521525
-0.9353602553491963
0.6036318687524466
-0.15861997523494342
0.4169554441835576
0.31847052015590827
1
-0.7812886373760564
-0.43907987233057055
0.6911616821528838
0.23930299913036981
0.35505436545433416
0.45382983953620365
0.62211724696487
0.1908109045645181
0.06050403753208381
0.30510241496971985
0.44638432899898856
-0.13524726831381703
0.32661515892400544
0.023892167860259043
-0.359135899535271
-0.2548845485792234
-0.023427022243980033
-0.7017821897992369
0.3419315401890084
-0.3293694215324728
-1
0.7568229317330046
0.8896634156156745
0.0630812486931919
-0.3585980544150028
0.9667833695018645
-0.8485016521710183
-0.7263850670019832
0.43169604680240176
-0.1167825650587496
0.7569176905882096
-0.1827933704761733
0.8224389526621081
0.1329377052787649
-0.36516238958241337
-0.4228380500408882
-0.8006146228600339
-0.16935103477947727
0.059810682556045276
0.6256024846360728
0.29878637968369304
-0.297933398684927
0.015100990533021753
-0.5215478866759855
0.19070127617003066
-0.5754006569460342
0.44033546007479407
0.6391762946012194
-0.19615840976284013
-0.33781140633200446
0.2803449705474481
-0.5149126069254066
-0.11118230845309066
-0.18683049133359714
-0.2997761310228025
0.7468467937847889
-0.06015750426442741
-0.3104116689304344
0.5252762631100621
-0.8615044036086359
0.47330082777540317
-0.3134879141080597
0.12256934293994426
0.9436169297644672
0.6421330911944734
-0.31060263966413326
-1
-0.10387489970245392
0.5461291682180945
0.5302355898722445
0.5815686412254013
-0.5962224718874802
-0.519883696639265
-0.8790226980156414
-0.7207892701871526
0.0705992565912912
-0.2635332514575643
0.10410634679140388
0.23253055013514087
0.3458333707306033
-0.6982940776247408
-0.9542127036468138
-0.8580039768663777
-0.2076665771360773
0.16001441146186138
0.8807075831910035
-0.9444208898061133
-0.6732161192239213
-0.038532235385943796
-0.38534995848218595
0.17066678412834263
-7.223421660496271e-05
-0.05643751258626459
-0.6725028528735428
-0.04387664898570008
0.4180346499989989
-0.7444343835663794
-0.15067184397468875
-0.14028157294908644
-0.28888457652176175
0.38628262234753485
-0.21091216493515857
0.09663335761604872
0.7078398441860967
-0.5431823464773616
0.5564694398180835
0.1564493070248248
0.9106564082577465
0.3925839439528778
0.9740013779837353
-0.6419574695982284
0.9760861450490574
0.5309359128872327
-0.5459884412474683
0.510408169856218
0.06972414193477701
0.7072138025802008
0.8490092210032462
-0.17461571447606788
-0.16221744265073
-0.4019141209980784
0.6817596304322388
0.15479834647677215
-0.990586682516708
-0.8660295927494481
0.39168943444179355
0.008902964033610862
-0.52828103337811
0.7692217429404561
0.8598974597134174
-0.10207649586049715
-0.21181829623436538
0.5936380500771596
-0.44101910250426674
-0.8766235863412276
0.07162344049716886
-1
0.8818167026185186
0.38806330324453947
0.17464277660962482
-0.8075111571623567
-0.18180916590736526
0.9875058894621758
0.6112663621167808
0.07715256963443506
0.07868191249722133
-0.8630650431036875
-0.49053062410712805
0.9783821242956219
-0.9346731795000758
0.08167323459715728
0.16670133266775292
0.6744060939632356
0.42518321674349413
0.6047483169722222
-0.39869430792285443
-0.792204414809319
0.8095754184798811
-0.9555818851793196
0.4460784539243376
-0.8469290689309279
0.1078389648204426
0.1323626597078655
-0.9933513557687105
-0.7969097052162164
0.15230383865556482
-0.6116256216028029
0.34334299919751843
0.37053774355311353
-0.6035275508378766
0.5501908356995716
-0.5068515396340121
0.4175696571741964
0.6049718699269222
-0.6569278859311529
-0.20556939804378652
0.6794269559423329
0.021420104330140657
-0.8362685526609345
-0.09624522200675625
-0.5347648802033925
0.020888932815479714
0.5994408474605761
0.5535008860922932
0.3760393819296425
0.6326991422529016
-0.3249009473567739
-0.6237558500418795
0.9415812486123727
0.7519547936402228
-0.5787165869367707
0.43376059698285807
-0.9159678460526401
0.8422359904128436
-0.031196741746804396
-0.398112406320703
0.6289967766334663
-0.005263501832439168
-0.38545579184640044
0.3902097095106953
0.7929628448541511
-0.7453978876110986
-0.23873989488053188
-0.5487737804459926
0.11831646824793692
-0.4733885380236309
-0.26442032524317394
-0.7821507068718169
-0.3374205547741264
0.47306849954331553
-0.21919967143083988
-0.26880242562785056
-0.17717731508789913
-0.4901869996772642
-0.5233271778982846
-0.38879721223333547
0.014844605507696647
0.13360402272980326
-0.4688639397177975
0.9635687990075307
-0.574496700837375
-0.793004543681223
-0.8804271938680122
0.5438091052702436
0.46291491455211947
0.037997544342263115
0.07093227676859838
-0.707443832932452
-0.857993978516941
0.3039933401235929
-0.4062455594339843
-0.5678446450185182
-0.7739405833106651
0.4784680510469634
-0.7564548654629153
-0.8385263647035074
0.6155455162464861
-0.20375345592641703
-0.6910054442940649
0.8228433474280336
-0.2588056186067729
0.49553043061858487
0.6161742781602074
0.8097412535258823
-0.3437518289455813
0.021627242917331688
0.6124488388724141
0.2917708615877504
0.05353258062633462
-0.6788181397049663
-0.6532446390914666
0.6563078549903123
0.6984135030412412
-0.12175860078893141
-0.9690680418465085
-0.0636871942556081
0.49058653782135436
0.0401946616809394
-0.0030465498513241084
0.23514805776438238
0.9595318553460904
0.5746309826844931
-0.30564373811421536
0.7440581701426883
-0.2172776044129275
-0.6519674186567682
0.8113618598885943
0.16386219661801107
-0.07335254890363092
0.3015484955775184
0.4807949080176027
-0.6691169981815788
0.9751869509711987
-0.05711568688365527
-0.5137235165595467
0.6579803423634563
-0.9245726709992824
0.825526735732859
-0.9953304942676275
-0.2942676792522886
-0.09917383649966954
-0.6516174581450171
-0.6888489345793333
-0.8962116758433106
-0.12127480087909424
-0.001803717983295544
-0.5707332043730134
0.9230107036054767
0.6273071831412103
-0.9645438082976493
0.8862736112126199
0.9291213397326102
0.10831513737200095
-0.07888359978028288
0.335583650171063
-0.3173138235278843
0.47705832107248747
-0.25174706410275105
0.8387277059033701
0.04648608816771327
0.6499341168834271
-0.06917128256352843
-0.6428241401179745
-0.8650193066086237
-0.5776035189611577
0.5682683303530791
0.5833440691445959
-0.29169328377825815
0.6647342910552229
0.6680349147519521
-0.1759350567120425
0.10012685393922942
-0.24386834376327374
0.9461961750034035
0.9675415954805463
-0.38803250475728135
-0.32132896076239065
0.41557106153175954
-0.2816558938466021
0.9965483680455857
-0.3731463646716849
-0.4285713139059971
0.6511238919394676
-0.9977879023988374
-0.5047954048366546
-0.7810930498548558
-0.5950623612614386
0.4131840790234113
-0.30631282930214526
0.5922593612123469
-0.02910015672475893
-0.5604835151542232
-0.6182517469097463
0.3518736375938988
0.4018949026719253
-0.30680128315818844
0.34769565503978356
-0.5429030300181066
0.9075636122030467
-0.1998611993950856
-0.017839453205381755
0.6425010008881404
0.4741094546151632
-0.6594927332054497
0.9088675334835534
-0.18295268899036107
0.3716999049280436
0.7411942002995745
-0.8277089053765933
-0.0195770485348257
-0.3588973623933921
-0.1473093411342254
0.7319979466365368
0.41774756823293285
-0.4925797036702716
0.7418640205529359
-0.12562891360215175
0.43956848190433584
0.703830839494895
-0.5011694951585511
-0.7660020453008751
0.21001278897014627
0.20868711694813738
0.41974712314645957
-0.4687522358991959
0.4960404788037748
0.33152372054645307
0.5848956037571251
-0.37029253159296716
0.6484270446179787
-0.462847659989988
-0.6339580207296268
0.8826099963349119
-0.9741017021762658
-0.4769509271237941
-0.1759494522672941
0.32538970727408345
-0.3249235828495341
0.3040458029718452
0.2879485343972051
-0.615191344387022
0.954791838883275
-0.7330119638885532
-0.08310028355059823
-0.28375061029546117
0.6608792808281093
-0.3205538621981439
0.772347120803455
0.617746160936859
0.2435736710945138
0.7069001182529845
0.25254135815012796
-0.6552227969935608
0.3555484095624178
-0.5944419171267697
0.6253501518447315
-0.055773043181500614
0.9433537965179519
0.7611052882533549
0.4007726474599088
0.9316480376399627
-0.31014547793838365
0.4389202768991304
0.5516730997701271
0.8592930051256843
-0.7193242869760573
0.19958577454697624
0.2146723977873171
0.27143954835367823
-0.16985316311441198
-0.2609417246283539
-0.771971054045934
-0.17303213019136127
0.8895052251563745
-0.7221668675108677
0.5007829184689269
-0.5412997858500596
-0.9528311042168037
0.532004692433427
0.641477568569296
-0.8442075187969789
0.11681116102710723
0.9574082693415443
0.17429731841967072
-1
-0.6927920016482393
0.9271799897236539
-0.993867107697183
-0.7693911684563347
-0.20281734821298716
0.6279586502791049
0.41858444280332974
-0.802533043976809
-0.6035622812919627
-0.06304001925004743
0.6119902702683298
0.5872158120974301
-0.10935532309498057
0.4547871164154898
0.018546311308393734
0.5012693954700523
-0.7216322014818909
0.28066607024158685
-0.3807655006966543
0.5974407479395848
-0.3749989081742451
-0.29721475020920823
-0.2656230599909193
0.1618223757158079
0.9320223680811107
0.6476262743348544
-0.12985884757971536
0.8398920272476957
0.37464420298768214
-0.782011881093847
-0.48235922159887085
-0.9895471248144536
0.20833467937180963
-0.10354403681960865
-0.33725561072405646
-0.8528602095321635
-0.3865670823763384
0.6591616825334246
0.8099158924226485
0.40804813514485133
0.8182206056559674
-0.6587171101381113
0.5974229761874905
-0.8566754525142628
0.8297122443852942
0.39248770530234606
0.7454494082925706
-0.6297599620113769
-0.222356851065127
0.5814489881683582
0.3791281838702585
0.07946464194736907
-0.45139442071147434
-0.7413690154287962
-0.653655313273563
-0.3263898160553074
-0.15193090865852218
0.6165474514478472
-0.3905889024335238
-0.7494758701600885
-0.3039017247126496
0.0704284860785844
0.6211090387142005
0.03549160661099831
-0.22451908677436982
0.3779105014888923
0.6115418475607493
-0.2565014625566658
0.5144231804550157
0.8636870656322184
0.6158305733042571
0.8211505371144012
-0.2760997991088241
-0.6373920195372956
-0.6991720769247682
0.7776949411186352
0.6711250634707848
0.05776428553646532
-0.1877907746215885
0.7497137093488593
0.2215337336377843
0.056234227365773826
-0.5908932685370831
-0.04835158428636023
-0.5337396399148956
0.5328445178991712
-0.8788003993128823
0.8047751302248457
0.450862756334416
-0.8938663758661058
0.058376863696039276
0.9650340213609353
-0.48596906228434383
-0.6988957325837244
-0.49115237911369014
0.7717376743194931
0.08732089303653613
-0.9728368213667868
-0.26501826950819296
-0.3133559378638894
0.6859419706595129
-0.8906213536942247
-0.9162601144146445
-0.17548686643502848
-0.33267233527174184
0.18788070097584808
0.26797632888119066
-0.7059180244917566
-0.4206061953956041
0.5625185677200921
-0.19053488281370579
0.8808985134082059
0.9429458981617092
-0.762014095341564
-0.7112752917872861
0.5937627283086452
-0.3201226573748883
0.9070033302883476
0.24063131135664237
0.595226366732168
-0.9481602154236071
-0.595660971032879
-0.720492200755424
0.9310656702303814
-0.991317831377696
0.4468926144748089
0.26856065033559035
-0.8251879420153831
0.6723349970391542
0.5901277044399406
-0.1735881596679251
-0.4351393901031037
-0.841766000669448
0.6975625113603643
-0.1674246758384133
0.7649907329223405
-0.3151095950709885
-0.7716417607478822
-0.12303285899070444
-0.01989247264893263
-0.038060396237463844
-0.8818343157866796
0.7402765289310601
-0.14851462169803809
-0.21820722040868065
-0.0918473135654716
0.5189050298149381
0.7214722164047035
0.572494478936539
0.875618132553449
0.11674771074579648
-0.8755353835577611
0.7169365608743545
-0.5139141902419694
0.5760617118977124
-0.7999228715731072
0.42838007713220116
0.015016118876490082
-0.778366826798409
-0.263672710535788
0.5091446597488322
-0.3107440536806198
-0.7519409567400912
0.029323133093716137
-0.23539142991016693
0.8524976138703352
-0.1814495411577966
-0.34349002462440065
0.05833598412748428
0.4777817863149964
0.9246726092660412
9.691123505359625e-05
-0.29157832139702783
-0.1663541792391238
-0.9744711118721825
0.307722752798173
0.25524279371743147
-0.7926173980117097
0.8885303133609753
-0.3411718393947453
-0.5867946833566956
-0.2604687212958326
0.22074089479498682
0.8449799076233934
0.9053509648769322
0.23209578670710812
-0.1401371995490225
0.52198231398996
0.6495423940610003
0.9525845144798546
-0.1446829163001657
0.7335094410824166
-0.8826742528704334
0.732556236207914
0.9476598025607804
0.930803755977789
0.8295747191333014
-0.7739774449943756
-0.11648953263568604
-0.11234048340315478
0.4721578177129408
0.3925105371934342
-0.3058574027666072
0.7232650161832898
-0.43396445496194086
0.5040510549613025
0.32828198608781134
0.3625814483557677
0.15788334000717494
-0.6258823645804112
-0.7898101145056755
-0.1307708898993404
-0.37445654519591404
0.6974094083012837
-0.025461140653813497
-0.3143402632256252
0.3925370871120455
0.1515070288522998
0.5490325241954769
0.3036586510510267
0.044808594786816106
-0.4045705110083562
-0.3892331822581647
-0.43471142466397816
0.24962480167485812
-0.00979396448374477
-0.3551653779563523
0.16386029893272872
-0.40535689136069836
-0.568474216978644
0.7593328008567949
0.14114528362350687
0.9049697861893194
0.8343953258768312
0.6925587322773995
-0.23955826629399013
-0.07130353148016214
-0.8098152322464629
0.26737089916677054
0.9217793719584456
-0.2505771413119671
-0.28376553441004876
0.8271702298872312
-0.864350364780322
0.9231033903630027
-0.08490017267735131
-0.018720966858920576
-0.489232285409821
0.33440264570918854
0.33029999537604554
0.1069375617655815
0.25473332407535204
0.7229051173913468
-0.7272875886058362
0.7400881199547454
-0.277361079143699
0.7458256028593047
0.5990974042706868
-0.3914295382655228
0.710888708795186
-0.4923501826790198
-0.9232505416835307
-0.08868875081253852
0.7185623825763046
-0.9769983649082363
-0.7669821160411675
0.10560513177258878
-0.8362971580877553
0.2492530822086442
0.03350557557003221
-0.8283005744893677
-0.5726872615305605
-0.7778526054466521
0.45803275103950974
-0.3947179933760331
-0.7882278184012299
0.1553481973042159
0.43161850534496393
-0.24208716106303574
0.793635937396894
-0.012020164528720064
0.8066186345189847
-0.5314985249707037
0.3487655508894013
0.8094588595478279
-0.3218460631451189
-0.9073298633615984
-0.28099051358619564
-0.6844145941401643
0.8270410718235458
0.8390721561699502
-0.6195182472912002
0.5549272865118274
-0.014428925387457896
0.9386988870423939
0.019469356624082435
-0.3042554458886341
-0.9025322390595594
-0.5589013713560318
0.21130834681478494
0.05124241942298576
0.5249577969819544
0.5864095644597995
0.013423507368028938
0.29920247995134974
-0.48235791767985414
0.031047138966404278
-0.07850112894236798
-0.728600400676272
-0.47682811921786716
0.8175453557750172
-0.8986096034482678
0.8017972348617133
0.2524231853199908
0.4315001940464576
-0.526534820670223
-0.07993098280826533
0.30676595776028964
-0.6927117206700271
0.5283307025740306
0.6941233439197908
0.9511586470911858
0.04841392499896346
-0.3344286807352359
0.5931714083602646
0.20343335152360162
-0.8591166264553669
0.4266276610263875
-0.6711463146086871
-0.25745603256321603
-0.7998414117327949
-0.8505612080793176
-0.9824630723515085
0.8834547567184775
-0.5638292719378968
-0.8960099919321838
-0.3956717021866366
-0.15737219910602898
0.5046887639089481
0.3297710094618853
-0.7196976573322252
-0.30122795940104097
0.8171098889464399
0.8947870530464234
0.7582516521571818
-0.06411341189461484
-0.8694079917631141
0.45362041451299945
-0.45976205086255223
-0.5662975851048414
-0.18595870240329143
-0.5561278679343415
-0.18427882773197016
-0.7276083709862907
0.43234380826121077
0.3635287396133989
-0.025909096786152132
0.7150023193202609
-0.9512509529654487
0.6150118926782392
-0.5848635828162204
0.3980280787612978
0.5846666866532289
0.12166508092147792
-0.4904262076117053
0.3607673159535592
-0.21985238769993629
-0.9151092683523951
-0.4334598443836031
0.9806408960533131
-0.08816221207271889
-0.9211070012106474
-0.558318029519771
-0.9548910675396929
-0.11570323033132214
-0.3203051093986508
-0.7774458359611214
0.6089640375497221
-0.8613817667237973
0.3871548213953808
-0.30730189848417416
-0.6629849934115097
0.8171059738132793
-0.3505348889477994
-0.1946577849155716
0.49902896559686066
-0.832523312769902
0.3559460883731729
0.4049527272468173
-0.049498168565989015
0.524311810950387
0.021730740945880612
0.5548519334982125
-0.953363003275314
0.591223846463736
0.1723681702460223
0.23438285226317807
-0.19655960100188338
-0.14403814939441165
-1
-0.8318502168826317
0.03404960755431889
0.056333643367909594
0.3582647310960948
0.9457566173703632
-0.5049035504329589
0.7712732818919895
0.48508649416496785
-0.012886482603616967
-0.6823859837198772
-0.6730582697768914
0.0303889307493679
-0.24156141787924795
-0.9293631550160419
0.9563421102297912
0.33333377828452054
0.5427078701952154
-0.9226475828766928
0.6779412517964352
0.006029079040932851
-0.27075084792870396
-0.01932048704441838
0.5393890905367562
-0.19780957321946338
-0.1505772234641996
0.17012421127950422
0.8553851755110291
0.3702742820137079
0.5074866564400567
0.5535797010439141
-0.48132436071088824
0.18901239596094804
-0.3279916072511481
-0.42817707168287134
0.18638285472567082
0.8861919530444715
0.014045907082996965
0.09778414809379132
0.4691389058058637
0.37591179425599625
0.5110450246465643
0.5306875192278869
-0.23213099296574569
-0.026448242377289363
-0.972048078362658
0.0072233792290676505
-0.632685645227401
0.720091609504555
-0.5709957109691498
-0.5000303786719272
-0.6570694353526276
0.7692038246664051
-0.5169736855723833
-0.6897372939903268
0.18695400536832993
0.22525614459726245
-0.740606199872618
-0.5368500513114258
-0.5860943942525084
0.5474249907424408
-0.41213980285110474
-0.19241047173063802
0.11921584458918598
0.2069877644884193
-0.16883440769091243
-0.1588756155047001
-0.7435376714274521
-0.26988667350643564
0.2416814946558022
-0.4778103530439737
0.32191644037193035
0.09932230187998078
-0.1146733928932479
-0.39323877730832113
0.4852509393711718
0.1410332217318364
-0.036427532429190904
-0.8714693639702188
0.9430369774209085
-0.8162755297173823
-0.3622073500969925
-0.6606887322439446
-0.23496498861341397
-0.6678216592182044
-0.8905502500068333
-0.49264848484407037
-0.2508730227654137
-0.9018059159397384
0.04636670979060926
-0.7168470698375642
-0.4536717194263565
0.09691842800039063
-0.6380114474442942
0.13358411229977316
-0.4371756160487415
0.7319076970674877
0.6248460233915284
0.6660822559284475
-0.9357158145841682
-0.6996836932871467
-0.895877443765551
0.7242559105920822
-0.41469461339483493
0.20569264981694996
0.9138805665355104
-0.8727019896718341
-0.5912677040735064
0.24451960779864404
0.8994812979588778
0.17809830630921558
-0.34367922419416913
0.2760201426488636
-0.03853511081019398
0.34399629285805416
-0.7929436754868814
0.17417111264100982
-0.9938968087471723
-0.7665052307479008
0.11485861938294335
0.7621064120969067
0.6304103050592466
0.2763125403603887
0.8890805295871294
0.04666190395767607
-0.43019658216132617
0.30534035701576284
-0.2641621154978247
-0.3093198754492254
-0.618413169813067
0.4032735205809652
-0.8012494354449914
-0.2342872594370131
0.37974831459374886
0.4874081405156307
-0.6174413019137036
1
-0.6895955502381982
-0.4403376617009152
-0.09619680144932152
0.21142240375021787
-0.06318089958996503
0.3948643653225729
0.37156148807691247
0.7343917768274647
0.3765219003320585
0.8438179027779181
-0.7036134023249823
-0.35402643059138866
-0.17841725592806654
0.9892062880025146
-0.7576222555848231
-0.6276140942133869
-0.6636498730952232
-0.012344010930454938
0.7199092103964437
-0.6030002273989302
-0.3474960811303365
-0.7740837053002588
-0.8537981263209317
-0.1876394723537929
-0.5724843747345577
-0.1945179785511122
0.19533725826752493
0.7960592477640546
0.905428745110545
0.3541558723567777
0.3695377985811216
0.8503056457500896
-0.1411493296645864
0.5925396147500257
-0.6631975631251109
0.12929624047768767
0.08996800331009613
-0.02224589068635658
-0.9504930868916505
-0.9211467753383246
-0.061568110847493474
0.34081767808301616
0.2295951855487343
0.9402841948197971
0.9159220170889644
-0.6641823158004971
-1
-0.006957403608943585
0.2707576946627137
-0.8842761421355546
0.6871305750328143
-0.8142790892400761
0.48385335823321585
-0.381613724905608
-0.22853165338247522
0.30605001338095256
0.9251268374279638
0.8261628000375942
-0.3649565464484879
-0.039524178399563084
0.3208316368100944
0.20318846147908673
0.6644012888734832
0.2769453777578175
0.8338104847739143
0.8035142705921947
0.040209012258865216
0.3181162834008249
0.1229438738566511
0.7089823613221329
0.6928018684084596
-0.6788631418603637
-0.5156727874661594
0.11199254825278078
-0.9810948353319447
0.7054795961804834
0.8331323935608294
-0.042279590671486705
0.6194782040685486
-0.0023476387402023356
0.47815917746757103
0.2663096847527583
-0.41899845635338995
-0.5488149853076271
-0.22742649027154074
0.20278101656588948
0.7649648530973131
-0.6091748477989578
0.5768794742951757
0.07253277409762904
-0.9857417512037403
0.017425310166327854
-0.713890363165674
-0.08207997948389409
0.8182020811084716
-0.3631087308380029
-0.19498334716147117
-0.14285935417487125
0.2181035300114495
-0.9533542693605599
0.600373924349919
-0.05688693530422034
-0.12377342041158532
-0.21423391236814246
0.23025247899741683
0.3358383905814701
0.4663316098061729
0.6624457644577134
-0.22756119707208947
-0.007146099175900832
-0.6614261323380716
-0.42076019855903773
-0.3275397200057113
0.6679885263367412
-0.7703434331534652
-0.22530227386399357
0.40488507182900546
0.30997070484470945
0.0451642382874688
-0.9945635813813334
0.34955664738410736
-0.3155689058069114
-0.5843264216779905
-0.7705646151234327
0.3570411869033922
-0.2685657445513703
0.6081706397135883
0.17423629200789376
-0.8013945473492183
-0.6315080148866711
-0.49309977027400226
-0.3739871824716929
-0.2322634232732156
0.29810308069694025
-0.7902869628079261
-0.43085132886981464
-0.5801514682632813
0.14477397797659447
0.09491439441770062
0.4557452482895503
-0.6218759748812116
-0.16494289907479678
0.09508342126670485
0.4018917142394939
0.9519680540900561
-0.6295045841725956
0.7982629299716538
-0.4785414310897472
0.968704254534637
0.7408422633103371
0.9722002021584245
-0.9627671278744199
-0.23008317944033052
-0.8394128514374515
0.3925400523658668
-0.2552027146249425
0.9773247479523153
0.7339827783713848
-0.6946509901096514
-0.17080649008037613
-0.11090479651427125
-0.77563563197698
-0.7012263482386393
-0.31342921455541434
-0.09258934315970002
-0.2571858912291453
-0.5520577954200704
0.44281392676333475
0.5511135340229975
-0.48527628688610597
0.8075037780893987
0.016393919706858703
-0.7127625483863642
0.007807012175543287
-0.5675360906510512
-0.8220439986868571
-0.43609979275401345
0.08859393954756516
-0.7070288892819503
-0.4249018680196179
0.9821678173664731
-0.47148749920414856
0.584216790525719
-0.8846667532690754
-0.5892729356899057
-0.05997460255621365
-0.5710180123215736
-0.0069404262390229165
0.46498284056390443
-0.2177019762821041
0.4087099404254691
-0.5545207959336538
0.8987623054597178
0.06816227193615171
-0.4385667650192351
-0.20438173065481302
0.39861793503112536
-0.8859471628930318
-0.4986654599253612
-0.8201115511817425
0.9548845708244352
-0.20556292293666048
-0.15477165033835463
-0.7110062657530749
0.6710051587395746
0.515883803993768
0.6401789719033718
0.7974248483907221
0.9226086553882031
0.2323240772003693
-0.7053414190041895
-0.8361344391062212
-0.5393632767032704
-0.2982954822359357
0.3085163241471288
-0.1434280295526742
0.2601977259006392
-0.622646948296548
0.8883316128932469
0.787629110941941
-0.9886149167768439
-0.2784237993789322
0.9081392723299913
-0.1277360160588483
0.9906539679517782
-0.13442645649235163
0.7782879025189734
-0.4717663566518133
-0.362419201451957
0.12392063417129864
0.09848215465325205
-0.26054904637607224
0.6932003742056166
-0.3553340579757803
0.6878997089070983
-0.8949492543256572
0.2728730122728094
0.6454055698550358
-0.852371584363696
0.8465483913428792
0.12978542067983023
0.7265204543777287
0.06457916891832932
0.7903938563878444
0.3893726167164151
-0.6388825869203851
-0.7885812304330448
0.16540183842047948
-0.6515193027599524
-0.20809518779408975
0.09742320053051445
-0.5428577787958566
0.11684016665438834
0.8531708645448333
-0.2362164165483715
0.8728654514811198
-0.40423433927131863
0.641678921635296
0.39519161701208905
0.3645399789593396
-0.9343285400396065
0.9121727725528123
-0.8151339099542291
-0.5621756228363501
0.9966873217991493
0.06327735251259886
0.0775354897175657
0.951038493310738
-0.005598833622132037
-0.37536783326002565
-0.5224534751234434
0.27958411203426364
-0.10205495923675069
0.381741016936192
-0.5966712770839716
0.7871358430625641
0.9418069112911639
-0.14392180591462087
-0.34665142203534016
0.19388002913469926
0.9063934054608794
-0.4712396330189071
0.6525845696410484
-0.9181957244584087
-0.13550039246041073
-0.9522022218686376
0.4545777414102225
0.23393443713336862
-0.9412580523700509
0.4598137778266448
0.1440578825569856
-0.5886175148358346
0.8874273056273074
-0.46244144567968865
0.5487548903609066
-0.09712960477535518
-0.599299498640649
0.38166699160122747
0.6180481915383071
-0.8769005679663072
-0.13492753265168134
0.987402533807031
0.19835907214257395
-0.08798781430793794
-0.06742517037887817
0.7395991543794217
0.902503187112485
-0.48873579962883223
0.22443642399814429
-0.704102083566213
0.5990779384005533
-0.26932074878491385
-0.22846797224611132
-0.9613854917406891
0.962683556605185
-0.44043208737653544
0.35481826462976307
-0.2969502215070428
-0.48238568870900317
0.7474029570268964
-0.9416905459208609
0.06581441238875006
-0.11440815245063042
0.3311662442254505
0.2939698131357155
0.07180754386270459
-0.9261212291527232
0.6070670741985323
0.5228080667557088
0.8284382106326453
-0.4619838755544571
0.042109070602172935
1
-0.39217537934528107
0.4688317628774571
-0.4899303961704895
-0.8736694454085848
-0.8349904603250415
-0.45636259595702267
-0.8900740621581125
-0.17363899419660678
0.31577325868533557
-0.6485513309778018
0.7908407897725587
0.6622400860199931
0.36681729451573153
0.09285130410165247
0.8229820219869304
0.8360912801667013
0.15329339952667168
0.21942938190019431
0.8387636422715323
-0.8351030888739718
0.6870417527484775
-0.23865502242299233
0.8050934331552755
0.9703372706159097
0.8033985289799772
-0.9901371491870692
-0.9675155284045774
-0.9076805481408912
-0.9875312395327444
0.6151334319341653
0.776847496561723
-0.7547966897192129
-0.2197326334574051
-0.425949407901227
0.9051109702771939
-0.8283599008807462
0.023201521259855556
0.8926682506318223
-0.811688428244675
-0.5403821300542494
-0.3455083429159307
0.2978977168633521
-0.999676872732071
-0.21769064896059187
-0.6205835225680236
0.46952500699998095
-0.15814408869741506
-0.3447615085621514
0.7643928441209936
-0.5397868667201792
0.07874721397304331
-0.222521171989212
0.02031525194612578
0.13004514149992086
-0.389012695988721
0.7420529074541725
-0.7695971978079302
-0.3872350182634322
-0.02653929761067025
0.8961835487436166
0.5586176295875838
-0.7787843494758661
-0.2858975454516074
-0.7510750304749354
0.8377289543510489
0.37356448785338053
-0.8631108195302285
-0.8021491250626441
-0.48769996589459835
-0.7351523312305831
-0.5210953086334252
0.2410315594267264
0.16207981337124008
0.4753113124890013
0.716216708035311
0.8454155588620721
-0.28877247313012777
0.4313123022058888
0.7169433459991276
-0.9012747262636853
0.30373058914346424
0.40027946538284853
-0.7404764198114705
0.9999096712940846
0.1381243335113124
0.24474867077344445
0.4933360062787776
-0.9943579931807708
-0.7808604395308119
0.05884092322985754
0.22475172018556236
-0.15214987228920537
-0.4685634350644293
-0.06836866935578238
0.9486534676028324
0.3991649210064748
0.19957751738476037
-0.44769372121923406
0.7787387942359917
0.32121948004674233
0.1028110470577408
-0.4154586944083846
0.23774037744165485
0.1649550561990206
-0.6987467395187481
0.3310433297170961
-0.2998994739587108
-0.16495797033814852
-0.604629081971645
-0.3494858822091413
-0.2910263876436846
0.5347084299801278
-0.09590912816572378
-0.6805169915580145
-0.6190620783094996
-0.054093211735167214
0.3757590900070679
-0.8725274418010378
0.576242926589598
0.30923263041736954
0.5953677679135885
0.7406116456149092
0.6108709284104434
-0.20182353131959788
-0.5523572108890051
-0.41397100545961807
0.9642056318854971
-0.453201252263008
0.5871572460288551
0.345101693631588
-0.6025984266163331
-0.04647899069671614
0.8928792516916105
-0.1183424975704674
-0.29272061651388853
0.8879141492035267
0.7234700450406514
0.8421745026202948
0.07122697186101282
-0.4614458669553729
-0.45303279367802607
-0.811257633991387
-0.1978845104834292
0.2200890740446254
0.24667607732834546
-0.7079787591729203
-0.1925689755812457
-0.15143449021705704
-0.23459131600991995
-0.7729574014060123
-0.9319784841051265
0.3830870066634609
0.41790866495899426
-0.006921062861603923
-0.4121480868890352
0.15388109831988303
-0.9883529921871516
0.9113827884343155
-0.8698332238780441
-0.6677478560144547
-0.5501008217580085
-0.6049857758456264
-0.05372191962021286
0.6873947147953492
0.1411806841729088
-0.6856401886487979
-0.8277605916212835
-0.024120673439185763
-0.426067773718775
-0.9719120895015188
0.053878613068165146
-0.9030769312077184
0.7859808941239997
-0.08948597100502531
-0.6870500128276494
-0.4982195576655772
-0.8599951818930742
-0.9181985427174275
0.5165029816802945
0.5667707315337067
-0.1307076273382238
-0.40994593390964273
0.007116178146593636
0.1994890780598638
-0.2708476754400748
0.4195996302119081
0.9594296981829467
0.34317992573608
-0.28479849128919293
0.9014569121414663
-0.4565511668307245
-0.7265773526893671
-0.032243016121836575
-0.4790472101463146
-0.5308830600783258
-0.9062886654349398
0.22015398966150443
-0.23369602770690184
0.13870493512651846
0.645031819121035
-0.7430681349113634
-0.038441854521235684
0.6178097759871133
-0.12814056969707083
-0.5631918527219901
-0.885060114660248
0.6606521352574213
-0.776517511215801
-0.5655383139007044
0.4778583600583556
-0.45029662436776846
-0.921606053661749
-0.6255834514397804
0.14968860870708842
0.7214735327487131
-0.7021047562994913
-0.5360304735576509
0.8971069112386644
0.6844176062661038
0.6907953331860905
0.7308911111728
-0.9612070185938211
0.3027672051981673
-0.7317096407709176
-0.6713586451540932
-0.5783210147288442
0.48586664387429707
-0.7327825862695736
-0.03546718362696571
-0.6118494944929436
0.11741424318694846
0.9210183607515996
-0.5978193054289048
0.44863568802263765
-0.6301738902013772
0.6131579380446862
0.8463961585871038
-0.9654186207091398
0.5300233575971842
-0.8137115567181824
0.7130624300870865
-0.06495185188332787
0.776466675340687
-0.23282762237551388
-0.1161601076258661
0.5914978286722573
0.8252767133924358
-0.9168427806099101
0.8358785949180837
-0.40954208489938493
0.896835774538408
-0.5366858314245595
-0.7122074515357576
-0.8114090738176685
0.9232934808212042
0.39943356165359056
0.8089755020635825
-0.7190848559124305
0.2907114655202895
0.7757232892000986
-0.7540856094561188
0.5309251246171331
0.06004022374454143
0.53982282907951
-0.29249213498449417
-0.22042631303279775
-0.6205237530690846
-0.4888937566353636
0.2683716286061535
-0.014721890496402011
0.6290331904549853
0.17725696046689304
-0.4362966787256566
0.9994615170202841
0.5202618822108702
0.4459845431597626
-0.024054198482641023
-0.25439241597593365
-0.5272519089248556
-0.5619554219250663
0.383885510986016
0.6493329745752682
0.9365775099748817
0.9891610991750421
0.7318904859327844
-0.876263246260506
0.5327993085834474
0.4538503443853163
0.6852258772439087
0.4658638200042581
-0.3377770735063695
0.666156803926238
0.9277266505492412
-0.6013681102072185
-0.4543881576059643
0.7098963809330534
0.008802200616233045
-0.8334432305021593
-0.8956315296476975
0.6126009564762168
-0.4593718618293784
0.43020485227469096
-0.22032881800928322
0.8287517752959886
0.6022651118059591
-0.10023903809824523
-0.13859866418430244
0.9011440769128308
0.14937443259477942
0.9484087787109925
-0.6201908215599484
-0.27496105183901565
0.44844836274147876
-0.6213530692718965
-0.4789919022777397
0.22469378763559417
0.8428112300850656
-0.5747144763327063
-0.5676533085640438
0.09653298431358896
-0.7881292102736701
-0.08194105450939479
-0.5487845432887913
0.8940216528820075
-0.1777794280171753
-0.9484653280769753
0.2460510840261523
0.6210597606812504
0.372800520076148
-0.02005702350295013
0.8345305803316537
0.8415720568001493
-0.37012914035696304
0.6512595945194304
0.9751381701356423
-0.09927914066785998
0.7269197535974479
0.24593490284927808
0.976720612355965
-0.7860772507328404
-0.9370357999768262
-0.3212910529845964
-0.5946383742434052
-0.11140001271109153
0.4261949198578518
-0.8808021237448624
0.08278285338161498
-0.47038882711854385
-0.6581935238677689
0.7424300771426987
0.31080639961622347
-0.6929672470938188
0.5828703858059772
0.9685632764908277
-0.40481565504674144
0.3114242026384525
0.49756027012867016
0.5024506855992176
-0.6174189388892889
0.08865049608521552
-0.794799078280427
-0.4248519834685822
-0.5080979876044585
-0.8681890068333309
0.479070572972453
-0.3511979608486364
-0.6901807100075901
-0.23212801727831966
-0.8919537525484189
-0.22584018917510326
-0.08105822760079807
0.03857252130888886
0.6748283217593333
-0.9702172740901586
0.301481215087882
0.33919621702824615
-0.12056378130029846
-0.37505043048670417
-0.7545797302991287
0.4013772217232448
0.5504567503409094
0.027711879285833345
0.675305489269113
-0.8764288652937305
0.4134760008857925
0.8284749969419137
-0.47909445292074454
0.7302761956199698
0.25501581262416206
-0.26694259396464853
-0.6786013044313404
0.26768005924248395
-0.3361406827986393
-0.909746910142945
-0.4863482130605584
-0.2647639608312352
0.7636337062214529
0.3040346399767883
1
-0.13791250116488726
0.2208323814839218
-0.694255871555187
-0.40831109993721104
-0.5212435627668474
0.9235789544192765
0.6152057020836317
-0.2939796329476085
0.726145833005328
0.8175672162533716
-0.8515195544120345
0.3276108670614404
-0.11554034503966382
-0.9798482166450047
-0.6096412639842868
0.8145200755355142
0.663161032350985
-0.5742230296924303
0.26362109090062497
-0.2203384772946
0.947469461442043
-0.10305613360101731
-0.530481085884573
-0.17173055810442883
0.80637158170312
0.43843725359434393
-0.4374513857351441
-0.30374350912391224
-0.8295122775153947
-0.09842143883197998
0.4862555934480715
0.6706185663625555
0.1265338553363029
-0.46159302928802
0.2811472530192433
-0.3293196042233263
0.7516492857608118
-0.21530262033484554
0.06277882648170675
0.4871464801996116
-0.8329698038223392
-0.23890383157539308
-0.31327967265375006
0.6987999121323689
-0.5843763304354795
0.14744588650927465
-0.7388501578165906
-0.9950685770299861
0.42817099225904964
-0.38904859498225286
0.2678855986726123
-0.01792570177196291
0.24046553680230154
-0.5367795148891783
-0.23502470983540313
0.8668694652790424
-0.16911585257745737
0.9748166190755542
-0.5880804741665375
0.8272348042964215
-0.2922844482802885
-0.23155122612420745
0.5443473449880355
0.01831000673255618
0.5414487703761758
-0.7695067726176731
0.7048483888593559
-0.9428792513417931
-0.11858640652285055
-0.7702803475590453
0.16249041239261852
-0.1392845739329731
0.670141498831698
0.22467074824942074
-0.6276871753338487
-0.3115365490613226
0.7326363144293668
0.024253756472413287
-0.34583867588434186
-0.8117581374508411
-0.4597684038347183
-0.6392633055282018
0.12515021802642712
-0.5536706294863107
0.4122997052868299
-0.4296295436964133
-0.6284926288832856
-0.2659240088456038
0.5132739433830544
-0.7449325179377319
-0.5672089492435096
0.9375509634625382
-0.8156454952881401
-0.17403525386932645
-0.6764974204547013
0.8211939247086097
-0.17684128594127138
0.36182364464509403
-0.6444114886633174
-0.022015348195878814
-0.8250458529481641
-0.8893255391321433
0.5731367156571037
-0.5804411527998574
0.1476871228336677
-0.08608493282379324
0.3161893058992062
0.18272610764597144
0.3162713659648452
-0.7414908103810778
-0.8594535409172046
0.7770817985029393
-0.09862330736565782
-0.6673014049176245
0.06680254249340596
0.00031524813276072837
0.5381173191818602
0.3735462542873773
0.44185317229020893
1
0.40119728473246813
0.48916054638092643
0.36485782554740936
0.990636221670845
0.6650458026589021
-0.4063492334338453
-0.5734258205785785
-0.27555029336974957
0.6825756063148019
-0.4103198715900195
-0.5339798642930468
-0.5947302426556947
-0.2637041238040149
-0.9545717671489482
0.2201802585943513
-0.5957258364885135
0.5580893054732803
-0.6893338387411857
0.9972655519563186
-0.5931733309922633
-0.8683501410900023
-0.3058263317766364
0.4039637332209284
0.6617884526033728
0.21625409183276448
0.3950743933478391
-0.687423941082462
0.419993168191864
-0.6997860837849756
-0.9902648141307461
-0.36847402397055845
0.5092737769695107
-0.6900052709523304
-0.988400800940769
-0.19140498588725038
-0.5975190423841307
0.8607662820405447
0.9539967241841166
0.031586578174877596
-0.6570664012689231
0.9256192666944346
-0.8558424809950103
-0.49163735759849125
0.36659295218748283
-0.8817925528323072
0.9324215855345352
0.5922731003489211
-0.3491003855913427
0.0658834164711075
-0.5914608123182226
-0.36162183581609636
-0.729518748719651
-0.19251694896728871
-0.9250161745064199
0.060588912678955754
-0.9373431654577853
0.9536420577365751
0.7495487606466241
-0.27421915092009724
-0.9277455781199163
0.013036133605516984
-0.5794076228608106
-0.15299469922791642
0.2861701762625522
-0.15903839760314822
0.20905390339533145
0.15791285761449528
0.4746247844926772
-0.9191759553688857
-0.8494200326317587
0.4497963039777229
-0.33641165125926387
-0.16601044717154026
0.007390230400752327
-0.16611365107612797
-0.03239585382369957
-0.133690907518997
-0.20830602152783076
-0.6805907861497075
0.9169439050873487
0.7914986343407981
0.8684133937081453
-0.8555778247620497
0.31782309664378844
0.2013403465434889
0.8950884738477733
0.04088180573433569
0.3957941504937796
-0.14285801240143176
-0.3916804384611737
-0.9985747262257842
0.4742869152788886
0.37096774815836703
-0.767376778695883
0.8923989792544486
-0.8512231125548493
0.4772208141847473
0.41438327448402745
-0.9339356238506376
-0.036943296334203485
-0.1484275163925447
-0.5984490750943352
-0.4796401730854624
-0.7260535129801486
0.8543067025734431
0.8165186103033883
0.46105930468168904
-0.241556938147252
0.4039466861159005
-0.41793170364611454
-0.6300604087469103
-0.15004810811699337
0.5703141427198323
0.1747228883472186
0.5145474556329671
0.5938641872301988
-0.3383988109610706
-0.05843132245600412
0.49424338736730533
-0.007177464997031797
-0.30163323754995613
0.16694033583059903
0.4842720028887346
-0.12190816830469015
-0.6754179254527849
0.8313292931957603
-0.09067272719791125
0.41567622069073223
-0.980069618445724
-0.5284906529246299
0.10174456294191475
-0.6000355160001238
0.7615653805157298
0.11063895118962647
0.27561737073355447
-0.9638848608934721
0.6556759467722217
0.8668758175229268
0.13756997256024286
-0.2204315160031461
-0.8427138604562086
-0.30564694496194283
-0.8217396257855469
0.9874868732247482
0.20890025148579192
0.6083542266085943
0.11629370877987628
-0.08402945487610464
0.12676445210545562
-0.4492421878232778
0.40843481226882533
-0.8488789362657783
0.40727086327444645
0.5175421475051148
0.8394701942620413
-0.05391787357635355
0.07631152147556816
-0.08280263794668478
-0.9753144457240829
-0.0655291976730229
-0.47541647995248126
0.38971575753541077
-0.8255440710008866
-0.7917191328092147
-0.21453434815708602
-0.739985356819668
-0.7460034536179964
-0.02183318608303472
0.506467074852827
-0.25988335648683186
-0.8460740813686249
-0.812583304531841
0.2946084059873972
0.7516459958308124
-0.1597180340674183
-0.5940043101551289
0.6296396386477398
-0.4136311483806057
0.029344015322805672
0.4257301353987543
0.19759056973766895
0.5649725714575908
0.9107360902524353
-0.11153830719218051
-0.5982060714176065
0.3367646634248907
-0.31732005788177964
-0.39173059033680546
-0.9905609612217203
0.3856454547918673
0.877930525628234
0.17861992345869346
-0.4733972541980671
0.7135545588756599
0.08138312739819076
-0.38731198525127536
0.8218300227073503
-0.8449315270714605
0.004401067726151157
-0.19262061668545943
0.2172747934123305
0.5324703716578808
0.6048551961552041
0.24194287194533207
0.5689822413630797
0.6906311854468763
-0.7314551117701368
-0.2569091287107582
-0.780863402418812
-1
0.030235890486124205
-0.1585768499620658
0.9927735686508237
0.2299539032750637
-0.7882635785672369
0.4437473223491787
0.7594056517784007
-0.07527612092742958
-0.6886907283779994
0.8311821817238844
0.08273102029005225
-0.6617528906632072
-0.9497501102959027
0.33156164634930807
-0.19502770348640414
-0.3370568481125207
-0.21422589558236413
0.8863698337485353
0.5084216975119199
-0.6382022877254235
0.6541822386827678
-0.47667397028982456
-0.24406742554476357
-0.5612587651089552
0.7732655071464476
0.9643818672668217
0.4049161085835917
-0.8050494776022342
0.988336614252622
0.33563015418216513
0.2536548277188103
0.7729934974256529
-0.9804611501879567
0.8509654129940714
-0.9028702814720234
0.44067962816567813
-0.10503769344680298
0.4203687894444053
-0.9293368117197814
-0.10739712430456116
0.09854347711610337
-0.9200747752291085
-0.6423261124339201
-0.6096315532001332
-0.6967542532523613
0.4543591549067693
0.6649632540610004
-0.7946751660234573
0.9177498351832142
-0.012405791616971128
-0.3315115328591539
0.17087693148860278
-0.8104455998855917
0.7976646997361974
0.5713640949033779
0.992543906104841
0.43662572896319424
0.9389936705050966
0.2880525214437948
-0.07139318437868325
-0.7092131777922233
0.6977512767028679
-0.6162977676193963
0.48603863953877285
0.5404844192795875
-0.7014300443458633
0.1177747643562456
-0.22172159555413284
0.7521262157981498
0.6626557651678395
-0.35749504394368486
0.6251868689945826
0.8202447731684719
-0.8298716117065226
0.48481835632637454
-0.6687969169529487
-0.09643754779000262
0.6840432592503801
-0.2821115319289255
-0.008480050211365817
0.8495226827237603
-0.1397772838368905
0.048647453351705686
0.6112324985486692
-0.863984091695084
0.8085204448883946
0.09866375196525731
-0.05791811987522236
0.7418106839424152
0.7395003137022267
-0.7995721812061555
0.5864093263691528
-0.20408569027247264
0.0887763076042142
0.09505365385855691
0.16384612906260804
-0.9826182485190333
-0.0066810998164083145
0.9152280913285266
-0.2155441708688014
-0.6154318079519523
0.17833606822484319
0.5480577904258122
0.5321915943761869
-0.8470916669582949
0.7386958093324257
-0.21808343655245338
0.3456449662739984
-0.080757621731401
-0.8624597801851932
-0.47942509513192855
0.041022191542647954
0.6491831649492941
-0.4052153231749652
0.46390929012591475
0.2948402320623985
-0.3281263000131003
0.4219598355468577
0.7101089903258506
-0.1819396642528941
0.68261778490021
-0.7938606676698767
0.06996798737626529
-0.6137252014735164
-0.9649745275336338
0.02648466667534268
0.8214244117243983
0.6895292162209139
-0.8968662874632352
-0.6398675296671251
-0.5793224351575073
0.3959959078718812
0.6188185808412262
0.40641167684837565
-0.7641083010078403
0.6147707528326829
-0.3457606854490891
0.9204921580370191
0.9762937588103827
0.6577245464978124
0.48465146582949653
-0.8634746118171276
-0.23116759328458772
-0.13050813715768234
0.9718110996823343
0.9232841878039488
0.03260349548696893
0.09615660644534935
0.427832385513892
0.9748782968935952
-0.44192023170517236
-0.7918584570034181
0.3627414400642101
