0.6652103502465426
0.39487755713552797
0.3375298679246708
0.979642730510645
0.3182207309794181
-0.7261231853041179
-0.9225899577286604
-0.22736565023678326
0.1213003332542682
0.27565197974188993
-0.7918512221738034
0.21515896586877292
-0.34809544051215463
0.7761724765329562
0.4177498413962051
-0.8764557570938759
0.8448818565167819
-0.4944546848103736
0.5734074771166577
0.18358392979449303
-0.7299132423593016
-0.3119317311692854
-0.435951841130423
0.29941294915399286
0.484447345927788
-0.24203091289794718
-0.22943824952025732
-0.47947780785442123
-0.6442795626105816
-0.28277654037756184
-0.12170512138572559
-0.7956346938675837
0.5871697600850745
0.27924833759197387
0.6901480633846222
-0.12490266497207209
0.2752131769386491
-0.10653682052125774
-0.769208487104556
-0.3038422082456569
0.5613240202822009
0.20428415637052472
0.5445352071544549
-0.22510742462584798
0.25883198630659876
-0.0814760007841786
-0.1741377644791487
-0.04011418592951366
0.13755177916512284
0.7000905811069355
-0.2459752118142081
-0.9444139310044317
-0.6825842639168266
0.8669446636346928
0.9515153184562047
-0.1983736878664178
-0.7330893421339805
0.7031035763675396
0.8422803847585801
0.20211589030786162
0.9471040676170771
0.5768673011757464
-0.0524897844375902
0.48112343715864475
-0.011214828423332438
-0.8695451843364356
-0.933070076361211
-0.9049685664160613
0.6097699209580869
-0.4973380109561827
-0.038711164047016335
0.7363534117241323
-0.4450183778635421
-0.10585082894024453
-0.0960143750797997
0.8237689257375173
0.18928821871201376
-0.3971380885501663
-0.5238348103770035
-0.23584832527482544
-0.4940497899319046
-0.07273864780362199
0.12146923099779562
-0.18457570214133662
0.8347861543521272
0.2555657610549497
0.9294319296650787
0.18984517091866027
-0.7506324371310013
-0.7872302922607581
0.5341937663590492
0.9278584484033219
0.01196060831516178
-0.5523428112982353
-0.858882097733106
0.507385571237388
-0.2770666609652628
0.9249739413323776
-0.6177418682422111
0.38419154717755927
0.6666487403208768
0.20511156179484769
0.036423061446164334
0.5438312102437244
-0.49873205024558376
0.4722391180823907
-0.4656348408589001
-0.678464820941846
-0.9692829634601228
-0.31477542909881584
0.944805591823324
0.3902837602443829
-0.8044339509267854
-0.7963601122442795
0.5854034537986527
-0.37506425305338054
0.48566040508202785
-0.6062710177011001
0.8465626945271998
-0.2940708362206263
0.35606471531435707
-0.24370939494948204
-0.7313526407194364
-0.03192824557778299
0.7865882672883285
0.7681343677581516
-0.27528923105654174
0.4568618066845039
-0.8915887618413313
-0.5077327215153962
0.016568732666831107
-0.36701608542994657
-0.1122933911129922
-0.014625045793774792
-0.3846215798177252
-0.27237134211044944
0.4953763049771727
0.7830645209947285
0.35786577132874614
-0.19810035041931726
-0.3989589918535211
-0.9933999725819739
-0.4551232877498112
-0.0469721269320699
0.8130867809989539
-0.9437281474219567
-0.19320742899216203
0.6788334561116347
-0.44688007343688013
0.9604211237783045
-0.4068578778863343
-0.2411381719618277
0.7115084869539404
-0.7614792914105883
-0.4092733299049143
-0.6970257018830767
0.9737889380082809
-0.4948567494421061
0.3284299252257176
-0.42045161942966913
0.06878305751970255
-0.4581053124930783
0.401416030616801
-0.12980376198662186
0.9760607766416588
0.410286373713966
0.017030600244900166
-0.4106906641100271
0.3220833422239901
0.06618199854594851
-0.11120020319004695
-0.32034970591172174
0.5716537376049841
0.08193409654826592
0.7018627933027598
0.6717332014300497
0.4199064057360532
-0.3206714983114552
0.5477891755567804
-0.7784961577872397
-0.4215382687640363
-0.4294276096847925
-0.4753275520859326
-0.3647855909533392
-0.8953029665664729
-0.41239249440625353
-0.5454206691386314
0.2010215528009944
0.8356731531930209
0.1047709865231987
0.9618127871210275
-0.7543092417265744
-0.29462505738379097
-0.20212147968542177
0.14769787053858566
-0.1725404550261171
-0.6083920587530267
-0.1456936280121759
0.2656139579793374
-0.03702385148121867
-0.16433015385313343
-0.5294313684066342
0.14780679212792777
-0.8436292911233338
0.3231579777758857
-0.27517601481282233
-0.035251121273627326
-0.5771219804533693
0.2375707644415193
0.309243657775328
0.8937945575534243
0.5688599720430766
0.9455490017070517
-0.7555855441119655
-0.6422554274615363
-0.7882131792333829
-0.6458973933317879
-0.969977175327312
0.06907500094678277
-0.2209871606332605
-0.15907506054224618
-0.7975051100218069
-0.7811915169343802
-0.5289985902279529
0.41876442274151005
0.11805859342667212
0.7102897220078332
-0.4977487482551889
0.6570608360681449
0.3136946379519541
-0.12877373100915696
0.01865542624392695
0.5225238987971074
0.2890080326782292
-0.20298045276040214
0.7562701531781729
-0.9878570983042472
0.5891477085437018
-0.22074490739739494
0.32619551455010093
0.20829348675607667
0.891134689852506
-0.7909565609232473
-0.4204475159604143
0.6413085825732374
0.2402834630436679
0.42185532898411326
0.4271191427050009
0.7046122871390494
0.31150301757626375
0.1220840332705954
0.30194065235863393
0.44768269238487907
-0.00895996745787121
0.3467369206672099
-0.05088236139455577
-0.2540834823875469
-0.27876919799294536
-0.045723373304729635
-0.6505328561676347
0.37170446589285033
-0.39695440626604056
-0.9388908556605045
0.742712145486981
0.8192927975250103
0.059736504017850224
-0.291129646777178
0.9013603088487574
-0.6562174811244673
-0.7452961760345044
0.38909685014270573
-0.22509897631861628
0.6384426749314387
-0.11651246504082063
0.847067815793408
0.19333561994581366
-0.26069139226239324
-0.3281149058693135
-0.7979000621266902
-0.08835632439886748
0.07037544921298852
0.6584416438497752
0.20842871751052341
-0.2234730869471605
0.045365747629013346
-0.5533350921436475
0.2114587372669715
-0.6454281932625493
0.3739302703713183
0.6142286976179535
-0.16347093295818438
-0.3899962530251919
0.28992020104939453
-0.4747794226135302
-0.12512191392248537
-0.0256747588175483
-0.394618333921239
0.729333553339272
-0.07158753293615076
-0.34749998010472005
0.43925945262086213
-0.8525126743039199
0.30871784828111537
-0.2710556896337991
0.04632485854961503
0.9632887924481236
0.7208227492952258
-0.20252745808240252
-0.9106672108441013
-0.10304292848222561
0.6105370154493849
0.7053430723680534
0.5634778059184783
-0.5168849545552028
-0.4925964301841044
-0.9843940456145449
-0.6895567790094919
0.10125042888356205
-0.16228173029518989
0.06477700566179166
0.13612676466197182
0.329239997299687
-0.735577594537413
-0.9771277293036904
-0.7833370571899336
-0.1430446161605603
0.08866132559570335
0.9070371503981889
-0.9982817582301314
-0.6987509731222544
-0.04288886635542133
-0.34772431599042547
0.3054133960596311
0.13870154787515038
-0.1144078915229383
-0.6552850964695209
-0.07880719245830456
0.5757069883963395
-0.7548593593900846
-0.17184359991818277
-0.14991269020444348
-0.2717905951138998
0.2860269076364671
-0.1696742582273534
0.14552552109014413
0.6288470688065549
-0.5979203543490877
0.5225418177806632
0.17449639743389475
0.9278348815990621
0.3540405903560079
0.9223208071395694
-0.6729843580404079
0.9567943231954096
0.7280001608991111
-0.4077851551371192
0.4924257482560855
0.12582997433433965
0.7290547155971747
0.8908922047963822
-0.1799943510701725
-0.193508768423271
-0.3952914038275018
0.639686926768641
0.01734666377769662
-0.8324740247004151
-0.76805600510892
0.4302793085421038
-0.02989416253557812
-0.6023583845278825
0.6879128762486985
0.7806071941402276
0.03667125526314016
-0.13815511281747725
0.589516021428563
-0.4047541432787439
-0.9042780332723774
0.270084873594947
-0.9444369616835109
0.959158273887722
0.3176551415277744
0.1346293181103501
-0.6977150513718641
-0.2848177791743318
0.8731145803206442
0.6922906276543923
0.013887740953765033
0.12822016410201206
-0.8158054572223578
-0.4387083164566002
0.9752498473010757
-0.9249444404892068
0.3106216921247388
0.21638682733550255
0.6189993692047543
0.4540175188662475
0.4586110434284436
-0.46114549602268323
-0.8223220582875833
0.7084832345113776
-0.9906238731178447
0.35875644189309935
-0.8160591683751282
0.155057802958948
0.029626500241898723
-0.9116074356993245
-0.8625446761405776
0.11259131790680976
-0.5556646831602998
0.4092935091429345
0.2717673172283197
-0.6684233673677176
0.6175745727896547
-0.5398915332881511
0.5546935741136986
0.7029397623699818
-0.6107849256135387
-0.21744934729726112
0.7126325933644745
0.042633883398343
-0.8003608758602808
-0.14162217870672367
-0.39667824114968375
-0.09069858960415478
0.5369510697666257
0.76187237611544
0.43710194651937734
0.5729219401443431
-0.25475579750325683
-0.6219960247033315
0.85696697372614
0.8185961261988008
-0.595331200667531
0.4815768019687489
-0.8577561752733937
0.9428089797219233
-0.001218774962125626
-0.3468554298477089
0.7463135636072501
0.010560267990226146
-0.24823058760781472
0.41717641588816384
0.7992420263131068
-0.7742890860314295
-0.2245650735894045
-0.5545485329335252
0.06943075182143137
-0.5937137984448951
-0.2151265743578518
-0.8404906248935072
-0.3595260350601841
0.4892868100345985
-0.2404027873440762
-0.24921224689781596
-0.21640670152502942
-0.3979377846119496
-0.5156891157621051
-0.3372465663246754
0.12076339737891591
0.23286671010435983
-0.49176854958066235
0.9441060943069011
-0.5577051261266952
-0.8083454359122407
-0.7851114018691898
0.4225763280772139
0.48161854995918435
-0.06709259108759227
0.019598994178638904
-0.7899054783813735
-0.7980886181145687
0.17930148820435277
-0.4040277323045506
-0.5621393650683505
-0.7592735729625026
0.49843326030007173
-0.7162857809224791
-0.868828966949544
0.5560871841941328
-0.20131451269706482
-0.6664559996989762
0.86029355233123
-0.3509861647509318
0.4014207496486063
0.584168801662091
0.8478592400113083
-0.2552573231201598
-0.06076730850245043
0.652378155275277
0.32352968398149035
0.05313347859096936
-0.5597074265213702
-0.5779657434466322
0.7964489714224408
0.6797562321709443
-0.26769422637444495
-0.8892322619136993
-0.05135897360540301
0.4138174553950254
-0.002181941666979153
0.07517628178733674
0.3351577570128728
0.8463510277736901
0.679975026643908
-0.3920908436276798
0.7768717958912655
-0.1857477845843207
-0.6174427302229349
0.832906066241633
0.10635637939873165
-0.12214145485379424
0.25667483026441046
0.5379487266957284
-0.5458308470775352
0.9524253566145033
0.0010440028103042964
-0.6233432906086993
0.7211629473639958
-0.8286977173199189
0.8367432566947742
-0.9150665079205891
-0.29942715852317775
-0.28550519038693584
-0.6836040751469553
-0.6552480108192323
-0.995735206436799
-0.0632049127993185
0.029255293290962353
-0.5301722404972381
0.795269143995122
0.33384355341256094
-0.9729961210782804
0.9142053247122973
0.9661513215104178
0.15272807806740432
-0.15883549778684175
0.3677420451026712
-0.23984197827750242
0.47023787095122604
-0.2195863695744158
0.8024313143624575
0.06560213736246494
0.5041377952595357
-0.0737958863354701
-0.6162352587673798
-0.8722532994319263
-0.7069139620978323
0.5809421516374798
0.45814978628816144
-0.36413299209359706
0.5705224540593182
0.5479906076490665
-0.30154440073187777
0.056383923808144235
-0.11953263363112074
0.7409410949561124
0.8925739198285736
-0.43729410015710735
-0.3069295515443817
0.43768837568915514
-0.24084379400341924
0.9299944869720588
-0.28238478398911904
-0.4494957210792143
0.6655525790702342
-0.8661868866535967
-0.3337528633406623
-0.8699026687195471
-0.6508655127927364
0.466751543478941
-0.2624677860809925
0.5886222148184934
-0.14365771600869143
-0.5589302054788458
-0.570813724592676
0.35182383342758783
0.3963385119828613
-0.3733117135924938
0.3163299576257432
-0.5329429535021705
0.7244000423186387
-0.21302042068755403
-0.02221392313811053
0.7199333400009613
0.5577262745293988
-0.5936651654640964
0.8315035852142458
-0.2900963015776035
0.4472319944872223
0.5665785099531879
-0.9568042876676975
-0.08454898155897037
-0.2483466481795995
-0.08900261660472236
0.6148139323082968
0.465936514720646
-0.5018941202538991
0.7014569341117304
-0.17390085305228123
0.4744700001373999
0.6878210774401189
-0.43801051531051494
-0.7310195100808363
0.19634333257157277
0.13734771276742377
0.3615790216142893
-0.5593325950211573
0.5070175133335657
0.39992190928467564
0.6946247104576678
-0.43404690298554405
0.5805638305136535
-0.5898916629734016
-0.6577764931560434
0.8536794899718995
-0.9429559412969758
-0.5917579631353376
-0.12575966010957126
0.252135721437157
-0.29068556293151143
0.27665348190796607
0.2107839817056277
-0.44333575585567975
0.9075664912153301
-0.6115893795184922
-0.08298636821135412
-0.3226510837782595
0.7809818853875092
-0.2167606999343891
0.9496113430206045
0.5493531385069653
0.13772553922053815
0.8573184691340736
0.20089858563891516
-0.5948321928267636
0.31545278619442935
-0.6404810483733614
0.7927805990157274
-0.028743456441202613
0.9068635127641882
0.6810874312069253
0.20621303273231406
0.9697050787392716
-0.2306787556858732
0.3118733488966898
0.6023478728747168
0.969378947936712
-0.6617775312798085
0.25817493465125924
-0.07555491372829036
0.40333725851708163
-0.30452867259573557
-0.26766889040205843
-0.9456214139076974
-0.19770880490184747
0.9354684250287336
-0.8080267623419299
0.532936844982815
-0.4260586901652569
-0.9338362332910729
0.5043819365197033
0.7350056625989229
-0.7774367401161504
0.0787345033362187
0.9351346563148804
0.2734910753215713
-0.9419637184594399
-0.6991530631400601
0.9919124099723352
-0.9238446842006804
-0.7235804308742312
-0.19214087147003217
0.6676891374681636
0.4864196037691404
-0.7846587774928567
-0.5454069046665522
0.03146034483656718
0.5644701666006932
0.4629195648597689
-0.10825879092333902
0.5072662709272663
0.09943452008540984
0.5200736519682504
-0.8376131909421233
0.3803512566924468
-0.3812168968888909
0.5622492563314803
-0.3466528390032736
-0.25645530108073
-0.26990588200074883
0.21043033977010575
0.9449340148594731
0.7188835071475262
-0.07082051226531501
0.7127634042165178
0.39080625924254564
-0.7982587842819221
-0.5163568735626232
-0.9752396370385097
0.1931912532108579
0.007067571961621677
-0.4232776797623196
-0.7479945149284929
-0.47389088625735726
0.6263473260461939
0.8565891259211169
0.3941953412962507
0.7663490009043439
-0.5209069922774214
0.7105505627621607
-0.8465041219128817
0.92308660634098
0.46824746949963775
0.7014765758386557
-0.5482226187595852
-0.32152000667217634
0.5851049657072636
0.446414554646312
0.0010771144934261104
-0.35029865742351546
-0.6259771972428891
-0.6649627065116382
-0.16948745770637574
-0.10025080293005505
0.6838875862788464
-0.3116696028858122
-0.7403383312617585
-0.26956035811668166
0.12491465714156585
0.5402387884374661
0.018757442341088334
-0.34363133091030584
0.33862224342068453
0.5649246621134574
-0.29605069521419397
0.378546830128438
0.8850229377324764
0.6235650495514907
0.8591372922672517
-0.26551142738812583
-0.565133529095798
-0.872800486166722
0.8620562564044802
0.5429648003973724
0.08889542233988125
-0.034577037301503334
0.6947579964679839
0.22870027927364225
0.1358064584594948
-0.5067190098542533
-0.09288449484965525
-0.5168212196612588
0.512611383267411
-0.7275672963706366
0.8207618332324242
0.4770032482708989
-0.9086576429486463
0.0125214860348768
1
-0.4517938030199132
-0.7420603634466478
-0.4503460100055521
0.720376824548935
0.17249917881584623
-0.9968468430634555
-0.31871103001755574
-0.30421480140657214
0.7386003148019812
-0.9974416515238558
-0.906460619051223
-0.11563608194270826
-0.2675020189395135
-0.0023778152025671967
0.21763551157717498
-0.6570930754255705
-0.39551075352676224
0.3702783164404415
-0.22442558225078546
0.9278565203496811
0.8728699634827313
-0.8305322009889019
-0.611699831533833
0.6723041486219216
-0.3792554920429092
0.8364054045278159
0.35281470437579143
0.6080243614163259
-0.9754911512575886
-0.6581078047703497
-0.7293631831189311
0.8733051549869828
-0.9808481295369686
0.537021045325295
0.2823341638840242
-0.8064808459005183
0.8178438594372623
0.6496539695546869
-0.22093754872031576
-0.3336902495695121
-0.887170767093874
0.5121416081524051
-0.18088651251200388
0.7810567756640875
-0.4016432938538736
-0.723612528787862
-0.09842573894008194
-0.00836900130602373
0.06494115638199043
-0.8873171585036393
0.9163027933044966
-0.08812995345529204
-0.15835115296384153
-0.174715633441321
0.4907284526442514
0.7495397348517903
0.5136573675146496
0.9473207108711577
0.09305193628384476
-0.7897730588295321
0.6187568768204107
-0.6142216837175382
0.510645012768709
-0.9131229778033597
0.38688172109033425
-0.0819434070676328
-0.7236775384416628
-0.1635957618268142
0.4943314077230763
-0.35611129881473963
-0.8045572226309372
-0.014430372001727185
-0.27972266851553784
0.9079439615977429
-0.24842122842521913
-0.35133251125547477
0.1721843648437947
0.5536842399869042
0.9144138401818052
-0.15741559630573645
-0.2359541006467766
-0.16371259030394616
-0.9657208942128878
0.4146134554813
0.22942833230150197
-0.926566901635952
0.9708288885424178
-0.3211572491804642
-0.592573622570359
-0.2633103453262081
0.11301109178311866
0.7238262567156659
0.9192170367503476
0.16538625733337364
-0.23491340672284491
0.5170828879156008
0.7683841464558628
0.9229200533446459
-0.12894105105019807
0.7748712528000649
-0.8061877502603985
0.7269051540036114
0.9354464584228481
0.8487604490435672
0.9237812583293653
-0.7782683100290759
-0.16339582306115213
0.025228562991356947
0.42502931222295837
0.40357391507410767
-0.3647281464179624
0.8738061390505939
-0.31846579289705734
0.4564815609177256
0.27385290801548556
0.4150594546036693
0.1516143340573234
-0.8008488287355889
-0.9393077814175887
-0.20458363502180657
-0.1468677533063562
0.6854321054845935
0.04292054100281634
-0.12535462622731694
0.5213660596624018
-0.007863915713914016
0.6916928165002207
0.40767130992687217
-0.028049419157995636
-0.5956009770676316
-0.3172322139804343
-0.46661777719026787
0.2752231634157274
0.06309532751155979
-0.38124457013792257
0.09008673504402373
-0.5818923280486094
-0.5081923286731055
0.6514177817411156
0.09712821910537542
0.8648959926486608
0.6738730889831525
0.7324848607438896
-0.27625560212169187
0.10123896240853876
-0.8456710799013001
0.25469562972973503
0.8219849237036405
-0.12804541532066216
-0.06280624851858738
0.8768629674365276
-0.7615830189781668
0.9741238524691678
-0.08573690583566076
0.043911631185615384
-0.4295536243279218
0.2982024023220407
0.38016101019235937
0.13370614122834557
0.19873279237462327
0.775726413479156
-0.7128584722409647
0.7911297171524125
-0.2291547248229289
0.7163432441400934
0.5995114043597636
-0.42489991431196034
0.8066570619895579
-0.4238942589229682
-0.9128661401877003
-0.006023629866644192
0.630099640218583
-0.9508079954096078
-0.6147630545066062
0.08820008468792989
-0.8105029275037117
0.16671312386589096
0.002683882989168415
-0.863663008446173
-0.5116358585654892
-0.6749020631625219
0.6428617568125132
-0.3271506872764098
-0.8707503201105625
0.29333119727873774
0.4708254706524721
-0.10673813077834057
0.6960842985792554
-0.1159822011078713
0.764054399656641
-0.5149820824744128
0.3806969037195517
0.7483805979767427
-0.2648105837151217
-0.9716777245397047
-0.21350360349858327
-0.6437851528933853
0.8027217667652933
0.8335854930204949
-0.7556853282507566
0.5927945297024079
-0.1549875426981392
0.9295894935885856
-0.11648769685593541
-0.3709411869358578
-0.9588055125933943
-0.541732886485962
0.25804512874806906
0.06705005294997896
0.6292514589793965
0.742386132921392
-0.10667383292781249
0.3033211947253713
-0.5180413546733258
0.055280939209497795
-0.017516028299523652
-0.7639417524904177
-0.39338673385949846
0.9183549005918104
-0.8159298197625632
0.8556281291141897
0.28525458321793723
0.38436434875456227
-0.6120260125541741
-0.08719075008705429
0.21107911437026003
-0.6958382698891039
0.5103258624921594
0.5391799389905577
0.9856197310048261
0.0684749360999966
-0.32774490316305854
0.6849537148369814
0.3069773512187779
-0.9075224015935748
0.4664825064688481
-0.6405365951114025
-0.35401788033212594
-0.6644857305731627
-0.7815555034368302
-0.9507704113001181
0.9217857063968464
-0.631725223524634
-0.8398654312454653
-0.44259156826207124
-0.2399115455682997
0.5220199068256832
0.2948277939018336
-0.5896270356409351
-0.2735013695401912
0.7202688282422736
0.9081930505867009
0.7134182839808172
-0.13871722717495377
-0.8686769536695352
0.3824852844770849
-0.35375315198230795
-0.6416480398115555
-0.0602890490229992
-0.5470252686158015
-0.12819105568217273
-0.7715569180457708
0.40463429463182954
0.3808266601298813
0.010467879106109402
0.7548011182528079
-0.9544999918261005
0.6054216876458828
-0.5467899226209391
0.33583159887008823
0.5185770394833816
0.23280287220423082
-0.3818607106281785
0.2757179655782716
-0.13157234710306237
-0.8817110045508935
-0.5198777215009286
0.9294326870672015
-0.1310247571927548
-0.970351266060386
-0.5633230461160679
-0.9510682153426437
-0.2469020730685578
-0.28148487752885715
-0.790353130116494
0.5160959496163803
-0.8772522967988584
0.37993761539107096
-0.3328366054090194
-0.6688814523079283
0.8346414609837315
-0.4039467784761207
-0.2253298870217403
0.5249140079219397
-0.828013644479173
0.5086760272532497
0.2980088820287195
0.006664940613117023
0.4353374812531145
-0.08744778872562821
0.5967185710987642
-0.9199752296238088
0.4264161228787994
-0.0009813610561405046
0.15608968509150958
-0.12627399978009762
-0.09161345960377232
-0.9961238311493871
-0.9830082989371794
0.00538524798798674
-0.02764328940110424
0.4944683920381523
0.990845215730168
-0.4463709039096869
0.766791502782155
0.45711408931608927
-0.05746273962134732
-0.7365315427006445
-0.5654296776646992
0.20383509412491113
-0.2536776598188465
-0.9784735125075533
0.862802579330711
0.3426728172640844
0.7346121751664
-1
0.6167087533194505
-0.008036901683124018
-0.1803131631002432
0.012975999602415914
0.5660815998958446
-0.19641574451448324
-0.26721702915379986
0.18195607467212982
0.8346092128757745
0.4257978401057528
0.40074741439705036
0.5306535165251074
-0.39290879164727127
0.3019104051996158
-0.3186539538654034
-0.36529276448138276
0.2381737452830432
0.9334651234316631
0.05727428394096199
0.0721992872531246
0.47369649135882236
0.3462159964477302
0.3870229491229531
0.47887578673783254
-0.35041478936904275
-0.0668793418681651
-0.8563727154576075
0.1189902627495935
-0.7526609072309708
0.7255872544698141
-0.6283808797738681
-0.39862208015296513
-0.5931028021300133
0.6938583198360502
-0.5619851202227089
-0.599603333528789
0.19160477541893334
0.3393093158725476
-0.6544777728053688
-0.6163873042252611
-0.47487851694776917
0.46599941841913406
-0.42587370271962355
-0.17505545974926037
0.20298441208200513
0.2260368545220894
-0.043921850301307575
-0.11023333072827102
-0.6526503797833998
-0.36693390837066253
0.20243673517602398
-0.23776527011152446
0.25637887640549384
0.06699729427654691
-0.061709954458625406
-0.3339188481980277
0.5192136412029337
0.058710082340181394
-0.04492473778781686
-0.8990838499052969
0.9583754207313301
-0.8229396171016992
-0.35231482364277716
-0.8440967141013788
-0.38974501016560253
-0.7277877942705173
-0.8404432628715838
-0.5779643984388358
-0.2305908007652569
-0.9402714695772099
-0.052792412753333545
-0.7947282036122707
-0.4337123592274441
0.09719153151813575
-0.6784237522605913
0.16807182655819966
-0.46700745048452486
0.8287456464909636
0.6168769216520443
0.7382515935155824
-0.8982853286680919
-0.6684796472575469
-0.9375518294515801
0.8223724333224803
-0.39588565195831404
0.24280978616673748
0.9008151398889555
-0.7249253965851165
-0.7196144976349065
0.4136161810440282
0.8466049240059074
0.1859972855706019
-0.21489875327844143
0.260560641204841
0.04110477045522085
0.17005427185183944
-0.7805073684734072
0.18898491250061514
-0.8526090373055515
-0.9057753418908128
0.061451779917311565
0.9043620075700106
0.6357518646306569
0.14486966694907502
0.9069535485800441
0.09881024315890152
-0.3532232941069716
0.377484047613421
-0.22504045935217623
-0.1237282772063421
-0.48638509519217793
0.5101502132426761
-0.8447483919352163
-0.36679819868414526
0.39385713903997044
0.45141872994441695
-0.6479186486206294
0.9338658907922276
-0.7303783084587983
-0.40081767171570154
-0.08377933347867347
0.37512859857143943
-0.003725587447973159
0.5178777922328616
0.47716952428377846
0.8836101436036017
0.4738485887325506
0.785665100710505
-0.6716883649923279
-0.37309049542639994
-0.14039909653436547
0.8932532467291621
-0.7057357114666759
-0.7796433277119993
-0.7084450716583572
-0.12084722086443071
0.7296835940115761
-0.5168887508991108
-0.22805658596221812
-0.6745082449614768
-0.8237020782014232
-0.08285769116532576
-0.5314483351987178
-0.3471770080455404
0.309645309369513
0.9788005974047461
0.9052521930069236
0.2787041521410171
0.35274863391479633
0.928840080404802
-0.06553706235129805
0.5577547086455958
-0.6526859499576407
0.2523885519275155
-0.015881936381508296
-0.09511494922470537
-0.9662353478205892
-0.8843864324521872
-0.05870961488576031
0.289478570243461
0.202373889436446
0.9504427203935396
0.8884827776709793
-0.8182588379794717
-0.995478365187723
-0.07933001424423598
0.16891592745762718
-0.8430917086524893
0.6872988412457538
-0.7540515498849285
0.5704916447873895
-0.36061193498976224
-0.29991609857173746
0.28020906858925015
0.7979882069620104
0.8150697732959665
-0.35119404858995956
-0.0751161522483791
0.23755100580977428
0.1861694661580592
0.5440583693074568
0.1936454451323152
0.906975254737913
0.7854436487272898
0.09747289478144386
0.3821480070298119
0.1936727776892556
0.6740582433939126
0.7159565259657504
-0.7273534573800459
-0.6238041200628603
0.18457910853338055
-0.9952960611701938
0.6457510373023835
0.8715610145335024
-0.024732219609636334
0.6209188284332282
-0.13136354354231575
0.5393480179681742
0.33703382541688565
-0.5163463656354959
-0.592500811778878
-0.2224151428177841
0.12808513287163936
0.7750304454146346
-0.5902075651043923
0.6058518573340149
0.06395619444065313
-0.9043854374943696
0.05526758385889221
-0.6292164824130231
-0.15481441739036586
0.7414715793991065
-0.3513245543530743
-0.13824855800482636
-0.30097121478623495
0.2712845811437968
-0.9877977885843772
0.6682794540276376
0.009900993843717891
-0.05840008930242281
-0.12916312265847346
0.18835501626848342
0.3541991903507373
0.5569398131739149
0.640033699266505
-0.2298625942082195
-0.05599099725930994
-0.7584492618521614
-0.40396830257628547
-0.2754125666180289
0.5488211137383328
-0.7779292116482863
-0.4037126184850479
0.5771222327449599
0.1727569996071068
-0.018027442096237398
-0.9331689859215788
0.34653982695754915
-0.406788037500165
-0.7026967012602697
-0.7955582089346643
0.22267397091057
-0.36251209191543804
0.5950985588603741
0.09690559237010664
-0.6263085328982954
-0.6926677246577518
-0.39389435522512745
-0.3320629549504679
-0.2536037941484368
0.29752756511266626
-0.8312482626204538
-0.4313999768690528
-0.584974980100877
0.051939213329144085
0.07331699152091191
0.4642099285998614
-0.6985942054037886
-0.06700595129629999
0.1574874409304917
0.36020171309557103
0.9594968809518322
-0.5471652124942686
0.819230804298836
-0.5054616288380397
1
0.7350600209164011
0.7691815312651277
-0.9283799434449506
-0.20857573171282087
-0.8605005336997461
0.42436989939616804
-0.173136243533706
0.9394848499643295
0.7356581279026495
-0.7010426919970882
-0.21226733880775642
-0.1450110933221754
-0.8721480129011162
-0.5737386725101368
-0.3283475745911308
-0.1312817203562053
-0.32700426530933824
-0.5786175257594226
0.4289516477228865
0.5205958361830372
-0.3748469577608605
0.9579340158851964
-0.0017895640456026224
-0.624777678304393
0.029877848895352187
-0.38595433805334844
-0.7860804950477619
-0.4657947635378529
-0.025996575710539545
-0.6834229726678971
-0.39307012140440445
0.984505846306283
-0.4338737162160045
0.5006213064230238
-0.9326454156764299
-0.6969280354308325
0.11677487007885463
-0.6407418149780109
-0.015841425223428764
0.5666710179340303
-0.26109590433148233
0.3729999242523759
-0.5109505496166795
0.8986027290001888
0.16544056756291728
-0.3874850460069746
-0.3083554373486381
0.24418624085125387
-0.8520824648219025
-0.500275619164761
-0.8324387397274781
0.9415679898298555
-0.2479469439060214
-0.16461313304750094
-0.610851297057915
0.6462299628816812
0.6910322543428089
0.6317019086285784
0.7129572593697295
0.9289176972021298
0.3316219209971413
-0.7146718618831961
-0.6987581931552858
-0.5437321032520639
-0.4898462027523902
0.16969399955271203
-0.0011905160167344298
0.28693296052076994
-0.6090969132025826
0.8831733403309887
0.7910822527136568
-0.9876219620304871
-0.3268024428117404
0.8524556313957815
-0.013056184524216297
0.8789597103630193
-0.2543386373015375
0.8446359095992105
-0.47994246257454626
-0.1651218587869237
0.2821906845691431
0.12428005717717786
-0.30335087794538523
0.7360116611476009
-0.344487894102038
0.6882674117632471
-0.814313323613173
0.2943513615703719
0.6934944997085206
-0.8161157205044095
0.8040623296487457
0.06511261095705556
0.7495267774338349
-0.028419540932826594
0.6118017420627307
0.4346306377511287
-0.5021614941392276
-0.9505574537754976
0.3299541704388025
-0.5664028409968281
-0.15880323088554052
0.2393548903869763
-0.5080052158678734
0.09713525327666625
0.6773315107344708
-0.2818110994801271
0.8840728417987751
-0.4585344389618236
0.593844995925464
0.44076552534784963
0.3129437460523756
-0.9403184355093829
0.8369438965255724
-0.8259800978659143
-0.5249957678269324
0.7782767295075228
0.06891524028554444
0.24961686108393513
0.9939842419829364
0.1778093567988941
-0.33088806812885535
-0.5082616928695869
0.41563408535819124
-0.07417849308593476
0.3839971106400111
-0.5712380589662873
0.6439519757373733
0.873825858129209
-0.18066907819872666
-0.22797935880762277
0.07313866007543016
0.8213064059196262
-0.4782555519034946
0.7021353986082709
-0.8744303780162388
-0.22776234589213926
-0.8892467119461597
0.5534663047378137
0.13270829026602501
-0.817445327095859
0.5552026272788524
0.20980285074240443
-0.7182424757332715
0.8712702114818779
-0.47877134143424954
0.4740378589183611
-0.14941246677526557
-0.6019567634177575
0.35456348819696853
0.5190742491483576
-0.90288544903571
-0.14749258305567725
0.9274790276866391
0.24661828035414382
0.15770483313461425
-0.1275600735507622
0.7592178294442021
0.9972747083712559
-0.5049810943256089
0.1254745094403506
-0.6326276529640271
0.4891284947802878
-0.26932734850046813
-0.282361773980824
-0.9697417413384244
1
-0.500194044993384
0.4060413025907578
-0.43758856458911993
-0.5004428559639527
0.7236665694689585
-0.9882723507674538
0.03505162136278604
-0.16974192701396323
0.3148787887162426
0.3037294897450419
0.09445148561182751
-0.7602490000582414
0.5250119797569097
0.5024467515767046
0.8137867167087105
-0.5347029127454369
0.06637732136871956
0.8713797656150296
-0.5276477717291616
0.4921594813954553
-0.5237614265476505
-0.7560795871877144
-0.9359248305791519
-0.3093932606595275
-0.8765877836934345
-0.1021290038635457
0.27730322197839563
-0.651000996836204
0.7042021666058049
0.6160492519836798
0.32734822709607797
0.12125120703460247
0.9299017897485277
0.7890405088883286
0.17011749015030483
0.1703727220680856
0.7747588261425749
-0.720231568614285
0.6533047199539517
-0.5105547887789299
0.9037744241448136
0.9940854849724541
0.8429977769786494
-0.8738617039043864
-0.9483245412483386
-0.8523135443694763
-0.967044791821487
0.3988258114149371
0.8957762638710113
-0.7379985924408939
-0.2755138909056099
-0.33783521043019993
0.8805493396251178
-0.704842818802231
-0.06917796527127225
0.9868792426145643
-0.8671383568496444
-0.43134974511102636
-0.24529548654135674
0.20938145145215273
-0.9739003481105474
-0.4190356492118324
-0.6129593733060144
0.4227178782982004
-0.17874326176865463
-0.13795901614563277
0.809121563275236
-0.6575707460337772
-0.003957581560630452
-0.1488568823923923
-0.03647474224586205
0.16538161194988618
-0.3770058722611249
0.7267567723710492
-0.6980726784201245
-0.28536643412574764
-0.017745734092003074
0.9476964597724169
0.49997187787296743
-0.7907915352502358
-0.32134113028920724
-0.681576538206841
0.8665854116222027
0.48970689755406915
-0.9593399607087517
-0.8979357034458469
-0.48175039337700937
-0.7231982866699035
-0.6123775209685296
0.18775736110087643
0.18256224215864122
0.5765351329498182
0.5613204727428386
0.8252059000940031
-0.3530885534747435
0.6595505093414666
0.677055341169801
-0.7472055745436565
0.23061859639234128
0.33277663206588215
-0.6546461269479478
0.9479142633243848
0.02858776213153673
0.18609146836405077
0.4670805980861201
-0.9718936968379944
-0.8995270520961898
0.048222029512650005
0.3239703665205637
-0.297335234403995
-0.50328905813474
-0.07501590546155237
0.9302098690672606
0.4146880028102557
0.3003266785903542
-0.4423802922746647
0.8359022604616654
0.30949491393679646
0.030621282363708664
-0.42424705658411016
0.2941380765572159
0.13340040055245056
-0.7453326685859046
0.41742846243624754
-0.2962770720083165
-0.2348711775236574
-0.5688302232422835
-0.27731378998527
-0.276935949293197
0.39444703497116096
-0.07836338270781737
-0.6808033214817076
-0.555925046401793
-0.01077431459043511
0.47009024764485025
-0.9048729694581691
0.7164607007866428
0.3261606317882447
0.6003264693200273
0.7049408626612038
0.45859238573997974
-0.2887762381827222
-0.5207648612494938
-0.429994721166161
0.8454179174887296
-0.6085842321628238
0.6427965576367987
0.39240530275466495
-0.6898864163585904
-0.07056855174900559
0.8634369802017576
0.08026132343636963
-0.2284693951993525
0.8165415921816684
0.6483767286677383
0.8392352654905791
-0.0777748351027975
-0.5434221345374538
-0.4838557384391264
-0.7697930836518534
-0.32441688401034
0.29330138627447533
0.35706646295829636
-0.7039454498494757
-0.19925511762534984
-0.06313657457472652
-0.26143209084577496
-0.7549817229067791
-0.9294499263478867
0.4509145992378968
0.31655611052286153
0.06301293256929531
-0.3894005224206245
0.17666253073973542
-0.9358925401855487
1
-0.9090557758747458
-0.5692746685338543
-0.6015142427984673
-0.5045015714789252
-0.07172713585868377
0.7021914528862839
0.16184928742561258
-0.5954264828455639
-0.8252242078482696
0.043447721095502295
-0.3680860538195986
-0.9712385866839608
0.023531663171458772
-0.8390543613830572
0.6387239184825355
-0.2085426516610907
-0.6956622316913804
-0.4450969574800837
-0.8620166487935538
-0.9942810613098206
0.46290464824458827
0.6261901934809342
-0.29594167417871864
-0.36137150393654077
-0.024160775013344342
0.21770876795679156
-0.12249356758158456
0.2859836905112725
0.9595649631938706
0.37558132614072637
-0.26913965309061333
0.8529161397055296
-0.5731262079990757
-0.7769902154207898
-0.1908513897555086
-0.4725744227017766
-0.5062889382548643
-0.9108130586267629
0.19367001563927247
-0.14313147504713497
0.11910852704926533
0.7788302023094641
-0.5704851547445582
-0.13317243667775497
0.7403136542291024
-0.1299085505654618
-0.45723724742578165
-0.7705375541929359
0.5882092299763638
-0.8228723192273885
-0.6151209208339667
0.3974654562732551
-0.44561226982188823
-1
-0.607095000009744
0.15852076705380239
0.5858998071240668
-0.6268464289780895
-0.47246948498834507
0.9735282110803526
0.698430779940963
0.6648096156966948
0.9184564901684265
-0.858315210862978
0.268407332747647
-0.7298888474078248
-0.5571365052900804
-0.5637030147654778
0.4326466865118933
-0.6494688185144374
-0.07259118084781531
-0.4951635356324215
-0.02050013422513817
0.9723645062767005
-0.43091834037403637
0.3564444116521143
-0.7301372834701262
0.6212048861551249
0.7115020749023386
-0.9307262511536373
0.5925429723132434
-0.7687015707938045
0.6810057180274509
-0.10645351243593966
0.7237001189599622
-0.24927294866157104
-0.10142794851912669
0.4652455470114959
0.8416494841562654
-0.9695260305954364
0.9525561238374445
-0.40945322027465536
0.9133607269645162
-0.5430181441327389
-0.49162467239753715
-0.6687995582189855
0.9023790044562018
0.411847598858372
0.6840874108467825
-0.8007875375762497
0.2922952057199333
0.7677040687146413
-0.6769548048790716
0.5014213375897458
0.069020973310677
0.5676224444293376
-0.31060635286787114
-0.3201959564889309
-0.662109296230933
-0.41205707098890254
0.29522404479802905
-0.05524222742864118
0.5729533801297972
0.06863571523227567
-0.4021476120915147
0.9436231145177829
0.4200795742643483
0.3612445593153062
-0.050219905858654365
-0.1683173245409484
-0.4359714785428691
-0.5274225328632722
0.3719587446477137
0.6844141580020798
0.8890246623037471
0.9637695889445093
0.7007406185834345
-0.9278014921724415
0.4419260140177018
0.45192825185979574
0.7572535354806158
0.5065997150580835
-0.37063107042625965
0.5388375095762172
0.996642489933283
-0.6175102860088455
-0.4055953670541472
0.6596294926206333
0.11824832628335426
-0.7375414085939935
-0.8582577963673517
0.6915102925808823
-0.3989457553992573
0.4200544958546119
-0.09624385831132018
0.8430167971900157
0.6419460445040125
-0.07082424021329864
-0.09170504210142277
0.9567796597294181
0.21114425929158426
0.8495912674175123
-0.5638614926654987
-0.40552179059329
0.3799639614250333
-0.57457294354177
-0.44475937312261316
0.21249516180123845
0.8078845581585822
-0.6609928860940948
-0.4889003334908175
0.11469185340915597
-0.761296990672371
-0.10013550393519247
-0.5998756459398374
0.7781467700040169
-0.09010873951318282
-0.914740795089695
0.24158460015814878
0.5774519716153762
0.37380933934462407
-0.06497903363254999
0.7716325224596764
0.7525716271027713
-0.3873902788374412
0.6282349433418227
0.9257374801912583
-0.0816477120129008
0.7911775026216713
0.2270195988658526
0.9961983670204587
-0.7117183675070017
-0.9111366611110122
-0.34212745349854073
-0.5902916615141314
0.07980803517204073
0.3332162823764003
-0.9530452443134375
0.24934575462929742
-0.5120753523094288
-0.6847446872918094
0.7525849306342188
0.4678511258793996
-0.7057520414942665
0.4872589565129723
0.8769041232304488
-0.4405822418490608
0.254904303543151
0.582866585752157
0.47867487324818464
-0.479491925342327
0.1864923495713136
-0.7576765324317761
-0.42870145003318155
-0.5394894868657836
-0.9022781638214518
0.5061216480061576
-0.45357418835424407
-0.7965995868872405
-0.14291048418700164
-0.8189215293438895
-0.14851165491237267
-0.05103706015641572
0.03373890787694087
0.48568947347644376
-0.9762853156498431
0.35955667330681373
0.306402044188609
-0.11383041520468783
-0.3765222201419109
-0.7473938423557274
0.4689616594674705
0.661372604154448
-0.03774618680102326
0.7058990564566668
-0.839887720588506
0.36095228807788565
0.9660716584613608
-0.45940045933927137
0.6184576701969777
0.3572583102743261
-0.2264009909809508
-0.749079921068213
0.16153563795209314
-0.22906564742818875
-0.9784403461285248
-0.591332857145404
-0.23442243429288806
0.7964162059209994
0.3549384375367041
0.9275865939987831
-0.28141921145524496
0.27545639680910944
-0.6773884087372113
-0.38378618351667104
-0.425560817028487
0.959877054528066
0.7422713072088132
-0.31779019108049544
0.6461559400355658
0.9925836582740674
-0.9219181429188142
0.4073017304495254
0.02323610973504879
-0.9914102367514647
-0.6439475191013121
0.7841249158565308
0.5661070349186035
-0.4523117746148033
0.3195493211199092
-0.2313159741613595
0.9800016334640465
-0.09331165185156559
-0.5632061080636313
-0.21563583886555998
0.9915516612519345
0.4579773073932583
-0.3125197058695211
-0.15760684366768024
-0.928977536748766
-0.1632409519091842
0.6776389066003667
0.7579667653250894
0.14081168254261683
-0.5521802719179871
0.21472696435858474
-0.2458029113457854
0.8468076032374727
-0.08309561862371077
0.04736113208860761
0.49626364566249037
-0.9047671932898546
-0.1674500512685615
-0.3376821192690238
0.7229433534989079
-0.6663378785536215
-0.007449755111274841
-0.6893187689591695
-0.93656740857243
0.43333058826247384
-0.44090620906819106
0.18517677298837526
-0.02074965627401275
0.23480534044899704
-0.41946745825737236
-0.3847178207582837
0.7609983378839927
-0.2172804689077179
0.932880239964813
-0.579478588837628
0.7195348751732585
-0.29402449802080693
-0.13598657206748666
0.6534622629172674
-0.003383931813218331
0.4677510776255422
-0.6876169756399294
0.711273662635781
-0.9383298322644872
-0.12302427622062205
-0.7308389403953827
0.09541715996390468
-0.23155862426774143
0.7135679793129477
0.3719212181592764
-0.5434264277842771
-0.3326684939279652
0.5344418449643564
-0.09374740844867176
-0.348052858300116
-0.8143739794241573
-0.4487801021587674
-0.540193422439378
0.21056550908340158
-0.46442174683223214
0.5476909553162658
-0.47161023484442705
-0.6891416077564889
-0.32742694334785877
0.5154846955528973
-0.8245002220922083
-0.6803089463798052
0.9485892602213185
-0.8054029921865162
-0.055297522417227456
-0.7188515790749455
0.8094145731322754
-0.18377506227850446
0.3164523293079481
-0.7152898917237046
-0.09008091916217786
-0.8509150679912153
-0.8185287985640646
0.64737513723291
-0.5158925551643458
0.07866582196504168
0.04470803287460161
0.29549135350856354
0.21887078281973077
0.3468000677472842
-0.5092070114913385
-0.6584732000958374
0.6931329388014587
-0.05533340380569267
-0.8164379026603535
-0.036098741105691334
0.0376990868354917
0.6146134659632972
0.34181437450424657
0.37596204919763154
0.9919225117598501
0.41178285724206487
0.39694226540428806
0.3148082035353982
0.8363386575583144
0.6596270267484654
-0.30413754704882573
-0.6089968114137643
-0.25119960595445207
0.5348565949814347
-0.5405549772471696
-0.6439641191916831
-0.5850027368607978
-0.24030728654565156
-0.8247859409642242
0.2072410065458557
-0.5675412275615452
0.5786370840128824
-0.7469491877658714
0.9487431701520228
-0.6681763303274865
-0.8643221514261519
-0.3850652330553426
0.41383225090317066
0.6105350206548523
0.22527461310239077
0.600983914248576
-0.780141192136307
0.3410016164916175
-0.6950790586408577
-0.9172602682365696
-0.5895899923788472
0.4157609289231296
-0.726468938244774
-0.8303480099845745
-0.21897810009822624
-0.6447546694863294
0.9000488605611611
0.8736956967257374
0.0906142699802822
-0.6062387096854689
0.9287094703747979
-0.8307331148656463
-0.4397819837524224
0.3091465340347494
-0.9517923864549264
1
0.6265662570825309
-0.3746856006962032
0.18926233680523
-0.6026252373007904
-0.223586457399106
-0.6707640058739964
-0.07102086573764595
-0.9955757905761157
-0.13880721967918344
-0.9557244121168577
0.9668679552820647
0.8386591012306331
-0.3145486490240508
-0.9282645315345066
-0.13423572301911482
-0.7674771831189575
-0.2041212378586397
0.2869318877242447
-0.24754079768759432
0.25237491469036183
0.10731335167566065
0.47940129420191013
-0.9821306585727171
-0.9435827023787522
0.5270352382427999
-0.25365202707679163
-0.26308624057556135
-0.032698677614545056
-0.17572573186662624
-0.039249540725395396
-0.15914450345281314
-0.2322139754190278
-0.7053471454302502
0.9236208492890489
0.8857889488439645
0.8808029842396714
-0.7989285072133943
0.38933756995492985
0.1901304064259319
0.8065793210496881
0.03372939404274282
0.3672718256109589
-0.21670178009807792
-0.48072572425884497
-0.9840690077030774
0.6426819887292589
0.2974393202349481
-0.6437841116341979
0.9165425959725051
-0.9550988160752719
0.37422598612790076
0.527430357644651
-0.7822294287323995
0.07120379023575842
-0.10566849278511874
-0.6734150776777822
-0.5340606782299774
-0.5146688079361511
0.7820316042896165
1
0.5889050693923632
-0.11267605651430544
0.4360867484431336
-0.4039908257342899
-0.8122980091799239
-0.29993407539135986
0.664322819399785
0.2630972180163052
0.5994094629298674
0.5927104489837097
-0.3969558007659698
-0.14859572543167474
0.44557799151173194
-0.146710038995873
-0.22018805881367864
0.15597388748262406
0.6045203351347981
-0.09090612778567188
-0.6444703007843092
0.7415375379605589
-0.130097229517431
0.3937222056551984
-0.8788241532831909
-0.6042376362216829
0.218015869756191
-0.5465747578803942
0.636290908552658
0.06928837807562827
0.2172794576510583
-1
0.4693234869718206
0.8056915090246967
0.10844147822171077
-0.34039842519708496
-0.8122277274485427
-0.30073323351013603
-0.8873976786430048
0.9936426916346667
0.1522976151649827
0.5539385590010218
0.13813043630845537
-0.16187427940412338
0.11894713383078276
-0.4413392564887471
0.2908861647347299
-0.8156884987113671
0.4041310272133995
0.4535292421194931
0.9234921076786021
-0.06963126826008997
0.1105921586632558
-0.1427682549933649
-0.8744900958327261
-0.06987288426505123
-0.5073819651224248
0.3908545318419792
-0.728387986661927
-0.6616914664759506
-0.2532072854863567
-0.717677200017496
-0.8378450756768803
-0.04396096564270713
0.4488239332021308
-0.24693424243158485
-0.7879427154387865
-0.7392341027716367
0.3586379682769963
0.8629139678936212
-0.25173864446947236
-0.6903956972296604
0.6953824750684354
-0.6438998091282734
0.02201438631753172
0.5020660916697164
0.2910149125377603
0.6335595345310596
0.9392690978618208
-0.21165277413134342
-0.4801718975792317
0.24770545136067246
-0.3044819213350583
-0.25526936993507465
-0.9372563227807348
0.4039181394163406
0.8551435474937785
0.18140708226846264
-0.4972979423318664
0.6810323974454827
0.08974740367092691
-0.5367058168598345
0.6888796183414319
-0.7880712821136129
-0.08253204858658977
-0.13514603987471543
0.20073348496688875
0.42593780114688345
0.6357420556710668
0.08992271018915834
0.4753496727434792
0.6384638447323723
-0.7846550786618319
-0.23412937856806643
-0.9645365452090618
-0.8883363493855878
0.15081777555623924
-0.1663672661458712
0.7924629296328707
0.1696417557608201
-0.7790036961671292
0.3606782694665441
0.74307472299664
-0.22626600515323253
-0.6849245708224617
0.8358840706517039
0.08302939813865899
-0.6272334623889342
-0.9129468744318759
0.3911773309598667
-0.3844046843549789
-0.4589099565880778
-0.16811750487328597
0.7305992500189017
0.4376091862621153
-0.610485038509371
0.579804993596823
-0.3992406938654954
-0.39556968468758996
-0.39931702287988247
0.9087123633304695
0.9681444299186972
0.36106789614699425
-0.8124342113393838
0.9776340036222724
0.3671419369607787
0.21456946640449973
0.8437749155500811
-0.9794831856536306
0.9368045580850424
-0.9240246516078853
0.5709282884820227
-0.04275921828242688
0.4528328350082384
-0.9578421901274512
-0.13630749081047874
0.06616437622503687
-0.9162916601384252
-0.5878696007127895
-0.5340008438339147
-0.7274927435759362
0.3378934840832299
0.6563697533587552
-0.7832456481061282
0.8566203120787822
-0.20385020439236576
-0.3541200993359091
0.1632761574380497
-0.8014266695160884
0.8668258043824839
0.5434084699998578
0.9758612543135986
0.3642860101253636
0.8636979533596996
0.28602388737705775
-0.14586278641415037
-0.7405107333150233
0.626112952730053
-0.8762495261234917
0.3625555360423132
0.4855001625118727
-0.7446298688280322
0.15334136620987907
-0.29178640027130487
0.8169392555719693
0.6778387431085192
-0.42699647570972854
0.6777783017140298
0.7818202515838604
-0.7985867533943573
0.4765289336002414
-0.4557427833022429
-0.05577672186103387
0.7527941081441236
-0.1483496464228025
0.038832512585067
0.9273155493168785
-0.22632111871933364
0.14164264567351115
0.7237100767832567
-0.9897224323457163
0.650669621187891
0.04088088348771238
-0.038830419050722945
0.8357951691719442
0.7508885935349743
-0.7993904334168448
0.5716960433535675
-0.1869437633439557
-0.013945704834682077
0.16457681089632673
0.19415353453278592
-0.9690008082230133
0.07750734473279583
0.9917633420578407
-0.07788304561619101
-0.5992396793404322
0.12877410153768434
0.6194244723714335
0.5346882777794953
-0.8427243400854322
0.7366820589439587
-0.22687406895586817
0.4996681221126378
-0.027887915458358017
-0.8985344064288829
-0.5392022218761271
0.16838540539458144
0.6484246697930905
-0.40819957209886565
0.5105979775184144
0.26741064992919866
-0.38355008188062867
0.49431668394302214
0.7521015007416775
-0.18464218891123
0.6828615225668226
-0.5752798179026893
0.0021329111416384036
-0.6183775638874179
-0.9633553105753797
-0.013578051524265644
0.8507923477763158
0.5107066431987365
-0.8846687784076285
-0.6101291496542054
-0.6492687340310175
0.34218090273067986
0.5104026554031112
0.45620246728346414
-0.7862219750017511
0.6881380779050471
-0.28975317857214955
0.9245576837757224
0.8878787378567885
0.7750815982280337
0.369837021747573
-0.9207207134086751
-0.10725634961608005
-0.13513652261577577
0.9162519090070156
0.8360889714176707
0.1592979839218327
0.10213577668017024
0.4901583937568886
0.9721886965574529
-0.4306194628699563
-0.8414455824221819
0.19883266004951694
