0.6421899681680557
0.37282689772123573
0.3344057009451251
0.9767729113534611
0.3213711089388466
-0.7302256202618863
-0.9172396024062218
-0.25413043580572703
0.14264351560770674
0.24782646739054892
-0.8447105539430756
0.2209875976536113
-0.35146811390828575
0.7882502157708022
0.40698223756225665
-0.8961649977975061
0.7607830468607583
-0.4636457318732493
0.5733085531785307
0.17656243411946476
-0.6600567129990866
-0.31178942554044775
-0.3958976131699264
0.3014692096480532
0.47486570079135926
-0.2672458935049166
-0.21004409236224447
-0.4435966597611174
-0.6285606130263633
-0.2910619390661903
-0.1719370825906154
-0.7561362870689734
0.5690735415057232
0.3016756470638176
0.712909931393592
-0.13789247405513194
0.2952254433276384
-0.0662225254218892
-0.787917529496456
-0.3389543906872404
0.5675101769455057
0.25397699988100714
0.5713654008423623
-0.1691390052153641
0.2811013223666085
-0.07163253103281907
-0.24229469639777637
-0.0245831782892606
0.1037057494643116
0.6742694804818885
-0.2778850237139313
-0.884878528110206
-0.6500046080074224
0.8584570522855633
0.9440288514536425
-0.15961372981047858
-0.7372312072344784
0.6214958161320973
0.8915516906594744
0.25324083838658423
0.946012030401911
0.5695697954322697
-0.12604617714902722
0.4938877736224026
-0.03146368575680113
-0.8496708892908162
-0.9777974624034158
-0.9004370450572284
0.5048594137212415
-0.48660291505268616
-0.019183796250372344
0.7841423654580114
-0.46404861953280335
-0.15022904056585534
-0.07636496059684136
0.8344811906721108
0.20256715767433542
-0.3582856281625926
-0.5500571980997212
-0.3125062195210664
-0.49548918552151366
-0.07852242971212361
0.1892014882231638
-0.16912906585728352
0.8172990314451757
0.22405953108579393
0.8460357544624406
0.15291071993951424
-0.7388279456610293
-0.8461700804116942
0.5408639980315351
0.9009516436264088
0.028468723358113256
-0.5755954594500592
-0.8870873024417193
0.5495583196711369
-0.2566929506074951
0.9195262928877074
-0.5926680801976574
0.3361516894176373
0.7727269730386647
0.16184810636570904
0.03676248440009991
0.5106141868214937
-0.5027376744231791
0.45856746399806386
-0.44742250292399566
-0.7514488808512362
-0.9614056290122206
-0.310859795173199
0.9465543350791079
0.3838261381528748
-0.7838769420398046
-0.8033182222204397
0.6034003282748097
-0.3638303744658122
0.4223968774944804
-0.5425588599039213
0.9202080228867908
-0.32195647583480635
0.3761824983626343
-0.24577841852514168
-0.6431957686643432
0.0021867968140848867
0.7256613131777221
0.7589202327732492
-0.29957255766832924
0.48064280768228795
-0.8539255136918603
-0.5377368554237025
0.05332597179126981
-0.31195369193397676
-0.10540195545230811
-0.020356256709260553
-0.44259876252741487
-0.25375876660250474
0.5006884946325229
0.7963402073446776
0.42666120184475664
-0.15882519281978055
-0.36844494472343653
-0.9656396148377223
-0.49838827402836444
-0.012516499228215896
0.8277595331891331
-0.951612997974781
-0.21458877410286617
0.760830026768937
-0.46594297842355115
0.9875567566860257
-0.45955185319585157
-0.3049485917771389
0.7173383141112881
-0.7770829418551878
-0.47830024850789277
-0.68281083924781
0.9673251543261813
-0.5066801359618148
0.3273223491338499
-0.4748301348286787
0.07675161933584194
-0.44975084117138037
0.34477606000025807
-0.11168902784590679
0.9544209467023652
0.3509212271372126
-0.026293176473277176
-0.4736032412642339
0.35842228637823687
0.041727373932613485
-0.08662863672922763
-0.28131375904943423
0.5601522531196144
0.0016395718269564
0.6804416656407225
0.6219844839686884
0.4328089061146567
-0.26859625392244085
0.5096493270808204
-0.7834488721616877
-0.3100087673473493
-0.4074946157695671
-0.480173655387167
-0.3476408483631576
-0.9546203687522409
-0.4601822514820194
-0.5853880233833774
0.14811556672279344
0.8991602252431439
0.0812014496314308
0.8757100566181715
-0.7711079461333382
-0.29430535526753965
-0.27624093828372115
0.18010720570296876
-0.12334929292293233
-0.6181330011964097
-0.19250903961949115
0.2800258008631492
-0.010335219500683421
-0.19624456080389754
-0.4708479095541272
0.11318919787940336
-0.8539788096237019
0.3015581017927692
-0.27487915485483594
-0.010666369924539688
-0.585683006754593
0.18375532579307827
0.34011941149899066
0.9335880191261785
0.6556446306147817
0.9517679006150233
-0.756559722428771
-0.608670729239673
-0.7580769382133438
-0.5626817803190348
-0.9702679120031941
0.0542144829806491
-0.2655856175627582
-0.17873353809135967
-0.7720065430300537
-0.8486015933719414
-0.4433709620155411
0.4066651610396578
0.12783051719837152
0.7033913892529168
-0.5093518657294381
0.6522279044447624
0.31998614022857874
-0.14997656596816109
0.0310923952305768
0.4970248577919684
0.3079144626235833
-0.26618114503415524
0.8446646799536177
-0.9638789522573684
0.5069063640396574
-0.19524498115598724
0.3143847014836159
0.14810972718222434
0.9264911815642829
-0.7863671512558326
-0.48059637801674443
0.638773035743012
0.27691672566600095
0.4289823238043909
0.4811085482445663
0.7498680191952602
0.36731601729156516
0.06788247170335113
0.31736447187100314
0.4428860530818405
-0.01111653119421446
0.341097747406157
-0.06989441869226969
-0.2792285276835354
-0.2685458727008426
-0.11846040390829021
-0.7265931255672122
0.40659819112696965
-0.3152681716650907
-0.8826795673542188
0.7346124865957031
0.7447701749265855
0.10269911690312832
-0.24896797388473396
0.87516828996225
-0.633891565651561
-0.7799118726447393
0.3695738731035863
-0.21212815961345496
0.7119150611671591
-0.14373895744873408
0.809508036634504
0.23884532465986885
-0.26979267149458763
-0.31010460261482103
-0.7783585807881788
-0.1107468580812349
0.09708075319370447
0.606597315568077
0.2195878079180534
-0.21511802938849267
0.05745661873789526
-0.5482797194603483
0.1404164893984692
-0.6166913522850429
0.3470014259163237
0.5175928654266498
-0.2153023318203614
-0.3850632670038988
0.2880502437820997
-0.47652772645199876
-0.09342516749622437
-0.05781109785332058
-0.4258241894574446
0.7546555453371667
-0.014092317575574336
-0.3870272239658909
0.4804631955224965
-0.9002037002400074
0.33501418366949187
-0.32102104087811656
0.08970294375165327
0.9414180094430671
0.7295321745358523
-0.23559473832757521
-0.9091003851982952
-0.10453954815385462
0.6386394389254008
0.6631343073165341
0.5772180994138889
-0.5997082625083154
-0.4968574096180558
-0.9122112194261831
-0.6556969598633827
0.1263682126048186
-0.1797319640640761
0.05950037022740233
0.04167232438123006
0.35884050683627877
-0.7422876885124788
-0.9703406531496538
-0.780407678611675
-0.22581188886919853
0.10307963539681401
0.8490825974866967
-0.9560026004019198
-0.6931127249647122
-0.0820015225016558
-0.3559073381211652
0.2965106924886227
0.12097550023335674
-0.10408281672789861
-0.6264906787990585
-0.11765389621505887
0.5218910105177148
-0.7013374217804307
-0.17311155176690798
-0.15375590793571034
-0.28686331106579926
0.25248242090881645
-0.22764745383893267
0.10224185820305443
0.6704238204238687
-0.5791458479924224
0.5246326307786809
0.21304660774175238
0.9301776591482571
0.3374501519024395
0.9108961862163493
-0.7787382261829146
0.9525752285382411
0.7482871954137412
-0.44148440315298154
0.460776557612041
0.09646249347583544
0.6778194314814252
0.8418394403872305
-0.19420231427119689
-0.223814637607333
-0.38698659038794603
0.6426286652557583
0.034102091350548494
-0.875238253389003
-0.7719555950260735
0.40293232208723384
-0.0067993464580119725
-0.5926731798091228
0.6552457013236512
0.7571595843620286
0.017789063378462443
-0.10058816038757257
0.6478438476643147
-0.445701569988724
-0.8635970142824576
0.22911701202806098
-0.9406879190399665
0.938268881345035
0.342743637476068
0.12689591662593777
-0.6768633936995605
-0.3020048132422857
0.8821420465984425
0.6748402442403789
0.041454936336316105
0.14040238661038904
-0.8151916352326652
-0.4490721420116255
0.9681533302419839
-0.9131450768933834
0.27907495206284655
0.22255292904031934
0.6588243263061739
0.4217664773433669
0.4495541137648586
-0.46828281065464306
-0.7867393777303113
0.7356160086181349
-0.9394961758939648
0.3821174620714718
-0.8403893835016385
0.10312329754475189
0.06453679780105827
-0.8501582524306686
-0.8635406413859683
0.10377027395232895
-0.5637616192953188
0.3401244863418371
0.27984786878643986
-0.6382787257191448
0.6784122248528106
-0.6110180905801663
0.448436684264517
0.6860757211746267
-0.6153480093509537
-0.14943316715769547
0.7039686557751903
0.05867402926813963
-0.7524630198556197
-0.14187817552862006
-0.373472869260273
-0.07958285990386352
0.5813948814613225
0.7188264053237404
0.3728538301100013
0.6537390479219497
-0.27783979488720295
-0.5847297804534929
0.8942774079778465
0.8519577680659413
-0.5162845134207921
0.5042741343839267
-0.8657027666277542
0.9315346690713315
-0.011943078834718237
-0.39944337791243945
0.7537300940206921
0.09631626202164946
-0.25890680453699166
0.4484563961047274
0.7677513752865268
-0.7601561763169087
-0.19788400846618792
-0.5483390638596221
-0.0024878590681828277
-0.6022519685329634
-0.22036104300817727
-0.8757920077268907
-0.3148274949781645
0.5132409954396502
-0.3047886028056901
-0.27914116520604043
-0.1684475742761179
-0.3761433427702137
-0.5739526748197732
-0.31277894294268127
0.08774745909681261
0.23569360369129766
-0.4730304035135865
0.9149957182200359
-0.5443516449652408
-0.7939165652744141
-0.792488443916297
0.411127941157026
0.4083686361512513
-0.09301427384519148
0.009773039869141907
-0.8027861049857016
-0.8615943940929425
0.14506089274852738
-0.4164020512368442
-0.6019716518590023
-0.7211981541929543
0.48824629218411697
-0.6344403156214486
-0.9103538826177094
0.548670863577039
-0.12082837838426393
-0.6815432249434403
0.8812380632352547
-0.36772439434695486
0.4514228102969787
0.5051429830941174
0.8725172079575783
-0.27628472932199866
-0.0035861258875269316
0.6886552049143838
0.3070001309455007
0.04748931017481323
-0.5522048835865234
-0.5319602328976729
0.7513103054733397
0.7389040201710391
-0.27059704864182677
-0.9094019563487078
-0.0545820160140914
0.4366482149008531
0.012327437305589278
0.06053912886568565
0.303281026458909
0.8091959785201372
0.6923383103708829
-0.35860629262080684
0.7909905353488079
-0.1794626719702302
-0.5714287120342249
0.8075844202080057
0.11376842567058429
-0.13494577738001073
0.24434590910262308
0.5034511257749376
-0.527424918335625
0.9169144472233511
-0.00034352285404998326
-0.58567715601935
0.7039463139313016
-0.8647972509864863
0.8060494118705767
-0.8975709999601248
-0.3036219655127906
-0.3031197046016782
-0.7402469480551365
-0.6308821802923266
-0.993509579124919
-0.06389244794743448
0.01877774226172096
-0.5145687515391775
0.7649456694495133
0.35120445867513456
-0.9863585766203322
0.9278452988605228
0.9510658826420262
0.1926759248113769
-0.18334524482143344
0.3428067940546065
-0.20691768486563442
0.3822007112646892
-0.23621449875451817
0.8152122214622192
0.04164508188469017
0.5419373666323094
-0.09881298697494877
-0.6002609259791746
-0.8808775531984264
-0.6814874821867419
0.5518137089842164
0.518238644062548
-0.40762578680756617
0.5690718305913929
0.481020001481065
-0.3587738217912765
-0.018056422356353685
-0.17992018796317133
0.7383759782696928
0.8642708796866518
-0.38115705921360654
-0.2793263078553812
0.4366410879800561
-0.2474520695612738
0.993366132662541
-0.24402248115598543
-0.445488342705878
0.7246299743558567
-0.8522210093873605
-0.36055456010479003
-0.8256343845892422
-0.6353807224986342
0.48105910024660803
-0.2878780385315305
0.5643031889117142
-0.08250860264329933
-0.5878030469791758
-0.5539430458009483
0.32442459160851195
0.4183417886433626
-0.3605966658467981
0.3462487933226088
-0.5085393649347374
0.8436148891256041
-0.26768155929049936
-0.020874154271040793
0.7129748894206732
0.5504767122706441
-0.5759579398056414
0.8351029386865778
-0.3074661719612604
0.4349079993959508
0.5990761291781698
-0.9014594542488863
-0.08599200149710662
-0.23474818171398104
-0.13781377143307494
0.5317477586958763
0.42293877994420903
-0.4803544343421071
0.7291967696046735
-0.13896202552642822
0.4822744489254635
0.654769987702747
-0.47005152493954466
-0.7199780692202088
0.16632906016345184
0.13901615307272264
0.3694448498788445
-0.5453243761660139
0.5442399538565963
0.3786034310820336
0.6935241138474372
-0.35658132776745755
0.6411173750807376
-0.5799848936406451
-0.6874340628360129
0.8430605039432191
-0.9554856864973852
-0.683273801442572
-0.16645959004096006
0.24726313594999927
-0.29897071280996484
0.2754422509990163
0.21075667577198406
-0.4494534724419588
0.9774728080688315
-0.625579770226753
-0.11361514696318248
-0.30039119698518935
0.7267393731533944
-0.21563923916415215
0.9760033369295187
0.549582667784843
0.18418600445849898
0.8927907559804927
0.16656451716832202
-0.6430399135493666
0.27921574669222027
-0.6376751620716801
0.7438641169642084
-0.03325051154124292
0.9265012010430048
0.7544700228570491
0.1870247116081388
0.9881484260595897
-0.26150449106212004
0.2814916794970672
0.6126281918359859
0.9787410402457782
-0.6633597181437898
0.22421660699403972
-0.08047150440189794
0.3642611737529413
-0.3422899915008486
-0.2608136749489007
-0.9777138825730872
-0.15554269565489146
0.9549714584380368
-0.8257733717066009
0.5410856527758046
-0.3964967910397175
-0.9365055361905305
0.431698267963942
0.7470340435069313
-0.7707390574993395
0.01254702345315142
0.9782258070328844
0.30096209901181836
-0.9564069547645506
-0.7188507437326082
0.9434950005964322
-0.9503302086959202
-0.7102437564809657
-0.20381418867544301
0.5978664396480458
0.4457005176109391
-0.8058413789988971
-0.5772330061536574
0.06503890109782082
0.5996404775972738
0.4139139216562849
-0.157539909536124
0.488040681214055
0.04493833138411027
0.5154558203163503
-0.8157259890155724
0.42504651686970624
-0.4241113430534917
0.5682313048297465
-0.29083948723328457
-0.2283776271814659
-0.3037629463181726
0.2184270785116428
0.9829187101550108
0.7126100278188604
-0.01383199975328852
0.7401874695592654
0.3908251141958311
-0.7030365756941365
-0.5176083590767931
-0.9930341226185602
0.1608064819891855
-0.044554854181957836
-0.3509137767137205
-0.7851156902031102
-0.48327012792187723
0.6859409893059478
0.8175036657564976
0.390981832063069
0.7565314550224215
-0.5654167081828351
0.6993632423074658
-0.8382043179990771
0.9222672127118281
0.5108831787381108
0.6618122285475658
-0.5351664802570402
-0.3390391255409433
0.5585837546308907
0.42315932270032697
0.03543849887809727
-0.3307649545891979
-0.7208580544734812
-0.5676154554651168
-0.18469051411835136
-0.10006147466619264
0.6651048535735489
-0.2973068731990175
-0.8202984669050702
-0.3067005964981508
0.13268492759015968
0.5850603312579333
-0.008335152466251411
-0.3477891803543306
0.37285552366115143
0.614639573943983
-0.32659018469965756
0.4066011005599578
0.8866163903703032
0.6126455604706833
0.8457680227297012
-0.2548070450559927
-0.596397871076936
-0.9236208185001197
0.867398349800231
0.47463659569317646
0.08305380043841962
-0.06747562111358209
0.709107959864366
0.20585313875168584
0.11771120070831591
-0.5195441945393914
-0.10581150378479869
-0.5147830148308464
0.5810421774869126
-0.7521985618883631
0.8379300430805973
0.45581576773879323
-0.9812098599967088
-0.008143917060720322
0.9494762821350256
-0.46641303953984764
-0.6785801303029533
-0.4357045667709164
0.7199896802866819
0.11374121257310571
-0.967339964844153
-0.2419198398561521
-0.2558935080267048
0.6897894550627965
-0.9625346247934661
-0.9126758146394287
-0.09304225546217337
-0.33453868509142887
-0.005625629770077497
0.1865659172654956
-0.7022002179177493
-0.357927865492499
0.45078507929313805
-0.2326328693645946
0.8971577442437755
0.8346826323650988
-0.8727515722425525
-0.5736806371932298
0.7390709996563186
-0.3336352145528422
0.9374179102491194
0.3609333167423336
0.6137430448013709
-0.9610172474972535
-0.6542847948967635
-0.6781336729866606
0.9553511102816686
-0.99907788609542
0.5252506945770722
0.25141935787942316
-0.71352227044802
0.7551013658153783
0.6513363330575732
-0.24347066688837332
-0.3022442702171383
-0.9228329278017839
0.4847880028439848
-0.23033236431227502
0.754618117766294
-0.39805599471919356
-0.74485469872872
-0.15958745736767674
0.009651107083209062
0.01319037515837549
-0.8508119160513242
0.9037390423455616
-0.1388336223246933
-0.1829507968991999
-0.1556944907096109
0.500608625571747
0.7523523194424028
0.5225177996422571
0.9320230063778492
0.20471669206882406
-0.8535505069651527
0.6599967305394902
-0.6185690512771971
0.5058499924703749
-0.8831610631265155
0.39561693574037043
-0.005826612047320949
-0.6899472192363398
-0.226858678325548
0.543533662531542
-0.3625740556407205
-0.8156701996076942
-0.04725365704654657
-0.3091360442680109
0.8840918187136204
-0.25738856903251817
-0.35485668419929367
0.17900524891160527
0.5176481884907331
0.9855232775391661
-0.1370175984015285
-0.28823217662284323
-0.13961547814590655
-0.9798417663183977
0.4261325987878295
0.23828719285444666
-0.8816238676124822
0.9532480271024567
-0.2686681811721925
-0.6251281804273561
-0.3223074175755691
0.11591450647337387
0.7889649314460143
0.8847651274276418
0.17519716504722707
-0.27596934448979304
0.5195706985098151
0.7448691358593961
0.9903224828680225
-0.19617958597782426
0.7168757562907502
-0.827086953949691
0.7527258823982683
0.9579599233464703
0.8294869474370801
0.9040136073238241
-0.8004221007205788
-0.14062420262829115
0.027651402423577838
0.3834852467477127
0.41351285797060927
-0.38786722924787054
0.8616392389979887
-0.3757284110888891
0.44553214621306736
0.3402282168501918
0.4547650805067484
0.13080063728311367
-0.7677332221805824
-0.8998096505090118
-0.15126423303660746
-0.20359104096638497
0.7023419906190017
0.012479681379794215
-0.10898597910353991
0.5314783078925969
-0.06389203268749626
0.6332051680181032
0.40145971859015206
0.007107634376984394
-0.6086349303121307
-0.4105163843960982
-0.47536228462165075
0.2596806830548699
0.014759616078411919
-0.2999919793300081
0.07362335172834986
-0.5959085055467521
-0.4784984989437381
0.6460439149419196
0.1365606184502763
0.8889446521451182
0.6571025233416609
0.7032699202779485
-0.26917609549781224
0.03956829162229796
-0.8048066352467741
0.19555517564017008
0.8018359761005863
-0.09237146327715491
-0.10956282408124055
0.878661854059283
-0.8013823400428571
0.9623046525586233
-0.07709967962035608
0.08160169499855544
-0.4118815828835043
0.3242250678977335
0.3191629220403879
0.1254151861489359
0.14593519824715087
0.7345046138777148
-0.6913700673934066
0.8203381557081167
-0.23449955040808135
0.7430493938951739
0.5526350264841831
-0.39662925772720115
0.8199592145686752
-0.45385763455249306
-0.925503421838231
-0.024189339115823903
0.6222670842111521
-0.9326672453112091
-0.6590713857484908
0.03251098380871292
-0.8412882000881236
0.17822460674195179
-0.031058439611096247
-0.9273782502094534
-0.5161825029288388
-0.6629773114865569
0.5952405968452466
-0.28996569381812765
-0.856327080528933
0.28604895323849905
0.4640402598840296
-0.16062945838203924
0.7139267063760075
-0.08190412460623674
0.7556340360985372
-0.5489881496673169
0.35566343590694965
0.7888646035408166
-0.2708294842838524
-0.9934694082097659
-0.17594333640735843
-0.6397381645404167
0.769814944188561
0.8294810471090418
-0.6809829890979261
0.5890852074080336
-0.13797291510159518
0.9393235274853708
-0.11890351414700646
-0.3931038808992555
-1
-0.5099124196494557
0.26769099452800305
-0.003464696985640736
0.6549389614792879
0.7056906146365485
-0.060478939453301406
0.29344956257366045
-0.40901586399051765
0.07382004586392997
0.026288963043919693
-0.7807391530542309
-0.3759502077485744
0.8839726506565296
-0.7922871604018656
0.8545864512178294
0.28487637425150736
0.38745987104190965
-0.6188869801379072
-0.1356171285790546
0.25846071269557996
-0.7118636648012855
0.5232907891450782
0.5671785037461764
0.9222579324962046
0.03154402713318121
-0.25569041929808395
0.7076834046010775
0.3416623395294224
-0.938746092168178
0.44872656732338323
-0.6344003052428697
-0.2832225665016531
-0.7015739895245475
-0.7556935013613785
-0.9419205040348474
0.9603942814244378
-0.6113502294212885
-0.8252095289322712
-0.47259945264768244
-0.23752623742266155
0.5325492996267168
0.34337265496118924
-0.6371247603620727
-0.2963023315452387
0.7103638486259571
0.9668696592155164
0.6723189955136929
-0.06429837524975013
-0.8905242792215562
0.37723867141821454
-0.3520026997029154
-0.6243311858271117
-0.0486850894831169
-0.5883603673385983
-0.19176438256449815
-0.7598478706427928
0.444683443974661
0.3822068742430987
-0.05929989699744137
0.7742227976016542
-0.9839482266554117
0.4928882531852851
-0.5346236284635597
0.3125229617048391
0.5394957797018515
0.21898830856162102
-0.34720503521008117
0.2894504922118616
-0.12428184482095993
-0.8951647691299217
-0.5167486478323712
0.9793197977375017
-0.15024081241497148
-0.9921508868843911
-0.6394063014484042
-0.9841054518228982
-0.19565127820133452
-0.28074128008956095
-0.8711553800085379
0.525357994635533
-0.8667823212780723
0.45824302000774714
-0.35161693742268224
-0.7120273275698811
0.8675362569529111
-0.37222291147175274
-0.21359917529509354
0.5160443940837885
-0.8330493457475155
0.45114140854361223
0.28820981003834356
0.014291010061879413
0.4056080469609694
-0.0548774663731358
0.569556461975625
-0.9991759813452575
0.44699601765043634
0.01610685597504826
0.12633286518296688
-0.1168613359355799
-0.10337332393382243
-1
-0.9284706772776972
0.05702513988569566
0.005018967806076528
0.49083984015242393
0.9674966373831576
-0.5279674639604243
0.7247587389925992
0.4436624031108957
-0.07273615593331013
-0.7617334328353538
-0.5159781560085227
0.1651870308402462
-0.26075595042054156
-0.9974400351888384
0.9011456157484268
0.327191894775007
0.7185541307617388
-0.9919253022200122
0.6188892330465464
-0.011062889318640181
-0.2081347023053023
0.0012644065939808567
0.6280964238709211
-0.1941156594564599
-0.2597274542409236
0.2668900580190523
0.8656792197440801
0.47902847060369297
0.38991994065670654
0.5186856768613015
-0.45162603774102955
0.32520837422963855
-0.33675519488472283
-0.28508924340833636
0.26737227001613395
0.9229482563273791
0.05605715293606596
0.11625879810634264
0.48943572918928335
0.3257284327990572
0.39957828818151
0.465371800919326
-0.37111622863548405
-0.06642813676540654
-0.8712542353185031
0.07735028072752015
-0.7131266855811748
0.7307137424020753
-0.6206924103662482
-0.391569939394194
-0.692716758224728
0.6707480127384742
-0.5694510560702327
-0.607753749014299
0.16578753431989504
0.27814296214101303
-0.7602431001520216
-0.5882016307422935
-0.4366877440632013
0.4026974094572039
-0.4408300209868422
-0.25334112982164053
0.28373463401084603
0.2549784978149953
-0.11567875432012299
-0.15399096491237055
-0.6764466318897825
-0.3081987323636104
0.22915386556468798
-0.24122603919656657
0.2900268167968608
0.10603176611843229
-0.06609036374529952
-0.3441392449169742
0.5265024852270618
0.02319935828863631
-0.04274352566757263
-0.9341960242344708
0.9489524653455953
-0.8572904190633746
-0.3070200328798953
-0.8104210052233483
-0.43038282285545604
-0.7620892428620257
-0.7981172380392161
-0.4782036068337892
-0.3326710481254786
-0.8751023639416969
-0.011247797570841798
-0.8131267079874924
-0.4203366223764084
0.07758998139175283
-0.6725251861973396
0.19820823495390963
-0.47082535185109736
0.8438053022279987
0.6413318062849559
0.7615121333645337
-0.9749594144882525
-0.6246108082645336
-0.982554136052133
0.8206146240650609
-0.3692587437592445
0.24130610442127448
0.868492840964067
-0.669568082946051
-0.7754896833977865
0.4266199771320464
0.8843070252418381
0.1438942338683803
-0.1908371426375095
0.2512049612256484
0.027901849931491047
0.19382442419269388
-0.7389770986444814
0.19269990042624124
-0.8277947290625005
-0.8496250208500716
0.07989100568300732
0.9164145209956129
0.61623712587583
0.11264447903340727
0.847076555415991
0.13485518571358016
-0.37096662234361477
0.42579167635749887
-0.2860765667030574
-0.12728316211034968
-0.5030920799938566
0.4560059045287933
-0.8212631126219591
-0.40083303200591125
0.48361960512911883
0.457493112156705
-0.6532563422315435
0.9320643091320878
-0.6936222231889461
-0.3847857915205576
-0.10819872325315746
0.3157388319732994
0.05129092268419246
0.47215926707128575
0.43166131462204205
0.8600705549466127
0.44943322916008926
0.8220073869801485
-0.650653215666084
-0.3763120683949721
-0.20205730108198008
0.9642574208161295
-0.6927957405289648
-0.7332046567133066
-0.6935531055479812
-0.0736670921448035
0.7247368075666634
-0.5686697123052835
-0.19498169330936255
-0.7047614883777686
-0.8768506158148098
-0.0988955355965776
-0.5641981549872738
-0.3335016144470649
0.24703675016732998
0.9451539330923671
0.9430433130839504
0.29589764851407646
0.4294828069463816
0.9599294936813536
-0.05589391668455156
0.586965465853829
-0.6580421467341137
0.24005391715293148
-0.06664549216931896
-0.05786202806668102
-0.9815877750826996
-0.931073208125579
-0.09296648977924184
0.35070356016714294
0.247786101551972
0.9812359067468653
0.9221297161219429
-0.7244690369248946
-0.9708879601867058
-0.0937331415071514
0.18970562559651874
-0.8083000391490373
0.7336172528166378
-0.7469935671455197
0.6626240333297367
-0.32846949139870446
-0.24664214057240927
0.29506015412434083
0.7872568407652921
0.755171954642284
-0.36305736137990724
-0.012879308940161248
0.2990193370329877
0.17032383712546276
0.5889370228537202
0.13989643819962283
0.9681950236285287
0.7442988922349079
0.08800007379775464
0.3957246527891425
0.16479375195053753
0.6250503265521714
0.6972766110129155
-0.6735079405944759
-0.5588611905183737
0.17474064856565644
-0.9961758442172347
0.7120303063784829
0.849696359285583
0.03619800024439726
0.6166781637900263
-0.09450404886820807
0.48942608722924535
0.26217169436491194
-0.46921135210071246
-0.5204781005863649
-0.2005174549819395
0.12684300798671658
0.7785873657641005
-0.6737808058893247
0.5839169375952392
0.06922503425503987
-0.9074364930074561
0.0263252713170132
-0.602026008314284
-0.15317805379714028
0.7987529784254961
-0.35265089390198395
-0.10289193082892788
-0.2839557703904807
0.28562688528089036
-0.9633572929568135
0.6806544210315695
-0.08309466262155367
-0.10531475161989563
-0.1301907068251194
0.12480111555592398
0.38943119481284194
0.543229171752199
0.6406558144882348
-0.21365893111078696
-0.09224245744707775
-0.7654795097669645
-0.44333126208311247
-0.2718999546730337
0.5310016709878151
-0.705759672248861
-0.3651751523064787
0.47966951477619646
0.17225938110322317
0.042208117077979765
-0.8585431028848828
0.3885493022747743
-0.35991383577041186
-0.6591199459106167
-0.7712644710727674
0.30937576585029325
-0.3283254178941537
0.6073853173616162
0.06819225004838271
-0.5753686631315459
-0.7059324771963779
-0.41186297245437503
-0.4156126440200647
-0.23318445275607566
0.33584101654414716
-0.8479629961139601
-0.4583727498305728
-0.5238937311390783
0.0311448497521099
0.061561710881072366
0.43162896138914486
-0.693056568578756
-0.1338129934396986
0.14617324135770696
0.35698607506396246
0.956805235389221
-0.5807258402428987
0.8212067833451797
-0.4767441355262945
0.985183997677577
0.8011030998123211
0.7543119124920223
-0.9935642921253497
-0.17897312368603271
-0.881577887097722
0.43251688707163033
-0.20723943688569635
0.9137437966609682
0.7243972233548791
-0.7076826327969289
-0.23335112232115748
-0.19168047376692915
-0.849568985248988
-0.5962500719001756
-0.3839900132098573
-0.13603361355306148
-0.35631463581856393
-0.5349694617769633
0.44506229429920363
0.5170607057494304
-0.3901873779317398
0.9066102485679954
-0.006451599684935069
-0.6072403427702082
0.00884162921995874
-0.412036258665378
-0.8574997325076251
-0.4977613416881271
0.018343635484906477
-0.6832350574460172
-0.3315565360001267
0.9968245579113453
-0.4761827879265606
0.5001954198873272
-0.9793778272243479
-0.6728345537499889
0.12607916073031092
-0.5735289335599181
0.009375094345789358
0.5679272189054599
-0.23423296140033723
0.389185288296217
-0.5040786091887848
0.8338612706801597
0.1556908282527157
-0.3796691950190775
-0.2700694960787306
0.27586558470303857
-0.8761859742550735
-0.5850744461742907
-0.8232317043936406
0.8579234995529781
-0.22568153777967628
-0.1703393240344744
-0.5735926818395528
0.7290601439887694
0.6990556618701165
0.6715901020169698
0.6458892564241976
0.938562917543997
0.3369352118090229
-0.6833339407552185
-0.6514686970142008
-0.5221888883700645
-0.48325447875379474
0.17494299988871242
-0.07723798295431088
0.30492120321937766
-0.571256222511178
0.971264199782924
0.8076444399283493
-0.9898751365599279
-0.37619167838911977
0.8909263170292443
-0.007105925625743199
0.9267898126230495
-0.28920546389206986
0.805907454658603
-0.49250526311170745
-0.12572997032880764
0.23054383210320747
0.1401966615152106
-0.24358962644385213
0.7466734893003372
-0.28729567455293953
0.753788826144646
-0.7503004860883584
0.4168433477506481
0.7177739315935932
-0.8803344408128279
0.8425588203310054
0.058302767688419924
0.7246367589854709
-0.014731635001228437
0.6050187427257432
0.41814834898392816
-0.5437690981003452
-0.9544335067483013
0.33616013587416066
-0.6522810190577742
-0.12072244983021825
0.27572067828439234
-0.568790455366847
0.1230671503283068
0.6664013127000312
-0.24273592945028538
0.8258959549083572
-0.47729337251581616
0.6278857869507533
0.4412642761234891
0.23087518776071195
-0.8777022382356896
0.8342935118133044
-0.8134839385178614
-0.510604671381948
0.8173330951989374
0.09771559118961494
0.2682612117818171
1
0.07063522399191913
-0.3341709615905601
-0.4564313958915003
0.38003170912628376
-0.08492389611451472
0.29890619862744666
-0.5620038953108373
0.7071942113184788
0.87091560211324
-0.18539332987158905
-0.22477241659837638
0.09038735522351136
0.8642624718292586
-0.45842456057385833
0.6685779074971077
-0.9292852291676373
-0.2303280930684499
-0.9389833586284427
0.4889112251556601
0.16865112084958614
-0.8078889387482207
0.575507963458054
0.21558187062419404
-0.6760898939677465
0.8799216698113664
-0.5163596916149871
0.4871858697177055
-0.16982927975335857
-0.6565894401598965
0.36960796880532526
0.530378553265679
-0.9044330481017282
-0.08731537181460372
0.9304978691689344
0.19895305845283778
0.10690140399315685
-0.13342380758320319
0.7843497516408685
1
-0.5056568293480399
0.12189342087413392
-0.665225427979119
0.5154961740267276
-0.2898293872271758
-0.3094037107647316
-0.9829461014165662
0.9732645394365674
-0.511888299045419
0.45159947605578193
-0.40315302784328
-0.5162880577027976
0.7027608574617578
-0.953887182378514
-0.008207981517274296
-0.12509581140829645
0.36531149299647275
0.2924489428176476
0.1294897068750543
-0.8457581915073358
0.614943918753431
0.529706828993039
0.7891541333758516
-0.5020263158283126
0.023420206834818106
0.885049657770105
-0.472191706388742
0.5453126404674048
-0.4970413128898778
-0.7943768146390886
-1
-0.354311766424854
-0.8703065595167794
-0.12464488725094189
0.26223910835454867
-0.6557383146273619
0.6709458230749732
0.6744257830300767
0.38739908003315066
0.20991888832863853
0.9234236867166443
0.7537934582303424
0.17277914710451098
0.1840647895117722
0.762475149210669
-0.7168697520613879
0.6464806356515135
-0.42595311740721137
0.9615075778579447
0.983257182582265
0.8276373403586061
-0.8392258132818581
-0.9523878042822079
-0.8766250708160023
-0.9456725178546348
0.38964722859697193
0.8615252493576349
-0.716237655582173
-0.28192382420057654
-0.3113751804811851
0.8973295677209577
-0.7584540577684475
-0.0889845594541838
0.9831142371306901
-0.8815890585176814
-0.4395538724668183
-0.25766709096579443
0.16028243436619025
-0.9894069377394943
-0.3416984833006698
-0.5900988751008129
0.35447247592025893
-0.12190931448415276
-0.13357359909346772
0.8124245381678785
-0.6526643771207424
-0.045886587029255896
-0.1371231426641236
-0.029572300102941738
0.19556800028384957
-0.3304518852211552
0.7066147714676073
-0.7250379180163586
-0.30017467993405283
0.05407062221650344
0.9100001456437421
0.5105502790402865
-0.7136164120615243
-0.379502845380603
-0.6839936193875895
0.8324077460455437
0.4787227826633102
-0.9062738599211451
-0.865178145171131
-0.4807964062030573
-0.6854348012473456
-0.5313921509156038
0.23912031540371456
0.22644826513353372
0.565682885782854
0.6303539981983213
0.8054920871865775
-0.2795230587590666
0.6665863480331264
0.6453971555360442
-0.8057696242595336
0.22535919535176074
0.36499816956418274
-0.6600914857951021
0.9881041854001393
0.007330660861515548
0.21751894966510837
0.4979038148989193
-0.9280822590109382
-0.9043193066293338
0.04198488747362925
0.2891895357616451
-0.2879548117058859
-0.4747200816175401
-0.09465803831340198
0.909836900679562
0.38542462187140364
0.29044800619301636
-0.45991699953035914
0.818961948557977
0.30729161012050926
0.07030075278312237
-0.48563198616629294
0.26773044764982223
0.13914824833935427
-0.7730140332576765
0.38441179038068213
-0.30931923162492614
-0.2776406225637976
-0.5412909652634347
-0.37040007739181735
-0.318947420927767
0.3616691761664972
-0.11525880198811216
-0.7091012712969419
-0.5877213570738605
-0.05554204629408803
0.43954901411028097
-0.8523577551708867
0.7016671624334025
0.29676219762117045
0.6476947830038282
0.7357236842624403
0.46930690171048267
-0.31883035031044
-0.5385749791909415
-0.470631688833067
0.8220917415290109
-0.6365559194241068
0.6482818326032559
0.386004083245385
-0.660771234909673
-0.045996028123155785
0.8737731609296351
-0.024846991722281067
-0.20863987862757052
0.8278347158839583
0.7026144848434558
0.9171832697912695
-0.09627534737364336
-0.46210235993155097
-0.48523556727168937
-0.6660642536883978
-0.33462637179352117
0.2577441152659137
0.3635209224925938
-0.7684256047058231
-0.19815083218875615
-0.08638883581529844
-0.3235535977125393
-0.7307648269723291
-0.8959496849067192
0.39971265412959356
0.23652767635120292
0.026465522209705557
-0.3902651603549973
0.19538628423083518
-0.9790088050793209
0.8971675453575787
-0.9549209495415395
-0.5560219884219556
-0.6249643062505645
-0.49854248689172664
-0.007345356047992949
0.7344294579087758
0.14916567895324268
-0.5684398698455185
-0.8087256275440614
-0.0011010982475072872
-0.33843682529917957
-1
0.05202585116806941
-0.8445258539248821
0.6557134945698277
-0.18833656439491048
-0.6784828869314949
-0.39933217254000686
-0.8123503170229783
-0.9783778132936428
0.4545099851655908
0.67749119341001
-0.2759958523994729
-0.3341505778391806
-0.07742386788533032
0.24535723537851983
-0.22670166047561768
0.2948944043370374
0.9099110162219967
0.3403665368258216
-0.2655392579866775
0.8466166095784363
-0.5742594470540953
-0.7728088832880525
-0.2113483049777996
-0.5044100847360197
-0.5689626851902329
-0.8957265005058708
0.18367424808698926
-0.1562243469256676
0.10696125476117857
0.6697794748922118
-0.5865912880057051
-0.12362934049537352
0.7363983701661826
-0.0961057980910905
-0.39722136919979084
-0.7944507150137816
0.66709459645628
-0.8404342328641737
-0.56595438227468
0.43033687862527054
-0.42616671474474904
-0.9476561597957254
-0.5893228639466843
0.15926131926546716
0.5926536418653048
-0.6220162608505974
-0.4865114525571247
0.9835967473658911
0.6848418940695362
0.6719363911006523
0.896029681492961
-0.8951527245195058
0.2693737136002014
-0.7049056152164838
-0.557687759471883
-0.5664289774388397
0.5177588113803326
-0.6392326987724501
-0.032531678524636634
-0.4923735355344435
0.014988165707803307
0.9805604862169798
-0.38395900987669174
0.3897415936899169
-0.7140674389420532
0.505464147301712
0.7030922917036365
-0.9082494593239024
0.5269279815457751
-0.7985338416819694
0.7258739577678545
-0.12856614353154666
0.6774118814664092
-0.22779420324229022
-0.10540223015706585
0.4893685174406358
0.8786456604706853
-0.9898034375519236
0.9005794426225375
-0.39127245612929196
0.9850825896160299
-0.522532973528617
-0.4808413067101871
-0.7192079351124209
0.8675764779001836
0.3874444957280359
0.6844315625479996
-0.783725100576889
0.24790931817550171
0.7605903932605321
-0.716828029363992
0.47174390903968777
0.1320780640905288
0.5389026260597535
-0.2877802939538092
-0.3247329272883754
-0.6928824083697651
-0.3866204827822855
0.3047361126323365
-0.05070239199678446
0.597338099886615
0.08967672706139891
-0.36500284416253304
0.9121066483873473
0.4929015799099884
0.354354706341028
-0.02602223778067778
-0.1765810394507406
-0.4372837865746863
-0.5545065665822113
0.4047667490065752
0.7060167074447325
0.9058110094953474
0.9870218713334994
0.7105232647074955
-0.8988069533991182
0.42152406950792237
0.45542725852290644
0.7950489110913601
0.480680382328102
-0.3620841726039136
0.6026496938581493
0.9917866880887526
-0.6430250669619009
-0.4475654367431519
0.6216503656180932
0.1500322906970376
-0.809442971880489
-0.8228758519309199
0.6743223591395174
-0.2912088811078994
0.38680536171231533
-0.07397288570439128
0.8162180643340736
0.6256458008035967
-0.025895088939031793
-0.025578781345931355
0.9505108937632607
0.17828602323568057
0.8333529814761601
-0.5352554438383024
-0.37637890747038905
0.44698437601051805
-0.6354200651607259
-0.4735757374366029
0.20914207253040906
0.8302449721806453
-0.6838037451966636
-0.5062799812777594
0.10603142292950389
-0.76165083634834
-0.12204289378431758
-0.5842704512087532
0.8137428793936821
-0.1142459576649316
-0.9630865719175915
0.2600516096694047
0.49263649464050546
0.39969659393709667
0.009934804069576973
0.8333540271905996
0.6969678265349389
-0.32811512004902177
0.597944040646793
0.9444935679643482
-0.018208584565588097
0.8324613484278833
0.13585671503570027
0.9906204228954553
-0.7558312777564791
-0.9220357629144059
-0.3344158415076343
-0.5983966797005135
0.06129428235773385
0.2503919636581168
-0.9658356038978816
0.1881473858217354
-0.5010264769238569
-0.6336519155234994
0.7735470898859839
0.5113510570637652
-0.6680468605874216
0.4859306760235036
0.9360172845564532
-0.43614401460892116
0.2381680753465523
0.5518400597736918
0.4615599901311655
-0.5061399763004715
0.17101816331667016
-0.7639151084018969
-0.41511968516804093
-0.5489883501694764
-0.8891458625272531
0.47855079268474576
-0.43755340780133123
-0.818570992363096
-0.15795219869398913
-0.8219374921926949
-0.18009626262072181
-0.07944646366338505
0.011729880300555034
0.48732134456010745
-0.9968716622156767
0.32472370357292507
0.2864500628628037
-0.12893007625762487
-0.4172630316647486
-0.7511799021673453
0.4317516120793523
0.6741612145317047
0.045778870521773825
0.6395043147731488
-0.8958348595013895
0.3779155133899821
0.9045509755141489
-0.5038210786730029
0.6223937282349709
0.3616983629533228
-0.17931024552106634
-0.7120134564691192
0.20232247568113973
-0.22902876830858607
-1
-0.6264193395942346
-0.29549138899240607
0.8106284533460424
0.2949058320191923
0.9030786706923422
-0.28102503789597283
0.19469250307942101
-0.7260480150527931
-0.4834544797728033
-0.4533605333824275
0.9366332392040704
0.6833423226121021
-0.3189101062772214
0.6664123977685846
0.9618233909819228
-0.8712938556125074
0.40046835360347194
0.004361386549751026
-0.9399939346308394
-0.6012244027520697
0.7190939897923067
0.594533145465235
-0.46184117971921496
0.3827550057119756
-0.21688888979516496
0.9885722057958426
-0.11345035702350616
-0.6383415208613054
-0.2132179367679292
1
0.4345666206416844
-0.38123412679531365
-0.22990987826537343
-0.8886664667724565
-0.08923116206473963
0.6200895192823261
0.7619215147698912
0.13106727852103467
-0.6166561048734367
0.22244879628902403
-0.30507728091657166
0.8222574159755184
-0.10573012047965459
0.08892362662402199
0.4580646907771273
-0.8831050245003423
-0.17732787381214415
-0.2922566647895997
0.7658783293630922
-0.6002091301382183
0.07848814375967386
-0.7290863227142103
-0.9426653206340592
0.42224324661250734
-0.42236300470539445
0.183949764156327
-0.05101582340835116
0.23968087637859828
-0.3704362022562154
-0.2768458506904588
0.765580951229181
-0.15835620277807683
0.9396365615262032
-0.5316762850363796
0.7412771280957007
-0.2524223606803834
-0.15496379565564805
0.6569182285723064
-0.003473457736058597
0.4857328682244606
-0.6795682055586452
0.698749574926704
-0.9638061759091814
-0.053879357999789504
-0.706284034787765
0.07065629310557149
-0.18764595608872006
0.6940281333003276
0.36590050498600757
-0.5159650662678609
-0.31137218983200315
0.5568910595701054
-0.04093188373801123
-0.32630210668383486
-0.8129025785846241
-0.4480102257568497
-0.5996672521432178
0.15409528230534597
-0.43143340934288155
0.5536364191221841
-0.5009020833271
-0.7172014411294749
-0.33169179379411107
0.5331162559441129
-0.8302282389027267
-0.6139649719970984
0.8964795905952029
-0.8027157530698185
-0.032340068487579025
-0.7096526038710879
0.7740438120840273
-0.15837868205726455
0.2927341874295273
-0.7360361661951382
-0.05922714628436289
-0.7677311783394348
-0.8109155156921574
0.6103420277904743
-0.6044134211587059
0.042351937801254735
0.03004040383666698
0.316000718298157
0.22588893546521424
0.3570912873777862
-0.5187638170091112
-0.6841662929590989
0.6833685413340134
-0.09181439617899372
-0.762801525834108
-0.05866245117914771
0.0212540611410921
0.6124654013913062
0.351682267437001
0.32631794103604805
0.9728813296463448
0.3549879127265397
0.4193734856190391
0.2771178327404957
0.8651632004622899
0.7283562074043595
-0.32322019153356313
-0.6417556729400944
-0.2687300735891794
0.5360025788477827
-0.5645696501837009
-0.6046288974385072
-0.5576822716610947
-0.24690153346757357
-0.8086365224472778
0.22140126120194448
-0.5490807318930112
0.5824532017512652
-0.8001199305836723
0.9402437295264465
-0.7232128036887048
-0.829923433335226
-0.3878609599921377
0.4116658635805182
0.674640566804957
0.21498896185801386
0.5483844290650972
-0.7629409464662367
0.3336887833933102
-0.6920485008355145
-0.8913241841027941
-0.5048003004151141
0.4779895728343892
-0.7078567301008231
-0.772475370471063
-0.23968401524514402
-0.5983285108384891
0.978427262430004
0.8905074108946505
0.08847351136360775
-0.6692103119898903
0.9163189521533213
-0.8153543220595272
-0.4990704516442624
0.30815191760592137
-0.8888112235400749
0.9168000680084595
0.6657452875959714
-0.3404285735743685
0.10396985782637326
-0.6152428307287924
-0.2597387530879638
-0.674432439437231
-0.13151967945655618
-0.9726734657338939
-0.09969129339151331
-0.8843860599386508
0.940390071761701
0.8288449921392687
-0.32268076381962124
-0.9123400107913742
-0.10782575101182224
-0.7742498433385633
-0.17133045919247664
0.24623107733731908
-0.24211635364707204
0.29845483309374254
0.14412535361696327
0.5150905512499893
-0.9766601388461541
-0.9425596782265218
0.5742776505044639
-0.2672128025084553
-0.249583577112423
0.009429717752418928
-0.1635122666074766
-0.11542421137507146
-0.2245634215333784
-0.2190975880403681
-0.7428781826529441
0.9670776659126177
0.8893339714301841
0.8978772164381736
-0.7960975401889554
0.3611916220651428
0.15868661668735368
0.8504670580996027
0.02527603608110391
0.33493102277841824
-0.28593098865621636
-0.4400917095886315
-0.9506260069215037
0.6476176881282294
0.20148213955785652
-0.6342376568631727
0.887734338788523
-0.8867971577035222
0.4004282299227905
0.49540618612523385
-0.7790400337769898
0.06595053360703125
-0.11730225398826932
-0.6569080207031166
-0.5318049168386828
-0.6140986187300249
0.7602533101784561
0.9403034578232252
0.612551546848782
-0.0837027066900956
0.3757799800319205
-0.3706299641424514
-0.7508281794679158
-0.23427822310199747
0.6904092930277138
0.21319584903980232
0.5859925933957211
0.6476219569119074
-0.34808193757035366
-0.11388670335386575
0.3748674674169568
-0.1881269809513555
-0.12300105242993052
0.18740697732154155
0.5770886748009828
-0.1559528437005805
-0.7038944986197504
0.8070504767103193
-0.10239249734074563
0.34100202781616473
-0.8588757168815789
-0.5671542139520476
0.18964085104432649
-0.6274492613455145
0.6891930440372523
0.09543941348093048
0.23232710474093154
-0.9932857401444192
0.439418627878203
0.7911295740172448
0.10618032374990169
-0.3474439336293949
-0.765476338398761
-0.3509384714020083
-0.8975601587309565
1
0.2174563398165531
0.5758104395325956
0.11491643972542775
-0.1027086511686213
0.09802977676068245
-0.4937253585627601
0.21249515301374472
-0.8033278148148693
0.4133445118564279
0.46857087410882814
0.8921087197311962
-0.06746433886668725
0.1620187314405552
-0.1667565427580341
-0.896021968087582
-0.07280977032908922
-0.513144536084223
0.31116630936994244
-0.751405781790089
-0.6801067369031483
-0.2227469948525511
-0.6778845654103792
-0.7656758665069876
-0.034640166008944935
0.42044738115348845
-0.2616315742621705
-0.8445531727704609
-0.7665376860838232
0.33677254077770447
0.8710184065703158
-0.2331892683531167
-0.6555993524364592
0.7766685120957436
-0.6730357731465086
0.026324292844935843
0.456173503118651
0.33955642497060884
0.6318082306476115
0.9990972961637845
-0.17851602260049698
-0.4552925468215437
0.17220242560462223
-0.302055640917658
-0.3169780442590522
-0.9641264632894976
0.3113527971619987
0.9104869855781788
0.18318181131986772
-0.4801283119164257
0.7246264186170362
0.10426547840824477
-0.5656768260427465
0.7991141942621467
-0.7160204792846143
-0.16264419529555885
-0.12545881267437192
0.17875815652182556
0.4380120672557764
0.6263764071727037
0.09905697989285696
0.3660061837091392
0.5749026091165983
-0.7814137820367396
-0.25798603268695763
-0.938210751527935
-0.8697221342257856
0.18715370254276115
-0.16155882416911976
0.8119146929724028
0.15410861283996694
-0.8531759503751157
0.3543071877399152
0.6989979168707912
-0.29053710765261515
-0.6591922712897771
0.7744860680565286
0.10266102149396518
-0.6901650300360392
-0.9370661414483465
0.45579314780367103
-0.3534410297735667
-0.43467806290733235
-0.2128717507532228
0.7735445200256237
0.5032624816328105
-0.6185077737415363
0.5806315238294503
-0.40393689210073896
-0.4638978778912255
-0.3631745980784305
0.898673656285388
0.9329490361590924
0.40892762532142984
-0.8249477722433874
0.9889252253155894
0.2716826393191055
0.24450687697680132
0.8360864825813639
-0.9389534211317755
0.9255805605125199
-0.9302600616430993
0.5148821821069841
-0.010387920301684287
0.46252316754300216
-0.9564139547870455
-0.15808520493349332
0.09373516556686208
-0.9458442828562771
-0.5586949130683935
-0.537545090802769
-0.6691415647571408
0.3261657445875682
0.6410002086266859
-0.7924506258206524
0.8687300350691489
-0.18581505635417586
-0.47475058339328996
0.1821761409303399
-0.8164907927954421
0.8370748478675556
0.51324592668714
0.9907792446443611
0.27435238829579145
0.8442750328364614
0.2448178768738791
-0.19388926779425422
-0.7402787235695981
0.6144178501065732
-0.8463851346525396
0.3408126544921145
0.5247938029793698
-0.7387418257461934
0.1201462591039411
-0.33498696218192114
0.8226630478172613
0.656551356955632
-0.44810482538785423
0.6817735515490744
0.7398255001758192
-0.7991156565651127
0.4477230585303653
-0.5103110442198333
-0.08595261340771496
0.7250705658471069
-0.17062176157664377
0.05247846645229681
0.9171931718813086
-0.21635025036429026
0.168238125299028
0.7319962577578013
-0.9429454826085787
0.7037113056820461
0.02552611677351272
-0.043873970027361806
0.8113204241265093
0.715402629286322
-0.7814318985150617
0.5497721591861864
-0.179191777590476
0.05163575708065614
0.2052779350557149
0.22127909539292723
-0.9613607850413597
0.0783600031148184
0.9827273756469438
-0.10581056234686287
-0.5911405569576331
0.12967496154685723
0.5866886705935487
0.5552584398456127
-0.8849399470495013
0.7258839788189893
-0.20552925008573963
0.450981228611037
0.0016386658882009864
-0.9265787826890703
-0.5644385435979948
0.14080932131546198
0.5810175032217035
-0.41323998155235425
0.5323129031663489
0.2685692538842068
-0.2901422245532056
0.5191737915170481
0.7658161221060654
-0.22926542309948775
0.6839552860475779
-0.6876957740640008
-0.029210456901248825
-0.6461532471742321
-0.929286128113937
-0.024807129049588397
0.813777787276379
0.4549579502275935
-0.8890842101633512
-0.626073416232576
-0.5937866672341298
0.3305315391260817
0.5433321093959818
0.4544779592427575
-0.7149371272415537
0.693096734432171
-0.3141168961029562
0.9213913512154606
0.9486725406161013
0.7009272373729788
0.3805162089464269
-0.8776124330952397
-0.12101402854965473
-0.11952492528699034
0.8968952302289607
0.8142850693303441
0.07208438639298825
0.04118828547967317
0.5029001475116983
0.9009672021713253
-0.3764307265558157
-0.8340694732820448
0.1877506643105507
