0.665322353121797
0.3953266090902702
0.337084313529379
0.9788751783251015
0.32358297866655006
-0.7285211788719704
-0.9435153809226704
-0.22407259123425177
0.13524614252763212
0.2535102582724257
-0.7927576196239189
0.21225280775461636
-0.3459806018955705
0.777704030910761
0.41311496319296526
-0.893977875144214
0.8582966049059095
-0.483131647447666
0.5817129155239418
0.1922920196566129
-0.7252893252947162
-0.3167959174283996
-0.4505556365931851
0.30044882741719964
0.4942031059564608
-0.26319463471742804
-0.2349959996339125
-0.4942939678492618
-0.6446668409757362
-0.28459839875845666
-0.12480650218113203
-0.793313554520794
0.6009774074128805
0.28005080894915524
0.7119468001496201
-0.13499405219553728
0.27290078299446807
-0.09375816204681321
-0.7541666985366715
-0.2876394579885346
0.5745725475074298
0.20877477787161855
0.540366762450453
-0.23981393151450014
0.27923768940447435
-0.09849496283051715
-0.17132889349059222
-0.05116256421350586
0.12073107563684386
0.7108226992033739
-0.26682664848503096
-0.9467965105402114
-0.7040422079149825
0.8586034174267186
0.956158422194672
-0.19303575598891914
-0.7312159117233669
0.6973539266492711
0.8497499834667466
0.204332522494576
0.903061721998139
0.5903110627805986
-0.0780280702721235
0.46907473253640314
-0.016919912959401772
-0.8644444861198515
-0.9421302435696801
-0.9115920300180553
0.6225689503333273
-0.47993207549605554
-0.02280856855451198
0.7299292931734854
-0.46132660910832324
-0.1046308036140623
-0.0871204333040715
0.8131973447773753
0.17015640860438042
-0.3792048474657499
-0.5302797432385644
-0.23244742547255556
-0.5004043044913399
-0.08905251475133141
0.11036759358415289
-0.19778673359533114
0.8358474915555731
0.24739910233630136
0.9236820690045509
0.1754923636432701
-0.730134557239508
-0.8119165269104464
0.5519583051347843
0.9179942849906494
0.0041290309592785755
-0.5707907692016163
-0.8430045292000257
0.49272127396691806
-0.2762981809820242
0.9495807075128185
-0.6207854542082428
0.3933639828268652
0.6680743230599662
0.1978745120763721
0.04274299938086198
0.5670361904854566
-0.4991015747737953
0.4825356733361813
-0.47028737954448235
-0.6939773024878477
-0.9561160783319198
-0.3037808885097019
0.9464225844607668
0.3801757172436395
-0.8040482887005704
-0.771626727494999
0.5863693740319216
-0.37063393230573494
0.5019072639366186
-0.6042557085950245
0.8573919371169936
-0.26986206236582744
0.33126195169707556
-0.2788836599499838
-0.7285807141093026
-0.026714702752847038
0.7809607066391845
0.758854603678643
-0.259231172750339
0.4535986204934166
-0.8718051010979677
-0.5231537405411619
0.0026164388463923733
-0.36725439102643725
-0.1115490946633147
-0.019602080269183378
-0.3858125076404849
-0.28753180923434996
0.477133854732387
0.7936353410421707
0.3505768058432783
-0.18757412856300246
-0.41385664063690625
-0.9908927107714456
-0.4545336497216475
-0.050250493001105664
0.7942430399988282
-0.9196494864637191
-0.1793393287656918
0.6570985642868468
-0.4412989407006273
0.9509120255589504
-0.41103852049331224
-0.25357393884893187
0.7334936498835642
-0.7771502054154775
-0.3999219715192288
-0.6970289157201708
0.9848993130938802
-0.4871690740129325
0.34224275689949335
-0.4081750900217979
0.06249639916246239
-0.45806779214816445
0.41908636287380857
-0.1243448611130577
0.9718860130562317
0.3994801944316153
0.021059220732299884
-0.41414494305737987
0.3264815340206005
0.07849890570404079
-0.11975989717329345
-0.31276383705002503
0.5773297180160234
0.0638744222663153
0.6936044146884116
0.6871158346626988
0.42010801749397475
-0.3272334305799823
0.5426174341888684
-0.7751553980353761
-0.3988185701472771
-0.41904353487482177
-0.4790299664315284
-0.3528479566747437
-0.8850401290308652
-0.38106091374354073
-0.5360163349077051
0.21843644232161247
0.8228836324825618
0.11586355667336325
0.9593006509070466
-0.7417453102310894
-0.26514416246972283
-0.20569682751281168
0.13118394131140265
-0.18079490948130708
-0.6068254326604657
-0.1359852215969514
0.25239685259235695
-0.029188355462167314
-0.15871851603253206
-0.5237106997915926
0.14916674204920713
-0.8413481614891957
0.3251137319342871
-0.2965354874162629
-0.02584177924865563
-0.5775812975744272
0.21832659631003512
0.33224298278247855
0.8862567346569019
0.5680773092454737
0.9470264115996241
-0.7554373496620961
-0.6253165273998905
-0.7974621961292536
-0.6437408744261851
-0.9455456662953925
0.0777743903063257
-0.2396462756923346
-0.15610672948446216
-0.7914095510568704
-0.7902540569942594
-0.5256950929202145
0.4204966406168001
0.10660148996489449
0.7178386529418294
-0.5205711962585424
0.6708782757693305
0.32942524965081227
-0.14788926283022472
0.00937346308417891
0.5132162429519572
0.2933705988092812
-0.19605754410197013
0.757949151445176
-0.9960650046364654
0.5893899482837273
-0.2502749862969864
0.34298740180849435
0.20465064495917243
0.898312780326972
-0.7958327332600571
-0.431927081918529
0.6465674915921096
0.23693911669809625
0.4509599336893415
0.418030781040262
0.7146148010947544
0.3170947195413389
0.11995701104097081
0.2942194728222743
0.4192066130981131
-0.0022217032963234955
0.33191337111837865
-0.0467512587649444
-0.2557346764289149
-0.2880038720621351
-0.046509094173909686
-0.6618521018621504
0.3532518021837131
-0.4106889155083353
-0.9270933972140084
0.7425512009444335
0.8356279320788345
0.06411765402759752
-0.2910907541424274
0.9069891602875794
-0.6406819180406199
-0.720616220057859
0.3758421176364776
-0.215762556845026
0.650876470094748
-0.1326055551045936
0.8447844213461623
0.20455168132876053
-0.26071396764527927
-0.3111614331630626
-0.7880010730842737
-0.09533600539113263
0.07558503970594768
0.6686397124673974
0.21942881028686828
-0.2119580675549035
0.033163782351908935
-0.5644089184388539
0.21628880698170247
-0.6326609671738634
0.37938535454505457
0.6287047962080583
-0.17127073281608518
-0.379907641947035
0.2925094629977493
-0.460624671938208
-0.11711156332163326
-0.003184458394050912
-0.3737069983326688
0.7202416848938655
-0.06690280143860462
-0.3661687287236927
0.4479855764874172
-0.8447590400778535
0.32073116718095435
-0.29893365773249403
0.03694956805204329
0.9678448296525174
0.7218444762489018
-0.19851263226788923
-0.9344717970434793
-0.09898304314873958
0.6174912741250556
0.7169364233654099
0.5586085231368066
-0.5107952272103454
-0.5255007013605075
-0.9715826275045678
-0.6635406822530532
0.10577318354182852
-0.18922982934145754
0.05890522344306879
0.13457183191858935
0.33016652521515466
-0.731401877197059
-0.9599093238603251
-0.7778622803011239
-0.11947652554448036
0.12070154442655197
0.893185157828983
-0.9901549274298213
-0.7184532210937451
-0.04404028242596345
-0.3748164327026451
0.28488430907879253
0.11541784927707144
-0.10494616816309295
-0.6323282968132186
-0.07869844639895829
0.5451671349275853
-0.7797554627509664
-0.14243274091817917
-0.13601775443886047
-0.2746529756653266
0.25708415881706365
-0.16284246378733602
0.12623407934501835
0.6344700777838685
-0.6123411040298578
0.5211109052525622
0.19229741404807546
0.9196646144882664
0.3302066919296541
0.8921145773116549
-0.6976106278810273
0.9496750489135233
0.7359920480019071
-0.40257285626429684
0.48202690274564763
0.11454109947697601
0.7127631177146703
0.8969838342324973
-0.1836705254232456
-0.18941131758830126
-0.3821310063418569
0.6331691063356839
0.030899081922642554
-0.8313860753158197
-0.7644607661274563
0.4126811819033053
-0.028917698795298718
-0.5636203073313
0.6809061549296092
0.7679326573622379
0.03144298133896974
-0.12929510788154097
0.6058736421016504
-0.40342316864976957
-0.9011105589505057
0.28566265192656576
-0.938009352966227
0.9668780702058294
0.3231429895014807
0.12794401354495158
-0.6778602077562789
-0.2905831401129114
0.871427639131927
0.6884766962890532
0.04213292779938198
0.14111786063512902
-0.8412966349176662
-0.4317143928158987
0.9582673542730847
-0.9094108378796737
0.2962162450728232
0.18598064688047977
0.6338894996584237
0.4494179398913742
0.45610357450152833
-0.4516492634102881
-0.8146382465101955
0.7124454958206454
-0.9802750321778587
0.3431172283124862
-0.8103776685668292
0.17205632467432597
0.030046212116306516
-0.9078939131610715
-0.8586232569252883
0.09921619910883703
-0.5243552379486948
0.39107915911092844
0.26918510814528446
-0.6449588768968328
0.624259109448034
-0.5584212744592001
0.5388170476594132
0.6899489249297253
-0.6141270019169655
-0.21023332384475893
0.7044394495647501
0.05784526251170388
-0.7834954415872794
-0.16080401933627972
-0.39685536232643404
-0.10739461817936773
0.5276251470028384
0.7809415934040259
0.44293098292511734
0.5583299022433205
-0.23890594364195325
-0.6274609474722884
0.8579848722447209
0.821085073479189
-0.5969018387769404
0.4842637074903144
-0.8632720838144031
0.963218723467998
-0.015206447933058347
-0.35174377562707426
0.7309768377466088
0.029456724346371147
-0.22999313678466102
0.41301014135617176
0.8111523200150469
-0.7775032143128977
-0.20902563186055811
-0.5586441605446937
0.06666202952688077
-0.5908141451562295
-0.22103871034428849
-0.8459255636567067
-0.36958490308715447
0.48843487397875296
-0.23247836928984203
-0.2669962132406806
-0.20483891693512224
-0.4096907725864952
-0.5102735029372726
-0.33107147565231276
0.13106306566787057
0.22693458832546046
-0.5018814237137248
0.9479975562188373
-0.5515846147266827
-0.8118680032856315
-0.7853549178640834
0.43791516318689244
0.4724499353590038
-0.07231764640664294
0.031293275370543376
-0.801483021563983
-0.7923278363742732
0.16493079350240084
-0.4258783131273567
-0.5493312081946267
-0.776053289298415
0.49226457035268695
-0.7057926212346594
-0.8698852079040269
0.5556111685467715
-0.21051121573033268
-0.6518874578347473
0.8628461653002084
-0.36827004594763885
0.37997548327397507
0.5593373990470548
0.8687026954703364
-0.2880488850069609
-0.035842095015437725
0.6316167443840554
0.31430366232532514
0.05497213735207256
-0.560529614487912
-0.5626362380991067
0.7965729972402285
0.6730426964633431
-0.25920609226016345
-0.8834205272841145
-0.03503242312613825
0.41763962325399717
-0.016170619004131533
0.06454590971148379
0.35490101996050805
0.8428908202241963
0.6921280205447649
-0.4091433158548171
0.7785697042953349
-0.1834275064013681
-0.6098935170615994
0.8355411082458497
0.09609281752088822
-0.11670089329797866
0.24758747140731602
0.5602691289390878
-0.5398253835911391
0.964182645315828
-0.022557737667347647
-0.6197049524357924
0.7340755875994153
-0.8287814452759625
0.8566506336507668
-0.9153974995887159
-0.28303935664356206
-0.286970700602138
-0.6855130493605687
-0.6573758699031432
-0.9681686183965398
-0.0695609833968876
0.005106655729759629
-0.5149458904873216
0.7766333373403963
0.3426960542827924
-0.9877598580338368
0.9131550231765153
0.9703021461743968
0.1614666828116222
-0.16880301294536604
0.3614817669388412
-0.2264067863713995
0.47281638404912557
-0.22648224505669093
0.8038061417066473
0.06082614148323856
0.5033491078245419
-0.07273985268969747
-0.6251036628813804
-0.885550274930035
-0.7054343946009426
0.5558931296644775
0.45690295605502057
-0.3516070265247869
0.5872376683900108
0.5676390589869809
-0.31141036512469716
0.0584011410338311
-0.1195343241406129
0.7292435483446946
0.9052000603544287
-0.4664078816726259
-0.32213169151712795
0.43350572357405626
-0.21637700149692926
0.932657526228167
-0.2714777910078605
-0.4232649363776864
0.6755658137085406
-0.879439001936386
-0.3449273553772914
-0.8696725443414077
-0.6573936672179106
0.48061962347174764
-0.25938722519552465
0.6002639822636957
-0.1519652312488083
-0.5601512257732219
-0.5622641587252493
0.3648528421485504
0.3749218734925765
-0.365396475408822
0.3239093680832722
-0.5374724589734275
0.7350233478246906
-0.23285748715743362
-0.010645510661114986
0.7071208407779638
0.5381731989344252
-0.5837498063335944
0.8424200101493406
-0.29504589643376505
0.4331671010508328
0.553541010548319
-0.9507092355870775
-0.08655831914475344
-0.2565374723514018
-0.08608788763512508
0.5950895782904838
0.45655511707961594
-0.5138920980658422
0.6907113845776627
-0.1778076369873094
0.4709542912965713
0.6618368995428118
-0.4325113179864284
-0.7173785238877682
0.1819330931979398
0.12684648216184835
0.3379107001431113
-0.5757984125186759
0.507879903959037
0.3961905285858009
0.7103959401080983
-0.40666790403081965
0.5754104528699985
-0.584288342917359
-0.6543446624175607
0.844403510953595
-0.9463575529346643
-0.601858848232158
-0.13114928237038698
0.23871705275862756
-0.27336698121725245
0.27219741884409804
0.22148060302562309
-0.4485565237296777
0.8841759586073613
-0.6146765298141377
-0.09479344762817185
-0.31103663529758435
0.7754398546051907
-0.2378184714250828
0.9341017724025661
0.5494303018721671
0.12505929894017592
0.8526612776443907
0.1947028128192332
-0.5942754090126824
0.3213228392492274
-0.6705696496617495
0.8177649751893953
-0.024182104560519602
0.9242414641298294
0.7115173273069865
0.22046110779635245
0.9902969079599239
-0.23158884514946781
0.3284972213868175
0.6314442171893233
0.9607666741183556
-0.6411030525042358
0.25939780846227944
-0.08516131931051658
0.4161354543488003
-0.29983474703228935
-0.27215599287805026
-0.956363824129594
-0.21118964664789996
0.9638986539516369
-0.8183009996076565
0.5414608356437486
-0.41547509986427317
-0.9270941872455271
0.4957185103984924
0.7207732813148467
-0.8035758666058657
0.06042627295750814
0.9460777774036275
0.2938462079558088
-0.9361508246515859
-0.6783376994067307
1
-0.9179868884487177
-0.7181214082327375
-0.17576831938317877
0.642944982612708
0.4754052091883144
-0.7930416631594284
-0.5262785257586758
0.024721342342305924
0.5507544734811102
0.4810738437478345
-0.09176505317070024
0.5063318111201403
0.0862495817737317
0.49114106256141743
-0.8263437736011745
0.39676500297890077
-0.3685733786041781
0.557710115092754
-0.3591986627947075
-0.26111552272679445
-0.27542202372027386
0.21065567329682663
0.9525185986975844
0.7204806948419693
-0.04594811964531827
0.7158053955913187
0.3801915054243856
-0.8016088869847994
-0.5150790618896988
-0.975311184055636
0.20110375834122265
0.005893661571841624
-0.42274064228157826
-0.7798534230747398
-0.48087695659984475
0.6402594950351157
0.8529028990626991
0.38343053190396437
0.7558250727577359
-0.5331935220658005
0.7019270572882866
-0.8520610104071157
0.8962658631709616
0.4811314813484647
0.7051926798886842
-0.5491031350291407
-0.33703498558988504
0.5850298859033524
0.4458550739744644
-0.002115497698947673
-0.34856024615863507
-0.6537824317083142
-0.6596602960161368
-0.18277517340594265
-0.0830460021091301
0.6741065903438632
-0.31699812572056607
-0.7375637806601723
-0.25875399336951427
0.09903123300572225
0.5531867682249834
-0.009956445548918664
-0.33705226992588777
0.3178782246348355
0.5467845400987833
-0.32491471230140956
0.3716588403384341
0.8890411088771908
0.6198318538545379
0.8463556596881766
-0.26650043793951217
-0.5438436322721697
-0.8706665447324432
0.86322303709467
0.5467330771716706
0.0812122989879269
-0.04519572283210842
0.7162739021500567
0.24400333075538652
0.13330282731018936
-0.5005395915137149
-0.11524714873731152
-0.5300483643558358
0.5303023308103489
-0.7300360877237005
0.8267115289909335
0.4618259636040834
-0.8989332357519321
0.0451572034038651
1
-0.44982867588074926
-0.7259536493797248
-0.4529643132599342
0.7222671468318347
0.17766558333108864
-1
-0.31663741026134823
-0.3178613337490657
0.7288776727849425
-0.9723371787872164
-0.9122083627216108
-0.103905258212911
-0.27874922381439743
-0.02211805203535629
0.22413273435310832
-0.6634921663758458
-0.39591577247095533
0.3683016639382849
-0.21366829040252316
0.930729799559638
0.8666361947608896
-0.8116461382106447
-0.6239438542065584
0.6777726775201988
-0.37755864905005654
0.8712476740338954
0.3649294239360071
0.617588106102859
-0.9927005167473717
-0.6760575010947578
-0.7495918148673042
0.8785727958625027
-0.977936112267825
0.5192898599896555
0.2754096426706144
-0.8070196519607895
0.8038740262848579
0.6815680102408713
-0.2132553275358726
-0.3509979759031596
-0.9042430223476009
0.5184160553902559
-0.17319802303622414
0.780179936716159
-0.402550791487084
-0.706603470248123
-0.09929831296872255
-0.008162346600016588
0.06699057967236469
-0.89990262380798
0.8890705901766295
-0.08270791856296916
-0.1460106121619985
-0.17501732734964937
0.4882701628249611
0.7470528590149526
0.5099918778960671
0.9486165383303642
0.08473122459898683
-0.8091212841629672
0.6432916713767501
-0.6101875182211627
0.521721941423163
-0.9041831850756104
0.4238649699319087
-0.08100862137097944
-0.7060973006768113
-0.16085974954729748
0.5042218286856073
-0.33594206829287576
-0.8020893891034682
-0.03456771658401648
-0.2610290240642832
0.9168340639022327
-0.23464976056313477
-0.3337689292403048
0.16203065643191059
0.5130714402026955
0.9379773908916288
-0.14470276223654055
-0.2335490791405156
-0.15281795015023325
-0.9962945037278306
0.4000713332493598
0.25126258506099086
-0.9321180173194091
0.9822473514021258
-0.31184453167772885
-0.6050895893596513
-0.2738773648195288
0.1320912647274754
0.7273524578912354
0.9280491593181183
0.1391652991056902
-0.2759878306375192
0.5243876576265983
0.758058258737519
0.9530010818662934
-0.16065747282792378
0.7714763075019111
-0.8266731282011164
0.7253016023899536
0.895490026648577
0.8452928452362526
0.9244196556689416
-0.7774253853439668
-0.19520720834590208
0.020317740345830317
0.4247799254876206
0.43336056622792546
-0.36593409966129614
0.8695209826117785
-0.33423186291236495
0.45555310729524523
0.27203599060282513
0.4203193126062913
0.16016863236364606
-0.8013522109556889
-0.9355572219910154
-0.21035850819424953
-0.13234987302779663
0.7021917815030675
0.05409042830535293
-0.11079583978901869
0.5052943628051929
-0.018158396566661104
0.6731971524319942
0.4203823264666227
-0.026919166658390625
-0.592370374881876
-0.3130081053663922
-0.46135899112893514
0.2730204231501589
0.07048639664496345
-0.3494131968522111
0.08588516229476993
-0.5717737215172202
-0.5188788802812218
0.6567227577705808
0.0841042936073556
0.8495216319932447
0.6976429578151372
0.7271582253836633
-0.30951597422998367
0.13333839415634224
-0.837955736010952
0.2604949440499859
0.8203606507957207
-0.13977738530746725
-0.04632278550753497
0.8762549107678991
-0.7618334093525516
0.9947303041861107
-0.07808035210973323
0.03632945680796417
-0.4092228404326198
0.2952330716030659
0.3740129367263048
0.15263968704026584
0.18226930251014467
0.7845124416029691
-0.7138748058119372
0.7641167865022654
-0.22998742948426554
0.6999058137877144
0.5702828309346497
-0.42860544842360015
0.8082528153850049
-0.407947428708331
-0.9081176617715233
-0.019009890403076643
0.627717984191609
-0.9586605800516504
-0.600564196028383
0.08894369398297214
-0.8053325527923799
0.14773461632630014
0.014545885350699846
-0.8757116221175248
-0.5091256942469705
-0.6737185052638243
0.6235961507374486
-0.319461632364001
-0.8626760301825451
0.31363176940564547
0.48719246644280834
-0.0952386882943998
0.6916425384554221
-0.11651931926830886
0.7571523851118804
-0.5242096952158565
0.3877611192094411
0.759151090829449
-0.26051807575996194
-0.9648403723534773
-0.22156900505674584
-0.6478731678948839
0.7837592472324435
0.809724136918045
-0.7362975356852335
0.6308445659472968
-0.18867359819583238
0.9371131550013176
-0.10455682198336817
-0.3793119927170095
-0.9690248053228274
-0.5718056263907051
0.25322278328544634
0.07762995869167241
0.6040542072536528
0.7291583532739214
-0.12003301288395253
0.3180750201197312
-0.5022522134196508
0.057533865985815974
-0.007777663099422622
-0.7456169997664748
-0.4068490470161726
0.9389019003454491
-0.8256030049008084
0.8554607327002777
0.27892128621290474
0.38831302249858307
-0.6106746992523778
-0.08680300619621342
0.2104007136849
-0.6659559643204751
0.5144002665448373
0.5419733268302347
0.9893299738926324
0.05917561879358793
-0.3153722903289765
0.6821340017286321
0.3159667002592539
-0.8946541234351191
0.4678225823967755
-0.6279588393354665
-0.367907754535626
-0.6610280823944115
-0.7956399607245933
-0.937797264484869
0.9045476541809601
-0.6310663429253854
-0.8431914330841821
-0.4589825624643086
-0.26279508153241476
0.49794244946294386
0.3222374311979367
-0.5795231780336038
-0.2758959476305527
0.7330809023300443
0.9176996001599834
0.6977419133361252
-0.13916981764294709
-0.8900226036430238
0.3686249432798166
-0.3745329474942821
-0.6336109359570798
-0.048612233020085896
-0.5668068310104878
-0.14345863909967715
-0.7384429283325609
0.41479690610179654
0.3922562686798527
-0.021217567524917286
0.7491827483553822
-0.9475700704770645
0.6160394099780062
-0.5372775482103901
0.3389794546777009
0.5396946297506839
0.22037080929065309
-0.3841409035543207
0.2774603990243516
-0.14281686419574247
-0.9096054695593611
-0.5274673949590708
0.9415264713717066
-0.1393557845225725
-0.9695582417908422
-0.5756018019351009
-0.9540810771307557
-0.23019764114551
-0.263046387867918
-0.7943771317418894
0.5256971052530708
-0.8756219820875183
0.3912292077148748
-0.3190620020026891
-0.6741537373434145
0.8416222482883225
-0.44344892127748264
-0.2306661999471211
0.5340531517908255
-0.8232023413708196
0.5054700797613371
0.3061296316532898
0.009793637253307834
0.42251327269813893
-0.08418289857730105
0.6112539714313503
-0.9103217961301723
0.4385848701621738
0.01876373147457555
0.16422560185412785
-0.10060376125354287
-0.10028057169527817
-1
-1
0.02584184598929383
-0.022371390413250564
0.47604225072321216
0.9931399782229439
-0.4663198718371023
0.757686864306478
0.4702331100828873
-0.05218177571852229
-0.7388392205327365
-0.5438277774435295
0.1827288596803541
-0.26364814774030243
-0.9763748796443279
0.8578180689658672
0.35703990229375115
0.7238262725733086
-0.9980988416011212
0.6287713891418739
-0.01730420499601336
-0.1819690406231713
0.011387132580565106
0.5801888305145698
-0.2038494407201996
-0.2535364382999093
0.17829941309292704
0.8315710900372285
0.44337826982636064
0.3961784682556362
0.5219666201654549
-0.39362685739897685
0.3037628610930663
-0.30305467966785876
-0.3941904313835476
0.2085252897532035
0.9253035942336422
0.05644743977845724
0.07576382784866126
0.49329588029146254
0.3435157711675457
0.3925605007363583
0.47950671396484507
-0.34961057922046335
-0.047784703314192524
-0.8657559734821538
0.12357925931058014
-0.7813726412948044
0.7375067563186175
-0.6484940684261156
-0.409015722400193
-0.6038888447358047
0.7144578953652989
-0.5606837268694207
-0.6026028860287791
0.18002762540477657
0.3245563833086182
-0.6787601247475206
-0.6099583443861675
-0.4910296877423349
0.45734587618539846
-0.42965539120875135
-0.18834930385724352
0.21446326989706838
0.22988522908237544
-0.0582486052292236
-0.11038626358684263
-0.6408490206349365
-0.35527957000192284
0.20830584065899588
-0.2311572516007386
0.25155592129417803
0.0797334963680256
-0.05551310820308825
-0.3235809258096593
0.5401884373423641
0.0426299437400328
-0.04113907657582748
-0.8879863127209021
0.9488627153715691
-0.804680484776953
-0.35209128584897625
-0.8388696716084799
-0.42300862061710337
-0.7359583291448805
-0.8635803354173518
-0.5778876929104549
-0.23712584655277433
-0.9218433335526464
-0.0466867553237072
-0.7979755506409177
-0.4110644297802354
0.10607865546252898
-0.662323712241384
0.1649093890507683
-0.4669318231851275
0.8245859436092885
0.6260551529075996
0.7415921873428526
-0.9130592712518738
-0.6668867668829478
-0.9586250834373659
0.8209914442557189
-0.4123261200462378
0.24676711386233163
0.8865221577561402
-0.7070282538456218
-0.7111723432673598
0.40288664299483773
0.8504326324286602
0.16461661782954126
-0.22006643061798634
0.2570171001681066
0.020340761850125177
0.1710621669098789
-0.7936797542641799
0.2062446278938155
-0.8416258427265537
-0.9018356117936654
0.05989524358906905
0.8935913414410215
0.6458840500749067
0.12750984506198737
0.9017938267885789
0.121559094440854
-0.37043086583942786
0.39334747314320534
-0.2222992483232566
-0.12803730221683943
-0.46534792918704815
0.4955223300147595
-0.8411777855324143
-0.3832050345233409
0.41606333052474503
0.4626870062038984
-0.628013214394267
0.9586857300458473
-0.7301099639890903
-0.4008996850273771
-0.10348154117295787
0.3805562577254905
0.006900317576821697
0.484844104617856
0.46872139616319664
0.8803598294187064
0.48313294928227274
0.7845743066742816
-0.6600036691056214
-0.3781372361855689
-0.13476529736067303
0.8936444065998129
-0.6941232664615963
-0.783585046630846
-0.6905831233342431
-0.12467165676103764
0.7211259613105289
-0.5248059832115394
-0.22293573718911858
-0.6829122508775757
-0.8585434438187144
-0.08436983555672237
-0.5468845675400494
-0.324938970972761
0.2920065780791799
0.9583283927185267
0.9161806663054363
0.29168126049173204
0.38104787898642106
0.9317571349701723
-0.07833535811814882
0.580094168002839
-0.6789990198046548
0.2441395983078924
0.005078517603050375
-0.10980904147559661
-0.9784256925073258
-0.8846246711100231
-0.07594727085424192
0.3180927366941985
0.20649392508287884
0.952574252377187
0.9047445366955643
-0.8115614647919775
-0.9840596402983307
-0.05262380462402953
0.13800959776882343
-0.8293716466760762
0.6823519342427669
-0.7598030985815474
0.5786784474450459
-0.3570442533548653
-0.2883987629755431
0.31235611232108207
0.7892727853106609
0.8120171853799404
-0.33445730082547115
-0.06472244164689862
0.22395924319066762
0.16740520416321317
0.5560681074399099
0.1893232957916565
0.9048675898010989
0.7776713081825122
0.069685316651003
0.40504534675351284
0.1925790524802329
0.6708139069547673
0.7255556015344126
-0.7345396865305504
-0.6309844060540138
0.18829974562350574
-0.9920513746188707
0.6628180508545743
0.8627382906279679
-0.010593501942361824
0.6003903711578952
-0.11944639374973808
0.5381974079958288
0.3362600349866646
-0.4927531506153071
-0.5962805611461037
-0.2267162191351476
0.13213091052754214
0.8005622697669119
-0.589961808790676
0.6105346320165801
0.07501314766971028
-0.9228102934012196
0.056185355935541505
-0.621848093081652
-0.16611163535517942
0.7474299899738637
-0.3374248325413647
-0.12044333710910399
-0.29622784931670526
0.27759047744533544
-0.9723215389379091
0.6554833929886489
0.008559560952577676
-0.06769503346458294
-0.1326054136246897
0.17502126537793586
0.3448583086375806
0.5905162031417777
0.6319990957874659
-0.2576317984521115
-0.052553744532500925
-0.7741540664349899
-0.3909980362868791
-0.25506914862266833
0.5244418053183061
-0.773350359983772
-0.4048154134010687
0.5632541666134844
0.19218471300965279
-0.0007086952189070453
-0.9249543648836338
0.35492426964463725
-0.3821996386346421
-0.6990163660896687
-0.7880134586955537
0.23592105007992387
-0.3671273293645583
0.6007554802994509
0.09409489843438222
-0.6120531236830236
-0.6978547062814294
-0.4086353045855406
-0.3544182666221679
-0.2466982250299505
0.30793553878806335
-0.8148308201475292
-0.4372933452585318
-0.6233299541386016
0.029612232164892623
0.05175307503571306
0.464591353725706
-0.7108457457780777
-0.08198058239207467
0.1418678987672759
0.37834078168835894
0.9597730104957815
-0.5583388543060522
0.8200699053223249
-0.4945838565747246
1
0.756510698929365
0.7644897249837299
-0.948573306504729
-0.21262089726214953
-0.8776206954878188
0.44250181015024986
-0.14551126249989502
0.956520695744444
0.7310582352121306
-0.6958659216462877
-0.22021488490258673
-0.14910940450215165
-0.90234956795266
-0.5687300096015567
-0.33606720745864
-0.15014454468245186
-0.35143322563721213
-0.590798523831292
0.4401879085985159
0.532359596774897
-0.3602206581770282
0.9607795706340169
0.0008751022194400954
-0.6118140579772415
0.04120805496320599
-0.39867753868786504
-0.7790339858180749
-0.43980611692442473
0.0022054083093008088
-0.6914280530548425
-0.375971000415745
1
-0.4366677903693096
0.5145815925917632
-0.9351931330513045
-0.6998701270024742
0.13299932933074238
-0.617866700958711
-0.027773765170441576
0.5547500929944875
-0.27529416126797895
0.38193396795359086
-0.5294095399989222
0.8661883248322918
0.16138420485843397
-0.4080573217191194
-0.307870398543505
0.2582710995415491
-0.8810269470181227
-0.5056630981840061
-0.8336409504650336
0.9401177361758882
-0.23333252197834084
-0.17027183003426327
-0.6266958329854018
0.641525499379558
0.6690649788348619
0.6169106703883654
0.7174059210619329
0.9174599507753146
0.31188502092131476
-0.7243375153312054
-0.680716317570648
-0.513048357226708
-0.4961099695734154
0.16925195342462826
-0.018254546595368074
0.2821431256751387
-0.6070909178634227
0.907416969957876
0.7910082799454803
-0.974284239681213
-0.3124902692509693
0.8743324304543953
-0.02077182964801229
0.8715352108220995
-0.26792193539438947
0.8402992959382712
-0.4815238274419346
-0.14198382793688805
0.31075098415691865
0.09898519302867324
-0.2877621635480944
0.7332583557436958
-0.3356000225967925
0.7199531249011769
-0.8200238783611763
0.2942506444823363
0.7019757237194142
-0.8330193047261562
0.8150159698929551
0.06851994907233591
0.7406338017780378
-0.02289358332959237
0.6190219297497331
0.44513160259656953
-0.5164719887701159
-0.9624467708329152
0.3111835082484764
-0.5828299223565437
-0.16438291876052744
0.2472259532527731
-0.4931420724251292
0.09817325444254797
0.6440770306613723
-0.256343500667702
0.8899481773512965
-0.44995889527558985
0.5941160522690084
0.43610174912821864
0.2811182375807626
-0.9217279270686827
0.8342795240078906
-0.8489223943999477
-0.509128123838105
0.7970632184862935
0.08042331471155864
0.2381423852410027
0.9919516147223286
0.17357498465083598
-0.3105015729882246
-0.5011948946716289
0.42196843004614837
-0.07380296330833226
0.3832450886838672
-0.5746915682761726
0.6475141860790256
0.884993814132413
-0.1778369023092933
-0.21715454339309176
0.07772355855674276
0.8156515430952666
-0.49279647593220505
0.7007974464355035
-0.8785838472493694
-0.2490689467629975
-0.8873063928643151
0.5461321248026403
0.1255969433734159
-0.8468749271345517
0.5494543127546404
0.20823445825028597
-0.6973508279006193
0.8694633914536026
-0.4836648433234976
0.47437076649380555
-0.14962811589975472
-0.5964471466294706
0.37610754661090323
0.5218634895860267
-0.9196380427648468
-0.13994571995708038
0.9349417557934592
0.2696475568128293
0.16149769210294576
-0.12745056637994903
0.7607124574371892
0.9970129372657642
-0.49132861457824406
0.11517817382076895
-0.6242042125238423
0.47340601856758546
-0.25778562876606387
-0.2798920937778277
-0.9657747767283478
0.9923113991564321
-0.47783447161047843
0.3801733595891942
-0.43899658166867767
-0.49614576506643415
0.713381119226516
-0.9944478998558789
0.025124965979388462
-0.18177999458042654
0.33073174711521597
0.3069879932631255
0.097709417377755
-0.7501884940189609
0.5215594831143884
0.49114340797232403
0.8134444426888758
-0.5554735615088275
0.0806900505639793
0.882652492444395
-0.5391783604630505
0.4907418500710538
-0.49538318213121274
-0.7298450623198952
-0.9239147304055193
-0.3256602827980883
-0.8708078334942301
-0.10766804392943868
0.2708002014140967
-0.6332020757207522
0.7263869863928358
0.6432788298655094
0.3448897500659669
0.13218716994385932
0.9172531031528487
0.7927577533563078
0.16687205626152768
0.14639046075993922
0.8028136314791395
-0.7232373667284582
0.6462000812675228
-0.49738742331912345
0.9418487544793499
1
0.8261541259611389
-0.874064714602162
-0.9321456833499616
-0.843489654339663
-0.9685789736099265
0.4082064142712291
0.9077434287695809
-0.7485249606568986
-0.28146979146701734
-0.32790938108063505
0.8844466100453113
-0.6842614778759655
-0.07169519773071713
0.9928865747674347
-0.868340949143075
-0.43870047597053463
-0.24313950456198538
0.18380416639203342
-0.977074716582227
-0.3945829778634186
-0.6009699022217849
0.44314656889959797
-0.16904614758945555
-0.13449654139833953
0.8071334720340005
-0.6415842432890878
-0.016492837369516743
-0.14610731289515952
-0.03667971609900036
0.16537390552871564
-0.35776778582652335
0.7033663111752364
-0.7088440161929157
-0.28934427782595895
-0.022223142382964457
0.9407778613054216
0.5148731666448736
-0.7619681711227236
-0.3145536648983984
-0.6807921418139807
0.8692256695636
0.48031177960455473
-0.9711011646252593
-0.9080251346781276
-0.48780362472213235
-0.7344220394672801
-0.6172234387895653
0.21060409539244546
0.18711140283104394
0.561875508871813
0.5542696754593792
0.8259704477501745
-0.35352046577342616
0.6427809732369543
0.649163556563563
-0.7361647699021857
0.23870027584681733
0.34356438114333315
-0.6634597058817333
0.9430935436549623
0.04492483471075005
0.18488606935637633
0.478579007700376
-0.9752626653093923
-0.8983665566413269
0.06371973885900065
0.31535669239074254
-0.2930600799456643
-0.5227672696652607
-0.07458946069678957
0.9292249524543735
0.4065833176425179
0.29911394612659903
-0.43533817843351735
0.8184264195073259
0.32320255293538835
0.02754406896759857
-0.4284826257065061
0.3034410959940036
0.15682911846618922
-0.741638010500927
0.4351892737114323
-0.2934105340992045
-0.25624710643499704
-0.563337636500253
-0.269405637673356
-0.2684405864072024
0.39303744940830115
-0.05700640155484993
-0.6734671547349786
-0.5424755161705197
-0.02442051189553374
0.4660661451890759
-0.9106968620858734
0.6810303188982318
0.34676872533704794
0.5883494484724221
0.7114734119423625
0.44663607516047865
-0.2791583345567439
-0.5013807802141144
-0.42811623917254554
0.8443337292349327
-0.5888218693151037
0.6152509258389841
0.3976864246884632
-0.6958262368781433
-0.06721213302880782
0.8636146947071881
0.08345614643285175
-0.22669917615796537
0.8195432204197015
0.6322075477608404
0.847219805295105
-0.08601002879223382
-0.5214140825152144
-0.4883489730219944
-0.7503803808224723
-0.32984636004470075
0.3035859400143398
0.3601460583110936
-0.7032473210796274
-0.21809700254699999
-0.08312924913255004
-0.2617726320353541
-0.7407054992834854
-0.9223918982790521
0.4380923273287924
0.316978136671498
0.046268039479266
-0.38850193884396605
0.15533608560701703
-0.9602090087819429
1
-0.9185971405498154
-0.5506020577617188
-0.6263180327869382
-0.4965287240856242
-0.06352559708571161
0.6897881020757183
0.1723462346799219
-0.6101147693052493
-0.8076421024564114
0.053126465953809265
-0.3929210449169804
-0.9840217755698367
0.06013252436684851
-0.8607662321360152
0.6477025923130658
-0.21300114175714682
-0.6787253043488832
-0.45604824367459207
-0.8696052142805065
-0.9819572060249232
0.45707479011990326
0.6347557992865506
-0.28378555336218925
-0.36063246613782163
0.0002851079144504387
0.20629328859839471
-0.13328104298257604
0.2739956487170639
0.9550039331098223
0.389474057751266
-0.2533416354080965
0.8564635388609781
-0.5863838457236618
-0.789268395369777
-0.18153307628194998
-0.4671457794576055
-0.5040295833596115
-0.9070762980451214
0.17541194647944675
-0.1484639891267272
0.10357569686245914
0.7778518763793874
-0.5669895725122466
-0.1310603942595884
0.7310267951428149
-0.12492554407845792
-0.48383834188577446
-0.7694539875719824
0.5927549592126758
-0.8453254869359333
-0.6049067504939252
0.3852223780675773
-0.4257930421567477
-0.9856996925097135
-0.5806600931562697
0.1626574609106149
0.5695025770553107
-0.6342466383574902
-0.4521962636398379
0.9759297504936167
0.7140022367349733
0.6451016339696491
0.927113528695546
-0.8344536441295409
0.25829976351616496
-0.7229827077210536
-0.5740776749128506
-0.5497106561113666
0.4229323080540017
-0.6328314696866162
-0.0640456681719425
-0.5040973726809875
-0.017154047358953123
0.9711287467661469
-0.4142392609371609
0.3510892570481019
-0.7543590687720448
0.6114996303939657
0.73254122384371
-0.9198571205023383
0.5754611528404364
-0.7623648584451054
0.6907346136252198
-0.08696183593882
0.7418592690629813
-0.24977346244982201
-0.09178112557785273
0.4503851261994783
0.8532787617763609
-0.9485280903151552
0.9374716160111031
-0.3947473212717737
0.9327378931079906
-0.5256832552351788
-0.4765518133617581
-0.6784560960477458
0.9035161161942611
0.41745763563293514
0.6803979754948634
-0.8100719670670882
0.2967225293010633
0.7698054953084954
-0.6806408266330345
0.5062197980636343
0.061758385761213744
0.5661456714211899
-0.30294887802985315
-0.3047011655704968
-0.6739326412063171
-0.42634608947015445
0.28957472864980566
-0.07479443631976292
0.583739349525895
0.031925926135319596
-0.41354424991370264
0.9557431826600824
0.4355220551438649
0.38208799191061127
-0.02464679771767517
-0.1751477418459686
-0.439457703573447
-0.5376562157650676
0.37782678754738463
0.6694407108965903
0.906997893083018
0.9838501728217379
0.724592319945533
-0.9179063540379081
0.4262203183842458
0.4670410189515921
0.7587683836417345
0.535252029614978
-0.3817130715200215
0.5480541774403718
0.9814048747236573
-0.6237245671299755
-0.4014744576389654
0.6572161723215921
0.10608519545366747
-0.7580972838476757
-0.8632219762837121
0.6911677151048955
-0.388560682278962
0.4019559432525343
-0.09947667784179097
0.8635971539688855
0.6483979425653706
-0.06998297446072424
-0.10041606268970456
0.951428323685009
0.1987837821489945
0.8536431809626751
-0.5394057754242356
-0.3915106361218849
0.38987817222133136
-0.5732610640530094
-0.44438968774115334
0.2242120685563382
0.8110847474833736
-0.68526274914301
-0.4992426478849756
0.08587050057399881
-0.7495362316873457
-0.1079896235507712
-0.5894599795789265
0.7745861843751022
-0.10771937029319299
-0.8993685594802198
0.2358484363322532
0.5767608404090777
0.38011876672166567
-0.07270702547330996
0.7584040440892932
0.7468186977690943
-0.39704539093769275
0.6297806434389355
0.9148579043409162
-0.09141291247281651
0.796376469243873
0.22402812377491382
0.9851716757852144
-0.7258117572276582
-0.9074958683210449
-0.3577262682949619
-0.6010399885587737
0.06986368603739702
0.32745123523445285
-0.9672494830393809
0.24400896815431636
-0.5222805687438269
-0.6980953780160508
0.7389401650666695
0.4777147724563428
-0.6924072764231958
0.49183291956702463
0.8916998701993781
-0.4625352038082447
0.23759197044730113
0.5817844062279595
0.4873937876102795
-0.502303329580984
0.1953213433266037
-0.7622370117937776
-0.41647818929694075
-0.5435461079845455
-0.9125376843236718
0.48885617056956815
-0.45116642849371247
-0.8023504407086738
-0.15127376664040498
-0.8149860220495622
-0.15880917496703353
-0.07143888710361054
0.011426357435612777
0.4735420157362043
-0.963500198254525
0.3509991917404116
0.3183229701482371
-0.11938291928587291
-0.377243880987995
-0.7322678848674244
0.4410367977160514
0.6757522771686327
-0.032351753238800796
0.711995518806971
-0.8617332639372455
0.36624743778461294
0.9608376024981031
-0.4645825290709779
0.6184338685635656
0.3484028870711515
-0.21415050940527938
-0.77127157288391
0.17568260978047473
-0.20154014983775312
-0.98677573038857
-0.6020928127151293
-0.25642570943788495
0.8108172235594142
0.3376577009864227
0.9160083624738306
-0.2940541794471935
0.2649590635285642
-0.6670401517127736
-0.38428180066996387
-0.4314313824845568
0.9399284397034322
0.7114467699813035
-0.3477812197237762
0.6383881339147974
0.9875419133403123
-0.9430722691595909
0.4023347978701561
0.030127151540985442
-0.9870400712627546
-0.6556661238050048
0.7995050952336145
0.5663038861329924
-0.4463093682112935
0.3138866519728213
-0.2097443135592271
1
-0.0725537400624073
-0.5732206628057501
-0.22339387583574016
0.9984288289484615
0.4571965881108359
-0.3107951533666739
-0.16868659092081045
-0.9160221449345403
-0.1701023879968218
0.6724432503902312
0.777685250772089
0.14178497590180167
-0.5559974619219249
0.22081880735434384
-0.2581040080350186
0.874481640524817
-0.09795253850688872
0.05152767179797655
0.5017505207224993
-0.9202042221539011
-0.1741345859588065
-0.34388999774370504
0.7177154378201527
-0.6508365861980824
-0.01851971551375601
-0.6950488489221028
-0.9799849439626658
0.43258293624606653
-0.44167951766732677
0.15517800701394116
-0.02328866871898529
0.2674204543254085
-0.40603831123118234
-0.3532195519919103
0.7472599005001253
-0.21200304584668342
0.9471206346278513
-0.5697779433411472
0.7232466191408959
-0.2731883268524208
-0.14145891131228708
0.6536705281700806
0.0016566086231067046
0.47664938271442797
-0.6800094859259384
0.7174407362560071
-0.9432097304054602
-0.1148321893392258
-0.7097350375733145
0.12486684639418257
-0.2517672015854952
0.7178833591226805
0.3798564989844221
-0.5514756542864866
-0.30727351332151587
0.543405393790042
-0.0766268613452257
-0.3407080424548251
-0.8156649200467909
-0.44389017041514256
-0.5684848446692676
0.20977851197084044
-0.44288117655591763
0.5552072320277048
-0.4829175935743102
-0.6958516865559317
-0.3308618502050149
0.5084490436314356
-0.8331236599080659
-0.674210097319345
0.9450487927437234
-0.7978352952702961
-0.052407518646510144
-0.6908523401703608
0.8144911791214888
-0.15957359135688765
0.3157871664021978
-0.7115553974522811
-0.09242756920969487
-0.8431129644638425
-0.8156098207982273
0.651889122108279
-0.5035303681631192
0.07222884411688234
0.051814288235577925
0.3198074943991807
0.2583948002311189
0.32659457427100874
-0.5261007312118493
-0.6776855843348408
0.7035812288376587
-0.05822142288409456
-0.7996575576532199
-0.032899253623198524
0.04229505721623395
0.6007861871157936
0.3288219607080078
0.37490618254332486
0.9956061467905748
0.3907631801672362
0.4019940804048203
0.31458532406259737
0.825803576128128
0.6554577133806919
-0.2900455018370594
-0.6121975191268645
-0.2358130019800452
0.5334098011395955
-0.5547222863532293
-0.628122942403608
-0.6041262751529274
-0.25586294171568813
-0.8441721941270356
0.18093165832797037
-0.54171839922446
0.5740383893575349
-0.7528317384202742
0.928167912542449
-0.6643718616070265
-0.8639687949219109
-0.3657652095058073
0.40132257339997546
0.6080342337611703
0.21918041804592694
0.6142238206973161
-0.7925421881153133
0.3307803617011327
-0.7038703411215964
-0.9042091168309518
-0.5828140953359217
0.4107260725753254
-0.7070929296704905
-0.8217864267488106
-0.23679507142019593
-0.6447131320247929
0.9001092201091215
0.8728712332794122
0.07725910425791216
-0.6223760092391514
0.9209052706487459
-0.822573469474016
-0.45812040972601875
0.3150171860597858
-0.9364545066241197
0.9804144678303385
0.6114789661064275
-0.3845771188344181
0.18382721114646142
-0.61507950974215
-0.22038603391677503
-0.6449993033702036
-0.05820791294256688
-0.9868841489441451
-0.1159320641094157
-0.9393506104735838
0.9801084366829956
0.8367254986652923
-0.2829802870137318
-0.9481890946410161
-0.12899912596958166
-0.7689005103844612
-0.20621907786872756
0.257939391959016
-0.24820678967957585
0.26189803735638983
0.13998722088727047
0.456485787871059
-0.9818726954434002
-0.9265722778894047
0.514078570436906
-0.26315907648892556
-0.24443549944142995
-0.03527642735662511
-0.15130734809703103
-0.05155191092614883
-0.17697469425710138
-0.2275637929053537
-0.7312998885995002
0.9488383966379169
0.8991460661186114
0.88094969916901
-0.8121233179373735
0.3594044725251765
0.21186885348881007
0.8171452992960689
0.04739102509634622
0.3533075816918432
-0.21953534401235394
-0.48606171461888203
-0.9861765285488937
0.6314082043049094
0.26394921857674736
-0.6346435626030443
0.9374432621758663
-0.9452968633302873
0.38020902258725225
0.5243515054513684
-0.7916007874192973
0.07096299812933435
-0.10312272044036747
-0.6648791586677768
-0.5308992531401464
-0.5392619794334743
0.7639183945027748
0.979514606390039
0.6015615222453431
-0.10575154407762856
0.43973314388282436
-0.39775135683813617
-0.832053358602902
-0.2864182899243653
0.6814038769462889
0.2610430902900032
0.5999777376057437
0.6041008493853952
-0.3847514272168111
-0.13905628388380326
0.4407829442272277
-0.14635767619183646
-0.22972007298472802
0.16684689928560623
0.5967587858872723
-0.09599263356551029
-0.6469280472849757
0.7594721668032847
-0.10861286646507311
0.39342759212891953
-0.9006693691507032
-0.5977934870773519
0.2382606131017454
-0.5503243172579789
0.6546594842427594
0.07727217561454346
0.2239367900498412
-0.998079964626318
0.4892676548051144
0.8048968076275034
0.11076230488033226
-0.3388734659767098
-0.8160625233417129
-0.31066587089903486
-0.8697087425722418
0.9839717003278962
0.1677080716632337
0.5466871408413881
0.13995184681230113
-0.16481566968789274
0.11183864282719186
-0.4487131568445614
0.29388391424063837
-0.8282286787498572
0.41619034690645396
0.4497983871446361
0.9355548879191011
-0.07586758659849184
0.1472629395807992
-0.13586401731237704
-0.8922148380769916
-0.09177212443457122
-0.518904212952478
0.3891959300681236
-0.7561597285740864
-0.6340863261020826
-0.23282083583787863
-0.7098028137593702
-0.8507639527201494
-0.07292985799729522
0.4432030764183995
-0.26262353729842136
-0.7951292152972348
-0.7607999777324813
0.3406931530416244
0.8529198342955993
-0.24981641981248298
-0.667891046567268
0.712465495724509
-0.6516496718556167
0.020445827791060044
0.5009960008764099
0.291377438732834
0.6389622142041999
0.9542154101079128
-0.19041850176882813
-0.4936484717736756
0.23415722476587605
-0.30882024370609124
-0.2759619748112745
-0.9524746538018926
0.40279100472116003
0.8396178032278523
0.18047852029617623
-0.48515262640088824
0.6829506864604911
0.09618216441546724
-0.5514186467944734
0.6594612567872061
-0.7643965649217866
-0.07390647557979341
-0.13305191963180008
0.1984673436688931
0.4054208463387459
0.6489113102205282
0.1001546150382013
0.4476781173531641
0.6190507182995852
-0.7852884475092023
-0.25155059982422406
-0.9731721019033912
-0.8979340898870999
0.1595982887079354
-0.17845914457140097
0.8054916869056309
0.16278567268595726
-0.8070146759641321
0.35310064661265134
0.712263137714109
-0.245890879812213
-0.6643779813459028
0.844270844842225
0.09805836584115629
-0.644018627973266
-0.9278006550846417
0.4111865822582021
-0.39070846558643374
-0.4342292137326461
-0.1775029717837223
0.7484074853319844
0.423309262920676
-0.6150896534493515
0.6031054175718011
-0.40408923217618486
-0.40662317131443065
-0.38487584718922
0.9076754732735921
0.9886367483463113
0.3691157806632175
-0.8041808601252998
0.9936045120491319
0.34651857366174876
0.2328303091810241
0.8699891919863358
-0.9706633752090899
0.9228192532088773
-0.9233087434316025
0.5711916067573023
-0.04136272962111615
0.442776908354499
-0.9569723844029497
-0.11044992222396763
0.08713469957980638
-0.9286262341883307
-0.6010440103099263
-0.5426584578353072
-0.7084813956735273
0.36449318345961135
0.6624126039308609
-0.7768728100716216
0.8752162535726797
-0.20688620762185025
-0.3888838782481584
0.140621873115229
-0.8185238590271895
0.8763668752077395
0.5581462969667119
0.9715773021772234
0.35673686391395865
0.8746612941748132
0.2621216593003651
-0.15882037262663828
-0.7443316718156892
0.6212003800401942
-0.861940882230707
0.3589444473327693
0.47187742635341684
-0.7463491490941816
0.13996715777775304
-0.2925481655289318
0.828988742355837
0.6921479429706108
-0.4331511858075934
0.6433346978650987
0.7954549457885884
-0.8225112856337616
0.4730234025846974
-0.4536611674803811
-0.062019037240750106
0.7524352331505805
-0.16697786558180452
0.045119188932558174
0.9310605604023031
-0.22009791343928942
0.11100059354513135
0.7044173166385413
-0.9920054767760937
0.6307179285986315
0.0677201839452556
-0.010787030803536178
0.8341087995132421
0.7400160326323685
-0.8127732645871075
0.5954580726140146
-0.20732858772310525
-0.015895622360016553
0.15770921208886637
0.2366020476973487
-0.9859043698919838
0.09568436270144298
0.9982029519053123
-0.07014824978994874
-0.5943540754129537
0.11949906889869195
0.6086353399885509
0.5274014033533946
-0.8444753488269487
0.7249871529523904
-0.22930776461926902
0.4955243719337878
-0.0589827845765111
-0.910109902952578
-0.5002453594132671
0.1612059480043144
0.653057206444643
-0.4296231810839056
0.522576639617753
0.26494090938951753
-0.3710895470459619
0.5016256466208912
0.751863375749848
-0.1763963316751101
0.6707526079924165
-0.6080413258951338
0.00011204719667107059
-0.6174234317535494
-0.9679792540275907
-0.01862182223891085
0.8482183386190221
0.4946650029976765
-0.8822184767702519
-0.6103087888750399
-0.6794105464366172
0.349067042568478
0.5128107335196671
0.4624655900872136
-0.7773927402614595
0.6725535090081396
-0.28544043014125015
0.9007516255679061
0.8954406762247503
0.799928749218213
0.362220337426856
-0.9137616072568562
-0.12329801699696025
-0.1482776652337552
0.9237632085315427
0.838188124934762
0.17278274826617804
0.08819971090030838
0.48909678635380516
0.9425825248836688
-0.40898914034197437
-0.8148248108993982
0.1914781750058837
