-0.12470063899951467
-0.9218261458389665
-0.3654338368496042
-0.17530288636237512
-0.2572811008767315
-0.9946459538155281
0.19844853244242522
0.7389205051954151
0.20935077349544406
0.8709315326555311
-0.6996563155483655
-0.9419100173509065
0.13498091539367052
0.6285456713761399
-0.4105543520529371
0.5514650139317381
0.4924249871989932
-0.4298600888857027
-0.9544002496318031
-0.21661886831623645
-0.6231162443611251
-0.6043509354973857
0.6079967221992664
-0.7232421998328447
0.4902165663342357
-0.3307898538137488
-0.7369183732142799
0.5439328858490529
-0.36256654402554966
-0.6224883838513577
0.785009607839253
0.19498740577215123
0.30931590920823493
0.5125281467156888
0.42036668353041606
0.08460742599593285
-0.18722709099596235
-0.15100967794530362
0.7100507218295518
-0.5286929437694483
-0.07376515264489014
-0.9329716041128984
-0.6338467807049308
-0.5976222988011164
0.10769995674109745
-0.6319894933159662
0.13454450455313638
0.6827806941547288
0.6411335305537174
-0.8651397546771067
0.38782435784690983
-0.3255451451109299
-0.14844142747552191
-0.5793264992703644
-0.624694708115868
0.14452830883790235
0.9689397785011857
0.3860389911538451
-0.23946511472703902
-0.6478347287764625
0.12102032242421812
0.1846777443449681
0.20445950585789796
0.7096394775274018
-0.5687140955301488
0.41735165415386044
0.8805320435710571
0.26361675544401253
0.1837412084300991
-0.3491516962795478
0.26726312912447114
0.1383846799084667
0.004754811145094351
0.5055526439006313
-0.6807111633001128
0.7283036710169288
-0.20770463168706788
-0.923834331909074
0.3565482938982374
0.005826895603835425
0.5208170763189168
-0.9230198168476038
0.27661293286719935
0.18307017872920395
0.3443172479821719
0.2650150931006565
0.27879299507386057
0.8984539948105399
0.7728982058648795
-0.3212316952203531
0.9673076300661037
0.011359343440884295
0.798082555524098
-0.18382313344704038
0.10513551291215784
0.46678712974270486
0.031574596167788904
0.7747531854327363
0.4566579875425214
0.5741293560820167
0.7586409814946198
0.9552590400900074
0.3797940360950711
0.6567241440437672
0.8080443235350132
0.04312176415792468
0.9646960540773633
0.5956732342262399
0.9337212511706878
-0.6479770117063495
-0.09481174046709784
0.535359182846795
-0.6011767349498092
0.44968669333490996
0.9200176169408905
0.3722168740685807
0.38908386100009196
0.5879006123263988
-0.10254424059920275
0.9495714312658929
-0.6505696536603349
-0.7973825882690952
-0.5624412753777286
-0.03829426842565398
0.9928038972768984
-0.3773870589888144
0.713970911955885
0.1620829384399718
0.39840423727139784
-0.06864436852553046
-0.2339205324207454
0.6196544570590452
-0.755257611036124
-0.6438193016827167
0.5164960067768696
-0.2019953069810072
-0.6698965162730188
0.34858910391998466
-0.6585010337539441
-0.4049098916428375
0.5730307880646082
0.058468645491148497
-0.09190929625595157
-0.9207114695905894
-0.9479992634575831
0.3847252796100249
-0.08125967176306981
-0.7390674592994477
-0.9077508128090541
0.09752452840042958
-0.030836269827245077
-0.9188332999709032
-0.847947964776292
0.8344365152445101
0.054991560569809916
-0.2916240571841062
0.6882383607423381
0.6284585740715722
-0.01936749664248394
-0.12828235137999888
0.5978343177390759
-0.923778565117227
0.9351485583741572
0.869236625604658
0.6897614127847209
0.0020777702456733493
-0.24900590590067107
-0.5935173783855616
-0.9789624369013137
0.0991785680850985
-0.9342984880628964
-0.6953776400568694
0.6547955885444028
-0.1181094358790471
-0.443264448932543
0.47342105624799813
-0.8371492178848252
0.18683932849422002
0.9465400833159243
0.1832806919881389
0.33449592282341967
-0.550459975486848
0.5600470591601883
0.7357059260166208
0.0770040746559908
0.16272740485502557
-0.61448767098255
-0.9388281763714441
-0.01721610949981689
-0.7873273008713628
-0.12920423680561477
0.6143959552528526
0.5316251231443749
-0.25387018183530574
-0.12784111001135945
0.18600076069943738
-0.7075215760508664
0.723569261468711
0.6095313318885658
-0.3474430471141492
0.09899903745601102
0.20300367452936108
-0.5757678181794028
-0.6740668486992689
0.634477095885589
-0.9108954578033714
0.10651509534629966
-0.8897902374683393
0.5270763520991681
-0.47609440510742074
-0.0927478915323583
0.6568349969426688
0.8269354483932916
0.7001442887461711
-0.4315502957656936
0.08234729787545736
-0.39411569970333526
0.7857837409772601
-0.8177293279156383
0.7047985695698282
-0.7048243594119465
0.20314827811671532
0.7056213916108651
0.36423891983463763
-0.5988002909556782
-0.5913773041905106
-0.20398344701994797
0.23390903855450484
0.7903952152170219
0.10839080711732563
0.1445765136791901
0.566342380757193
0.33609878628998624
-0.5152676437743033
0.4802192352460306
0.17158227327611186
0.8879852370488017
0.21717532615932789
-0.6981483378217201
0.808443406789789
0.17042162286694174
-0.6325355747741672
0.2116712870585764
0.652759641876675
0.11554086048574308
-0.15314513243301242
-0.17423057871114622
-0.861000229203494
-0.21395077307798172
0.7437185843399168
0.9336356992060733
0.9706839126004219
0.8811271661047893
0.7383303057127204
0.5631594307426995
-0.02173429999047527
-0.4312183955384312
0.5389424750812137
-0.12025587124398185
0.005640877284468937
0.6790271364691904
-0.7897916228661399
0.538443468315047
-0.4900666831556242
0.5227707620850051
-0.38419913937270245
0.7460767351484656
0.7477686887969581
0.28376830004280973
-0.3387758977413191
0.2490355671065536
-0.5720697315718348
-0.14681245343403582
0.4989719408403448
-0.9575861367625498
-0.8351950154756549
-0.29985443503161524
0.673454781142359
0.5750955382578624
0.753490053610204
-0.8654604459463606
-0.4127572709539047
0.7425185396189735
-0.37342042683830234
0.419089002739214
0.9587322338456457
0.020965397183323686
-0.2832122689897165
0.12926790250409526
-0.02886418994469553
0.4252032545007318
-0.21230223031335327
-0.6305381345579435
0.9015003649235978
0.5860342489865604
-0.2827604134232893
0.01975992292337203
0.43093898983889
-0.9424819737838881
0.8465103771947216
0.2390344207782633
0.17133879406626162
0.021379830949735723
0.009274777533043954
-0.009477464435827754
0.5466608074509602
0.9132430519457309
-0.2115882175013475
-0.08164718998065612
0.7708796704615795
-0.4272406274112479
-0.4816904105993356
0.7414135970447446
0.8404251735948358
0.42494056066608765
-0.06126904046604298
0.37116605182029594
-0.4927411599024316
-0.017875953958091717
0.9705584680089263
-0.4839844857656115
0.32188628116733686
-0.014708847371692757
-0.5255868459132362
-0.04621199596188119
-0.8766406526329436
0.7214072958321651
-0.14810015173163094
-0.7498804689579288
-0.5664429172493133
-0.08685854560292006
0.3916815595099157
0.4907588662098372
0.8781507371189183
-0.15814759181681914
-0.19023226868790433
0.9280390502460147
-0.048294107602902425
-0.03287776265603881
-0.4544628715004493
-0.2618761676152903
0.1044941343843302
-0.9561341096643441
0.40009977640271566
0.20963250296771618
-0.5811279516902199
0.09871368829011629
-0.3459527531909259
-0.947359348307526
0.8600194988438081
-0.32872827934281523
-0.3909598758042949
-0.23569214544482242
0.03851954431940152
-0.931055889244444
-0.2109086957434385
0.7119700182893762
0.8421099776267515
-0.5548630396217828
0.37299461911808973
0.4431043199880931
-0.7246891055005291
0.6093386302140251
0.0495556331482756
-0.699085582531549
0.10300155414646572
0.9368955390959506
-0.575761401334479
0.2048102246843353
-0.27556911200240664
0.022767489870536117
-0.7640973118886809
-0.9902472361345656
0.27046212699622996
0.7295520126879131
-0.10948759012834874
0.5208623134998163
0.2559744547753058
-0.10048015996355253
-0.04469642529140572
0.6384169726242903
0.13872490958173844
-0.8111210910163358
-0.08120451909659132
-0.7023600139217432
-0.2107477645819944
-0.8196898355019
-0.9565091248960014
0.929172375153718
0.4210898690914311
-0.7761174595428249
0.984522174428478
0.25958510208298136
0.04794537147903433
-0.2866627988552224
-0.6529409078682828
0.07619111032734494
0.5928390950597584
0.993851693242245
0.7608088502990531
0.30723470720464685
-0.5687265909181547
-0.09011870216943785
0.47531127499087544
0.720038993665673
0.8841903723667985
-0.09882216164542368
-0.23632237009450052
0.7833746167647944
0.0180754564520742
-0.6473838202331035
0.7385567279514327
0.1142472207040457
-0.6740730419696053
-0.877483676736053
0.06151515011348385
-0.643474192822501
-0.15809442959799913
0.9072402432722573
0.4927161297902869
-0.18949156661491484
0.38969177607424754
0.4999516321406541
0.4251638804283533
-0.7564739080073333
-0.677875768026087
0.11705634686867583
0.1963428986137743
0.3553518608560329
0.21863239726273176
-0.7942806323299056
0.8988492783381832
0.866976480836434
-0.40934480592382316
-0.4403066454638429
-0.8588787568149847
-0.23409546983777085
-0.04915038555581708
-0.12514262497593798
-0.2723665468487062
-0.8812552137045295
0.5580397125625804
0.5332327323048749
-0.15809399091813425
0.8189967523734745
0.7133546645289992
-0.36587924365148217
0.2990370204567001
0.44242164784237437
-0.08116904139089565
0.2149532276990831
-0.03561255133060892
-0.060569247811263605
0.14964546576206517
-0.7522382572737518
-0.1445144178881821
0.7285729186629757
-0.02497410519411991
-0.0977697472352903
-0.7277668132994568
-0.34855672710454466
0.45313707052137
-0.19041045522035627
0.856976171349324
-0.27822530670406986
-0.689824117310645
0.6875727361532578
-0.9614398835121034
-0.4572898251152713
0.03436369318530663
0.2606263491189833
-0.6470806995844622
0.7662801258036667
0.8264267666819538
-0.16393564375514336
0.17646354409631226
-0.40595206757900293
-0.1272347130772502
0.08622217762017592
-0.0015466614425367897
-0.6745176353783786
-0.3547441390552819
0.8757775305089266
0.07186948217314648
0.4471931771634421
-0.6313568132037013
-0.4503760620587378
-0.2594843931226438
-0.10043869245727399
-0.2531682293883528
-0.4928477446478552
0.31691187852144487
-0.8944126880250258
-0.7990677895881093
0.022551310564743687
-0.8325489607275935
0.3452893588531507
-0.05126999701207513
0.5825677872111887
-0.7973939381337887
-0.6181902511350919
-0.961196096036151
-0.9081273145078006
0.8892124086726836
-0.8238624067103486
0.25465784352317566
-0.09041105488211598
-0.997308534485186
0.057928574657636345
0.3773065473203414
0.9818108552677385
0.7715387445573942
-0.8880264799490534
0.7600127463117727
-0.4752248383935287
0.7493680704644681
0.19568831851312307
-0.22245699513674344
-0.6116803342010615
-0.916265196682506
-0.039167711492046564
0.3884723168583961
-0.15744838716522636
0.6503043152194083
0.8288996647284967
0.04699269409764506
0.37620224022870774
-0.518016345508687
0.2100468926408272
-0.6341252275244291
0.9556295525770009
0.034224169764864865
-0.775376633882942
-0.24534796915967316
0.23775205314036119
0.20654413407366645
0.22704612291091686
0.1097039005000302
0.9865702800391623
0.19470828172815624
-0.29230051346529806
-0.7271562019450684
0.1754846983517726
0.6722609637953647
-0.6107245962066987
-0.02430497166135015
0.43510209610303274
-0.6182066461912836
0.6890176263536105
-0.957974127367077
0.8239191129558938
0.6260972836664591
0.11985144258375469
0.2445486297102284
-0.9956960218676449
-0.01713887535848757
0.048364286772178744
0.9637829808984375
0.5994099425971231
0.9613001686698348
-0.6811103822678803
-0.47861504033840374
0.7594525452562781
-0.6834427324285932
-0.07236073696979761
0.07592892131078943
-0.33376197179123746
0.012195337525503502
0.8330303751946215
-0.7909624119418595
0.6234813850256569
0.5064383904240939
-0.3503856789083779
0.6958497745596761
-0.8813004599903791
0.2709216341637599
0.6582630265057325
0.8895948362470996
-0.026698308749881328
-0.22070248688368999
0.7513069672830184
0.04912845119718878
-0.3295692139418511
-0.0897841462780673
0.5994928144612373
0.1743197567578263
0.7034983608955798
0.5420027197353798
0.6661834930164623
0.8486024032877113
0.6046055742999246
-0.7027716783707962
0.5634286967121398
-0.6611820566891833
-0.36569730738339845
-0.07951222464973529
-0.8160659183033485
-0.12565825216533977
0.25453514611557737
-0.059732745148862953
0.03648539381400595
-0.5910256890703092
-0.9999117301188927
-0.7282398060239195
-0.8238392119237503
0.011570185138185307
-0.1923227538861878
-0.1892485394922756
0.3829482900630017
0.7170371812607288
-0.09947874576047555
-0.7878166705023639
0.33751158016935423
0.5972522862163778
0.799475384223683
0.12888780798603072
0.982696989834301
-0.1814096770917537
0.3331476340592783
0.24320426721465216
-0.7231301856868999
-0.7938111321919694
-0.17549993547410847
0.6283523001200297
-0.9296368012358527
-0.5441751649231792
0.6803310967723375
0.900192042839022
-0.08900571557479409
0.05457986799281245
-0.376460176762228
0.3545682716549785
-0.20164634494024858
-0.3554107708163228
0.8426926502551728
-0.4153849853196485
0.6059422594839377
-0.927431279538494
0.6972822305495794
-0.65287236981486
0.7400009307638287
0.28567928365376116
-0.9804246430425902
0.6525784883370727
0.19682455966658674
-0.8031939273005104
-0.8843291780387712
0.6301285650777955
0.3590347147366748
0.7473453924301015
-0.8475025479910685
-0.09865423383748873
-0.2297890320897733
-0.3595314262418843
0.8447803661437352
-0.7734172346178536
0.16821509175804494
0.9926543405527191
0.8667499251484758
0.3696184215232474
0.13860519166095764
0.7155630951050471
-0.14477133790633157
0.9314418574953707
0.7863183238257807
-0.29291202078678147
-0.28144763168478915
0.31599339489309974
0.014250924161688383
-0.47362866389048475
0.8578767628418609
-0.7469134686776691
-0.658955686697942
0.49248364130864153
0.5048977308593239
0.14456009412595994
-0.9047126092217004
-0.037118251658073476
0.4479700214814055
-0.6334589996683886
0.9561128666671128
-0.7315556319445025
0.4851339383704951
-0.27043288189498926
-0.8286117827411761
0.9648846001869635
-0.6415999442824905
-0.4662587711441115
0.6157942017569213
-0.9335632436727965
0.8876163801193764
0.8979527191555967
0.3165542683500895
0.4007829052084133
-0.36696158807367296
0.9766424606021018
0.2498840080513729
0.5307586446028707
-0.6753349077374211
-0.779742727659382
0.9208667987942085
0.7294343400389836
0.3223157403258834
0.9678950449044461
0.5151210205857506
0.5777465792432221
0.2220488151949498
-0.4999671042789422
-0.7058822024285689
-0.620947974352009
-0.35359837267464456
-0.15993932275747835
0.7515307098614044
0.14675516490226403
-0.5340577992481437
-0.49628527709009096
0.9374652599677746
0.42010355020578416
-0.3275267544450349
-0.9961547594231279
-0.7442102396618693
0.0723676954547201
-0.8956137794737102
0.6581263782730484
-0.3407262629030521
-0.5066394730263251
0.2025959650401432
0.9774321661663088
-0.2730178209076002
0.051059528018030154
0.014365686055594074
0.24630971853118755
-0.35018878808531295
-0.5873671503406854
-0.7462377978491546
0.32757589839099555
0.45833705594328067
0.47524886332491967
0.23732673141462568
0.4455742042886901
0.6150522960344758
0.882355919167692
-0.4013946173356715
-0.13292175408143825
0.02586317506279623
0.8049766160747711
0.5348931332011673
0.5947928706657086
-0.2377721970469775
0.5254145496971532
0.34106380441367934
0.34981095879383894
0.7354105557192623
-0.636301039505416
-0.6515999019911114
0.8025427927461992
0.9711248628591134
-0.2738629080840824
0.6511434390904234
-0.3355399452428609
-0.9281227773741791
-0.5529782731630892
-0.08072420381961276
0.3227467545410454
0.9896513549906918
-0.4411431826246084
0.8234846319745888
0.28729060632881787
-0.713143868324833
0.39586194528572927
0.5406384170772218
0.8266535307474656
0.03208317020785523
-0.7949230000832304
0.7830743969118881
0.0976304683238487
-0.07524874142596438
0.6449767112346543
0.7057941765505986
0.7262202071474817
-0.094027416998953
0.5554781107196276
0.12205649418113662
-0.9457774173046967
0.3965766680200755
0.02110534605194947
-0.23975066912642817
-0.1091380985113517
-0.1813452607315711
-0.19684100444829267
0.6239588306514319
0.12966302404744878
-0.5235351037715741
0.41247130003364507
0.802540988132709
-0.41082435631048586
0.6228377052545297
-0.38143106801547555
0.6227721445227714
-0.9316842254650226
0.7533505823112081
0.17763171731920924
0.19608015780156096
0.9273234729511812
-0.583970031741889
-0.45695463974113193
0.08252724833194658
-0.6312046586464062
0.6508196781691042
-0.8762974104403769
-0.4007895392417793
0.7200036589135965
-0.5716673659874576
0.3277581616647418
0.05289414464479014
0.8057179523656017
-0.7647426235211361
-0.49608622431079685
0.2744843043849676
-0.515221077197904
0.05308225625324581
-0.8733821748464625
0.8448740638638763
-0.8699276261438544
0.8518853089766487
-0.3202696056276946
0.6184166660043033
0.7058931446295347
-0.9057713672565548
0.816377946592777
-0.7562702335985576
0.3260955956483187
-0.3303798619874596
0.24434581348252227
0.6644980831334732
0.24069138306322113
0.4437418121515997
-0.6692888551652245
0.1649465486658186
-0.8651196160604984
-0.7585219542244745
0.12040083655565503
0.8654345724912034
0.4095953935590717
-0.47406087155009247
0.9886140805729693
-0.9521440572351296
-0.06701635911331616
-0.7807198779077273
-0.5420799979022459
-0.8078061236625469
-0.395949471269182
0.4908355341764541
-0.9226032600859679
0.04058369459305067
0.24973543015446187
0.47159136808032653
0.5269662839588298
0.6905561009614691
0.23534335625101233
-0.3514793422950633
-0.238382123850561
0.3165544803502496
0.2675197495904753
-0.41115916476985936
0.2651784445448746
-0.47779479812968817
0.9082492010941092
-0.6369653290727062
0.9493155734695835
0.3994529901503474
0.8637244735355827
0.8968201453711537
-0.5266248731848362
-0.38465906800650695
-0.7704826537983096
0.3203180816275897
-0.07979023903596882
-0.0352563482386139
0.7441432458262909
0.5390471505630063
0.8889027242751251
0.5813133874149528
0.7460657478728767
0.11434466604869509
0.6090417464270916
0.5410000458893216
-0.4407284319200375
0.4557317217268364
-0.8098549794649101
0.258646353876004
-0.9225673410234263
-0.2297072290757538
0.9890187411197755
-0.11163918663398076
-0.13404009956292606
0.9136968418873557
0.08218474391141495
0.09859603720923582
-0.8084373885320899
-0.2363314487306436
0.5029714615235787
0.6039271650641345
0.5208643967246172
0.5324770651139061
0.6103336829248154
-0.18339672422246522
0.5942714212857347
-0.7077468267678602
0.393834562883272
0.6325041506191753
0.07554784299189565
0.7127643461456308
-0.7498237667972816
-0.12640410211985942
0.9020729403903518
-0.7943898829131191
-0.8951152482323708
-0.19453211971983908
0.6093830924289259
0.7798165555070882
-0.932859833774667
0.9978717517785283
-0.26971549164108866
-0.6406936388827336
0.3273506700057156
-0.07403197951230522
0.991178375307822
0.43823205572709467
-0.9999074741943847
0.6662080099711805
-0.3788552609490303
-0.8004931792706016
0.6946676180210467
-0.26115635509099744
0.5588341097807861
0.45727217435190415
-0.4301128971686654
0.4125666931736838
-0.906423658667608
-0.8445187701814814
-0.7823184739193643
0.7826630161581998
-0.27922548358658617
-0.10955211525049346
-0.052914187416566394
0.9567813048149352
0.2330670790768694
0.04003456165081487
-0.1229924348120599
-0.19689678488251183
-0.7518108133342247
0.3773845000826934
-0.49267774948564624
-0.19839538069661833
0.35317688615180565
-0.14438109044949665
-0.4448882763810593
0.1139391239807197
0.054619701651177355
0.09522443855515039
0.6398087017973337
-0.48280549312319776
0.762363859764426
0.23330656942256023
-0.7042131595850631
-0.9881596397040877
-0.9310470689400989
-0.04407256425258543
0.7646825876702126
0.3159774242822371
-0.4676904765583221
-0.7276991033824003
0.852024202486598
-0.9765982092079506
-0.9917133980760313
-0.044068091120219366
-0.016150438302515058
-0.4348646381184853
0.4564240404293687
-0.7638256056285213
-0.9234970948713146
0.2420011383565286
0.8347896978586211
-0.15975158603005846
0.39925554908941074
0.504044789263679
-0.9795982301782746
0.858908738737834
-0.5172187907268679
-0.2962441625260317
-0.7170989761915578
0.506070021188614
-0.28778804858067986
0.5643370847591942
0.8555510873094967
0.19342744415901714
-0.7790086989625189
0.9258605604292975
-0.5046577656078419
0.8835488985266491
0.4674695305101717
-0.22683676319891588
0.983855543923609
-0.313003030682486
-0.31886862995313114
0.35260811112465396
-0.9210313812146333
0.18285136556003345
0.20485262775249136
-0.5261905412961174
-0.7188897723881778
-0.5401646619260019
-0.829983522985206
-0.8439345306334614
0.038476646973112594
-0.4308936670934205
-0.40045295329120933
0.12162914749599274
-0.02087555807887731
0.7128144221124955
0.43381707078960474
0.41039928914077684
0.92445862223437
0.16423982281153893
0.757546968277433
-0.7858068900755655
-0.8317298361632255
0.41915550482544806
0.6316478693197767
0.9015761182397362
-0.14614037091486032
-0.0010893077590252709
-0.6473756807810505
-0.981334208406961
-0.4557719086008676
-0.10276737238616485
0.9840520363310328
0.3351808559371581
-0.48231088053658633
-0.16490294710545905
-0.5181172731628036
0.6423748888804575
-0.24539129683021454
0.15621332147157752
0.9196509902991667
-0.26968243142171944
0.7530082134157072
0.7382108376377277
0.49917433353089224
0.7049480419099754
-0.0710380483200761
0.14201505591328223
-0.7178130361804353
0.8606768116808585
0.40356527975832956
-0.2668575097498409
0.808904041706703
-0.610019348623271
0.31902081467372323
-0.4919355775756622
0.4078015677939133
0.9932008389208316
-0.8361395494005746
-0.2846422129903179
0.937157903854505
0.03379954997683665
0.04918879585738334
0.12681088433901566
0.13250539326121324
-0.30822438194400026
0.4880994344245253
0.07513968013312122
0.424183871294332
0.5820364688687334
0.0007770701005922476
-0.6430215332709797
0.25703622630578793
-0.4343882072127705
0.31700140533529764
-0.09039696136311437
0.9841649239549539
-0.28602389061873845
-0.3591328492649679
0.3890056338440546
-0.6751339223568709
0.6433941844303384
0.889840262494086
-0.617865758585106
-0.24843779084212358
-0.44444789248241756
0.19408260641013886
0.2624145081157352
-0.012058963116159616
0.4352594727430945
-0.49624980193074464
0.24269741757659147
-0.29001161620932314
-0.13163977654052283
0.3881116378461249
0.756495009341597
0.21033479182169268
-0.46762042302437457
0.6390656342567014
0.917226073678582
-0.543694731038606
0.39739582711618526
-0.4840497415569469
-0.022299317155232368
0.871467411159387
-0.5599293434229193
0.46481297338057703
0.732028609189828
-0.6993407532152305
-0.14205099838676083
-0.9559788193090102
0.6603954935647456
-0.49656340541118626
-0.7830426733519602
0.8376035785438538
0.31052615222180213
-0.9623908104274672
0.6438753988550903
-0.3070619191431556
-0.691548311570926
-0.053042507228836966
-0.6303343959247549
0.34881549278255464
-0.7210733376304121
-0.5557474311362873
-0.33844386609735677
0.33160081117631646
-0.35678162601588204
-0.04900102363608183
-0.6318092799562354
-0.324948711637119
-0.8973536638213377
0.09785794392847591
-0.31662010122526674
0.13717785734334687
-0.25874476639174326
0.9845601035274996
0.9972180613249566
0.569784571447919
-0.8868693807230725
0.5926381402901968
0.8565930409221421
-0.9327043291885144
0.9202525259811418
-0.7684101724137318
-0.8081716360124216
0.5354167256993798
-0.3769851610677435
0.9312504589808954
-0.07114839900818404
0.9820676372926109
-0.6137075275920421
-0.9871733930091846
0.43631824701953215
-0.82742910815748
-0.01649913178688145
0.10943248711355769
-0.31321565782488237
-0.28600649192410343
-0.9415995177899059
-0.8079907156090758
-0.3859593018635985
0.05265219028410972
0.34676108775095704
0.3758276986037581
-0.8169131650465427
0.4485545046401871
-0.6455283731264394
0.8653287424511453
0.8622596421248847
-0.2704872194689283
-0.9076757318667115
0.5721189095554537
-0.9850412213356168
-0.6332581137654856
0.7461327060310763
0.23366840370978492
0.38162236831746177
-0.9986068380573498
0.7709181485905188
-0.5546568606874456
-0.9568143235158091
-0.8353417748205743
0.9783631192307636
0.5675686354732286
0.4398880327681802
0.4902829353985736
0.2740431326072801
-0.7428442049315489
-0.9477964540455186
0.8898857592613565
-0.8522331610793539
0.2260749865443763
-0.6648015971370156
-0.03220390914068938
-0.09246614753326465
0.7378530402233312
0.7218594299786978
-0.13761067742192346
-0.09499726100579009
0.5712233607228367
-0.13033134111817968
0.8868797327843385
0.0438455617959157
-0.9735928600950494
-0.9383694476948692
0.9304137038171589
0.5579948062390994
-0.9131163124302986
-0.26397824971833983
-0.5297516649034542
0.6912001347593939
-0.8690328148196336
0.9251808120920091
0.7368440560890739
-0.2167729491967747
-0.4970948922437355
-0.26792308626167016
-0.13176330911483514
0.9550429478169666
-0.19591170280388415
0.764881794889462
0.28663427518977547
-0.6449060807858267
-0.2204597566406532
0.15645820218961193
0.36043441681330224
0.21956199790438702
-0.06811640214231196
-0.5490409212929785
0.2210033359808139
0.6497480958303796
-0.919089615477519
-0.946503022162926
-0.4148866009772718
-0.5957733664412321
0.7794326405810206
0.8707984967553366
0.050500834803571815
-0.3453549104909379
0.528278214964941
-0.7430184108001758
-0.22132667022277142
-0.5476844543896562
-0.5673666930282864
0.4596832735131007
-0.9020645081277461
0.06750655416400586
-0.790881711472692
-0.9757639903096922
-0.13166652345624485
-0.3146813406426556
-0.9944026320280026
0.3005540564715088
0.1943211459305263
0.03289292935780619
0.9695039816443527
-0.2545881227631648
0.6765266288452887
0.921714331812787
-0.4195155270683921
0.8425354869864161
0.033047713701263914
0.4945532059965043
-0.7525031246740783
-0.5602457720030178
0.43075216217223544
-0.6444041459247765
-0.8319899428899016
-0.011485919139839318
-0.03775498435624991
0.6946745942532624
-0.0891139197587163
0.8229652899022404
0.9027178021522368
0.5294750881778238
-0.3444095005824479
-0.23274920176445657
-0.31516328789448633
-0.007980417316566735
0.5707636742824358
-0.9394970201991806
-0.726050748854635
-0.5753701214874734
0.09123392319791046
0.9703539136374044
-0.9990193297175793
0.41983832798948706
-0.2115836895061911
-0.7604859204658025
0.8984559160204433
-0.9223029437138908
-0.42470282247445823
-0.13414544408113738
-0.1339032929738153
0.16983862460100174
0.05698166867953325
-0.6787796767387257
-0.971854288436298
-0.30653473747142934
0.8523602026933179
0.9173691632432437
-0.35923584597144886
-0.8471330848238874
0.286276724139362
-0.10991542796449183
-0.20967531259849026
-0.577107847617361
0.5325295080077095
-0.832193836136921
-0.7673875925507656
-0.8375232729131332
0.021979623316588315
-0.8701335011594862
0.6513371432160782
-0.6634864570658479
0.9497199294053809
0.1533081909772862
0.41486539615187845
0.21389839736309235
-0.43900854333589034
0.8422425513388774
-0.8224345363317647
-0.4531456714567379
-0.7378997271928693
0.4723403913864279
0.45524663215374517
-0.7885571862295211
0.2587000812357907
0.061373561926549636
0.6112405066443165
-0.177445732015985
0.7472040658909278
-0.4976822671262393
-0.7353566981407362
0.4026282719701786
0.07602902028407899
-0.8425617897231077
-0.7946385953233537
-0.9214534556638161
-0.4521648087703918
0.6808494600295147
0.4506077262166166
-0.6507680279862669
-0.9458130620409104
-0.03898935724649766
-0.9750153024526076
-0.6130074372665675
-0.7059221970051508
0.7575441820076803
-0.047451913582520655
-0.42152194949297495
0.6285315415920765
-0.9886771220240211
-0.8583488950385172
0.1541995552358537
-0.9573316448205118
0.47584840176646126
0.44567808540631515
-0.3910846010779634
0.03176188451196715
0.6155791574730334
0.7054907872367766
-0.09040199954255179
-0.7218175409027776
-0.6599335288315997
-0.3775364116219948
-0.9804193612840113
-0.5305909115593586
-0.8785379940454499
0.4791688617358145
0.8383919101271589
-0.31599811360080476
0.1590179165512533
0.7104072589558368
-0.25861314008254754
-0.507287019640116
-0.08839381784139833
0.5686642392731138
-0.8574717187686054
-0.7914955296093094
-0.7939996036007377
-0.338427168736934
0.08719161964775068
-0.6541907340655453
-0.6159666852761203
-0.0013937038572713334
-0.12220893037445535
0.7843532016723425
0.9170891961359817
0.1316654116280156
0.4864936061915308
-0.395163128518218
0.517499151274549
0.2150483852568139
0.24624565234663653
-0.685830736925076
0.971027717640782
0.8064835437123454
0.5946363068865486
-0.02061110387216547
0.29141899847974195
-0.30599275195592
0.07742762162505357
0.6544874337850766
0.3863599324707525
-0.31968236829382835
-0.1748529598402524
0.2047839739409869
-0.06669902805609995
0.8121710112149265
-0.02069773278924325
0.4519940001659595
-0.8895209491162477
0.8652895097945499
-0.12159960235750922
-0.7630333836918923
-0.6634672635570251
-0.29061404782212574
-0.07974798604207312
0.8252390424743514
0.823210444039127
-0.9668413268291824
-0.5642564805242194
-0.3478977607795024
-0.6031074393214559
0.15590941001724734
0.4598186588176876
0.6072784918472638
0.6488729848863746
0.9338255668295254
0.38444565230358085
0.727474833388527
0.450711311142139
0.6858668254591564
0.708530957120515
-0.11454961085050286
0.8363486824168667
-0.7787975007718155
0.020697222305900098
-0.018133704930919814
0.6592175626853032
0.7286253620265872
0.36849258672366814
0.7943057524906607
0.26812463973910305
-0.18388979291324858
0.5396547508165339
-0.22027872172024487
-0.8229221168754972
0.9007370024296804
0.08350858311907872
-0.3495050620871416
0.7642311369619732
-0.7859780935187484
-0.6639693923051349
-0.23134164613101582
-0.5753859403426076
0.10009929792704275
0.6089761943200827
-0.5480109367173025
-0.537160039984615
0.25159244440765094
0.19361147969872805
-0.26410115942771184
-0.33565020635068876
-0.8888033810932741
-0.7332190381132866
0.5883896460675626
0.3697133377755306
0.926070227869314
-0.9868208871862714
-0.8394259054462354
-0.04089622911057389
0.5767082427993822
-0.9621732631770756
0.807533681501317
0.9039868020249773
-0.7318132387829852
0.9852522328439166
-0.22160097426112246
0.5448863052830955
0.771379223592991
0.6277606750698632
0.2643334740810026
-0.3727276919717244
-0.7046905645952988
-0.031300680303156136
0.4767972799334981
0.7283711678618952
-0.7487217558329509
-0.946158699742423
-0.8549710615755064
0.5720839065508054
-0.36814165725422976
-0.8243842370085139
-0.9346311753115009
0.9629285402699352
0.8225950832552742
-0.6729788707523381
-0.7961424717900625
0.7311492529264212
-0.8899289075111421
0.9154907973113946
0.6097231212901291
0.11602981819324376
0.46220456697379375
-0.366370651691444
0.745862462874775
-0.7229502435397697
0.500331395933362
0.8212623552819691
-0.35979388164688464
-0.9030288477913067
-0.3374871400463988
0.44308108291439985
0.18327775141382752
0.01581761307875551
0.8128190017068917
-0.1696373621403986
0.042171904058868614
-0.20003843297209878
-0.7180728900464368
0.3791851059183944
-0.5921795498081557
-0.9923598339883626
0.8472574830827453
-0.19665256034547896
-0.5010340726958615
-0.7813070360325771
-0.5764592367779506
-0.5183418904505559
0.9681786234842873
0.04164715272901076
-0.7640575614834713
0.003093433650110722
0.51565215855053
-0.8863554584098836
-0.3778052870143165
-0.9894762468292475
-0.8453982128571109
-0.6393092816324317
0.7443452149029262
0.5408731406938583
0.8288122327664509
0.40823293498291946
-0.6699592149613536
-0.529766681022543
0.7034237384632442
-0.21608372369659334
-0.7412458998534128
-0.7502071941043547
0.05317308883467775
-0.07715319115157482
-0.4322229702957525
-0.5783101162092046
-0.8926983216106847
-0.15927875429658478
-0.7287641850930697
-0.0667591738757074
-0.44552223214546216
-0.45220879520052404
0.3304388269238623
0.6737148263855195
-0.6016904220842687
0.3148855718605259
-0.15208572362750883
-0.13020109964437965
-0.14040680009986684
-0.3960261977681643
0.7471708143053053
-0.5927535281970588
-0.8629677304517565
-0.9063766820249899
-0.2013530636768115
-0.861198731048834
-0.3833318501763696
-0.04648674592687607
0.042783116459274684
0.5240610661029734
0.47093887264421475
0.4846084269565607
0.2043194357717364
0.5000794533837212
-0.055195858561300826
-0.6176748512191241
-0.9335841807451575
-0.9646857417579084
-0.31722649469659814
0.402341806576612
0.8734353170098392
-0.4794558021779869
0.42475337513177314
-0.3701618628088046
-0.36728969358613295
-0.9856730585242564
0.7247381482312483
0.42478695659030996
-0.9422252941248686
0.3770458749529164
0.09894635788585582
0.8647530392369753
0.37386790105446965
0.07555256843814284
0.5410770447742899
0.5485343050776377
0.996033463966691
-0.18522886413836437
-0.8782184969695863
-0.39799049232479256
-0.7779505007519187
0.0861964561758779
-0.4053568316204863
-0.4444904543924859
-0.24126809960189277
0.6672730318954048
0.28569229415664865
0.6448430941320868
-0.8699567432820621
-0.778386466068169
-0.023510793717328227
0.2990150216540033
-0.45814806859094803
-0.9999328411915411
0.6751529704786399
-0.6016200257114395
-0.3452802769525172
0.5130393347535975
0.6918044099670129
0.2625983939450167
0.45958289215317594
-0.276556243074092
-0.603626155084203
0.09898344009958415
0.2332092261767531
-0.420186520456038
-0.5437355611751604
0.31153976067253764
-0.9418982745846698
-0.4313027792802948
0.2410808409860956
0.7689283631730914
0.24303361370540189
0.6666185790152745
0.4530208444786845
0.13538164625732563
0.5163960149713658
-0.10882064287822679
-0.568779995966662
-0.5451878557170275
-0.12215038068373762
0.32671385128743724
-0.4442264620499565
-0.974670730879488
-0.17668836065863447
-0.13948104383194115
0.5005194275290294
0.301235584231369
0.725206012189465
-0.48084017528771916
0.17402272323754375
-0.3758288293676444
-0.2728350742563208
0.17695159402045624
-0.004811151222786414
0.8837145294312183
-0.9734596095413217
0.4654024170211921
0.8850504591595476
-0.9451625709969529
0.9545257579252877
0.15507214724119978
-0.8820596435588348
-0.8892036479277137
-0.2817695088014833
0.7045168061791223
0.7604577357594513
0.7525838227434865
-0.8808661504974502
-0.401129414021816
-0.16058624079111206
0.21392041694151565
0.9351970554869913
-0.8156575423675296
-0.3963950300493113
-0.8651028457716421
-0.4843345937472854
-0.16409646054283744
-0.7020000097534842
0.08358409651473675
-0.5253705800225728
0.14817031068811293
0.6981003012769504
-0.7182712770375748
0.36647102818305344
0.6259304631558193
0.22412622771972868
-0.5657919697202871
-0.25543472322083516
-0.23179776552447806
0.04185361079257177
0.12601854168824955
-0.025513825662536682
-0.20482715659321427
0.18743528672850673
0.07583720293677776
0.7367330001497228
0.6362965117707191
-0.723033112593702
0.4505434367026182
0.9900519345191139
0.9488077989264048
0.9001219844814028
0.05988298504510081
-0.21954449685606314
0.33014134529936
-0.516579657152608
0.5765648053581047
0.4080747288917088
-0.7443815739383786
0.8416911423341111
-0.26887231443206816
0.794068161307881
0.4408168751234962
-0.3482135251027285
0.9535129172650436
0.7082745750986843
-0.3510734279764056
0.26729031641744894
0.16105853892554767
0.9162554865096446
0.5265650840899951
-0.7761330391563146
-0.7365748393424316
-0.27907866968944917
0.6699851430206583
-0.35093624131248835
0.49252271176166196
-0.16282241451686486
0.6860394530296237
0.3206199189199306
-0.1826784017972658
0.4739956518677848
0.3650768055603313
0.8014987922411578
-0.32580727511924246
-0.5691300744757002
0.3053498325557169
0.6847223986261901
-0.5983800151694203
-0.70772715789016
0.03539513891243451
0.03726206177557989
-0.7836724532983597
0.3081383640286528
0.6622334321040431
0.40272975538158606
0.6725509777412957
0.8508149616015941
-0.632966415740496
-0.8278208330435946
0.4115323301591498
-0.09069353902770394
-0.6950940315119591
-0.16712829897376036
-0.6143168511461328
-0.059595799665885574
-0.2900517985075868
0.49542564331019356
0.4098916795839942
0.5602536159962761
0.018381451448113317
-0.2878812283070269
-0.3225312228104571
0.015171515661496882
-0.9980581327015314
-0.0550434596212146
-0.9303913840937637
0.8052545069607415
-0.4003991861849088
-0.2094204290545778
-0.4701263469492629
-0.7633563513093555
0.5430399735501306
0.8306919109232305
0.03688649339978012
0.29804883084548517
-0.05416949965743467
-0.665737517101052
0.14008632487370654
0.5002532407651572
0.4124678047788688
0.5898296152537696
-0.764563914853182
0.24969928266469066
-0.0784627350217626
-0.996444560450533
0.5915935740370974
0.9743813191392907
-0.5228836220638531
0.28083562941012974
-0.753535631988189
-0.8644352041730705
-0.5808748664557266
-0.5171743634055685
0.5980851511343246
0.04904752290168779
-0.4334867996886307
0.26769052641042035
0.6358526295004667
-0.935513486238289
0.025481587613977563
-0.0582904361747818
-0.33376375981040507
-0.41823837449147794
-0.23693683444520985
0.5527360346576893
-0.6300983576158556
-0.5999317801152737
0.4963600775743957
-0.9040329769913094
0.8926966580007594
0.26198921303182865
-0.8427915065954479
0.6583911057538983
-0.38763717273856346
-0.8131556100156985
-0.778276229348889
0.8211764150063146
0.7879658659391937
-0.3673448373172912
-0.47744208085195217
0.01618836484863828
0.4127690705152296
0.812465315469244
0.22127078500154918
0.6650851414909402
-0.6392457686553366
0.14493066371820862
0.1397464258546839
-0.7978401542664704
0.10241921016064359
-0.5485715138374598
0.25989069421013977
0.29173323946114804
0.31368747920724793
-0.4639979728833903
-0.4759987627359712
-0.16811905877055655
0.8544308055731231
-0.04814111402540955
-0.9091448604454084
0.2797814411829376
-0.021905182761894793
-0.9345972589823692
-0.6028306268353243
0.20242174097778998
0.9677192555490914
0.35592015540716826
-0.892778025107636
0.841741058551464
-0.30274845336742273
0.24897715640098683
0.42663613591243243
-0.26534663703263384
-0.7692851963310081
-0.30273856991363646
0.5476925486197619
-0.23365240618740302
0.7676890194077899
0.30040980567259146
-0.9645100938492663
-0.9601186020597798
0.28754095151488235
0.28996698514673236
0.45430280433881665
-0.871560877853788
0.004758567963594196
-0.15564697365434954
0.10550133525522853
0.9138469087575005
0.5380237163961612
-0.14771970877427165
0.508716012265293
-0.8498735717325576
0.28616223656101636
-0.761126740160315
0.596544667225394
0.034662522831750975
0.10756589152785301
-0.2789237833387339
0.8921876253104342
0.729339265885262
-0.5405926026918952
-0.02189868337779033
0.2443362239283322
0.3461142882352042
0.9518878951648604
0.12246717472771596
-0.345317639965242
0.30987947853425424
0.7624571212056312
-0.31706322666589815
0.15907579533598848
0.4523481392362756
0.0911485501778595
-0.6227788697572549
0.8008182238478028
-0.9112333277021896
0.9244799211667241
0.8202806940682779
0.980406034560976
0.4489720495292828
-0.031123907959210717
-0.22430352419405697
0.8455274797395655
0.39211992062951206
-0.9802322823482845
-0.8125510516254895
-0.23693282257100057
-0.18227273895101503
0.2829769534275912
-0.7347922150478612
0.5948097768014176
0.654452782279408
0.7771800496597756
-0.656970202731723
0.9338455290376999
-0.2198602951458195
-0.8480089323902653
0.41697228525713226
-0.5967258085448257
0.7225336131656388
-0.8291938396193559
-0.5321162689776198
0.41968874574571857
-0.9867984003451584
-0.8850592155082944
-0.39350519671186457
-0.499836391973554
-0.3241830360259532
-0.8981115025202575
-0.16878054676916743
0.5969069357767736
0.7641237399626204
0.638405156155879
-0.15034300599236317
-0.2025972209568878
-0.5591291888084864
-0.05254280887380469
-0.900890237152296
-0.5348390438854553
0.6240275832561211
0.4698847996529951
-0.08678265303347366
0.7230530525614627
0.664692278997866
0.738430376924599
0.7149424853141184
0.3788608441740815
-0.3814663591703986
0.21602702760817438
-0.33750808311491687
-0.6668911775479525
0.7984768019376378
0.5549000138145896
0.8727343662962799
-0.6385085875893262
0.05726631936387827
-0.41383635370273364
-0.09320726203828622
0.9614347494963453
0.7032966312995101
0.6165874516089178
0.917552068081084
-0.08687069269596037
0.4239015196692699
0.9917893451415154
0.8571469626301482
0.04538050385809567
0.137537454531105
0.33691235135770925
-0.12374548402712304
0.1757891181149347
0.03198898098147107
0.43122782926083514
-0.16071040586311014
-0.5302008571524313
0.30060605043330635
-0.13719091717379372
0.9172810392363788
-0.6629057759826309
-0.3787517194223311
0.13431578820936108
-0.6509389782795962
0.9564773294280082
-0.6812590225058661
0.6675371167760311
0.5564720917031607
-0.9174741165558966
-0.10506809784423288
0.6589300688619595
-0.06276108809384229
0.20681581579928876
0.5087367623777423
0.4795697978865039
0.5215935845209834
-0.8572027156054538
0.5254521790377511
-0.13600609368606031
0.6934621518455928
0.02040786807732231
0.2727718944085691
0.5108030219994999
0.02922211521467255
-0.6345743644731827
-0.35135957252352124
-0.22241641038850513
0.8347889518974958
-0.7346791443937881
-0.9576037762131482
0.8448591905826879
-0.9417901793088268
0.9319326727037751
-0.18988396378940076
-0.9762119621840504
-0.4937221607665121
-0.3757994963686093
-0.691239104012632
-0.5957850745620386
0.8125330872856635
0.6279026430805346
0.9628457190074231
-0.20046918730034236
-0.08277502016666682
-0.7769400636727972
0.7370775771687093
0.9183072512610067
0.2652657996196419
0.7257805641155832
0.3399262062457211
-0.7621796243699812
0.415918485534962
-0.5455346863488872
-0.3924703563251204
-0.7850711981118448
0.588581556689465
0.5445052328803441
0.08607149464685326
0.4063695175770685
0.17204328572051453
-0.38686772854514206
0.6934368737250729
-0.5025942616568957
-0.7437103273652019
0.07666699940147681
0.2137203414192459
0.7022840020185359
0.8631899650317703
-0.8689866801028365
-0.9348537556994994
0.6222919848701987
-0.8580653440950805
-0.8845947209780998
-0.4972383930180795
-0.502132948497888
-0.6579595097286166
-0.175280819721642
-0.8234825592488257
0.7834559979418669
-0.9763443642568261
-0.22031091989148965
-0.6413776566191816
0.7369190918886916
0.8953664277878284
-0.5845474890212163
0.9534568865423192
0.30711188917006504
0.5197783923037025
0.5233074477915147
-0.2403997116472818
0.26981190288561674
0.1078261032631409
0.3969044300180882
-0.1440544584398702
0.48130362450600406
-0.25006397011906545
-0.24872933779301554
-0.006934045585164306
0.2941693103842866
-0.9086507379480586
-0.917699795183007
-0.38382869594295355
-0.9372986769909664
0.8044410111499491
-0.7319313785644683
0.7938621008922186
0.40972774380073496
-0.9400758962115814
-0.3464321664735748
0.21806477601284202
-0.722328587349603
0.26802032561796874
0.28818972821119293
-0.2567326739868563
0.9494053050459081
0.4364566179318168
0.5894197431140991
0.04090845895887174
0.06266156045664584
-0.24477728630097095
0.40240658759298964
0.045379112305974356
0.6353494982912238
-0.1595795124361543
-0.5982065277106654
0.000875455517239887
-0.7317016521686976
-0.5639213208912879
0.5050117628183015
-0.498977421035532
0.05836387960207201
-0.29592369765003057
0.60850467827652
0.4229421572007508
-0.15414341455023428
-0.709280181771573
-0.32503131457643564
0.1088787099437869
-0.14430655398433956
-0.3264611806926463
0.23938759568632362
0.9715437887214662
0.40260656356810687
0.7759777393006371
-0.25891165451640785
-0.3875472635348647
-0.026783778341077813
0.14921808828423888
-0.91454321114843
0.6793828812914153
-0.9652924394163469
-0.014219182441526979
-0.5261037583634915
0.08115494672820733
-0.10817620763536318
0.6484164904801804
0.9131545785926782
0.4603919205559688
-0.4419033027765573
0.04235825542131555
0.6935216473467849
0.8695736988311003
-0.8117497434993051
-0.4837002273528619
0.7580528977330019
0.24915709850231038
0.7583572841429451
0.9720877653337525
0.8543244211065757
-0.07063281568264146
0.7976834843608991
-0.9332865869963296
0.2280072754273732
-0.3536456534787591
0.7537871776899887
-0.3879007437945152
0.21410137839681398
-0.31896643581824313
-0.3522001291848531
-0.6778574577515701
0.1449640657466993
-0.18573281096071614
-0.03148961074899703
-0.4913831501284289
-0.22587605290109858
-0.380295613022817
0.3497813367309035
0.9725710643688033
0.346846290452669
-0.4859804303284081
-0.506411287471247
-0.5255991594002318
0.11742053790602114
0.07454528960403684
0.26668780286118765
-0.02920130857087666
-0.6070788794988242
-0.9626040851776378
0.33735516389573994
0.42702592033647835
0.7951939919652031
-0.7016641455736421
0.03556433561643524
0.9299551452837287
-0.09319371032898105
0.2878622702037794
0.06443440458353455
-0.17981158250555374
0.648252696187581
0.4965950454292718
0.4257119388969228
0.06056528151548357
-0.5987645564371336
0.5222577998794808
-0.7352644479578401
0.8502261250511944
0.10991247803748116
-0.7103098648405084
-0.8012358093035279
-0.05879257878923494
0.6630394906825838
0.38617053877364316
0.21736200341642187
0.2110545724577979
0.5138661196718508
0.5946141509415446
0.19402594083858937
-0.4845665875204719
0.8285731909448448
-0.7431504429513205
0.3480721834324174
0.5317243432311185
-0.8282362763206856
0.7627282503656256
-0.08783131534085897
0.03929713122087963
0.582756086984485
-0.6376745753180788
0.5072134549951957
0.5853638797711842
-0.18139358583305287
-0.3156501191313521
-0.024539226343163856
0.5189515798912725
-0.19385869874163864
-0.5710452732780358
-0.7262518496850299
0.9303357010434545
-0.9127739757240394
0.4142603070060453
0.33816798671705306
-0.07051410428788918
-0.5581578837751793
-0.5584995962378272
0.5856970221616948
0.37447099482273116
0.28053431517899674
0.4478844564984783
0.48355814234058014
-0.8639639277317201
0.24440358275154606
0.539906792524738
-0.9612251257939808
-0.3862767859090428
0.4700705796868614
0.24436599521302704
-0.9427918102755308
0.13729465290454756
-0.699446327441481
-0.8191401454710543
-0.4506882535939323
0.8535176853421576
0.2215716902440623
-0.7516028909822623
-0.41782535596856074
0.284037220508645
0.6299006023219225
0.39094072507438193
0.8944434128398029
0.5701020286362157
0.5510756357428213
-0.06402263952877285
-0.44468469604531524
0.49194079445409455
-0.17577609425287943
0.5344244835795326
0.605865641594844
-0.599638276204439
-0.5038379882136563
0.4851359225441729
0.703614164288785
0.38595034985935506
0.8782862174440715
-0.9116908648223687
0.476232854456486
0.4968932916457731
0.15091707012825317
0.18106719218272205
0.8848093335584646
-0.2960952215685766
-0.7148365393552574
0.13576844742280092
-0.15530305262755162
0.8698136196231498
-0.609659090260068
-0.9556473844610491
0.8336013437905789
-0.19517086597092126
0.14390635657863626
-0.388281639361276
-0.3681703848317286
-0.7182795715370938
-0.038287376910602466
0.8059027204023113
0.7762357977900896
-0.615642235236638
-0.15916691609756128
0.7065581918334185
-0.5210156898438352
0.25853530686144
-0.2689316782701834
-0.6348007941582177
-0.06676245192690056
-0.7045980141188293
-0.713781995943036
0.6570172305282538
0.40112386002949374
-0.32066332315152124
-0.03253505017916791
0.2687344529946196
0.6136502627419218
-0.17198649755848394
-0.4710775189947247
-0.37942253001566484
0.22387778027315552
0.6874521568409391
0.2238762441560771
-0.002312570520007995
-0.2156969578145813
0.9858844876650339
-0.8958401514082188
-0.2709444695251537
-0.5014122576296947
-0.7276127086075801
-0.3249110329233531
-0.0704044591873163
0.35567961388709346
-0.06202864658945262
-0.38369281884053796
-0.6402529147588643
-0.5762629226614029
-0.7897272584376585
0.9891902105830828
0.040965786969727525
-0.275399480413719
0.5811924573234242
0.8900077508540625
-0.7098469728323231
-0.9793446942996669
0.0319712494714115
-0.0552306184151945
0.4273566788027747
-0.5828417576851219
-0.7263704289791222
0.04685541859062958
-0.6931390960217865
-0.8122023244147656
0.8774982015751418
-0.6990126537210604
0.32031787023673064
-0.14760760586129273
0.06620234709320028
0.567045060824328
0.2908416740931128
-0.610922274031289
0.0007684015797737587
-0.4682973148264522
-0.38140267488256874
0.4220215159199847
0.9645680519432203
-0.285001892623016
0.6085701833919721
0.7274721252297194
0.5547489089672133
0.9628990140749523
0.5541434146146575
-0.01848579062535327
-0.6796372854653765
0.6586630442917454
-0.005063971676809942
0.1672629096430156
0.9120030308766696
-0.8399979063786085
-0.4380893227591518
-0.6729588435782778
-0.6571666152651179
-0.9452167448915683
0.5741702443534331
-0.1977593511038771
-0.193496066350336
-0.8632059033052069
0.49900154307867206
-0.6787394002677105
-0.38920377057832845
0.6485604144199835
0.4338418683296512
-0.631859906384659
0.022561965182236632
0.08695460422466761
-0.287597200408354
-0.35443247852933735
0.7769459071171689
-0.11157134696172522
-0.7035929937218668
0.2746865769935476
0.325331355281661
0.1182960519330325
0.17664051581202367
0.7837459332875767
0.14090819408382438
-0.2813993965199111
0.5867325812730364
