-0.7577434195079245
0.9097922636438087
-0.9001923127721789
0.6426440955763832
0.8270082345270007
-0.08868739061303899
-0.8777271687922235
0.40403141118500874
0.5155721970115488
0.01562687697429821
-0.3609253861478845
0.8939628528791383
-0.14287960289781187
0.6901486540831259
-0.06501841871849678
0.2768645598865602
-0.2328158125897517
-0.500398861298178
0.9633173675069546
-0.7489725556199962
0.7212797652756877
-0.8722446370778512
-0.4235968687530498
0.8354374914977405
0.06314531871771867
-0.21249147628991527
0.6302072900567721
0.7024168904228387
0.3775392820468191
0.1466677858730423
-0.908124113414567
0.8724861681374172
-0.8174741783414081
0.05638329604453762
0.7624752908326657
-0.1348242682521843
0.8088746682551913
-0.4551711731728718
-0.17012522806989105
-0.3681253844465875
-0.22009622216766433
0.1980013949248136
0.28715116633932514
0.4699891526732132
-0.969269686937045
0.9701065441332288
0.015915224175950815
-0.9782411877162887
-0.3516504451757587
-0.5666482915284905
-0.8167653900725511
-0.758234213730191
-0.2735033595581762
0.10482175902483881
0.29472159806797626
0.8004189355085927
0.4767728888519336
-0.11016393764138899
0.4351834488209778
0.3074300889670041
-0.21581248098415018
-0.5785732132848433
0.7147007081435386
-0.12937398063510686
0.5707804339808988
0.6166304176032433
-0.45503772746666127
-0.3488384090076384
-0.3906946778155429
-0.6839707816368115
0.9919716134989807
0.9186529309226881
-0.4451980556999935
0.4250323023488629
0.324803512002134
-0.7525398035233006
0.44713392245485983
0.8543876499948033
-0.7759697919602508
-0.948096781068678
-0.9514193269604452
-0.8712830103486036
0.4262224640074568
-0.5109149755900388
0.6923044290566751
0.682038310113233
0.40366299820839036
0.223688816425468
0.3782155270324181
0.07381708979395474
0.40279245763364346
0.5413538976007983
-0.7638153987820404
0.30042470488643636
0.6098063693711055
0.2607096190014846
0.07160050893454284
-0.4134872661378868
0.40104806520399916
-0.6638504774299487
-0.4594584822457677
-0.7320142837184758
-0.16484434638988033
-0.9836714527320243
0.7902178496545429
0.15799633271440006
0.5582672708856458
-0.541333124197473
0.006150444108051767
-0.2458843811818292
-0.06982919472610805
0.4817161292592067
-0.02875341122831121
-0.008620254383023829
-0.34023834807168085
-0.060752940170686776
-0.9056027637276902
-0.6460900518895565
-0.773797186159144
0.5985839556257835
0.4209509309796611
-0.3464415093389943
0.7885442142415291
0.6540298304741574
-0.2651904170916344
0.26632426332644354
-0.1855676644462061
0.34461487882983377
0.21650809807874083
0.2612167960122638
-0.863064999746215
0.03837427213823408
0.1588393981851055
-0.7060475061421514
-0.5429362475259893
0.13581517939653498
0.43936310208467244
0.6204218957127701
0.9194427727342713
-0.42683488286032834
-0.6178009074528006
0.9539841200091612
0.8916038061592988
0.9426467451852625
0.9693436794167121
0.3731875489484622
0.6787766195044578
-0.457528602899147
-0.6333018855745511
-0.9179027793958943
0.44719458918576227
-0.04405884343849875
0.3757498893938065
0.3901544814407447
-0.7591812398059092
0.08604997666711012
0.8330192726847081
0.518123986859538
0.33874238342136853
0.8305772963766358
0.9924230595048176
0.8877633209839288
0.7156059502225218
-0.43496640016530597
-0.07723958549221699
0.09040951758360039
0.06649176610527263
0.4084865735485401
0.4376274782963694
-0.2533953377900613
0.7204551521612217
-0.7051161166887057
0.734990444104501
0.7353353415453221
-0.6208686624892021
-0.27036648773156746
-0.6645298392223153
-0.5037737344758881
-0.18056882980276834
-0.5699937579946746
0.8394184094187156
-0.3383319808069978
-0.6157931462064785
-0.23601190599791777
-0.2735099640351033
0.15135180009406746
-0.3534373072477546
0.6089494951679855
-0.714246024872238
-0.8960085403109048
0.6216931656294844
0.8721472310690561
-0.09035394883913539
-0.764326855909357
0.876551864720585
0.28392967404174785
-0.06784733518257213
0.7997411697387786
-0.3865000076933629
0.7612638787053114
0.8840834129121886
-0.6987076576144242
0.9324117636523721
-0.5532335718197237
0.4537578984111934
-0.053524290452465095
-0.13970655654523467
0.8784514220894686
0.2212473657228664
0.3391426947647709
-0.44923667172871173
-0.5889383756206019
0.19447739236961592
-0.9753542225741711
0.6799951018946073
-0.5238438876058342
-0.20775379476903177
-0.46198803492831475
0.757536729807124
-0.7612498062061299
0.7865054273163574
0.15994871010346134
0.08031369682771339
0.2030625015109908
-0.037654736719669124
0.4867414302954074
0.03671120758833957
0.23705580087143807
-0.5111593098487923
0.05995369793998173
-0.8656328355321103
-0.8887085723874448
-0.3167787963742217
-0.8732512737700084
-0.7654741063197197
0.9401463762246554
0.8594519963025795
-0.12091409427126165
0.761584652870601
0.203999943908026
-0.5780055103777384
-0.6903439943518002
-0.9827524068515514
0.603972449934951
0.21594169050199263
-0.5405778655314268
0.6839297453733493
-0.9467702573333601
-0.04595197662649175
-0.6616440080027715
-0.2327128108106411
-0.37450306021033386
0.24787522166428055
0.41742793772387476
-0.2683933488061341
0.3785560261899932
0.6440529027317712
-0.9132950235309729
0.42443325792438147
-0.39991818146796376
-0.8389071632114236
-0.8795490118665359
-0.338528013717208
0.1385067171480261
0.03713021649930637
0.17261412113534913
0.2587126461831757
-0.7545876200662716
-0.9327158404353102
-0.7633233990165107
-0.8071493661140148
0.4505288907951115
0.846151548667438
0.1290942578851364
-0.01565441753417951
-0.6062996330367909
0.4066086360829997
0.8084837709030956
-0.6334493290473266
0.6297130645321014
0.3659313408330922
-0.3016879617153272
0.2986163191810951
0.5305700997048692
0.6037524140863277
-0.5082556611812314
-0.7537479308963841
0.06686018090303159
-0.7094165398604333
-0.36038264162343325
-0.16307506362536017
0.5885595018840792
-0.4528757310734488
0.9070735251157553
0.6417513845876903
0.2800689607994833
0.17400368937854815
-0.5750474516316175
0.8918736173402717
-0.9683954354272302
-0.8500194497946965
0.22726548192911022
0.7609838673786651
0.384542722477055
-0.9508739167316962
0.662795907815215
0.3719981420704632
-0.6290065833268872
-0.8910665464438241
-0.06996448349135065
0.3111870764969049
-0.7062305208557764
-0.42865122059386707
0.2852576326078
0.7301962658020473
-0.3145098803762254
-0.1419996396227412
0.9799578142659162
0.12087679263074969
0.1482734744434695
0.9654196999268339
-0.8114001253184953
0.22619497706611158
0.44062067896639023
0.817716814280679
0.009258705725011529
0.7316626206728807
-0.059584309862200424
-0.24430830639729284
0.1737310808336643
0.13232642438498732
0.4179099047751753
-0.00010595639101396159
0.5176120079896505
-0.6324118353958674
0.8128196723288372
0.5336969133677898
0.30946713787621594
0.0046540583953875725
0.6784181606408115
0.12538422729284382
0.4944823210275835
-0.436560124411735
-0.4859311576291794
0.8380360690153379
-0.5852345559395833
0.09921105848293266
-0.7779043872810463
-0.060919958940576224
0.8617487269942135
-0.7012072032385737
0.44033884411665647
-0.4407305750658699
0.6912762504948631
-0.0616141079096435
0.7173137548804089
0.5219030408322296
0.6216580768539406
0.009634634274059195
-0.6814812578471463
0.18575450771503044
-0.43226352347050545
-0.35431665204856744
0.3409631864780356
0.06020174770453535
0.45558357558095364
-0.8030857772760269
-0.6304247476846923
-0.31320720389269785
-0.42255887136919346
-0.5485971010588331
-0.482485509400709
-0.03479336557589496
-0.7555093589748547
0.471287687411593
-0.4266347395785197
-0.8706452554668216
0.3552372815192102
0.17275733072146182
0.13187671047882277
-0.4694263965798313
-0.49716107771877094
-0.4828437634497289
0.21370667115687447
-0.652026485686642
0.7528078948681931
-0.5586016272630248
0.9153281255867884
0.989499618338554
0.9475269195673792
0.28074021604677535
-0.7122090644450871
0.30243259393694233
-0.17141732292771272
0.9713631501878803
0.8186311898003289
-0.9385737561427345
0.5986364090391563
-0.1451437874221826
0.846813473011472
-0.3368000442602832
0.058257339940059216
-0.7153022950932173
0.713988698559076
-0.1001111680045319
0.04660845959785398
0.8020007825827233
0.5522943445286665
0.8175554185207701
-0.8125208178554457
0.17011878577011852
0.09127565843153085
-0.4892280273162293
0.7807839895219468
0.42455676279500576
0.7139404882406948
-0.9134626830362236
0.09181392180022963
-0.8901569628834767
-0.8034606571331784
-0.18974834287386666
-0.01566596934908815
-0.9555520286647192
-0.5155202238835561
0.1068985834118692
0.6800158743971179
-0.8781817779048056
0.8982568813204204
0.9294619991905311
-0.9742649090859892
0.3003452730026517
-0.9552301258262366
-0.7079533794745274
0.8369461446671032
0.5533013208291535
0.08180550812875964
-0.29127141356814534
0.002226944915975082
-0.9664070861519398
0.8903523078504916
0.19176524370413373
0.4250827001640105
0.37258011998595086
-0.7647666837930158
0.792215142684288
-0.2349919656457513
0.5884188718301129
-0.1717670953973338
0.30720011209862963
-0.28167350102797584
-0.7819663894987483
-0.6957941860240633
0.40979944364845
0.0019861767535489516
0.006241705584507429
-0.9971740428670426
-0.15839159053625185
-0.6434239040450707
0.9980551770856896
-0.36149993847614637
0.8685190016469935
0.16832186003984684
0.45963614119397267
0.25390523860680214
-0.32074218874864036
-0.47903958169535676
0.06013270897073997
0.6570318796098198
-0.6220844827511594
-0.2116738757667458
0.08188489749429273
0.3945226929472134
0.9751948129160597
0.07418904519744784
-0.14382544408107067
0.2994326060933341
0.7310249731811427
-0.8844137782079025
-0.20829687617634818
-0.9917645552794074
-0.791569824462985
-0.5258840544429777
0.28243693274863846
-0.22534760893478145
0.09594136784524121
-0.1813133206731894
0.5947224764485868
0.46499580790005646
0.7346728215579521
-0.1868489596215881
0.22699676558515502
-0.9995559766706579
0.12196541690452722
-0.46837339622225294
0.024610156795730864
-0.04257650063859231
-0.4934016439554474
-0.7522262351927083
0.10117858796742452
0.8458528325454147
-0.5679367703950366
-0.5429852132432718
0.46382635257099736
0.7037797945428004
0.9286775949558759
0.9636627847052883
0.7923022321862454
0.09688721338961037
-0.38309209707149194
0.23498945279056027
0.4223632381634683
0.5026534832298473
0.10911242159641121
0.1277863565962165
-0.8948090496224108
0.20733384339750072
-0.18585772670836143
0.7346661390216125
-0.7314458334446554
0.5499429841809602
0.741154666488749
-0.9618741195144938
-0.5499587210511214
-0.6152466668326659
0.00906240431423
0.6103811999079123
-0.6825077067143517
0.03599898599221718
0.8219462165121518
0.4466672401868461
-0.6234496217629735
-0.604678926207614
-0.7119877342023917
0.7187670898899181
0.6826909774542571
0.18799967255175987
0.055295509341322546
-0.7497941253578759
0.06481056463727275
-0.9190686744509522
0.047899015678247725
-0.8321996550908588
0.21751030014167805
0.393422184043164
-0.7422577470920018
0.753314588005116
-0.6980408938725342
-0.4902832127031447
0.6676252119552915
-0.814574630614316
-0.4617531176213039
-0.2348375097598192
-0.6881732917343037
-0.051840397389979476
0.8359391355615537
0.6297413347721357
-0.9582880898183508
0.3825997086608921
0.9153299870329281
0.32484075362169706
-0.6440566476382148
0.6803703115388366
0.00834973205200451
-0.21447684241519882
-0.0908000327423868
0.004887542813325041
-0.9820508919618887
-0.5476117378652896
0.3339320245834603
-0.11600183010121023
0.4005655682181062
0.4348708494666731
0.8434342944696316
-0.16132792107900218
0.9436120941139015
-0.5174449597265505
0.4526374619030187
-0.09585862193411976
0.7016236987759152
-0.1566075963336928
0.23394498255267204
0.41830773804844323
-0.8599025185666467
0.01678559190365103
-0.9304176663463473
-0.7178891134122576
-0.5540900453128466
-0.4180759748868139
0.7903685609123414
-0.4021709248098584
0.9707328634175405
0.9239626098148346
0.22282726470703462
-0.8919957441179298
-0.7923866364308647
-0.4705731729408358
0.7913034156934047
-0.7172997622165151
0.5793338646332156
-0.9391632593900145
0.6761213690820393
-0.9682452639741317
-0.2848472490869769
0.18480865863788454
-0.17896622367001358
-0.0614742936639181
0.2798092950340654
-0.3052909539453774
0.5995136887058814
0.058938454696870535
0.7834326209860452
-0.9805674158620132
-0.1227891646346233
-0.08075161795694874
-0.17406094955547546
0.276100618951975
0.03983749498242983
0.38422295894326375
0.1812272852490826
-0.9599734263342155
-0.020468965402577588
-0.7958839857842495
-0.7939934065891667
-0.9294280916915212
-0.2195158025645505
0.7860266630366961
0.40311106981364553
0.9227703616930059
-0.16147630331390306
-0.09881256281843442
0.026541901209813812
0.8183353103668658
-0.37442104524704933
-0.6690191750877799
-0.30088072536446075
-0.010777806498980746
-0.39430363635923626
-0.9814725580499721
0.7067318774421067
0.22506747846236697
-0.4537357779804092
-0.2572788907280643
-0.08002656489704241
-0.4791610577366874
0.45047201432169914
0.17446492055775442
-0.9891947574958524
0.6472745874371064
0.8914143620030373
0.8149333495958191
0.2713997367136807
0.7136327599681103
0.8356635898883744
-0.2647853374350757
-0.13319829953142492
-0.062195200929856975
0.05995404627050993
0.484263237695052
-0.12465624046019719
-0.702167689996825
-0.19267263270124446
0.3453920100171566
0.7017617365186108
0.8410494652285416
-0.40183969162771427
0.6035370482705105
0.8534684894997857
-0.6677592503017591
-0.004702442975837995
0.46544171767220055
0.742743136194006
-0.7211993451651622
-0.6889261245500211
-0.9229142150571572
-0.8341884395813708
-0.8525990191465891
-0.2803301370069038
-0.1515250217640749
0.7943602907091472
-0.4007019117795396
0.9485433710880355
0.31287529060932373
-0.26977539213911084
0.4276411897594128
0.335736074410123
-0.6707711862120005
0.9242190025210189
0.9236117265052226
0.961843629218494
-0.41528554469581147
0.27220094640518533
-0.05059755038694136
0.2781940593222123
-0.2600870615585431
-0.7590366474078061
0.673585227511323
-0.4313124694565089
0.27124481946876045
-0.04665507345926456
0.6714361621631804
0.18521072485607015
0.9239435019601461
-0.7994835464664025
-0.39571537623389363
0.8740267254521212
0.15954355145546173
-0.8932851032661229
-0.5449197469943574
0.8091089570809631
0.6928250897886505
0.8210920054868571
0.6349343944020518
0.9485314117057995
-0.9031817239694095
0.8303754383946929
0.8045660654144737
0.5526498733418437
-0.959272391788337
0.7403730978037089
-0.7550233650359899
-0.5590062406590004
-0.5939410379830408
0.9578114822332722
0.8393408246443892
-0.05073391836883512
-0.14896868283015485
0.4933904014508004
-0.34892614857610393
0.5186313761424013
0.6829216758709193
-0.18035310827795348
0.5562226031708486
-0.4475764967315672
-0.8775416816868615
0.6593219370528498
-0.6861672380977177
-0.8654740737845994
-0.01491510159619569
0.39864180520121906
-0.4359205501842023
0.6631214863519463
-0.06638408444743638
-0.3894099071828401
0.7289305167262683
-0.46823618068969486
0.9308168459104942
0.9122932378034163
-0.35113210720251886
0.4090203328481754
-0.8006390098787322
-0.698048664627891
0.13186186403972844
0.5886701802394627
0.3036037642188929
-0.7064218384061833
-0.8456397104320421
-0.36781855423323173
0.6378522008156045
0.7343840064910572
0.29107376982214594
0.08502040982502268
0.2451308818552791
0.16214841569802707
-0.5189994320722853
0.23048642758986415
-0.8424298715596914
-0.11725465522944645
-0.3595585444756946
0.1250223433916695
-0.5577895860430304
-0.5736776419049459
-0.09821310171976605
0.6622036203464259
-0.033837735109883305
0.5404369562383411
-0.47918041020639546
-0.2136244570554473
-0.20397579946263855
-0.9445272525583341
-0.9953178907933575
0.8427538149674711
0.2735498295177612
0.7196998203705112
0.8453378499480984
0.20202055456439227
0.6400435774661981
-0.7421560957112314
-0.46453521302882184
-0.7374489526683283
-0.34976815885797596
0.06659652977228725
0.1675220870030858
0.8751701412912687
-0.1713080526544497
0.6516124725904071
-0.13398007140277768
-0.49380415800150845
-0.5921078921532257
-0.4154045068951331
0.9533407013116804
0.3614178522966798
0.18301486242325793
-0.07902396611269213
0.4777855528269661
0.5725770972685691
-0.6848440476006175
0.30951433865316735
-0.1389249186223096
0.4637784133921672
0.6768694726521465
-0.6536888474646587
-0.15256086340328068
0.3246611925320746
-0.8812583843949184
0.5555616910911574
-0.25568479446261283
0.9574476339951146
-0.5857241261883979
-0.22284780618637745
-0.3553127565392109
0.8062392778898033
-0.9230802717134095
-0.8369593456506417
0.3092591329272625
0.8013260760252225
0.9219822166103329
0.9825957335789886
0.9031088837919692
-0.9519259559657403
-0.25519631413283306
0.900209889691628
-0.1582553635843409
-0.9735781275380773
0.8101751985213057
-0.587467517710486
0.8791855837093983
-0.4704248532147135
-0.9366859550829638
0.5081426452443936
0.5610430743832688
-0.6245933643214583
0.8585817811350971
0.8778076996972068
-0.253928329152338
-0.49113440776936135
-0.5151997572041849
-0.6577942978747553
-0.25985419445099156
-0.9655593212952378
-0.592328843403455
0.8235889677870984
0.8402797997842109
-0.975783779733111
0.6382295424436191
-0.46689999291274953
0.3298479962029557
-0.2879321847340728
-0.914300651251553
-0.9748268009620442
-0.5450258944998112
0.6963349585493375
-0.829298640794421
0.23881800310250112
0.6723020333170389
0.24586739037800887
0.24290150938416644
-0.7023844205342358
-0.16737051577711015
0.9902360969485251
-0.7963434271444452
0.6692173766353973
-0.2933207149365664
0.9850501986249853
-0.9387194269225105
0.9041962891687139
-0.48670421809937925
-0.3182490585352642
-0.7592910315719832
0.15329701835321785
-0.5975801192125711
0.3179897560668199
0.9945311686947462
0.3215750510917903
-0.4510951860122554
0.718503208662364
-0.8869607947209326
-0.6423899172056895
-0.5696042673612567
0.31720330869370494
-0.9672353594826981
-0.14333224271853706
-0.32284080567638807
0.6344214633280054
-0.4879598925496833
-0.2612001970051381
0.8325999291012025
0.04330452351134073
0.03410937324307284
-0.5317982474341865
-0.3432781680224195
-0.6503608827725138
0.27457287260658547
-0.11760704733222238
0.5706633664573593
-0.15656185491822439
-0.02032551238161684
-0.3803670679727955
0.20065850819850906
-0.25628735416112214
-0.8541650745073892
-0.3185002696831596
-0.1026563392259292
-0.735739638737908
-0.3776199099295554
0.21410741774635
-0.4488276270732754
-0.9187513109866228
-0.5253068278599469
0.40759672411020187
0.6212078941703765
0.3145266773624009
-0.9561606634029134
0.8980302443137422
-0.06482114431635821
0.7782208462943945
-0.08568316551498811
-0.860325313243997
0.8112511136150595
-0.9839582597849132
-0.012812360449532711
-0.9934817326332106
-0.1472597764666641
-0.4620279328542576
-0.5719309360545113
-0.24963168840733996
-0.1433645741420433
0.13773863819476628
0.29619722349329036
0.42677542900752186
0.9183073175147807
-0.39978570468969954
-0.6323654129253033
0.9555271950293607
0.5235550230111774
0.3034437754587207
0.09113050321159477
0.5593906067654952
0.7633791112088273
0.6396055984818723
-0.04320001591035405
-0.020864276447419394
-0.14078855579837102
0.5005418910853683
-0.8449676771769774
0.5042439290889147
0.2159093498085407
-0.46927478300294245
-0.9095111939446994
0.2075688337681465
-0.8588460000203191
-0.36205869455441486
0.4383191541024105
-0.24525750214981268
-0.13928677658322153
-0.03681752055769727
-0.8908723214763445
0.9609141635531682
0.9542043222485024
0.4583061316407264
0.10060159162275939
-0.2711755642640168
0.8464150238428869
0.31850283343082975
0.8885340956367087
0.8692321441825053
-0.891115007080006
-0.2507448303826263
-0.5862424556958523
0.7695464135057741
0.7058999804811934
0.44471735353712827
0.2325180801087403
-0.9283903570166765
0.7774908266354088
-0.878313629498112
0.23180031708695936
-0.9120038087502567
0.5485863498904382
0.016993664000884756
0.1348528542554306
0.4638704003653287
0.2396221646714003
-0.006175700556342756
0.08644373497168689
-0.543654934221609
-0.805376713663486
-0.8649949786072202
0.0014424097887939524
0.4230157507597272
0.16509729491818792
0.8774055647882102
0.8909435242134751
-0.9646997701612674
0.6740567296264319
-0.42901548896504305
-0.12773470168138767
-0.5417078271336859
0.5823370344422734
0.381718532967932
-0.8842979970880385
0.6016472580327095
0.9963141291486777
-0.8786953380280291
0.5446976115397817
0.6432481172944258
-0.22133602303148758
-0.9959826828973832
0.16901462198400652
-0.048254991180405105
-0.88684820106065
-0.025610932777881734
0.7691714720395046
-0.1077046864454172
0.35834678470741266
0.628664809170643
-0.4427513602319437
0.678374923835213
0.02080143867588169
-0.022700539350684723
0.12230027818695288
0.04657690072250298
0.868914863281744
0.0440278648980057
0.43425369538316483
-0.43832075337218224
-0.6111064911317854
-0.7567837342650934
-0.22884086131709735
0.393592843540721
-0.40580209066452677
0.031620741574075684
0.8062199301608746
-0.035777034869378
-0.11499626206367197
0.6276218108449181
-0.3450348605526701
0.5998802496291873
0.6326193659396249
0.7202312733887899
-0.7259461632590256
-0.4546766393458823
0.6847671182837152
0.5799873954766863
0.2429293533786474
0.5513100590326263
0.8390809882229426
-0.48284171118560026
-0.8206692139654665
0.21575964684981974
-0.4558738013117072
0.3469812304694053
0.03737669130615484
-0.5959616613844054
0.13030455344233705
-0.12785474325345292
-0.5506197565033537
-0.29553451276123077
-0.8294975139297736
0.36282950258111013
0.08724398964164015
-0.6737243637219694
-0.8674584914821475
0.6589129719295403
0.42272730753904053
-0.7537971032555886
0.49535020098835014
0.8522550436835132
-0.12586210917050655
-0.18334715336212093
0.7213534547633966
-0.3691360996261188
0.5244895812313728
-0.013759653276866901
0.5472828656247908
0.21286431575553344
-0.1283065950465574
-0.08118706797337283
0.8072256872805117
0.4658743198480193
-0.40447388642049664
-0.18499072060678912
0.1947849589779398
0.6008021593211077
0.29753029412539345
-0.16958775341459043
-0.7578609530631282
-0.7079244134248346
0.7606710153781167
-0.9522295050723586
0.8966147564886988
-0.5967653003213718
0.3802570662344473
-0.18140287112970932
-0.15177963782623616
0.6538043992688494
0.1406277846997015
-0.547713591031495
-0.3749264997420432
-0.16924763192060244
0.7850854693299112
0.4817451415784615
0.25495282966365806
0.22189172719951444
-0.6530923221055656
0.8703606020514099
0.6226243656612169
-0.3730803490442862
-0.15285929045138036
-0.997108024274806
0.13434473005474867
0.5383268740202585
-0.13483522611513932
-0.29271135482769295
-0.5272289375949113
-0.08495206774593123
0.8210995167354427
-0.4588022156321643
-0.05679803492213509
-0.12316760095083423
0.4452110800864868
0.4178254417920204
0.8056745118850219
0.24823267000829174
0.32455866057239047
-0.9388739000551365
0.8069111945753471
0.009171203189342725
0.2296370737281821
0.2811548433176687
0.17322546948980988
0.5892179674571814
0.7714903552443173
-0.07100847443916503
-0.6956386946408104
0.2363379637610632
0.7384043210294624
-0.8106863005076534
-0.6372623309483194
0.9244786227546329
-0.46968143409669993
-0.11566574887702341
0.9498856086673582
-0.98745544330004
0.9010493539717068
-0.2747463074036054
0.1873370680251496
-0.4423361069741971
0.39430929713332374
0.8855416911966087
-0.8372663309934598
-0.2110869269410962
0.4636413746365413
0.56355051444747
0.23227698231109395
0.8706975380666808
0.3821438167351232
0.3382481669566859
-0.6927217127327521
-0.9842674634923769
-0.059626992750196894
-0.5855033627173309
0.4709091494111515
-0.3983306710700909
-0.21012314705574187
-0.6010840392383099
-0.9249713197725768
0.786767433946947
-0.922543828532089
0.28520554783165886
0.27891304675478823
0.09857060838795495
0.9808867755671216
0.45659487386380637
0.8139199902379151
0.30871652684352635
-0.28646685485255774
0.17425256149578683
0.252551927341615
-0.4063753866486608
0.46621188246490264
-0.11792900211187951
-0.2261631455220603
0.7566056688939924
-0.002464820629718867
-0.24803030362437162
0.7124369822546304
0.8661412288135033
-0.2777233255541076
0.7596684045800517
0.8012437162463986
0.7173176441580766
0.42148853542354336
0.21339664640399358
0.12865772969219136
-0.7570254576486004
0.3115616818128508
-0.07876273899383568
-0.42084124520393584
0.20569334682000862
0.9007288579179111
0.9852465584555148
0.8165705515632691
-0.48063735306601085
0.819221230549579
-0.9181309434409959
-0.8000009394871237
-0.8957372802236814
0.18702093235906259
0.4582277553207037
-0.7566702892880375
0.3915064485927462
-0.6964956426982574
-0.012619732636571568
0.22534171041488804
0.4508557151550323
-0.6889764163787329
-0.9830739171538185
-0.578153726853706
-0.521273679405355
0.8409185105529282
0.48877632959079564
-0.02946617370222726
-0.9873528390995918
-0.2922548795936861
0.9375372665558708
-0.969489216925999
0.5498847183873565
-0.40249773415125745
-0.8172047392314628
0.4029189143258769
0.3828578493217609
0.4544808081046552
0.11714381661249851
-0.9952093796483126
-0.6270011854523521
0.38786215136935076
-0.970308369404955
-0.23058559023683523
0.832735026055238
-0.07488466659293547
-0.6925519744464623
0.6566284025023661
0.44794688708326547
-0.2602575058550318
-0.6242604106729162
-0.9037676843251476
-0.18212582195081506
-0.13850448861942088
0.23559333307234653
-0.7283442122941772
0.5087885228708906
0.9676339013536857
0.10214756800706581
-0.18649685793744353
-0.6240817951699096
-0.28211856672998725
-0.8578409878025053
0.8776771298198167
-0.6885844042072886
0.006671456261273967
0.8668143036135301
0.8821740952521913
0.3868452585797213
0.46368350189471386
-0.33727809888852023
-0.3623353982094575
0.9760194468921504
0.25370304935391674
-0.378579117618669
-0.4920954136262883
0.510271132782339
0.3050879706677734
-0.01773988673664073
-0.12197707067792996
0.7089166549725896
-0.8521077441107161
0.5654666914275739
-0.10665174627441543
-0.26984873562188283
0.9028137690360267
0.4455072812194494
0.9617150345057124
-0.02834460090979496
-0.7317914234649963
-0.2359716748367926
-0.31758758877863835
0.3123390272777693
-0.20344737901706167
0.17539932171350348
-0.08626111213514043
-0.5179624315686169
0.22838088064353923
0.3574303036836253
0.6918195067780897
0.7097849080688565
-0.3555918447228097
0.3624418867571828
-0.8962588775265516
-0.09185716541201017
-0.38137152052331635
0.9415660221420974
0.33699961403321366
-0.25792511364255
0.9644201725090207
0.4927891475254276
0.37106816973095125
0.9270501068477066
-0.6869254829709688
0.15106149757232967
-0.9629098232834115
-0.3375664027548646
-0.6197377730317
-0.2747934031499961
0.5137018293091562
-0.7496494175217565
-0.2287556484463098
0.43563419631539535
0.5923625722327539
0.0511459403402188
-0.6696713530889986
0.7595766764302037
0.65500613015236
0.6169213141174774
0.45196645931877333
-0.7381406949660674
-0.2798372157625846
0.972077127700089
0.9035331390798151
0.13272176525854507
0.9314322265558779
0.8217694929896653
-0.6284808377841187
-0.9270399224191699
-0.5730229072260564
-0.6496139413414423
0.5091584984365727
0.8811280107705115
-0.8814494758719005
-0.3156095708568505
-0.20488157870503487
0.9883259137280704
-0.7560443273595454
0.697126029457795
0.2752088418882237
0.22844380358124172
0.5347929714869752
-0.34130993449902447
-0.6936845722397229
0.7257588012632585
0.3224348685204559
-0.19235018458704034
-0.13883901407566968
0.17195024215568533
0.696093380307319
-0.5394608922701409
0.09210461436461426
-0.4271844255588797
0.7266779845645104
0.21328672420287775
-0.7693052007167549
-0.25347798077668715
-0.06996846022771974
0.39416362696270735
-0.653969781773245
0.43235620994936164
0.9387723910503101
0.4982259754241283
0.6662938901512945
0.3651891574983659
0.17268899944025784
0.07467963515372977
-0.8718682043015242
0.33075961818527166
0.6093694378769283
-0.34612720427137833
0.4372836955233588
-0.3514508288935083
0.3177360422231852
-0.6262838449937425
0.43679101164548517
0.558676463453115
0.32961763456814364
0.6094761226537759
0.8580180894225129
-0.30200945542728386
-0.32777402183098925
-0.8934329969500929
0.9026804908771362
-0.7526646993898183
0.5371706443226336
0.6921998019563829
0.4240473492696202
-0.960875574213796
0.3077178653040762
-0.05093561954436887
0.03038147023642712
-0.14968522827473651
0.6270603655239251
-0.6784907297909479
0.9736772145931545
0.9785566707896263
0.2405270768585015
-0.8754230311212612
-0.2067782991963958
-0.15791569391849403
-0.06491078580541276
-0.30982680478086255
-0.7245256669837377
-0.5703216749038522
-0.34906646090896043
0.45284948552077364
0.7437351609128349
0.9750360610567719
-0.818644069558577
0.8397796230820231
0.9251752035276426
-0.25453058897183345
0.6410756235971822
0.934052504488674
0.4454535874993697
0.5935415774314077
-0.7249732421328243
0.026739756774779355
0.4825757058668443
0.9349239129402382
-0.36463768891799986
0.4239396057858842
0.5799228823807596
-0.5133821701933894
-0.027486620365232195
0.5200687740918273
-0.8891883788405135
-0.9741895860745278
0.36647632112879047
-0.5801752231765978
0.23564280360973022
-0.3699713431511775
-0.5933339956621382
-0.5489723498356198
0.2324058273764118
-0.24944692472180696
0.25128069562569966
-0.06303459758370633
0.6047592939919275
-0.15360756187930336
-0.28874958923815397
-0.1523984121980897
-0.7034561069139738
-0.004418082842582605
-0.03901989497783265
0.22947424537011019
-0.6433498025145239
-0.11585942212316103
0.4984679352674941
0.7207270280306133
0.6767163552285045
-0.29092503173100037
-0.6516526316444469
0.10893266110355126
0.7348110882847763
0.06882000500605945
-0.3995634869696918
0.7152564191250608
-0.746302997751807
0.2658857781267032
0.11987213123135709
0.4170813230174546
0.6938305190605496
-0.426305070025746
0.285171987725374
0.6156626801257676
-0.9215150346617653
-0.9012544766247996
0.7569811729871809
-0.26618742245024984
-0.16767126754745676
-0.21734795514433336
0.6133881181224559
0.24501789277179276
0.736441203221817
0.1948855936138143
-0.9161892586699047
0.18788695064973981
0.5735418016682698
0.300701351526111
-0.95389636684301
0.3615445208477426
0.729597142128722
0.39496365715704584
0.8860193586557112
0.6977694236450336
0.5623066566279991
0.8163698373745552
-0.2157449687955011
-0.48915489897498476
0.5887776716011981
0.7509861394505504
0.8933607478088947
-0.8679433248068187
-0.3980491407207247
-0.10882526481997545
-0.45126472593591815
0.07109615572923134
0.18079902668304482
-0.48835174908154455
0.14783614681968338
-0.7420536373534656
-0.0947448715556023
-0.5879218600682503
-0.12355839124978862
0.10300426563696052
-0.3264579393195828
-0.5722787020999462
-0.46673620775209446
0.7520689887662972
-0.2215775539800977
0.4040610728572833
-0.8112929115328096
-0.285681920244796
-0.8617706566614312
0.43024557071366387
-0.2883461291521159
-0.7632586653179698
0.7373400219752004
0.028764369324001615
0.6262869003566045
0.6974494205021278
0.4990931864682231
0.5811811344643807
-0.39089119344410195
0.2839427747560468
0.4002052581577622
0.7777355168779423
-0.9570878575032271
0.8336259543881399
0.11190955610359499
-0.9133102408768479
0.49551769240361576
0.2593566863660559
0.37182863031023095
0.5591339312687504
0.5344835491473703
-0.8385394955930177
-0.1846136653002748
0.9542058295132192
0.6260882828509298
-0.15820748873472779
-0.7825651793387236
-0.7451151736010531
0.12171252882016459
-0.17825237506492964
-0.172541894422507
0.9627731209727259
0.12116196594570794
-0.6658495388248726
0.37088592936524645
0.731874386825361
0.8298840240268268
-0.41105653619030447
-0.7480291057651687
0.3032392492120144
-0.7904190915845646
0.2240699238905728
-0.3555306461835004
0.32303526017672635
-0.3924977982536526
-0.9518674776283365
-0.5655118362117662
0.018956479632180168
-0.6381634483193217
-0.6630561901913348
-0.6544191935925769
0.8227473509675998
0.40065356737285107
0.45285955205268524
-0.748538993692536
0.6920674878990016
0.40613681084303566
-0.5237961258999799
0.2632358015223857
-0.42166322470916406
0.05560025679377323
0.4983138019122657
0.18817123831436966
-0.7602472997292442
0.6818880685640922
0.1073934607056235
-0.02758306101832142
0.5897400554019887
0.0684892443588101
0.3927775157940323
-0.8040736000282618
-0.7297214590812655
-0.12361489100570067
-0.07865992148407708
-0.5680135113144069
-0.514969201630755
-0.1364998133069817
0.7621858216844244
-0.5819648790334526
-0.4637853115679731
0.7179448884592543
-0.15414524702663646
-0.8363666721388683
0.0990716596376604
0.7625853927860791
0.9517124330522855
0.7405023089577754
-0.8417047881449484
-0.9031520410538041
-0.41939746418139223
0.9464255773453376
-0.6788643774409009
-0.3066547477006185
0.49941421444646683
0.68123383019229
-0.02268549403130704
0.05007266214382722
0.04968861883679154
0.7278122711647959
0.9390437135251835
0.7546953196500765
0.1798874315729857
0.5874044213323912
-0.08419057612614012
-0.5288432146619293
0.39422620041358725
0.7348549906628672
-0.5702846545315274
0.3937146894102941
0.6371659294984444
0.9781403929912231
0.8274536726147275
0.8925345569312084
-0.5024816986013068
-0.8218603709284302
0.5109548779267021
-0.09035249824518932
-0.8984454749643125
-0.9126218939455946
0.17175019539508884
0.44347879956031155
0.27665123246695944
-0.04487404580273102
0.6963495910335256
-0.7021253526910949
-0.625340059545682
-0.8717942679378401
-0.7657543007093399
0.8688216620870144
-0.47444153198930894
0.46223542571319354
0.5752804625939283
-0.8041228377765544
0.24826567813958178
0.8870081487545096
0.3236258870465376
-0.22391254230615565
-0.7885898155938085
-0.9268277779957728
-0.17561647938291314
0.2276792519160833
-0.19679378638357625
-0.080029217928129
0.736980162082558
0.8589371331221494
-0.16419841762619303
-0.023015368731369445
-0.6203670254638687
0.6438465067150425
-0.34888568781106355
-0.29343817429868
-0.8598132275697714
-0.8979783084392903
0.7287667347698288
0.3978009729097547
-0.5298195314539305
-0.026221337744860795
-0.4908168562605071
-0.3218934569707099
-0.05236345506126594
0.987794019541413
-0.8627790974397858
-0.34449373167668407
-0.23914350154944963
-0.0846569678240463
-0.25884752880166406
-0.9188987707310488
0.9167179965009957
0.9230409480774424
-0.38204090207220753
0.9562924488035836
0.5776482384375616
0.5072013966096489
0.3892711187226905
0.13613810408011706
-0.5568853397811144
-0.07053381505093181
-0.3357620590657959
-0.9624917534031823
0.8468869089363049
0.8386923456054056
-0.784792524910116
-0.996170864134095
-0.8156016384084439
-0.9741506650979068
-0.7970941780307159
-0.48969254819730557
0.3956642380483586
-0.7913838057362113
0.9716471384055698
-0.2346767865129269
0.11563245952015144
0.5130388483456909
0.3781493691393125
0.5446578833523046
0.8460486276015
0.1437344853721756
0.25776500687856596
0.46514540057347986
0.9382812954683797
0.7907922021223222
-0.48166622172980134
-0.638449773026861
0.9985577616325305
-0.10241537544222745
0.8132658299512316
-0.886818477202854
-0.4717271968316279
0.531312678398661
0.7890291450976856
0.017400203209026133
0.20670337059088495
-0.4439161106880025
-0.6731616598033743
0.0919287891622802
-0.2565910918356775
0.7961477351109596
-0.01789842409308795
0.3595072003808579
0.9896217278301425
0.09282205386751663
0.39993442098026266
-0.06177732926794244
0.46276615877456573
-0.9071187578157696
0.007288744990834761
-0.897010327563827
-0.7644412617763288
0.14222718067878404
0.23478911921761525
-0.6215646644795747
0.7836604210241325
0.9789528059704857
-0.39379473512419083
-0.09332100034672708
-0.9972905775608238
-0.9583276471168716
0.815748826359844
-0.028666835192599827
-0.2588428182189104
-0.14904874430648496
-0.026519880296674625
0.8637075518524207
0.7666153859481657
0.04874520943010752
-0.27305573246252
0.9039228585638657
-0.7796879525200893
-0.8115739344700033
-0.17459891937384242
-0.9230878424180422
0.9034953868011795
0.3342818638427545
-0.2604493052963617
-0.14664417684941466
-0.6881647780976989
-0.7816005326076754
0.11965272561473173
-0.6718602367023536
0.8750868810284604
0.6786030996409866
-0.6086575143385542
0.5207922185758354
0.430644394245544
0.8081710637457253
0.9099352405782153
-0.8681408903377956
-0.7156995739681686
0.09055084007775105
0.3013396990391508
0.06740636322848403
0.012003726978585094
-0.06699322236277072
0.12289689161989181
0.3653602419064925
-0.06121610179430714
-0.9252648050074053
-0.2039819543233785
-0.8488059603004461
0.6315283476925608
-0.32122463057463313
-0.3323303834439426
0.5909142025133804
-0.5235857463521201
-0.7596087299401193
0.8750883455195686
0.7503113213038874
0.9325839322996814
0.5512394216277183
0.9508592716533608
-0.6222727141067077
0.6529120494702425
-0.25624931416142704
0.04197267145677963
0.1034300703138038
0.06020053889071031
-0.45368820381138963
0.4719981870927581
-0.15535348684615036
-0.9401226389871069
-0.721520001553928
-0.29665287548215
0.04372162222478959
-0.04332887311318867
0.9066961625144934
-0.8263269350615778
-0.7097923508557451
-0.45243458771503353
0.2908175538148039
-0.5301989954988995
0.8891353167722544
-0.4474611843543057
0.5833229064712873
0.7812508996361538
-0.9992038487773172
0.23842998098012358
0.25479057784922476
-0.5672414563480295
-0.8716043398176723
-0.8674910799295819
0.641890789645496
-0.3511776059746605
0.39815597461563246
-0.57077932847551
-0.3432612239549011
-0.6156438290119348
-0.3866051876322125
-0.8574567175137693
0.42499424557693866
-0.9248104778822341
-0.6872677611253799
-0.1827325626541041
-0.4615130130170684
0.3278261738967245
0.045277366340461755
-0.3009298374126823
-0.978015965566849
0.560329503978328
0.3081813224878569
-0.13484324861306085
0.06055597128838408
0.7723452600437062
-0.32663412308388384
-0.1388462139859814
-0.7528933764935926
-0.9748043502772048
-0.2934315217505068
0.5785807195157799
0.9363483854077321
0.4101707209107486
0.5764697225718465
0.15125400898940744
0.5619668854468911
-0.5938386697576028
0.8706573576278844
0.1871555075625968
-0.10091005680661191
-0.8294129732284217
0.9815447417832188
-0.08301752541471408
-0.044097896425933536
-0.7167530908137298
-0.9134965876789856
0.9153966211905562
-0.8987135704745344
0.7632946495582753
-0.8536261571447095
-0.9165932676382589
0.2751475827902061
0.062221620623360785
-0.9181198043652976
-0.5286154021958336
0.3987459074408781
0.02053680013740622
0.31911549093830693
-0.8055890318904904
0.8263065575231165
0.3751440375031976
-0.5918382158244135
0.6859718146621521
-0.3960876822096986
-0.7346113516006647
0.1309569155738708
0.1865580335288377
0.21394393248629484
-0.7927818778724272
-0.8986266239213545
-0.7029219126391413
0.3524304456788314
-0.44380391293193844
0.6791540728832417
-0.1480366590015647
0.1862459001364294
-0.06861347786388428
0.5372621533891013
-0.6458446251479817
-0.7361445383808365
0.677541490382592
0.25071667524735175
-0.2727942821861191
0.7523876245756567
0.05471691096467812
-0.43352005837860363
0.7302312267315791
-0.3338561655033119
-0.8343803364511333
0.7588785205831907
0.4738088093389681
-0.20273208889347383
-0.07474905733355941
0.6966171484622052
0.07002114715144203
0.8564163426486433
-0.8368053657696368
0.950730215179729
0.6869712950268034
-0.2308959693970598
-0.8397110945602475
-0.5432203057570422
-0.7392474228877006
0.7660556212055039
0.8541270234775116
0.8405214412524362
0.8994275146640875
0.2507924164480073
-0.5100916586513973
0.4905769532782074
-0.8224555114736225
0.4468444174196593
0.6098956443767263
0.17300056384867957
-0.39413370257446134
-0.5282334757476668
0.08210598724233176
-0.6259352544807446
0.13827632690769653
0.6151632065481814
-0.18982670063085094
0.7111805007226681
0.915474529952671
-0.2667991387275088
0.6457604581549066
0.7164908916107269
-0.5040218236235963
-0.29323375422441433
0.05612959244586713
0.9487077330721418
0.6059358197379774
-0.28012527091139816
-0.16071624359576409
0.15647976293629262
-0.7359481460943609
-0.38561517589954275
-0.03450126128930653
-0.6540642526304719
-0.31263689297899533
0.1547382271225639
0.48946380219621943
0.32580298872715807
0.525997307525006
-0.5673119751982203
-0.6547139748472564
0.18550723927294244
0.28834180360526807
0.8179033503088187
0.5269084172432974
-0.6029846007469515
0.7940959302372641
-0.3073543029217314
0.029996099977700696
-0.5016185462828895
0.42865568114344055
-0.3684892155567021
-0.500634842130768
-0.8006770295249677
0.7174307589594655
-0.36246789183576156
0.6123200837803211
-0.32774436610890034
-0.4144137233833489
0.18807296211433355
0.45244765601844805
0.3201667257756582
0.4633440242954918
0.21378485691017812
0.5069469647882683
0.5721197894459644
0.3372445788685752
-0.5637988171226052
-0.4184724221368279
0.2080754659763404
-0.055183280090414843
0.9503581743197751
-0.48441793217174944
-0.7933983201388211
0.7945070170212885
-0.10348181813966417
0.0713936561618973
0.7062164890746052
-0.8056873664243689
-0.1257945352304939
0.6264287912898379
-0.235173128240189
-0.8667507150672182
0.381235972067389
-0.07412646067603235
0.08691345325852473
0.6413474655680176
0.7812480933836519
-0.32225755270022094
-0.3148021421102065
0.43757293406957576
-0.48260779024797174
-0.11579244359324403
0.790192530974835
-0.1664336587182591
0.834968200023809
-0.5169369195809221
0.3440370093461007
0.9055995653527567
-0.11309147745783465
-0.8835024558414872
0.2547300445638947
-0.9956041080870379
0.8457870113223966
0.16080780804437067
-0.8046430762918777
-0.9754332727838133
0.9479753469948515
-0.614283379036739
-0.7444844415047616
-0.6016564627235748
0.48361790975121477
-0.1261498320568677
-0.5300066508374892
0.28171263735162344
-0.8975716498848572
0.915171133433144
-0.7975193511356582
0.25604877864439324
-0.060083067475230845
-0.8732644465471577
-0.2707686030569474
0.07591584146525898
0.49638657247454776
0.7775885904870132
0.03547777628982507
0.9956879173824551
0.02142281043772476
-0.6230108652100377
-0.9450917877111429
-0.39166892583346313
-0.20224674677180166
0.2705577938051549
-0.9252648188871326
0.6872972439777869
-0.5092729771218316
-0.6977348243496431
-0.06082797515157745
0.28763456009090405
-0.2504207902408726
-0.9134749113189691
0.7009995452446136
0.06975292340805805
0.2384277972835367
-0.3466712359298896
0.4701429880953343
-0.723250342284854
-0.7410363574474643
-0.3046317316843883
-0.7283709007754431
-0.7747699447074443
-0.9775429531350832
0.5519357868121499
0.15008849701624483
0.690299082221635
-0.2949561261988436
-0.8638522948379797
-0.7459925619130086
0.6799613555209396
0.5536074271341389
-0.5787383177147298
0.4467077474492991
-0.7655894535628547
-0.7651918638581636
0.9474782148246719
-0.6838914678276211
0.8967541345701042
0.34201365566880604
-0.9655608118498127
0.16563984141185784
-0.3961729097138147
0.6058078332120962
0.09218467631078031
-0.2340948927690083
0.7342835002138526
0.8409318993148822
0.9171501083414486
0.7158882340183381
0.4341325950279926
0.9528481522112375
0.02561659237696845
0.09654282150956606
0.6995329312426264
0.3096562424948339
0.31843786133603413
-0.38031217577970744
-0.6434891677490602
-0.5022954768984933
-0.48940103561975423
0.8352906628794192
0.8910839694850679
0.9363698938045582
0.14887322777931256
0.1627949479297286
-0.27580461440471593
0.25623768363246713
-0.21007655139582337
-0.9520959806269669
-0.2665121005299429
-0.34322234964584286
-0.34253144205223096
-0.8676474810934978
-0.8917362710743049
0.12231608597752208
0.27709629884924736
0.4586504347539302
-0.4947869754327594
0.5401357251355976
0.35039568708276914
0.7293394385305056
-0.7774145897013165
-0.8355153436523282
0.5162062869013933
0.5641855108835783
-0.8579783129322549
-0.5212595719220234
-0.9756953252656866
0.8365113187398088
-0.3734593407950668
0.15428466429951437
-0.12013406034553165
-0.43001047433970463
0.6513067225672957
0.1848025183730082
-0.5368735973173522
-0.751699736803757
-0.4231559633920401
-0.6540353295636689
-0.46077878499634295
0.8042270311538511
-0.2644768895414644
0.594197692389421
0.746672633880106
-0.02483091586465891
0.8590686512928356
-0.9963718372165247
-0.3101088818017099
-0.1234032199642161
0.23694159059794018
0.04191417981281442
0.6139077626621163
0.23896451276783548
-0.8425242194033637
0.6551816330801088
-0.8430513749406527
-0.6223617789201585
-0.8424552666701557
0.7314306902995387
-0.6315122537778006
-0.4979862683962768
-0.2586857224822867
0.17347611919001138
0.8212884496549291
0.7350450783982645
-0.23334627311092904
-0.12895508442965387
0.670688849337908
0.2707666264823483
-0.7972946407919199
0.023270137240929856
-0.5326109941335844
0.8104098394734371
0.09038799319611668
-0.1622043665935391
0.33451952407865715
-0.9916816739076473
-0.09057281812750029
0.12280705109652756
-0.7610211217646481
0.7175628010441235
0.4468256632512573
0.6723416582641677
-0.5802011584500879
-0.705343377841499
-0.3375825777976642
-0.21062111784004967
-0.6752190955928659
-0.6488383766708452
0.13189541742704947
-0.07304390285160212
-0.3070779372392891
-0.10432898768464516
-0.22010023305593496
0.2619391800436739
0.6228304526658979
-0.5576262897701059
-0.1708235229497852
0.04051615305553424
-0.39175688742751213
-0.2694714142265455
-0.1417453230542043
-0.5442391479662758
-0.2995908484028573
-0.737990597711228
-0.2925539168271307
-0.3831079123875214
0.7773392276439446
-0.4577874693666226
0.25440610049818324
0.9273193085121574
-0.5844776257398461
-0.4112410616337816
-0.22490877467384585
-0.6569221423564984
0.6026171157717777
0.43348782421174037
-0.8630897945543647
0.08030096856621949
-0.49976368485640954
0.1480947120718541
0.4427662509263621
-0.10621701595769717
0.3253133576105782
-0.12538590299894037
0.3554010391866378
0.24023612835317
0.161694175789181
-0.16787145544418092
0.7678615932161617
-0.5499093576460614
-0.47329000873682614
-0.5149490866495143
-0.8610704155141635
0.952542718538474
-0.605029589193733
0.6544677233591358
0.34766240075225685
0.30088722788749855
0.3725416572747984
0.819529963155456
-0.8047117541333015
0.9464648760369587
0.09943175079550248
-0.08456482384419917
-0.4686492371526867
0.7218128840739324
-0.6702303698522623
-0.5945182133872275
0.5159720949786042
-0.6293237439588533
0.6267522626687201
-0.6184530672068562
0.43561923003725234
-0.31672881266875086
0.7293454557128927
0.022764389655507866
0.13207016672062188
-0.6632343384402057
-0.844159320042446
0.8033193425605931
0.47312558325684684
0.06329111221064898
-0.7543408495596082
-0.9330553254428089
-0.3165816934390775
-0.21247971444248415
0.5439106824884354
0.28760730055762673
0.9391123022068355
-0.28936828310648766
0.7429007537313514
-0.807030031391115
0.7568302582948485
0.8787175968074334
-0.22066638282625028
-0.8986904364026151
0.7935701448053907
0.019031870574995446
0.888053636078239
0.42881610817668925
0.6768071907763655
0.3510964553222209
-0.39859275340183387
-0.9380095994153117
-0.45692229170906784
0.4007123437829112
0.6662590774557098
-0.7587357600914146
-0.3108096903197928
0.6260592219792482
0.519273040679654
0.41979338967157487
0.6499109186135483
0.888805225701025
-0.7389449526948924
-0.9996945407172142
0.7178430270317548
-0.6486407833397194
-0.9485328827421577
-0.8670428383711615
0.4395883128009994
-0.756052388554078
0.16697009178877442
0.9948210427343158
-0.6734796539467787
0.9042878349225323
0.10301658589313312
0.8896655066874226
0.44438768046908783
-0.21649603532514572
-0.5077096735054303
-0.897068436855238
0.07203182193076163
0.03254164357086187
0.1683114018006009
0.5529952196986117
0.6454674645732827
0.7433996254409696
-0.9702345897183133
-0.5483705262743146
-0.5452659618684923
-0.11704192522994683
0.8629479219841971
-0.0791412944266876
-0.03552355575474042
-0.6845739129158415
0.38045114867357155
0.7621319811584752
-0.8182657142068925
-0.14060594378261304
-0.13290150367115028
-0.9019822288766439
-0.7523454678875201
-0.5953240600463041
0.86146330878406
0.3641182670281147
-0.07435697307193001
0.5156291108610751
-0.8835648402618073
0.003266420927365399
0.6308041192268161
-0.1127244137417085
-0.12435599380350504
-0.9189148842700054
-0.8971760854131547
0.7725701672666405
-0.8033741163047698
0.5559209707173531
0.3325504415697178
-0.7147371110646159
0.5625322308612466
0.3208681719036428
-0.346283250522486
-0.21350493736451304
-0.06779232379274358
-0.694919157191539
0.4305197382951913
0.4806568498180317
-0.9333316490587311
-0.09513901957178228
-0.8181089462071887
0.24765547475187555
-0.49914957746420807
0.8313906113618978
0.45855936821888754
-0.4511250824578721
0.6613547473308767
0.7322690456622583
0.37417955164661665
-0.19494091884149078
0.9689377316620413
-0.6764908928921747
-0.7779471784352783
-0.4391358206690166
0.2505263777346607
0.022004983329225958
