0.8658129465159639
0.7200622536148356
-0.3569419604654822
0.9513767239026552
0.6743284665627114
-0.20683418441404489
0.8855262815657279
0.06518725776807921
0.4623943564117663
0.5009653080787542
0.812548381651157
-0.741832139211628
0.09778207299796704
0.0298551946435206
-0.25730726756288447
-0.03651209919459375
0.7402277552288119
0.9011758901661946
0.13024604978121523
0.8006217986030442
-0.49522406359216986
0.02145350097576859
-0.9792821403354453
-0.2613677675670567
0.7971444337948212
0.3873061643881921
0.05574490008362676
-0.5000030725448639
0.08781968996076706
0.5423485476169296
-0.3789097501582548
0.3648740633089742
-0.23402368699311493
-0.28150960264743574
-0.9280290378422913
-0.497695294763407
-0.1470163066217165
0.7777190776658047
0.7698228408616485
0.30172365322133876
0.6895269675826345
-0.5512509231589791
0.9682417704437172
0.2956791227563189
0.8777412007579368
-0.6193369078634563
-0.7494075642443403
0.5289511419511415
-0.5335133253429816
-0.7297466843671017
-0.6834340703810136
0.08957858217292958
-0.36548000836719496
0.15350521484287194
-0.7146973006109216
-0.38921020270266427
-0.14760245237473169
0.2741299719514281
-0.12956803203180312
-0.22825183977210628
-0.3360346370854683
-0.5321679866420257
-0.14568206528810945
0.2453446426957535
-0.1848378373888866
0.027042828750669212
0.6758096056027969
-0.7191440744322315
0.672624225925798
0.7819615010774723
0.4087442638245471
0.20124995321787909
-0.16033962276917535
-0.868460571687852
0.6688883503490282
0.12127078757691256
0.984773614295039
-0.7192525220623205
0.38822794019506923
0.0008643556415248721
0.7450864633862946
-0.5294464178662976
0.4430733868549377
-0.9015780796804143
0.24273483268255958
0.6205301917626698
0.9939082487902124
-0.9717558882171782
-0.29108706649206173
0.6712392914842311
0.24019367721292317
-0.63502896003646
-0.04343433274012032
0.37178223137906885
-0.36942668810224677
-0.255793645602272
-0.7086744795696134
-0.6279101206118514
0.2513764879200242
-0.6213731966002676
0.5640642324373204
0.5731465692325379
0.019521958553212926
0.9055337169836155
0.23611005294364396
0.776728175534398
-0.6226717368832688
-0.9331247704639116
0.7123665514653272
-0.8855239324133688
0.9101668718462048
-0.3138574165089678
-0.8196299750633436
0.4727631957709395
0.6802054036031222
-0.2509555910865058
0.7746645039752762
0.9833094512290392
-0.4466255242497499
0.19877881828863542
0.8880276124119311
-0.8050017983123858
-0.983280299725299
0.7303368229019329
-0.2580296118599752
-0.26098802497916784
-0.22725498136751576
-0.15650904403400823
-0.17416555813642098
-0.5242472176749136
0.4271540703666281
-0.2433058340052543
-0.44251009910506833
-0.5088870697068617
-0.3816797005033401
-0.7252848166231178
-0.6107714073555157
-0.6328843388211989
-0.701488057985667
0.8948983368039047
-0.6859435018264353
-0.6258879778032354
-0.802792841462032
0.10709195314833564
-0.7671481175628496
-0.8459632167227504
0.9712778006280602
-0.007793152684035132
0.478698502460976
-0.2189450940828328
0.22272995933326056
-0.5841841965096801
-0.9641504501773721
-0.19540767023893468
0.7526827550052486
0.7275191694312004
0.4382438972101823
0.755170173372129
-0.7306833286985257
-0.29103696605106544
0.8330487265966209
-0.3680077362112544
-0.7592158236572648
0.4774748869042462
0.7374828959804396
-0.4260100905500843
-0.15454576618663007
-0.40212005270369144
0.7262599291853935
-0.33672802916546174
0.4615728270414181
0.13911759951465852
-0.3290280729591204
0.5763755803444917
-0.2158878712680936
0.7363665077207642
0.06903735051935511
0.8556994005751326
0.32790119068314816
-0.8431830804473435
-0.6440638163273971
-0.55882748299074
0.6309018337847982
-0.10808035464509413
-0.6093420542639929
0.7629395643703458
0.23533094422525114
0.09563595973249917
0.6507916538412633
0.08190583516185224
0.3529180732143211
-0.8352001638551705
0.21699877289270741
-0.9657149251469777
0.7519723556259987
0.7062481870375086
0.5444649260282661
-0.11503230567145972
0.03364172851060521
0.5815376508935273
-0.7375124919175204
-0.8617461400597413
-0.9874322740816506
0.6215034813012774
0.5609759277698003
0.353670242217923
-0.13279431656034246
-0.9833789148027989
0.5949678567590844
0.16896580257359184
-0.20724554992143784
-0.6033474042229874
-0.044222111787399765
0.304232015850449
-0.8665712943700843
0.05899388468151612
0.0766625556156233
-0.9341774004354366
0.5309127609163509
-0.23793573321454087
-0.9230661233970805
0.15914177719823486
0.1629049619848939
0.306966989201944
-0.5019099127020437
-0.9564968944168701
0.7908870341138712
0.6844715439268696
0.5680453376772565
-0.6273486844704115
0.9926072105651687
-0.41423762580220336
-0.6287866978833199
0.3094076545837323
0.8748877850697467
-0.6597730459900009
-0.27836760530291027
0.36859644784885903
-0.8093717853342288
0.649300916703021
0.7300279617903851
-0.6581632868830603
-0.41735985078173
0.582649000177702
-0.06323552470831917
-0.7687815520734762
-0.3574794059524866
0.34626337090202863
0.6528396828757532
0.2983848171147252
-0.4705866071836582
-0.18433584148931859
0.5955723544324201
-0.3653374497859161
0.9394996149061541
-0.666705797204731
0.8420677811861836
0.6797115876523867
0.26448883402110956
0.2650580153185851
-0.634534878907264
0.43307239724206026
0.41926431442480605
0.3158791466403612
0.8891834512081074
-0.4808001744935988
0.5898084939832275
0.15956271023923385
0.8807140265243874
0.8659543353174208
0.8977948275910128
-0.9880008804459997
-0.40991722963592037
-0.15861743714722976
0.03780379294464442
0.5299507193592068
0.2786660438500044
0.10555110246801536
-0.2284023983771868
-0.3656810688073051
-0.25177686255613074
0.1973245768878662
0.8874145303770717
-0.06579029362616873
-0.6718393776269309
0.87937648151842
0.6401314698803637
0.8603829484869083
0.4735152643004614
-0.06119741472864848
-0.7850590299537856
-0.15831072285934145
0.4490567052411105
-0.009430531831812194
-0.4346945073503452
0.435631616883269
-0.9078989824842281
-0.855878982633542
0.7976156158901517
0.019865296872345617
0.5007412076343489
-0.11462327531384475
-0.6291255002337486
0.4774523254463763
0.48927594302018385
-0.5909220367472741
0.899687359380428
0.4578917463047758
-0.5818564408529305
0.2274113654634402
0.045378366821648086
-0.6408780637591409
-0.13074424755397995
-0.37266281995888995
0.1054680120419269
0.82597756392082
-0.5836887670592585
0.2840061347745886
0.12784836053815862
-0.24409003267662532
-0.2539690386078646
0.5605761787283783
-0.8501624334778031
0.1640457495916372
-0.6141453111222699
-0.28923672165506287
-0.16401247119482276
0.118827858680018
0.760126540057563
0.8341827796077044
-0.49807923941648724
0.9706268708249259
-0.4127102009744361
-0.7810354789627185
-0.9866617654419587
0.103309366333596
-0.27445851252485043
-0.6477054875685233
0.30358225230675573
-0.9332648532228771
-0.2953327427525909
0.4182994396182911
0.9089269432647384
-0.13449748226489922
0.8915619773178975
0.6646366273701032
-0.4681146556226403
-0.24122498606540277
-0.5851937804281409
-0.24970125829833556
-0.30611255694097217
-0.4536981865198977
0.7353699756410705
-0.6825163678142818
0.2725181329513797
-0.8069602084926966
-0.964168314197283
0.6890657017106396
-0.010406656527790714
0.7759202126338747
0.5699611792581345
-0.16701665751486927
-0.5132131125954589
-0.46130158477543737
0.7747747661506346
-0.6487478834509388
-0.04897265233488257
-0.44785314913669105
0.9935605379357582
0.29724770105837894
-0.32222612293514374
-0.9973378694536366
-0.5287737362909513
0.18010232223054468
0.7019114122652421
0.3575874991771508
0.5834370640963691
-0.1859283034155803
-0.8330159161338793
-0.9877035729430526
0.4711598375596553
-0.6939718135584392
0.5558412199305209
0.23116192733544882
0.9709888269196523
0.8536940693898925
0.9623371635528823
-0.5417309368011987
-0.04043100695170487
-0.09955065540560959
-0.561139233573319
0.20372661234827438
0.975532831319645
-0.8534531200695032
0.999685304481573
-0.6836399473765817
0.6718882336725265
-0.6150950665267574
-0.03536523573676087
0.8474222650570002
-0.306589419538867
-0.9700946522809952
0.40147628158927184
-0.5699968579205359
-0.720091866434371
0.2557098318076898
-0.4699492618028447
-0.1785417773303355
0.4249920075092115
-0.1242937064975298
-0.039496761422303406
0.1365081529073644
0.5968033127271604
0.2764764950679113
0.07361913655332297
0.5971720233807891
-0.9278506318823772
0.7186242598480772
-0.3513550109137715
-0.5231318041908766
0.12036588591919961
-0.0291149070782597
-0.2663105913584005
-0.9848732433674237
-0.2669038813743587
0.97904860037925
0.5053815262574906
0.6014555356800486
0.33232699079625116
0.9511373655588715
0.8172813361161031
0.00013074992092176885
-0.9638009498592313
-0.37267764700494266
-0.2809343677003764
-0.6772614467949687
-0.4135948989249498
0.6873232194601486
-0.2801249477827954
-0.1705921870754179
0.36087962152640296
-0.3623783756609158
0.10164616562744966
0.5067990442513548
0.40314069873056857
0.03886625931080645
-0.5053560400447941
0.5259876741641056
-0.9220675327667869
0.8311322591163679
0.6306154110282773
-0.47085566188700434
0.185100681461853
0.13802735026045232
-0.2564866813136635
-0.9484007896897617
0.27025425244747114
0.9301593593946926
0.9772836131455447
-0.780657037490373
-0.08662024831621795
-0.6228395478642859
0.6300432710546076
-0.07472263938251911
0.4387653022225537
0.5260632522425843
-0.6276977572315721
-0.714270474714763
0.05580582002975709
0.7880217279219393
-0.7120481273056918
-0.6765787652927604
-0.8456313418204533
0.24064363011826972
-0.669854924544145
0.10831052896523063
0.6002970383257302
0.38712912255173526
-0.2941848847081301
-0.18599660445953647
0.31595637727531845
0.5937229854620876
-0.11943587856940874
-0.6969193904413242
-0.7287375165059204
0.7533205112886578
0.2967804597364869
0.7356386166728222
-0.1202498322088077
0.43401033182801485
0.02076050339135782
0.4903957860868029
-0.44436007671301847
0.29488251631222373
0.7535828070137514
-0.8359490263643101
-0.1649405778476587
0.11517100738882657
0.5135403536020657
-0.38875373301596716
-0.31889584381317837
0.7732104437797667
0.9592376014243067
0.7777480963639927
0.9832961192807026
-0.2571085088230598
0.2400259489287231
0.7904702819670184
-0.6854044597197004
0.6152772131002289
0.040640680031364784
0.06652221756020937
-0.09487556535758768
-0.879993864010175
0.28162578241279457
-0.3034290197728535
0.7544758423837217
0.21885225554979093
-0.13003639136016854
0.8430060159517252
0.14368320546870295
0.0005977426473844361
-0.08645448152936974
-0.14402503362370522
-0.42045964600797125
0.0491987673409362
0.11724844944288693
-0.5937714592974723
0.14080985686904102
0.20562017966789292
0.8531710692019931
0.045658392124437785
-0.29610277883046554
0.5904869696969328
0.2669627659069005
-0.37632203485364024
0.5767895562471674
-0.7855637737991028
0.8137952143156615
-0.18050062913065745
-0.9484152587751487
-0.6018195836704492
-0.06803014974566057
-0.6359873826643598
-0.6536409018342351
-0.8835088772156041
0.42286382673281286
0.9476491390190194
-0.9843160679039014
0.24797202604560908
0.4687253067351915
0.06548572755023319
0.8187824431300537
-0.8692896556729295
-0.09302164022444792
0.47781158605705243
0.2666437365596912
-0.7598207607826557
-0.42411538881500443
-0.6985526966963405
0.9767803265856632
-0.7452813856887086
-0.3188491742897248
-0.7489395259178766
0.8986945072287795
-0.6434266164958182
0.22828780460048348
0.17335694131817125
0.43047098497435243
-0.2559582827345095
-0.49690390480954916
-0.3563650879496578
-0.4800614989332088
0.3251058226375476
0.05482618896493352
0.8114281707208841
-0.5930126555143875
-0.8372690270446237
0.5449437474749983
0.46785189197200117
-0.6031000180524215
-0.6775235711610959
0.6067775393683483
-0.9518313435658203
-0.9969790452730993
0.37056941386319964
-0.049457132860461384
0.6170470307093474
-0.419711224655678
0.039207100263181305
0.5484495036044188
-0.43493860365622394
0.8836769946504548
0.3859223251600248
0.9617118143714374
0.962858004786304
-0.5211790933842753
0.24172618695613513
0.9478332918092105
-0.2696956936835946
0.8164812891163462
-0.6629820633644155
0.8727581437351934
-0.18072110891400017
0.4884480706542522
0.24947294491310568
-0.839660876640143
0.46023329557626
-0.44970940887782285
0.20018602371700878
-0.9658879978300134
-0.9889164203572727
0.1684687830175795
-0.316523527992443
0.26733420576495304
-0.8254956134870555
-0.47765566268953075
0.7459240682883257
-0.6956670599363433
-0.5304198999180274
0.5346205943632354
-0.9303729371283507
0.6112927190320854
-0.8360144528024349
0.21262596564901326
0.7766774500044074
0.03600982276663722
-0.8379854966643838
0.6246140128997908
0.9787346480933816
-0.0110380985943892
0.5615328865024449
0.0015221506555114228
-0.4171890981518058
-0.7027390379726568
0.2560780970400762
0.7481107676411753
-0.30609171264993185
0.5538444617885985
-0.24165049880972012
0.22756141802940122
-0.6884817849480538
-0.8255567218466948
-0.4666070972784717
0.7531617563773363
0.7611939678207824
-0.68253509181077
-0.5102032440835318
-0.21570957856440431
0.5803099429227534
0.22208125625431308
0.6730576717188201
0.9115393795953717
-0.7238199068387077
-0.020437521507071565
0.7608808591303604
0.4390286088989508
-0.8134753411557463
-0.4413591482000887
0.4496588474357417
-0.1326745617728744
0.5672720733923498
0.388722025423877
0.5073819327059883
-0.5267061111205531
0.7920681519362149
0.8117295951386518
0.007687242933976712
0.12063646373266157
-0.5452018326023778
0.9825349326919701
0.386883697572485
0.6857812800171128
0.38935202037778605
-0.23554327993300328
-0.5424616168123655
-0.97378149058797
-0.9858515651288602
-0.152847087190487
0.07178117766219216
0.41100319428409726
0.6892654896387775
0.8456740943656296
0.2693355964307971
0.5706968331950455
-0.723050530865738
0.36385589439182864
0.4747547044461542
-0.8831476629443358
0.7096369162374558
0.60160238260126
0.12959338144463928
0.2362149697680871
-0.5207372240790835
-0.5172372858503542
0.641390244776816
-0.9334792078857888
-0.10180462668821355
-0.7237398611553167
0.937224446954142
-0.7572503902064682
0.8799450168599849
-0.7793225082192667
0.22362376001120587
0.9098176481097251
0.9863420963161309
0.7039180970960022
-0.07993227726622165
-0.11869744106266555
0.5207565181011733
0.031557185842702395
0.3911410461868907
0.8532574927283509
0.08813496932227549
-0.6819228402065081
0.017933785995393192
-0.8941135891579497
-0.6592456418247001
0.5676957851901494
0.6147924290919036
0.07006838673723181
-0.2883202093061612
-0.743791488091736
0.6956182192745446
0.21370145967808107
-0.6774603826785335
-0.5486853162511716
0.14100325065420338
0.159542616814071
-0.8940060132036722
-0.1290197985262902
0.3761932658962426
-0.23316159628948308
-0.3499039158270725
-0.39656922323238675
0.2985694165052186
0.002414258045878359
0.7887592512622899
-0.6440573788487887
-0.15963433086840917
-0.7734217395801266
0.2922820203520693
0.18853406264084716
0.4568490810196708
0.5339578863956467
0.7332602354883753
0.01623188331594516
-0.9565921930292849
-0.40787398769788763
0.6825528735422177
0.8111962881899435
0.017896889774905
0.19668259814037348
-0.032342412236147755
-0.27098557512172605
-0.45366431449714284
0.7939110732186749
-0.36578958831252484
-0.1091694004655519
0.3584746811415167
0.30761350047895664
0.048598388935680914
-0.20714137681694678
0.3960408328581173
0.8295420082752398
0.12141363338124478
-0.324245560422161
-0.7684375217458133
0.5764895424832805
0.3351065000924627
-0.5533411928247747
0.610608289859069
0.04008382972378266
-0.1573392770919535
0.7499470999063664
0.8261099046117217
0.5941666314013032
0.4194525051384068
0.19154484047264142
0.49389125802537426
0.6148656085945015
-0.32502988314583625
-0.26913913550259005
0.08441600480381317
0.5186038377325983
-0.9028234742056265
0.10311487824189869
-0.8071613511864193
-0.39896476554921256
-0.8695288684079769
-0.4558568215087606
0.18384178806512375
0.5603825786633412
0.6211233106179028
0.6183000721496592
-0.8617071812445061
0.6498579132130344
-0.8112680548991711
0.1788945111903284
-0.9190123052600623
0.373364242883935
-0.13539668976039065
0.4796000945701382
0.8385706222346121
-0.9859897394014492
0.10545846162017747
-0.627344840526179
0.432514533141642
0.07782164632551791
0.041784270833473025
0.15833127655053647
0.13895794859954758
-0.19460162717856577
0.06732209805900924
0.14970930461347032
-0.9068424526559531
-0.7737084329352808
0.8276964132059035
0.5897089511427862
0.5912956667553655
0.036729850444643386
0.6426251745474214
0.14069402188330837
0.1251740263177561
0.27836338068521194
0.9471580936072188
-0.31982953136968706
-0.5656431109772742
0.6722186585930516
0.6308439036726925
-0.31790806695318774
-0.8941901479612242
-0.1444335278153197
0.5493441283078
0.7243531314112064
0.6204740381220701
0.8110771312974141
0.6461164667610955
0.7885055629447122
0.6414623596855287
0.16167322379756022
0.014316804846298492
0.5346378498294597
0.5810756983540699
-0.6022673182356064
-0.08048611496239988
0.5646795583141333
-0.8765000014206397
0.967203874263646
-0.20903468922948054
0.08422510791062532
-0.8260322221930931
-0.9602702652251647
-0.5346019890541656
-0.1916232707076888
0.6305615076232833
0.8237952687564363
0.1123714538719025
-0.8509655906335538
0.952252261024777
-0.42262027373360134
0.32188863280878577
0.6848204709822816
-0.7673531213967206
-0.02820096981836051
0.5512572908894369
-0.8226527927042255
-0.06534844930676065
0.26340103007430593
-0.48280590799382384
0.9225560543803166
-0.1673082070121581
0.5298637649786881
-0.6854704689282911
-0.913054687572108
-0.2163233858075324
0.44542661758538116
0.7677078300986266
0.5007562090623063
0.6918099338184425
-0.7031642657443193
0.3603317604778522
0.8583984684168029
-0.7889929066273893
-0.6835668900033682
-0.4047991019349051
-0.6663378548804197
0.3443918230301377
-0.5236775346125875
0.3397776035619242
0.22957900421351507
0.7573431015618193
0.7308583015533912
-0.42272693744050693
0.3441739789667626
0.46051683794216824
-0.5467206183819802
-0.4351370635566276
0.7951337013802957
0.5253579068153078
0.6184511584867531
0.001983548128758006
-0.9959302829924355
-0.8449059676333626
-0.644030434586575
0.012117570894757623
-0.6609460182349991
0.532508951475801
0.30819018055778513
-0.594549544529305
-0.1310531776060302
0.9516997693387099
0.9872360633094557
-0.09956658739270607
0.8240076836384136
-0.896135619447497
0.7191728592911906
-0.24840250173988765
0.2609228442816096
0.6829733246192138
0.22422015215839952
-0.4358447205953022
-0.99748614316805
0.20119350320520524
0.5031657018452906
-0.7263696183744741
0.8749158016709602
0.850910626208627
0.03575652780160432
-0.5919854902829633
0.18243387656806997
-0.3968584821029957
0.6550830096205713
-0.15530635660486847
0.3351081273377714
0.8244124557103196
-0.8919330016283948
0.8385295926419125
-0.6220355228395718
-0.3653232123736381
-0.8078952074762842
-0.24777957071699608
0.8186650639082484
0.9020538093056683
0.40554077563001933
0.22098317809051027
-0.5936368200178701
0.789952455934019
0.6557588574408488
-0.9672667840054276
0.3636844124234493
0.9417768352387457
0.5992731791266406
-0.18031904854051795
-0.13527883402841168
0.8258480914687845
-0.5500272997975884
-0.327763173457847
-0.724580888575042
0.29629047731232494
-0.6505682050745305
0.24717512618153226
-0.35091783142312427
-0.23225216398825532
0.9819689497980071
0.4458711353394915
-0.09082213710012255
0.19213976835204916
-0.3919015570917359
0.34984040150791773
-0.5795131145677159
0.40470630699113075
-0.38083218936319074
0.18019612341860913
-0.4949986678601366
-0.624469117340541
0.667044298445191
0.8150012767472907
-0.18500821059041295
-0.058158860222979225
0.6612271684768345
0.6833906384401127
-0.15398127650412086
-0.2344262299184039
-0.9796333594734006
0.8438980296623932
0.1666458567642155
-0.7038967211348288
-0.3986450140569562
-0.6282743544462894
0.6704121169965915
0.795021538335396
-0.9890125515676531
0.15414355787823864
0.36939006119990525
0.19231299377053945
0.7537141693026119
-0.4009780227470323
0.2245082274446064
0.5179345379868674
-0.05136189128342328
-0.8660475242013554
-0.6467391041326833
0.7156624889754688
0.41904120417635893
0.498212089295583
0.2763888155027834
-0.011373294249954036
-0.14124718903345612
0.5800590101732723
-0.16534688689275612
0.3281959465625326
-0.6057900310696822
0.2505031409550007
-0.1539889713663647
-0.38026669502511035
0.23470912153763712
0.9060052691186959
0.35081438307621404
-0.4542039045174697
0.677133258217802
0.281317642791983
-0.2153601902465776
0.6672131731115318
0.5445026522884213
-0.48746210473165386
-0.7013080788999584
0.4008244160726906
0.9289309938986734
-0.6532341436215208
-0.12566354223218523
-0.15601176765468394
0.2366830471407042
0.2288251091745801
-0.648321741183683
0.3916491487913132
-0.08565091734380403
-0.7163670911644746
-0.7804298317290224
-0.6347323872947246
0.9231105702859905
-0.07774435138717672
0.6252025603787865
0.6592831577515379
0.956132344188771
0.18288927396291466
0.9828863776633843
-0.9590024051861905
0.211266840005492
-0.10116706151570898
-0.2942041943052798
0.8558049996375161
-0.6795055905787823
-0.8122507750990895
-0.9905211134465499
0.6699528819745724
-0.9747077210972148
0.14076957376257737
-0.042024626491609984
-0.20718506115515578
0.24363467095796842
0.09958392531929383
-0.17791688578632692
0.8848862296813376
0.7740338594312803
-0.2568490957779661
0.03411132283175444
0.8573894613748378
0.3045385175290194
0.722995165094541
0.3536761572968601
0.07280485235700307
0.34946210839431613
0.9555486027591733
-0.2546228570810194
-0.29002714841840405
0.9110591537831538
-0.3053496503760842
0.3871250627456062
0.8299744202393262
0.04687053283694498
0.38109260322409266
0.23943745524424376
0.04639258958605752
-0.6654002879487488
0.3992532169419416
-0.7884425857504724
0.2271082866737706
0.4627207053887732
-0.9482977202747107
-0.12204828356121555
-0.958212062896789
0.5891916400526518
-0.5926438374150276
0.2319152384326717
-0.08529695566029494
0.588876598015426
0.23494831870801125
0.6168748582918235
-0.47566621984024304
0.5797160064488498
0.7061459147255826
-0.10086749925558047
-0.9820396865999703
0.8975467654216087
-0.7543191377964653
0.12289222090091245
-0.6397672970612953
-0.33911708651801953
0.8532606324223526
0.3935381194521146
-0.527812980090812
-0.10986336080656423
-0.6177908265878922
0.9376157452892466
0.9075802320523931
0.8194038891919653
0.4393473985025951
-0.6172453488512839
0.6418022906798619
-0.8691511150804581
0.8480455844618102
-0.9452580476835062
0.8613937782450993
0.2028727228535716
-0.6184359073892418
0.7864277573387897
0.9007267700190833
-0.5849434221171268
-0.32880902822202307
-0.33970300794959774
-0.18032457980126515
0.06074597975187035
-0.03310756839379003
0.6702710997934711
0.10932308710746241
0.05705118607180437
0.35669018209697145
0.9764502038314611
0.4555502383678527
-0.8031957403383023
-0.34398381952138823
-0.7669051458391001
0.8122214003292434
0.3165228562789053
-0.7837650541518992
0.7867834195019336
0.3417106441239006
-0.5741066427572099
0.9562632356132412
-0.5316756815169859
0.5434317307186132
-0.6891200162371063
0.36928807574803835
-0.4778953699787476
-0.7110884950940157
0.5456132886101972
0.9951126756994424
-0.389929793305416
-0.8864836644452874
-0.9257858512952901
0.7124808597806218
-0.9782123533380906
-0.19033924873275643
0.38246193207564194
-0.1343060917179788
0.12997741438620092
-0.24518934772889445
0.8028549448808331
0.633232246524658
0.7495522055855315
0.3842682841116196
-0.7104357190113271
0.7453697506627897
0.20997722815272213
0.18428073282941426
0.0863568373359187
0.6022727236682632
-0.90444200442015
0.328590099796622
-0.13171198510091342
0.033057431680844296
-0.40910352875259504
-0.8112279721117952
-0.08909049354038268
-0.13896116925539648
0.20935593912883932
-0.9923963189203222
0.8335390532566722
-0.5086233284815496
0.4713689685134068
0.5027401741378317
0.2079236645893714
0.6609193612843074
-0.16518237148916604
0.9615555701639016
0.7933300228801681
0.07051899921602467
0.13842946733924122
0.2095047524885918
-0.26917102173416785
-0.7339310073008842
0.04031947430251637
0.0534070704440861
-0.9572531777526021
0.722463652951068
0.7986737146394804
0.4152577511578601
-0.7650498761058404
0.10034902854324845
0.10486588956886589
0.6240547480860588
-0.2035563162176719
-0.6548475891764194
0.7089225088349353
-0.5834844191697623
0.3712280309942695
-0.3308962650903533
0.007742358652961023
-0.9922401459787513
0.031038229121171934
-0.8978080131010719
0.5769912060245836
0.2835154273143621
-0.20978453315565337
0.788964252590878
0.348661920387606
-0.41341479187192753
0.5894174695871868
-0.9518701376538556
0.3114003176020268
-0.49270923429209734
0.4904955189492255
-0.0711928557761401
-0.840223775560367
-0.30740112748924453
0.4248277475494031
-0.416565061132794
-0.6677026974712772
-0.319576204808218
0.153203503860613
-0.7844685546547563
0.9838141215969947
0.7889685335409802
-0.6875466908252994
0.4475708508277392
0.16594240415632644
-0.31179069100035517
-0.8370323197270555
0.6456168737565069
0.7253279040206653
0.08694519593935435
0.935909937751594
-0.34334300086813196
-0.39864315390554816
-0.6801400516221028
-0.8625066570194804
0.8189019717808419
0.16324331472766462
0.667792641814277
0.3499166810847556
-0.19675137231612383
-0.6213504797439726
0.8651119495117756
-0.540992922150445
-0.609956205759526
0.4669869095795911
-0.7820828326932756
0.9147161402183432
0.8186892554431362
-0.18243422924457864
0.7706413304266715
-0.9735973505464508
0.33699658180809
-0.8604485222058473
0.32967722430206514
-0.7451687294396379
-0.20609688690390526
-0.4452192329562432
0.42901071284949466
-0.7004182704434625
-0.7730672538522485
-0.573289927130513
-0.9608998330446978
0.941998523941395
0.8546798918381797
0.28988612019286975
0.16527623173473072
0.27005763871754573
-0.6620563014797927
0.3628491220223222
-0.8232576622812176
-0.18233522484639342
0.05381439751799566
-0.43137243855219487
0.5563727921067501
-0.042398935665888926
-0.26795958959371546
0.15004307746889678
-0.44216088045995483
-0.8827768110313754
0.08844012010652058
0.2383513141884892
-0.45282422451841353
-0.5290471984387455
-0.7974647943911686
-0.6963631001881232
0.029104428666504756
-0.5678070484078301
-0.3396185490674406
0.9773868646597097
-0.3335043983138384
0.6376717677281736
0.3405213510782712
-0.4614358810592727
0.6563638898451247
-0.36493066173338695
0.47385663083939433
-0.1610712968426684
0.7395557273628877
-0.07757023598400048
0.9288676274803234
0.7137037189671784
-0.7975703192313814
0.41571060044860375
-0.40269502639726684
-0.4312300492269199
-0.25766038773826905
0.7873530045135015
-0.6500343368710175
-0.8935196126845726
0.7595131497075052
0.3502434923800004
0.10546646250455316
0.8645198698392862
0.9566429696758185
-0.34855325972623263
0.39359375195359103
-0.9123567653810438
0.25910843448027077
0.299748169490867
0.3847441633163706
-0.1710114746637572
-0.8597994767547035
0.07181827653305306
0.6837600350839581
-0.4299401094054949
0.451558677723946
-0.25231041642490815
-0.19732775177749295
0.3626249416715861
-0.8288065471829518
0.9206526596776816
0.8123904116041185
0.9398453372000708
-0.016161004386418654
-0.037366276265828446
-0.6586069993996777
-0.39557149018489124
-0.6575017057575441
-0.8530991333759204
-0.5046097329529715
0.9243886346293295
0.5324406712672918
-0.17204362697776787
-0.08492135758419006
0.15732346390596286
-0.9316918305434476
0.2672846215606879
-0.11811234626397127
0.3187792232926525
-0.9120237824989599
-0.8457041847953248
-0.45282014155696615
-0.40528590750558435
-0.6613973004651839
0.9024237996536817
0.6052300852272334
-0.7350463349237106
-0.7464288327291473
-0.97569076756322
0.3881313042546566
0.21087409758355236
0.739916104044567
0.8474056221020896
0.31378592305763053
-0.9289254195989083
-0.10479624962870426
0.7530081879430088
-0.08873223307660805
0.020529534160695917
-0.3934586784077323
0.37892192905840894
-0.8121516508849438
-0.9233404288279978
-0.6625723178067582
0.6986645621003413
-0.9084633146318637
-0.3911825767069277
-0.9856555445257784
0.8231425495383862
-0.3408335206940267
0.8151921694726902
0.6656888752035575
0.8887270316782394
0.4608223868499617
0.11173936581077681
0.40810735380723995
-0.7574000800404288
-0.3755078993600327
-0.7299648988150145
-0.40406449013873225
0.40550756562251933
-0.9009163942536174
0.20929730595882545
0.6998842622923156
0.8129702777670169
0.542161382500322
0.7800337984902062
-0.9438490240218738
-0.17926222480607246
-0.8249405304056834
0.41798943676510447
0.6244456196438184
-0.9587178461064405
-0.23426499475111728
-0.9516468778694418
-0.5766339244274732
0.9024432018039612
0.2860088874895008
0.4589139712549257
-0.5754792381182872
-0.03952019766878978
0.8795240186719904
0.3326764136459852
0.0957320514958182
0.6709405054821163
-0.02983921965360392
-0.09881294577999933
0.7015894708616417
0.6189853255871163
-0.07982758397037792
0.40323469115643995
0.3083914879751082
0.5293941152670913
-0.7947691513799231
-0.8129367751552221
-0.050989509798290866
0.15206939406857956
-0.5412520062285446
-0.7150852152032852
-0.7617624355224952
0.27881702039289946
0.2054444627694496
-0.01601724453637199
0.14122318678610757
-0.43846259620252814
0.810090816931049
-0.6910515955186789
0.007021477762968242
-0.6596653057837276
0.1351875205855555
-0.2266670266105013
-0.0906190980289594
-0.3391609179090185
-0.6726093310369989
0.12595963753776585
0.5255588016999502
0.5677207866106146
-0.6434429736095244
0.9437195087499808
-0.8191230135926881
0.07883795018521722
0.3064572805559962
0.3908603678483138
0.018183664422046553
0.1756451322355177
0.18032539103920153
0.79953236352559
0.7483900934655681
-0.5579902553407021
0.4784786844411446
0.8114192060050636
-0.8902658770966676
-0.8184483978714665
-0.891881060137313
0.9208195338679168
-0.8879663886684352
-0.29470839343190236
0.4533198767857278
0.7121892724810841
0.22731025251896453
0.8349188675407779
0.9328305344112251
0.042303143035118396
0.35851579428414526
-0.32307864690888
0.5194030624743331
-0.1255269046770442
-0.9012359000074419
-0.5770399065788288
0.41770398784697926
0.31918410063017877
-0.5372926837389684
0.9329205058239436
0.4166410166007175
0.29208728978196663
-0.024814968692302042
-0.5076192990946582
-0.6712505668972357
0.053437064399423084
0.7700409719329104
0.5002833448142148
-0.3301723333687574
0.47991701734850056
0.019527173311412627
0.3292335271957554
0.8266198342883027
0.5323030131939908
0.04212382334013731
0.26487636064061504
-0.9937005044298628
0.6125110327853927
-0.8828679804472679
0.6189384450815913
-0.5674930363190975
0.23988762806380137
-0.9219773922866445
-0.7677386072651098
-0.2232744178076913
-0.07889471896586753
-0.25610203052018554
0.26775325905669667
0.3220925195994726
-0.5295231721123546
0.9076341165115598
-0.2880122503103293
0.4710725269659952
0.8515580815570518
0.6077587358835261
-0.979741080635397
0.9553213824969282
-0.628930157297418
0.022615967022055816
-0.1944351386039347
0.4463422970399602
-0.7594878088247354
0.9397116579042708
-0.9001380466386086
0.2895638699457288
0.4452806587538527
-0.5765605957169193
-0.5085968921209985
-0.8363919876021695
0.312619199682199
0.012827133762954412
-0.5727966109772353
-0.34338855266015766
0.9842883574516239
-0.4441460359990608
-0.20314354683752556
0.6477454440743795
0.9859250626057672
0.3671529863729288
-0.681286446608885
0.6825800536827324
-0.7749139348584622
0.9843557903113755
-0.789856513749585
0.5961003188189529
0.8720529920479421
0.5404558660242456
-0.3434014094296489
-0.06837645808738779
-0.7458338942806702
-0.5606101113783031
-0.5011679921799255
-0.16331968088171278
0.2615443889021596
-0.836840792672072
-0.3646887671325927
0.0642060565528757
-0.7353049758184371
0.17563330493249896
-0.11020616644950576
-0.5935017857573739
-0.7133003155199558
-0.028055556162354556
0.43001759218121016
-0.06317779397061574
-0.23881093250459218
-0.01404594377883428
0.4630597600416757
0.5135906488144475
0.5552749202505891
-0.8412110138736004
-0.9290742773670719
-0.8082483505567124
0.6367916874059845
0.008320432612362705
-0.8081944656368214
-0.7383993651649294
0.7099811830206129
-0.21546191639280132
0.3628138835568022
0.8174273369297025
-0.2765238397113039
0.21488723747051242
0.5996517065997622
0.5197845230006994
0.6610699868050876
-0.2826498976162317
-0.6341282372305126
-0.4252330269135336
0.8116211083362539
0.056122604794453856
0.3107439864917574
-0.9727065284895651
0.15134361554573794
0.04570415631972469
-0.5626967184499299
-0.5083922526348414
-0.891854297583023
-0.6138046556579289
-0.729248120194085
0.9125823817797751
-0.05265171025420945
0.764469945354584
0.46958705909820053
-0.2955654849503422
0.749781611392244
0.46031159819693257
0.28746536096073316
0.837879066399011
0.5306097005046775
0.9423442647773224
-0.1416283612295801
-0.43389601031348635
0.6124788112850594
-0.8736752871558384
0.22322144001644162
-0.2774612495308417
-0.9742565290022291
0.015248855195142408
0.8576617291890558
0.009137229923973367
-0.8563334892613121
-0.1336380125400507
0.9095020328416903
0.7701950775088537
-0.8679519195798766
-0.9552571567858448
-0.3500303591331908
0.46167802506569644
0.6859929258738395
0.992971339321203
0.7123468461349958
0.2819297163177128
0.5780080457980197
0.9285552760026123
-0.42097463454544726
0.888954939295876
-0.6584057698989871
0.4417928397964841
0.06808809297485285
0.5161603247782001
-0.8442041348651452
-0.37130056220141117
-0.4094000477366322
-0.8503018202401669
-0.20257653193990688
-0.38308032624597255
0.8434988528851659
0.43552832824170506
-0.08050742886906392
-0.9115802180164472
0.1583549109925637
0.46419776390581813
-0.8047005131752265
0.8989628693716412
-0.3815449788933529
-0.8673933147739135
0.9812994028144935
0.45969535083458
-0.9138731862077629
0.1464288384382464
0.7296967220135062
-0.2462642003994453
-0.8680931386816695
0.7957710925478005
-0.8113789414123236
-0.04219094020094705
-0.1372084436804779
0.5933959999645084
0.08161652278128373
-0.40237700643281626
0.5440381448414986
0.188641492328403
-0.599132198016894
-0.5097019690122062
-0.7672923393154123
0.3418250285088362
-0.6999036795926468
0.26332495368675457
0.35015448437231456
0.6405772252973705
-0.2947284102108896
0.8124379882370736
0.19058818769761587
-0.4136377454329567
0.5910678360176704
0.006345674052020245
0.5156306511222266
-0.23436146550778658
-0.020003223986875707
0.03677147677891446
-0.09524949732223131
0.298775450531783
0.9009896536246149
-0.36107089594952235
-0.8385645460919406
0.16826095612170922
0.5341119620457768
0.08273889470496187
-0.8431688636292876
-0.06705942231459816
0.022102827501843336
-0.06645562342018896
0.5429012846277326
0.4390309806149095
0.9443520821707607
-0.6459374893646286
0.5345645336118674
-0.5034269213515861
0.7529255094238767
0.9862630402192487
-0.8921970361830271
-0.23997966040992957
0.32005359683705015
-0.311096818089041
0.7982828722420785
-0.4430903775867181
-0.1822353432764905
-0.10675004415482614
-0.5136976834091183
-0.9848706365614388
0.8053833185912285
0.4183756877876039
0.42159535551146154
0.022512406147867647
0.8796637485356027
-0.093078302700623
-0.4434732745777288
0.6061430439444204
0.6500561286013051
0.8590291940157075
0.35971328487479437
0.8338667865126446
-0.4686778900270474
0.9272049260337332
0.3042710375206008
0.8758849181080686
-0.5106081923812626
0.5991049546271934
-0.9030929594345507
0.8841714572586921
0.1564009313549335
0.6858145129732687
-0.5793326503550151
0.348954764612017
0.2840673634324744
-0.42597826258750304
-0.48204117036231464
-0.6748428284394135
-0.11639066053887515
-0.08961830651042701
0.0294876573154641
-0.6272503335552999
-0.2911817435064026
0.43554001138071574
0.10599859016887558
-0.17284449765514642
0.24375540007633112
-0.28238873937120657
-0.12999242112804166
0.7716937376494553
0.36545960409965184
0.3977423174254471
0.4572556829227281
0.34721716112932843
0.6878497205399268
-0.6178677846290952
0.19172495757793073
-0.8853056495768106
-0.7061978638780171
0.6623016881132251
0.2791448161794925
0.4615666288832221
-0.09764959712814547
0.39259187563974374
0.16689347737504368
-0.9735478456720663
0.2326906598825349
0.7444631235320329
0.25310180650601555
-0.30053805011204493
0.8354924662960879
-0.9026767089580858
-0.8964088839577524
0.29529381285920375
0.3518364392190314
-0.36436380922761424
-0.20824783093607713
-0.5217911659629031
0.17553533945651978
-0.09333983903270271
-0.8356316996741757
0.0831456436172584
0.4444890407217861
0.4966939465686555
0.6460163518984248
-0.44653750358999234
-0.11736661680399196
0.39596087963136584
0.3551186035523288
-0.501013480159558
0.41980513908562145
-0.8507726643279043
-0.5165094187675114
-0.5117973078471216
-0.27395027532206084
-0.9784028965897393
-0.32164541775363964
0.1357799236848265
0.9932611966931344
0.06737773474341902
-0.6794041960654753
-0.271134060079097
0.08136787666640122
0.8256102478394798
-0.11874675318118055
0.11475400683376691
0.5273994636148345
0.14086869679838165
0.3646928417391895
0.4856052443583063
0.6438674460613634
0.42699479974889676
-0.7931222278167254
0.6726446072562089
-0.973211950778941
-0.9326257717624813
0.4674604704275984
0.18402044141482765
0.09486710999172554
-0.6620901250698858
-0.3592224895808107
-0.9083908662591413
-0.946514176938527
-0.6953965143417455
-0.692054456275734
0.0591876737799637
-0.18001523805396302
-0.31720498778952266
-0.8140799454902938
0.7968856207287169
0.32819178867786736
-0.8554800489624284
0.2558221399736167
0.7322030634915568
-0.1666312458631094
0.7654819246893958
-0.6582031485682096
0.36131001527939244
0.6587617049899728
0.7634777329787674
-0.7005879374290613
-0.7438151934736614
0.6506741898015911
-0.6927294072126147
-0.6850786289680213
-0.7485973502319705
0.5518712688367984
0.5316513958313516
0.15456793086952092
-0.502779935932385
-0.7232977017948314
-0.20836664649353653
0.5785208819100229
0.8722349035199108
-0.8063894085127765
-0.4265836226781219
0.00042429620892181497
0.9850791190793702
-0.6699679999717323
0.2893565648481433
-0.21098434447704806
0.7603444299727988
-0.1278507560557547
-0.4354354360075774
-0.05885418142913279
-0.6972760229578383
-0.536643990335224
-0.47600893863511606
0.3398463902296671
-0.7798227174573502
0.03599272393158914
0.05086392301053788
0.0053612351836414
-0.47974743799947706
0.7797541124504863
-0.7411734712343596
0.2738724029596029
-0.48893153297807523
0.6103980020066635
0.8598525004883222
0.6995944368290405
-0.014348589036628168
-0.7164551165159567
0.5275623579841398
0.11320616249264459
-0.2016704686188855
-0.9164006699599707
-0.13593538295440344
-0.40113024829582633
-0.7637357736078851
-0.39699745392725894
-0.6158359857418265
0.04657902677980763
0.6093909725771616
0.4011460763552077
0.22179725336375933
-0.14025672048513838
0.27563456600438574
-0.28206050047974585
-0.7357765693749325
0.7893232879522596
-0.8458167451350951
0.7638184389857123
-0.15077379569755367
0.1395820091011002
0.952445285411422
0.2606454383223302
0.9010743197556492
0.008289027687119921
0.2506187137153113
-0.7599429491293905
-0.2426325354837522
-0.3270734725726565
0.6648803059681796
0.8299337326941811
0.18388556597571082
0.3139151588411322
-0.4944391031730042
-0.19876641081339375
0.7862054881001281
0.7001297153323021
-0.24957970769188553
0.05438342046116662
-0.33258044093987293
-0.1583895815685481
0.11569062495481508
-0.9397147513510431
0.386994303552054
0.8128039176704636
-0.013658337639928186
0.15117160251583361
0.4291203611077532
-0.5651894326643616
-0.7712576321434896
-0.23220318532208517
0.5787533806111411
-0.8798330099285894
0.2775887436442761
0.20383370268154888
0.18308157974189054
-0.870124116259654
-0.15353858244786656
-0.03845921988553269
-0.8839046606831673
-0.676725037145913
-0.5735839627283177
-0.7275798278918633
-0.10491715110869682
0.6067061146625989
0.1823102303577051
0.9318908839116102
0.5729093504373495
-0.2998275728847841
-0.7701878716781898
-0.8071822725186224
0.3540304065202544
-0.8026401268574124
-0.33918900412109365
-0.24298082855655312
-0.9186443922066274
-0.9952736403865674
-0.4639031667096063
-0.5804515258300604
0.6240513244238082
0.26801874571082784
0.9558700328592991
0.723801612225119
0.16249497868612361
0.19284440535979863
-0.28631122471264847
-0.25082207373192
0.5395937930626369
-0.10619675806615536
-0.18910310998119373
-0.18260230281477563
-0.27224694776850855
-0.7483293827751598
-0.9837124122361838
0.0923221330589028
-0.33188285436120735
-0.3690359741316811
0.5495936567253756
0.4243372480639276
-0.7763245826432297
-0.2743669637389361
0.3104179132813938
0.9192068156703554
0.6891913898138522
0.3689403524129711
-0.012421969141198419
0.04613113417870274
0.3278628217546171
0.2836975405346307
0.8972047723309282
-0.7689200055932519
-0.5778841600489901
0.5322219313041354
0.4573070033264821
0.2998357108892873
0.9941074180840799
-0.9132479445050454
-0.5932291648028392
0.9285819852415971
-0.6836029151208218
-0.6280881083742984
0.4634308486666492
-0.5875740243712537
0.5824752504418105
0.8806260777106258
-0.9449197158874492
-0.7147382936928877
-0.7197986973335706
0.5828247847296055
0.04376353216170337
-0.4099416912407907
-0.927355686383071
0.7172635477021965
-0.28631155169822
-0.9753993705657771
-0.2708050527099639
-0.5891744896326918
0.3573854499549447
-0.739057995685928
-0.7768980511180021
0.010395957515390242
0.8277409412430172
-0.19389965167435808
-0.037806961132497596
0.08287927718496335
0.7495230077054196
-0.9821243370842441
-0.4239308199279064
0.7284342529999774
0.6399757425651136
0.4119544067875871
0.4983782642171741
0.7175141923408288
-0.5347185826684151
-0.8842369831112977
0.2139527717670442
0.5369408884878057
0.33614983687498956
0.6216328549278283
0.9586399531240999
-0.21491116509687336
-0.8949014912249873
0.6548627308853099
0.7682052427831658
0.6999089604794362
0.6070963510096004
0.13896917922907837
-0.874785036031706
0.971223286597541
0.4192027956643478
0.21347201822448802
-0.4665074258989008
-0.39332536582027666
0.9268663968983308
0.2837719968004291
0.28599835846053834
0.43958810610335686
0.25137452427343177
0.08896357150446965
0.922865763968107
-0.6320356921385732
0.48403276260945804
-0.797507263036284
0.4180645824724647
0.3253768575557394
0.5102844189086362
0.45415479392425984
-0.9804732325263454
-0.6508452230039463
0.6648378062851472
0.588751660879258
0.22421297616310532
-0.16812990175488696
-0.8791599179270082
-0.18412501189468533
-0.9391058776903316
0.3659472516261921
0.9642737530292849
0.49201738404301865
0.29399542022133085
0.4062928867767768
0.4620482831342705
0.6082350916397081
0.29533377645796577
-0.2330160103701009
-0.24465077741238717
0.228177612019973
-0.4668874620217076
-0.08677060604887044
-0.606019905259281
-0.3316724895288752
-0.6260472154853196
0.9692910975110316
0.413855849507198
0.42756174672613656
-0.779310642781474
-0.3063430010178425
0.5595412470440746
0.33458663910650244
0.41082768552374715
-0.34100744606235467
0.4158061757389253
-0.8549466125534506
0.4134523806268111
0.03699140299239123
0.24316317038161528
0.6652804209860783
0.752376306734865
-0.17555513421055946
-0.47152596412163383
0.6545085881814261
0.7919242789699785
0.8457765012781562
0.2669505082771184
0.7971247584418253
0.39460505341244545
-0.7075434813894406
-0.8079652575365299
-0.30222565010176083
0.3312668673054395
0.9798858982591916
0.15539940250136697
0.7994590618374644
-0.11494280468579143
0.8750931810674771
0.9263090132302605
-0.7245978168366469
-0.7397917243410617
0.8857594163595837
0.187830197135477
-0.6797682411582775
0.6948498447751401
-0.9516938358870795
0.1461940012877183
0.029388514297746582
0.8124804532364911
-0.11254242827569816
-0.17827355824242197
0.2439281162123903
0.7514175106397232
0.12677721876263437
0.01624082651984926
-0.22828619348056534
-0.413620880189153
0.8474244839551341
0.487135930513823
0.8933364424117842
-0.05435918231877945
0.19357530281442692
-0.6628171642780414
0.8508311108343594
-0.46119054946544025
0.39255058005900545
-0.873917635644845
-0.5177618810587898
0.07391284805483211
-0.09749069605608951
0.684498552592294
-0.13372444056257327
-0.9053314690740839
0.9721019173065952
0.6473083270097071
0.6847224660244056
0.5970567148111408
-0.6073861668797813
0.3924044030165441
0.6198294845201451
-0.24885684835508504
-0.13799906972835263
0.43462343953651783
-0.5651022460617241
-0.5520150651248219
-0.5450765264786466
-0.7524644574508486
-0.7753588149940911
0.4101185887912526
0.8266014987769013
0.8805074057604207
0.2924230289612779
0.9818174566634783
-0.6433742478186726
-0.26806335829454087
-0.5902954629562405
-0.693456442620173
-0.5748360445872944
-0.4973460961617602
-0.711595702942198
0.006731029536236388
0.7344556308879084
0.9990520603236073
-0.3100100275220228
0.6029267436551637
0.7164869677339161
-0.11373331062058156
-0.6474420450891281
0.692692241243414
-0.7649502384220737
-0.7617199850480734
-0.600058783489676
-0.270569870650208
-0.7423112671619179
-0.0757749846607767
0.16933756964170144
-0.09513043637094198
0.03442454096163616
-0.17744058914754413
0.4732961668762281
0.1079637530761055
-0.5834964881829487
-0.5262519496736473
0.815701767854613
0.9081311489568453
-0.2515538683153402
0.2943669403356213
0.13763893469209942
-0.13490409402959425
0.5561185886984044
0.3385300223183718
0.9737285600134646
-0.5430784083363382
0.02109865925286969
-0.6971880827702961
-0.7450471891580039
0.4085991641189879
-0.2247661419783249
-0.010257799961577385
0.8891574134530642
0.6075389023906728
-0.40047321670587044
0.7852354672936899
-0.12175438055683285
-0.491141674215698
-0.28101478583683104
-0.09132046177578967
-0.9555062721592045
-0.19021065287370154
0.4459083787497704
-0.8214070399280122
0.8583581768908413
-0.24332030829001838
-0.6946269453475513
-0.024419342920326992
-0.6086828040563415
0.884612302598164
0.5102714302350846
0.13082025613807846
-0.7843053492762992
0.37425029432469814
-0.12002037224081996
0.9106429132655356
0.11430421560093396
0.5169514873365775
0.3086560513974499
-0.8074537671619342
-0.06605802935503102
0.12310531932032065
0.8568470905842158
0.10034281527516509
-0.09692704370340266
0.5247243269988611
0.34267439950799594
-0.6181347774688417
-0.9517136673016278
0.07238038499726418
-0.09676755019458683
0.680617260849083
0.7662260002415173
0.9168602399258952
0.35238287074299235
-0.3428102265682613
0.34372102926778036
-0.8908541998703097
-0.8538560828818227
-0.6949996952466961
-0.23064379033874327
-0.059421634521782174
0.8603356337689749
0.4191894820668012
-0.17720677780341654
0.5880503262762695
0.06528781499272496
0.16804792551507108
0.8239318940590905
-0.016234492121659505
0.13244560560844199
0.6890879803353414
0.9863542068885931
0.153083365385156
0.5479662650765111
0.19169507480222614
-0.8082219969972324
-0.2481972962436665
0.5113464639133789
-0.6336558312965939
-0.24546381354355318
-0.9976627461897947
-0.4832287687029142
0.5645788080663836
-0.6808764120354172
0.5307960783410859
0.02691727019145329
-0.1836350625070018
-0.6073092518844745
0.1447433515387222
-0.5155916709308075
-0.9704691977144915
-0.5178289607891771
0.657309023738202
-0.1318985743151604
0.9516646141663088
-0.6518908322221568
-0.061579274776945914
0.9925118681199565
0.9659073852083251
0.4801358822706525
0.8976504977647042
0.9009622860739905
-0.7387103069015937
0.5114253996879912
-0.7953712281964429
0.35630701030028655
-0.8208364963645116
0.564126872919634
-0.23201663443898823
0.26067095167293663
-0.487384492493812
0.8270071116959068
-0.7727548400793258
0.2701750808986232
0.35904878828403985
-0.25465579103863756
0.8929857921378168
0.025795522583871744
-0.5860626829545166
0.7780230260504581
-0.16949024932955115
-0.5740499642469612
-0.1740169759871928
0.919003170709561
0.7021380402176121
-0.24615322498944536
0.329633386795541
0.21407679779868527
-0.6648817033062671
-0.30370523070220434
-0.7965354513054763
0.3777052859530621
0.5736532285667035
0.050409550221269805
-0.5621450629248383
-0.9568492047568238
-0.4484058762145726
0.20957752763126192
-0.4052432901456091
0.944955324259737
-0.4765106310493752
-0.8359265541827547
-0.5763516342128734
-0.3788794133935707
-0.1003347926069369
0.25689573263062804
0.00129511394406423
-0.13105639471968922
0.5543160170169463
0.2437935934648907
-0.5307544767274197
-0.924812664961588
0.3735879863623972
0.4888613428985602
0.26641660130271916
-0.8986087003188212
-0.35104944273485206
0.34775618643867956
0.7743105801469625
-0.0643649920756284
0.9303854020800169
0.05422162431862687
-0.3436393674535765
