0.5929453221015213
0.6056659678881096
-0.44865224990338093
-0.33135435384068157
-0.7208284762449233
-0.8138780307425348
-0.06111834050762144
0.13254404164831457
-0.334406750113301
0.2472639334494109
0.5288070843604906
-0.06695879455514131
0.3430445673605935
0.7530702319637619
0.8358172702372928
-0.2802381969650656
-0.6576133675084688
-0.9620498124491881
0.9759023498343549
0.056703595638996296
0.07046448030370689
0.8645841565332868
-0.8230239362158505
0.6920604801432784
0.20903530612508092
-0.49649728914154356
-0.1443924927595177
0.9225391618709646
0.546659085478503
0.07458593168344141
0.4577929817435129
-0.9107047607007204
-0.6212270444373325
-0.9066197087381744
0.9522501708768112
0.8551960302332196
-0.7204576356137193
-0.5449354709369869
0.6767958261645575
0.7128008066042262
0.5940820922888879
0.7995651566409312
0.059465404712664593
0.33437667465470455
0.16632626820573937
0.39741641184906795
-0.4704013262276099
0.01884686775671618
-0.48073761352944056
0.20685179235671258
-0.2833387597815069
-0.015276456026788177
0.869714286026869
-0.9271786265574442
0.4333586782174206
-0.054114214962468266
0.8692576883612271
-0.8315780490395286
-0.6231591372913752
-0.35342471667252084
-0.5202192050989718
-0.8731678936832059
-0.47579554719051864
0.18572774498617495
-0.49173823713534226
-0.5514319846971136
0.13255303137073238
-0.6020447730778176
0.2281073122526791
-0.47205792875721553
-0.7028753677615573
0.45107315176253127
0.6745119651765512
0.2726850918297685
-0.6203911576458603
0.4828080563013508
0.36667360255524173
-0.48519295206073076
-0.2709441718454775
0.6631501882356965
-0.6359627395979413
-0.242087813827345
0.29790760251020365
0.38120898704098183
0.3854825514717177
0.7181628628925374
-0.5966170805769073
-0.8639574297055967
0.1915378187456933
-0.6713135010957907
-0.8651496852864113
0.6585559185304797
-0.8157383203655526
-0.0633782201967017
0.21207117039587242
-0.0444433061601508
-0.2136061890939116
-0.556772590125413
-0.9553037971970522
-0.8789987739292888
-0.7596875271743271
0.43955778670510415
-0.7939338008101209
0.06340763714760911
-0.9117738799206336
0.8575903473325341
-0.7660307571993614
0.45105976183075325
0.04001241442442538
-0.15865155999721647
0.1638623297151387
0.8985549955964118
-0.21561314380874674
-0.6149753338571233
0.6100076341905487
0.49512159086147167
0.05403886052597251
-0.8709092005289101
0.4026664841104086
-0.6891966955574724
0.136249173719599
-0.49284593794859166
-0.841916317429255
0.9819878286622181
0.8005548284201867
0.8741673424209497
0.6266160926044568
0.3027185019918044
-0.6478316411591409
-0.2567306332446977
-0.2566571979737817
0.6699794567586896
0.22579703035487286
-0.9216131653998314
-0.4930182483074472
-0.8321020482805039
-0.3385949691102079
-0.35981181026862985
0.44880523053570975
0.6686595838577534
0.3523581747220452
0.8098552374409786
0.08245298846240567
0.1445792864022577
0.29087794795778366
0.24096949294730408
-0.574684205174375
0.5527264202681654
0.5309971731557503
0.20674242484311645
-0.5546545204672371
0.7215337307116843
-0.7672726215377952
0.06990786174338592
-0.08745402649178091
0.3413055279957844
-0.7392012812600322
0.14301209464675968
0.8730309681456228
0.16777065878853858
0.8278346718712213
-0.6884873555874542
0.2862171582289921
-0.8253273337741351
-0.17426201460873703
-0.268795108053171
-0.19921083585582888
-0.9479429138370661
-0.7626196033619204
-0.7533323403288879
0.5949584765951068
0.45203109284438603
-0.10731622643600836
-0.5809908445825551
0.29813071495466414
0.0060457662144981494
-0.7616370883844463
0.8449821209146284
0.13357687160057297
-0.5157175289799534
0.47996570145450357
0.04643532557593377
0.08766159748501101
0.8503860717931957
-0.17128633203700416
-0.8620832493130215
-0.16541348371302722
0.08965103232547866
0.40897325697529996
-0.3103432842738867
0.6341049589089383
0.6717655373118994
0.412572824087416
0.7838415648687891
-0.4240491211720512
-0.9844053277092151
0.5104337542424715
-0.596253656980479
-0.9764042567921418
-0.5332475710465221
-0.3614728968214469
0.03508651988553346
-0.18079057906217866
0.7907509254085279
-0.10312397984378219
-0.6995823431733452
0.7762399701105236
-0.26872338617902125
-0.3331688504729382
-0.4015384851141468
0.7244963500280321
0.7236686095232328
0.7617975905289047
0.8572621409392718
-0.0842050000988761
0.22488968922647778
-0.95959505516656
-0.9198927207763941
-0.110024455974985
-0.42498100538059
-0.1002649158685005
-0.3786113265101174
0.2613725161683176
0.6410369205050588
-0.03457553582673145
-0.8329742462053038
0.12602121801315325
-0.8427690582234582
0.09567228654788318
0.4275446478003464
-0.7849335496637331
-0.11113218773536682
-0.06377290112534206
-0.6868163437794235
-0.7664795919911305
0.32014413932999086
0.26109025037939415
-0.5573191084068287
-0.844110216894179
0.9766097500782431
-0.4765145076671251
-0.04253330002873046
-0.07753595218895226
0.16983156190472992
-0.49077345400700323
-0.6569156636323055
0.8685743585550683
0.9756819953166982
0.5593856234622459
0.2939996478910043
0.5815410300844623
-0.6861466397806846
0.8521322406695215
-0.9123598257185437
0.19354202900829343
-0.6774186354198417
0.7672586519653135
0.13746541876806972
-0.8055659602361773
0.7903474490459375
0.7071930298518276
-0.12948746489290475
-0.936243891074763
0.5544712051143443
-0.9367134847428902
0.7214743879797796
0.3453667437534742
-0.8652729021321834
-0.08853020476287021
0.0827205856029265
0.7667116539758181
-0.349439854486294
-0.30515363826407116
-0.8499781992001743
-0.2290481228370973
0.12598902292514125
-0.10403017629103561
-0.1484543814368724
-0.8567924455378977
0.331241319360452
-0.09782631046495593
0.9445988750664365
0.6607807286415499
0.8867775787611132
0.8057691669646962
0.8983899838465739
-0.3784750160380994
-0.8852097182483396
0.5764596423687351
-0.8014445074223508
-0.6784482770539597
0.26654435513485675
-0.1596953652050901
-0.5623965396837773
-0.7573182905423474
-0.11880263849521211
-0.42143060555670675
0.07897097831920963
0.3054272255114123
-0.10538201766444621
0.4434625594571
-0.6571209193885241
-0.5262294263088751
0.20866360183612964
-0.48077003334707724
0.6201031060592896
0.027150853056312263
0.9331626255495054
-0.33529057045095434
0.8851340972066986
-0.2725568770224993
0.7713828334993493
0.7633081401367943
0.0492074678327874
-0.758045458137055
0.6743576199102828
-0.2706696961234487
-0.633441241453621
0.10799125239108087
0.9015756952105103
0.13406400460390167
-0.6813466352693767
-0.9962800503074309
-0.4040365569604165
-0.17143159253427065
0.9786352991672647
0.8489811590410732
0.7731668860000811
-0.8587094665987929
0.5009582170674796
0.29942891133200766
-0.45435725804845273
-0.0438327309399702
-0.9648756290865663
0.5587142375483891
0.9034937054279766
-0.5856772798306586
-0.6125116776184591
0.5625428682328955
0.8713140671192281
0.789369287636644
0.5479354885212051
0.6069694108355028
-0.5987453483551135
-0.7882822014010895
-0.8351024073494207
0.15855273082878818
0.8470491977183296
-0.9967729658806248
0.40573756986979204
-0.11406061324548245
-0.3837706704701569
-0.7525858614296355
0.7525479800510693
0.20550108570046333
0.7826847699394839
0.05729963719464459
0.8341276758962908
-0.612736922053088
-0.39898823098247194
-0.8787720006157762
-0.440826524522419
-0.6142734706539339
-0.0917016485873341
0.9957930334051506
-0.6890395212539648
-0.8148671123181532
0.9558344833969339
0.9588346952393769
-0.8528973032420224
0.6931296966824851
0.5917914621255167
0.8913677553077903
0.11623835732501342
-0.7082460337630703
0.22624954249352158
0.1240154455146818
0.8211796122304806
0.4646679497965378
0.39193118594634857
-0.17591248764524292
-0.8559918085080156
0.20105881232546152
0.07899286912196968
-0.9657903858683177
-0.0975225010594225
-0.1271550394252443
0.8331614873259254
-0.9641767598434741
0.9765121654679358
0.9749052390040698
-0.7455697936113734
-0.2767005633128292
-0.7191411176814233
0.34822369356675864
-0.23430962850673742
0.3177190482857595
0.9267740843099177
0.8675200039742861
-0.5276446356066684
-0.5217947637680531
-0.5662912991649762
-0.7580529026947134
-0.5644219242023911
0.12123812139820478
-0.1890344991629922
-0.02196862015588308
0.16407567096219156
-0.6966732514083316
-0.22121954745655725
-0.16211269420345675
-0.7681877637820469
0.8972270177641453
0.6385359537649216
-0.6659331780281152
0.7506811447868107
-0.13084721532064125
0.5427587135034575
0.025550387315864675
0.2572180050757904
0.4545251614369463
0.49519473097625855
-0.4547384193293946
0.6511995224660945
0.13460696261322203
0.5842354582157829
-0.36898051450003577
0.19488620924875
0.4890199319207247
0.47915067502083986
-0.5704229520942057
0.3362921667507628
0.31241759708083516
0.13747127393176495
0.7912142239858804
0.39695545964791545
0.7772771053421546
-0.12782626298958566
-0.9271136956801616
-0.129581029900937
-0.17608853824905712
-0.8908657731498706
-0.5536861695073754
0.10663661866867069
0.1982884834194314
0.4012225569300265
0.7346822358628022
0.39249572760799123
0.9886314973335102
0.719744488796999
0.9852258214072511
0.030290900581128266
0.02279568859172154
0.5350326499002456
-0.24809027399030303
-0.21179793363314525
0.4858462440979765
-0.4197730198389227
-0.9139191420789639
-0.3128066450048983
0.16097032587706628
0.7866039389987789
-0.07271721023575828
-0.3741681399410699
0.2411237310922556
-0.9172312947329921
0.2759873228668823
-0.7907999343840124
-0.3182773612557106
0.7331486932590765
-0.6694355104536558
-0.4504760559784915
0.5890430969032439
0.4746016363255614
-0.7407442487128126
-0.4888854225154535
0.3015808514212839
-0.34342656451272635
-0.3696437991533894
0.07019519098354521
0.881902740515897
0.3082787713984114
0.8809275941236763
0.3835573572389772
-0.9998901977471553
-0.6872663777267458
0.708950886309653
0.1565948045198069
-0.5515423478722323
-0.3866751749719315
-0.3949819593123638
-0.9862406565443167
-0.875904432612095
0.4691566642237346
-0.8354260796987383
0.5355566641551677
0.10008140758088424
0.17662080933870783
-0.4632675786590432
-0.1333183376990026
-0.08345311692273638
0.9580467674605821
-0.5675893799669476
-0.12384286744829587
-0.2758777027487731
0.2539164553151583
-0.16800713990278116
-0.6027012290581708
0.7919386511324178
0.9298838961761062
0.5882922238494279
0.09917957947779721
0.804470493134656
0.9473426804527458
-0.50481744459865
0.3099119644618684
-0.7495079861871534
0.9341133804038371
0.7959847094100847
-0.9615724199117008
0.9691244077620365
-0.45104336066821604
-0.9491352233494805
-0.3604062898789029
-0.6371052503623311
-0.7365455498124704
0.8397228795577212
0.2917957415312036
-0.9383659613318225
0.5001733746156187
0.473652116736504
-0.7180310710171718
0.9322251519673956
0.6187615510200224
-0.7405122521869816
-0.7642040820068947
-0.2630002956539341
0.3212807604628438
-0.23569525417648207
-0.35877028395923927
-0.014681985325604163
-0.8804696014007196
-0.193728760577057
-0.29939843400228505
-0.5066516664274552
-0.4212670151777014
0.08033690692038165
-0.8672800286273064
-0.25456286309405507
-0.11841188590980978
-0.6083165516754421
0.2781279251492974
0.7395053772429196
-0.13740870501817404
-0.6887492563268649
0.40908885022540153
-0.5441552122362465
-0.1097573600437094
-0.018026400529573605
-0.425113544307951
0.5600829993001066
0.5544060650442879
0.6907779130878253
-0.37093019539648786
-0.08355805158707041
0.27158139963053207
-0.5604837134776497
-0.11556058821413906
0.2293777394266978
0.08926526381348299
-0.7859786489308462
-0.9002618682755561
-0.5932265206743395
-0.6060558482798437
-0.8958974664774144
-0.17443511084236873
0.10065366968769207
0.41571816393094485
0.5817427019695487
0.12465017832635339
0.4728885340230886
0.8892813929549352
0.01774177288352541
-0.30439956761365505
0.6815921431850596
-0.42519071616995063
0.6501467185755119
-0.18092721257531275
0.11686017242349389
-0.23978077393797892
-0.07896632326101094
0.3990076752797822
0.7550684527725939
0.8255971670941058
0.3150560395181601
0.811528539421134
-0.6644336836698519
0.7384095898845957
0.2054749455739251
0.08002071383333687
-0.31224421275071257
0.9981734895465644
0.2344249157007221
-0.8339696283020277
-0.03438456707890025
0.46050081036316914
0.6033438104156144
-0.7359789999222632
-0.6395933553460771
-0.9358667835389765
-0.3093197511065231
0.2815956673536548
0.3175150291583324
0.3472510618082649
-0.8807226445741172
0.17407669409044368
0.41502327927016314
-0.7472140128851379
0.1864707250182398
-0.8734496835467573
0.49971508599182624
0.6803650307698006
0.04556216564922111
0.975760685505783
-0.2953828197561388
0.7133673672132681
0.8697662444574528
-0.499397436390169
0.9589782659764683
0.751584776697938
-0.1527312139086905
0.20843188671153445
0.5953325511743739
-0.16326120028112223
0.7055004481068345
0.3228420080105223
0.13353866008313497
-0.10567711399959245
-0.9767198699683444
-0.5439481700257414
-0.9679239703107532
-0.6950075881051181
0.5783493181253181
0.5810612402748627
0.7119131292348677
0.2757919105862212
0.4907568130159887
-0.9265379712503945
-0.22381528041304755
0.07460704254727069
-0.6245386354720703
0.32267711705767943
0.44147370556852494
-0.3214839512599814
-0.40055353490483614
0.8769021817632738
-0.8746376896512664
0.5012320055466619
0.07895251299984407
0.3862035035600635
0.029505937221988354
0.589550001244223
-0.9833052494409937
0.897168700948731
0.40349171560837105
0.4114005834330501
0.07114115030276036
0.3501899169177074
0.9515645241889639
-0.36819704217849747
-0.3722347018106056
0.47074347593501864
-0.2622855479647852
0.2701387783141329
-0.34463069121234224
0.484146414306591
-0.073619314943844
0.2091503064409561
0.9612951897608386
-0.4609936749210639
-0.07132722128261437
0.6270949648191175
0.44917595712827074
-0.4436234308155289
-0.9974688215761736
-0.8174690581592727
0.1480848734844593
-0.9396155474484489
-0.028910212605651076
-0.5561610939826804
-0.34169767785571237
0.09847272098063953
0.2065955042557912
0.5767003996288937
0.8639859156207939
-0.8365811937544758
0.4648971614833066
0.607363634249328
-0.598238959855597
-0.8407681246567618
-0.9809783363729048
0.7116407337943476
0.6644142693438018
-0.42024313526627166
0.896261561971976
-0.5902586223351522
-0.6665938875164892
-0.42760110070403035
0.2693442319853179
0.4100023484635915
0.8390741009397613
0.16612821125897637
0.09913779720717408
-0.9410863911545089
0.19777589335930035
0.4165958051651262
-0.5327108646710494
-0.28325672638416766
0.4408886132116814
0.9044271708678415
-0.9734082735200653
-0.3683356327553575
-0.722196667192404
0.3713233129148097
0.17525088115010123
0.3742682447122416
0.2799420094570104
-0.5552888554889719
-0.39986811588709426
-0.337094016802695
-0.5824615351006397
-0.5895576642645257
0.23566469349889485
0.6791163960392839
0.3745474150805559
0.14668302989685889
0.7162438239273763
0.5329623511997599
-0.49438979933818405
0.0025427799707478105
-0.10394455292428018
0.16143691823500972
-0.4916298907356911
-0.5774549531321211
0.10283112851659504
0.06792470388326466
-0.4535896655878138
0.33077630913248735
-0.22777322362263375
0.4291359475078458
0.48807856444883857
0.28114366162726645
0.23560514627829487
0.7601843737686396
0.551587116680758
0.6632643066269301
0.21338249571829082
-0.8723630962637974
0.8777245704269343
-0.383378086966746
-0.39173561370513577
0.9104087071375135
0.9334447160158679
-0.36930524760678396
0.22857552308943374
0.6872154071765566
-0.17931691209108536
0.8704838292593011
0.5260612721449809
0.7244766974559802
-0.029200528939666626
-0.029880259314920554
0.3677564119125336
-0.3134655613067221
-0.2856624690651248
-0.021281028531547896
0.5067418579056946
0.8122041775549946
0.7408534353576135
-0.08356217671431132
0.11914845219584214
-0.2549889381035835
0.28997801474456386
0.39621515847283373
0.0012125537305813783
0.7219168549654256
0.7775233807386615
-0.29616480306385595
0.05175293359295319
0.8280090917187255
0.39756105034283595
0.8910912929248922
0.039505265359868424
0.0008576970527902628
0.021697955211109177
0.4535563201243227
0.4899092037619288
-0.18691163080236506
0.9370278854982765
0.4643534686221016
0.004682112236922054
-0.37543859653165645
0.9888939445505658
0.15630653961885366
-0.10456034867835129
-0.865146146400418
0.9188092332420412
-0.35927597442838866
-0.05257192907409669
0.5931211494808004
0.48273338495664464
0.7959559669616374
0.2902480292654894
0.7906220574216314
-0.8668549796213381
-0.14255668449620762
0.08628286701109711
0.9648195869075928
-0.8823914402368163
-0.7659968507082939
0.9153990192984449
-0.8810905058886698
0.3452013980519393
-0.9189798289491469
0.4661822574739547
0.27179715368741686
-0.7297523457378159
0.9192546925089076
0.7214405518482001
-0.7981906515810129
-0.18188001017722977
0.13420131207515595
0.46665826837804936
0.5111343067001806
0.6478970714670962
-0.2224983198306274
-0.5465401871356648
-0.8541848231445022
-0.7843857674221524
0.23276990563680178
0.43015583701176263
-0.1890093083005724
-0.035222190979229184
-0.4712393871454015
-0.8557755444573525
0.5578965428832745
0.9757734705071688
0.11664498347232133
0.930416986237703
-0.601865271421671
-0.7178873347261607
0.4192881919659164
-0.9025627792509958
0.1653314797235954
0.27763521523498347
0.7889363452876801
-0.46372639220088496
0.780443344021811
0.07498863787805421
0.8333611802145509
-0.4854516048042996
-0.18356532202352405
-0.8539512190197938
0.3635153207840276
0.9714994681840989
0.11674289544551253
0.5469154714327491
-0.5970760472256247
-0.48242219544829945
-0.15759481009640397
-0.4585863983588825
-0.19492609213138445
0.5581244557450187
-0.4645130190920914
0.15766355341056393
0.1148990337225364
0.7890561666752725
0.4683399919322919
0.43914468934863304
0.4557419703080594
-0.552366134158985
0.9686978551478145
0.122957119257328
0.8638810834430897
0.7404213833240343
0.059985480691706394
-0.8818426963263728
0.658238745154716
0.03715584092331681
-0.9136281389141441
0.9247158530811754
-0.7230101902914745
-0.9135338644699982
0.6706419927181455
-0.6741331562312611
-0.9497061404149612
-0.5853569501591147
0.6099484603016356
0.16462815878627146
0.1950567499356497
-0.6516916717740215
-0.50031241674681
-0.8854911779295684
0.8077709955483039
0.15645666538929914
-0.0435021491755152
0.17623094502630443
0.08284855953728698
0.3724501998402796
0.894638946063468
-0.8054391405617896
-0.687091664131467
0.19147071892155987
0.7726445360163356
-0.2411815997221216
0.45381486974092167
0.3357182415391231
0.8720082123985031
-0.5243703339889578
0.9326260238362585
-0.1903369478097432
-0.656192705730954
0.6956617845727977
0.13510152215021498
0.8566309458186883
-0.8614093409648009
-0.2224225376760376
-0.19496647297644287
0.15180833751557232
0.7913585645813941
0.5317575035527196
-0.691456429543329
0.4221345518421449
0.6288099143558836
-0.7959300280002368
-0.034478517663886876
-0.49640643927105543
0.6529346805215974
0.6319024987355688
-0.6157433084161785
0.41395815705008565
0.7059819924941813
0.39387300263401115
0.5326462144300657
0.19925655169274004
-0.43052366969990885
0.6320249062982339
-0.7305075918411574
-0.5383577583101202
0.7733534659982493
0.5490062286864559
0.006245841919208184
-0.44771888377848224
-0.3325350460935568
-0.7702268569911341
-0.025331006912240328
0.3999824426807521
0.13260351923596114
0.6821467826094745
-0.20856347543857612
0.12402701893501367
-0.28944144646385594
0.7141652827963052
-0.6645028663399191
-0.9524069182784762
0.9069590706975559
0.4006829947082853
-0.14523249764665147
-0.14867202576371885
-0.34216148504074706
0.6840536395979004
0.3293528322131274
0.9592912367986246
-0.11900972730055592
-0.07592358923987863
0.35851880727729313
0.5370247097713243
0.14881817890937188
0.6719685996940477
0.7257752267982343
0.03793482460766584
0.8453613310668542
0.5403339017457289
0.08555015141625066
0.338284768474886
-0.4950673569703783
0.5305505006740043
0.9138845742531838
-0.3757774022219995
0.1036943173283087
0.6623343710925735
-0.2972460971251012
-0.5717751907398487
-0.520447307455044
0.7041690077536966
0.5307062585607663
0.8310241745919675
-0.9056114699806759
-0.9227597862888788
0.4278140104826669
0.6059563567475992
-0.9382358187355302
-0.8088441143221803
0.3630551982359578
0.9273070290924506
-0.5630202312936157
0.7304673159856663
0.10301019917752585
0.025145218921778678
-0.5807409660135681
0.5375974062476228
0.48002887257228943
0.6259847876666718
0.27789390467641195
0.628713582296536
-0.2731488119439751
-0.3026044206106002
-0.3787901892655916
0.22571928161417887
0.3458201290609386
0.29525742429433377
0.9632494636688547
0.3512308628037082
-0.3217449888310233
0.6965819176071841
-0.4485343990380699
0.8699077319568544
-0.9155824172960991
-0.04275907858488459
0.38945336076702697
-0.9860852900306543
0.14102774759779457
0.60161700409109
-0.8754236622623923
-0.672321107444753
-0.4183007499603886
-0.7424723902376524
-0.37005058239087374
0.2739382217409405
0.4118516804380348
-0.08900526236240136
0.6381323636321707
0.19221208934039913
-0.5659912071225564
0.335297325012057
-0.3847406744143729
0.4812088743347658
0.8514777557405082
0.5749319239020441
-0.3836991943831769
0.39275004609863307
-0.9007756319122684
0.31361530102740764
-0.05472670153249082
-0.8951754057067691
0.036794776740880275
-0.35911457877146735
0.2613976610075579
0.6374133813647387
0.5230292791150797
-0.8845999998720158
0.14290897362904276
0.751608154846507
0.7560500506951922
0.9989994798796669
-0.26936253513159136
-0.5970965378280371
-0.393834294262446
-0.21403378248040705
0.9634535136016482
0.6009078729411375
0.9980342111710823
0.8296291702220433
0.298998171960565
-0.9208930310365762
0.3457576117452035
-0.5591663271101306
0.06512462895747961
-0.6391940314104374
0.7879626707790988
-0.010045923198732876
0.6575974028102312
0.9855004166911103
-0.5098300023925872
0.4661577858892978
0.22181618888493282
-0.19075908500461836
0.7583327100709514
0.9078296962250816
-0.47851466475545945
0.18614753769325132
0.6178263659180738
-0.36597669269000677
-0.2595719820494182
-0.3275794100823135
0.6995921240234264
-0.30329789957264053
-0.2642046952460051
-0.6928815409943143
-0.02860376659622421
-0.9977904159217301
-0.9083064726861731
0.3650526447902853
0.5069228528381309
0.6736268148833835
0.4804886478987396
0.6385671503447057
-0.6896824409036213
-0.22856689126502716
0.970297083538183
0.7520648623250588
0.5760344067319454
-0.20987705267586576
-0.6837672181388295
-0.48898660027469765
0.1849851105496696
0.5073117559351965
-0.13728817717645447
-0.46309751761268414
0.44993306324812377
-0.22185441583250043
0.3936094943976063
-0.16731739822514968
-0.49018666184525106
0.0056112708122177946
-0.9587042165458692
-0.18768080126240294
0.7716213158719885
-0.9632333891017204
-0.501010996082915
-0.8594017770672757
-0.7518693857896901
-0.4076227271290911
-0.17625341925602034
0.6840196757545016
0.8000902876071927
-0.3646923751129354
0.5468866408753843
-0.42097750660591227
-0.26792168556879714
-0.2673067926273254
-0.5566144136747939
-0.8349550477638303
-0.07442570079002664
0.8618210949371128
-0.8264735554468849
0.8602240318276388
0.054626331942902784
-0.5512683819970563
-0.48697640622857197
0.6006226666394352
0.007519840539411238
-0.6201940445300429
-0.48861687944223053
0.7394282258014468
0.6861941064949626
-0.6980618918433128
0.5660501194563032
0.9207256167917952
-0.16523911759815557
0.4270752450472275
0.955487519586735
0.5186839246296373
-0.1990469101030492
0.3924705233182082
0.8148509381723426
0.8780435835245906
-0.7048647431364994
-0.4278008847031318
0.5609105574890632
-0.564297370555412
-0.5593638531460572
-0.4182740913511289
-0.9042826569703262
0.9555938390048953
-0.0660218840189204
0.6050466582105898
0.8517611457165017
0.4023426920008011
0.21440371961220328
0.4623221686556016
-0.6894492013396547
-0.27004960318394877
-0.6705756725209646
-0.22368912199099
0.7730180930297377
-0.44797437235722715
-0.2504404293225153
0.7463519665092126
-0.4910130371158119
0.40124295052441905
0.29771181510487055
0.054357910231809026
0.992059075379462
0.3111003910953811
0.7247810720354348
-0.8047194093757291
0.005069528196631756
-0.29222641719968
0.11541028858713287
-0.19952871993853893
-0.05182626816581615
0.5939792715759846
-0.09955669130111389
-0.0918974983250489
0.21049846571417352
-0.7160607478577576
0.7346591783585232
-0.8349233045939375
0.04701134663513784
0.7772227954759545
0.17081297925950212
-0.6116842063207699
-0.31272318142545297
0.08574931856024404
0.5956414218020025
-0.6729131830522332
-0.5546305345532416
-0.06266603899525869
-0.2465900000450001
-0.8901615989231608
-0.08994875011622305
-0.6650694031726545
-0.7953045924972881
0.39330371395824515
-0.13257181990211064
-0.1828877581446431
-0.20271170730787325
0.45230850822835844
0.6340021067859176
0.9023243093533648
-0.6171295203444978
0.30000839793453515
0.2388430698510835
-0.8997249693520915
-0.5991884412154544
0.5017508790874885
0.5335593344250293
-0.19618361869355638
0.8215125369633627
0.6024499838309378
-0.11648428593941262
0.7739915968300151
0.9488077888327766
-0.2315650916012817
-0.07066234449021369
0.06500762149717443
-0.8115779561646967
0.6489323665315552
0.41298029339694575
-0.7325004764729466
-0.2619682963455894
0.9046778228276469
0.10571688306622273
-0.36440086867257326
-0.7839969775698454
-0.5159474134977382
0.829725955567622
-0.8147084296460052
0.9101318131449758
0.9199204976882991
-0.6466291755302158
-0.5635840607101286
-0.18869781959945597
0.8913094173021583
-0.7859706666278319
0.6714020273147381
-0.2772644991715283
-0.4818530803099048
0.19956818087560846
0.9420924191854072
-0.5000255936875464
-0.5202882867901644
0.17064187906847894
-0.430349328622208
0.8343680763807615
0.020414151514310364
0.19328515580550443
0.0358152266756695
-0.9224216560434819
0.7872794085742372
0.28086334334475227
-0.3060051981528287
0.38522641007719316
0.3933165482326517
-0.7181397747284501
0.28632485481678893
0.10317893692709279
-0.11136318896591835
-0.917487461360301
0.7207174457590793
0.12649713100566484
0.9302543692720813
-0.39535762899111715
-0.03673463177226677
-0.5667036827054444
0.05834415920815372
-0.9371060989318374
-0.12330529826535885
-0.8565885072077899
0.393861828444652
-0.9665739233198367
0.043841421603527
0.13107015475236095
-0.2758540311257489
0.12614966929715488
0.7230299533411579
0.3808707430474332
-0.08671343592087677
-0.08336474026165308
0.018925718285137894
0.3749447533332715
-0.345421049111313
-0.5930519093170716
0.45821963531750987
0.5744907364884224
-0.3279021962800561
-0.09655686527240692
0.8202763855066093
-0.8164816051963728
-0.25584294340257907
0.5751326134837114
0.4052130160052487
0.1511504158167556
-0.3174479461924269
0.24394814367611328
0.33364354797323514
-0.21001205122862698
-0.036717754418060355
-0.0971400349179401
0.4820587642718406
0.2758190023206115
-0.6456687442056919
0.6929209279444424
0.663052612244011
-0.6421083983691882
-0.4645610519805643
-0.2766150377865757
-0.8507202290140743
0.675600041587205
0.5059472121938431
-0.45548265943183885
-0.12129515445699601
-0.058083604972875014
-0.9010455512551792
-0.034381729118762916
0.10387716596142416
-0.9158351312761619
-0.5328762079634555
0.3175855441834994
0.812498122030131
0.8184237604782356
0.7408173135702938
0.8193230057314242
-0.8565264921222138
0.4018604570839972
-0.21836821737334833
-0.315350344158875
-0.7120943603738796
-0.47817561265008846
-0.8770123495467772
-0.9765171924825764
-0.9239913971490501
0.4880219960719694
-0.4383566915555004
0.753390243704118
-0.6747119194996452
0.7160322743545515
0.7604846406746792
-0.4849387496840456
0.20195591515986244
-0.05811880167176087
-0.4596351468167277
0.16774040816025426
-0.08950990792712288
0.32781623314665875
0.3166915932229999
-0.8148320165664593
-0.3126626021781389
0.6674833233256707
-0.9040873760545562
0.2774691088931127
-0.6886740747932776
-0.745029717865779
0.8155853084653069
-0.29732105946102294
0.31535000669049285
-0.19681821257541654
-0.5862535969587412
0.8676442469090371
0.38067628888567007
-0.5646900935451786
-0.690550370398274
-0.35590027379258227
0.2149189549708126
-0.8136539451340186
0.43014224590365324
0.19792734575617033
-0.674003674343596
-0.4520942425243879
-0.6859458451515315
0.005270182634059761
0.29191022205112205
-0.7234026143679859
-0.21783379822402327
-0.9987574167948916
0.8604058425403118
0.15393670657171543
0.24865695976507918
-0.7488964460318017
0.16468501158145532
-0.9344453637713344
0.29432726030552936
-0.22759004806124916
0.9254121640563979
0.7093818542189436
-0.33450652320655005
0.08446769434608137
-0.009839636359866955
0.691305971403088
-0.29186381903085956
-0.12379547242058919
-0.43584530907510066
0.6237727908438395
-0.5760868358083548
-0.18747387182707342
-0.8330974581958603
-0.12205058972729654
-0.4917688385584531
0.022735378400134065
-0.23224856276911265
0.38792789504031866
-0.5906025145011302
-0.3522101468100314
-0.3172498563772179
0.6234634065212601
0.7159238960286816
-0.01614067151853571
-0.08545879023864833
0.38428452922292555
-0.5442984535484601
0.5362842194708373
-0.2756288785631269
0.5772548350513387
0.8823525707605568
-0.6408105536292543
0.07980036108682653
-0.6488339136571899
0.637829026386646
0.7652336324688369
-0.6452958035524705
0.776140867037683
-0.7936214142031939
-0.4767939781231776
-0.6030904623009619
-0.31091171218177016
0.5974919771975542
0.7100547354572873
-0.27242558546568363
-0.5290547567980459
-0.20300167482874087
0.4939722022049218
-0.3259937474398322
0.2991892351499166
0.18773715943387503
0.5533732846629684
-0.30466543146512914
0.7427202666776986
-0.712363731821616
-0.7165366926953565
0.6575863141816287
0.9608867095695097
-0.06889335230386884
-0.9893007551058872
0.3330394087444202
-0.10450888810082293
0.02981520528817705
0.5846984796306653
-0.015329836589556667
0.9402416769455089
-0.7134510927572282
0.5085503829420035
-0.5692662656357508
0.12481500296202963
0.6395727546988477
-0.9638735177373159
0.28916308862727824
-0.6122561312536461
-0.18568855234366755
-0.1715416767306066
0.01120062576830505
0.6068727986175284
0.6703208869799913
0.02402085179519653
0.4390590442293998
-0.044469626519243466
-0.44056281752853876
-0.40858455392272264
0.9576283999966542
0.1508298988140342
-0.15939196835831848
-0.9478077148987962
0.7146195521537542
-0.8842154599429399
0.7211567633277476
0.7751322607871403
0.6122299545321073
-0.2648779066884783
0.6412171023018822
0.21367242916189433
-0.3689832737671783
-0.15114948031287812
-0.14155713033021788
-0.6948174191720173
0.3814140336026055
-0.870259460770304
0.1481054236982804
0.4124033362248123
-0.43547917550968296
0.40279670113560795
-0.9795663287282528
0.9324066527246286
-0.4021226621346874
0.1674208722334758
-0.740752003944043
-0.9721419300704388
-0.009136788362179571
0.637890558309554
-0.1794970834558378
0.22470775457793724
0.056986924624765845
0.3981931595924375
0.16001452218828272
0.12888997606346653
0.8814852167069465
-0.5805736055547426
0.9781458190520216
0.8293850240196023
0.1666115751514805
-0.6845540991717647
0.9853428512191689
0.8890526597808284
0.7597929946207003
0.9866447551786124
-0.389193702725781
-0.28252616014737275
-0.06210006310478722
-0.08379898604710423
0.4297247102108257
-0.9184078541260678
0.7825364069921326
-0.540037977383774
0.3536132742066034
0.3475096625039964
-0.07874152810548019
0.3290418765355534
-0.004561811493930756
0.8552153400133347
-0.14413781095208944
-0.9171031620581438
-0.4450571992344168
-0.7789759546333732
0.3950075757542637
0.5321228950955614
-0.27567912118063087
0.29028807555453207
-0.8073016016686361
-0.029537634897156773
-0.0223074915453636
0.9246381596101154
0.02797390464334515
0.14012625316408833
-0.963028416365802
-0.3034268721525466
0.4848065834319488
0.22078926840673763
-0.2299620614879705
0.9146922482932538
0.41314405668775644
-0.3380711839721986
0.7589378158019311
-0.026207045561779996
-0.8751543656528391
-0.9755844166940149
-0.3173102589933865
0.8654634346670094
0.10366040564740553
-0.30809087158293513
-0.6842976458199321
0.20162741742794088
-0.7644613739256936
0.783786196090025
0.10330561995887444
0.18515729493109778
-0.7348842528514965
0.640048487412378
0.2575284092682286
-0.5223972894763851
0.14957482793251087
0.59269233056869
0.17559404867594108
-0.8580257277917207
-0.16544912805660816
-0.9769675161379505
-0.7773544704685715
0.14635149776505263
-0.39841625512247636
0.8997354879976471
-0.8190532950172134
0.2741679106771939
0.2721017143794404
0.5173785219966291
0.03449229108779406
-0.7520036175746896
-0.6692787736987094
-0.9569202150609388
-0.6653070893965121
-0.5658833786438888
-0.9658545125640161
-0.4941079039021181
0.8135918235249324
-0.6896346300751122
-0.4076756917998057
0.15852425269290515
0.33086584074998604
0.6090990541030992
0.43139133502387006
0.7886649095427034
-0.21093974284430916
0.2442665440730858
0.4171820122297367
-0.11564694056678526
0.11651707115858723
-0.7159565311087572
-0.5770658750946227
-0.7698881690973729
-0.5279253823837422
0.6984594259598429
0.6016509146768072
0.5000237076529914
-0.9080756917569213
0.6343746720004337
0.2934264858980482
-0.9354066124293261
-0.9987549984341968
-0.7955147613585598
-0.7388807223466429
0.6278148619639954
0.2999517615820313
0.09613287478725585
-0.04815863684818278
-0.35352466520360615
-0.8919867090368594
0.8438214210163779
0.19911962476832024
0.04823215302263795
-0.9508357625928965
0.16658845830904068
-0.8544776064429938
0.6502887819302177
0.2950785168362966
0.6106484269934458
-0.6644244477351262
-0.4829541725841373
0.44952996631184106
0.27944553508478576
0.3119366915558417
-0.4766869498878068
-0.17993506860544284
0.20132470238227285
-0.34937047563149615
-0.7003917886809423
-0.598463089104118
0.8164685399797089
0.6830645309795549
-0.34504205128005117
-0.04428304777419112
0.7278585542466856
-0.4736529958649105
-0.7928729323114043
-0.5662930587366002
-0.35337751283133256
0.6543456769237166
0.4948046781690949
0.7537132502039561
0.8965143032152298
0.9605507630208596
-0.33135793723524687
0.9329790416666255
-0.8905940551765015
0.7667520838344215
0.9931021218348397
0.6884601655007341
0.4659715520258241
-0.5523393929249238
0.8171593205842695
-0.07139842105437588
0.5837054579311856
-0.9227895375954229
0.730488745429936
-0.014471149648678239
0.1319807396585042
0.6496548796539507
0.07861490146999883
0.20290781410359138
-0.963385661313902
-0.6269135142268976
-0.2051184883161261
-0.9136873759257225
0.8252772631758254
0.6726803844373264
0.2504780818131973
-0.21587216317570346
-0.5327046635347816
-0.20009210207868255
-0.2601255731333947
-0.4699437733107332
-0.9015781756655354
0.657083696448912
-0.759917699100318
0.4769954270284542
-0.1182146390654133
-0.41419352664343156
0.5458860162586558
0.4355621872345372
0.8026386937503556
-0.5053341830418852
0.38412993703098297
-0.11539434030995976
-0.3403492232419483
-0.825438244852341
-0.27737002681209666
0.9403953934964782
0.537734807632384
0.8179332152376888
-0.06407463112802292
0.9325127252805803
-0.15157916165088148
0.3156201768945046
-0.9943659478752465
-0.4829819098466659
-0.3022822903630178
0.4249155730048235
-0.8801812201366916
-0.8293853613275293
0.5927367128995371
0.2521131010978399
-0.5989696239765077
0.6382318868746637
0.5492026109955457
-0.3607430386207826
-0.46860738810588454
0.12911296512998027
0.08467642394566077
0.72030981355041
-0.9982919114575011
0.678835960882382
-0.5569206365871979
0.024458321624104995
0.6841579988990518
-0.48731054942903906
0.4629519155667341
0.3793126893103742
0.6487747928128889
-0.6161717871303893
0.623246653419179
-0.24198846582129852
-0.9750415715949641
-0.7853892964162381
-0.6570621974740352
0.0067162101085624926
-0.8209865575258783
-0.5769315696478308
0.9825581271376629
0.2764421329964879
-0.1885569891589165
0.4501332473300297
0.1739056105263932
0.2681618447789966
0.942345603366257
0.8029162728675512
-0.6925858739775708
0.5057944508819838
0.10111981660337466
-0.8924546839749832
-0.019473744348339928
-0.25158984407492757
-0.6316366724715805
0.4570303755794627
-0.3083776685479447
-0.4268915771786761
-0.23010633462467434
-0.6781950251615068
-0.8109806357727212
0.43533411387552157
0.6636902721704645
-0.9789460215357932
-0.9111497141093694
0.33034634879131897
-0.45119500417211
0.5157401871712273
0.1187458587753194
0.7850686504442199
-0.38087430055966265
-0.36122086057622416
0.29997216079737554
0.7109003532648352
-0.6947287887006064
-0.6322576753283224
-0.4180729833596708
0.8192932675642743
0.895768870484936
0.7839600697636322
-0.3769865513278894
0.812882574782473
0.7557315233999093
0.9841854722408481
-0.9917329060635927
-0.1095639483653652
0.9615758857755488
-0.5249318061035666
0.30773028394368906
-0.503059062776468
-0.024554840255956112
-0.0004301273778191117
-0.3669326185468693
0.7151560513386737
-0.11105833087795824
0.19716502668421043
-0.1479771883599974
0.4071364307453671
-0.8309341555385392
-0.42753461770015555
0.694863973633747
0.8513349337086105
0.998191313137698
0.8114050663932812
-0.15223784680989216
0.6747924303544148
-0.08825221085261492
-0.2782135814044806
0.9139332420779613
-0.5833960612752245
-0.4570084162997705
0.13806782292115938
-0.09545305557615213
-0.11882737916273434
-0.5068804335789543
-0.2264883935127684
-0.6946835019735691
-0.42267421734381827
-0.585245344652908
-0.02871207524103503
-0.9872292830935738
0.7243525672873601
0.4979846487991084
-0.2111967991081649
0.906334255368122
0.7992212301153674
-0.3507564025992811
-0.0556063783722589
0.4720692468969736
0.6687527558124635
-0.3393333166203456
-0.08468659356017905
0.4647794921385515
0.5688448262940784
0.4568047547172336
0.4132158427624568
0.6880788972936915
0.7879312913618546
0.6218408269729421
0.08265027902997035
0.12320445800953705
-0.6027866226684497
0.3545100501821352
0.7836914203351755
0.5069206993014461
0.8430313484622998
0.18969314075475796
-0.49295236976156653
0.266815145017536
-0.5830431242824554
0.34617622565177353
-0.7971658888526072
0.9836460850107134
-0.5149557559091855
0.44753992468162473
-0.8536732996578003
-0.9549984044890494
-0.0771038080517259
0.1646910866020519
0.4683485144924524
0.6304560259860956
0.015060452894045895
0.9414480818961009
0.2150397526471053
0.5471704581093106
0.16418693596001388
0.8037499052052286
0.5584177970871291
-0.5616103325557797
0.6756547085957463
-0.5397387571509913
0.7676451252954652
-0.21628167428853873
0.6380104923082426
0.30333722108085115
0.3635504335893478
0.10659333098608892
0.5235264776409405
0.44199454644766956
-0.8259508048993167
-0.3667626389122849
0.7616008453479399
0.8711082200012863
0.1441522838088014
-0.4873635741720648
-0.4228052455891611
-0.034274766034506854
0.6864271856343964
0.67985416456399
0.2696139720488995
0.260974862753268
-0.10035312360054904
0.20641372209966602
-0.36953856034366983
0.35189910961424253
-0.04415279687603979
-0.6411100858115957
0.8596277755846828
0.6137268019740489
0.006484732185334741
0.8389023103729094
0.46436433222544005
-0.082250203362636
0.7784592347624975
-0.1932008914710115
-0.6612858454339698
-0.7790794500422471
-0.25055553977591827
0.7278866277819853
-0.7845439664653664
0.06661100890812799
-0.19514708044993823
0.9998563453642544
0.16526949808400682
0.3146920655746206
-0.4223712228710901
-0.4756151356410898
0.004310660694310409
0.07537796257936868
-0.6573099100845847
0.3478938779880476
-0.9001371367429967
0.9095104910839851
0.2618614951170579
0.97470913282415
-0.2876243171183326
0.7241639131836979
-0.8441807234256486
0.9506909195112536
0.1761556389270571
-0.5272946389431088
0.7280663046305049
-0.2077141222079295
-0.9328026182506546
-0.4092013098550533
-0.14186533521675293
0.8725929098747267
-0.6733308476452995
0.21857450474245654
0.9224750666955901
-0.08789291762006979
0.6641349060104378
-0.2586077428192648
-0.4196751124983191
-0.5478002478992894
0.40037012084620716
-0.7415823626046398
0.7114720099518639
0.94831465585018
-0.5321066464789874
0.6389560064343878
0.907383771627186
-0.7294110078482219
-0.1615407198902057
0.26905115620009057
-0.20995474933077896
-0.8815035418546135
-0.15260878444474324
0.09019707798749721
0.9561836439887459
-0.5546964368385285
0.5207008013875274
0.7253445191368797
-0.8992964382970172
-0.35821307086206344
0.6640518051082298
0.17068243924133975
0.9941578356841567
0.9412485628334801
0.8777753172687124
-0.20297357828893992
-0.2603856576095176
-0.15443678625772805
0.8992127329599879
-0.20943366101409855
-0.085987115127232
0.9432224251922128
-0.38373795950591183
-0.04052290435267736
-0.7640056041227665
0.26406217210590444
0.6768991898580949
0.4621340026743608
0.9669748002644996
0.24494608157233855
0.2620960011646347
-0.792761135969676
0.927150306256441
-0.03757567887131197
0.9874616461027508
0.14000595798349558
-0.04132643092907551
0.8107169250814239
0.12173327548034107
0.34211901470191597
-0.04832967296314372
-0.733216608989578
0.547902538757373
0.47223948617497613
-0.037755004491533795
0.3593479037869698
-0.8158951435060566
0.1484206814451685
0.03859482582699725
0.16195353900611797
0.8622297513624846
-0.8499373933856791
-0.31419179314676615
-0.7998402105251019
0.7396913140679804
0.21480593291174932
-0.26908259260448
-0.3578839360852304
-0.38309084951534755
0.4556749002929068
0.4757948870004143
-0.719510862988765
0.9334632136777086
-0.4430741157551079
-0.8384019181827482
0.36992020338141574
-0.8478176539770319
0.7191446825892707
-0.42457755292038213
0.9651908706363692
-0.8540936201209155
-0.8732519201971687
0.3847001660208196
0.07052611469526049
0.13620720033506006
0.34433299564827835
0.06757871949280347
-0.39213623483587723
-0.5989915769198313
0.10146073155713653
-0.41326607547851313
0.6581895015350927
0.317551435255484
0.1525092868332214
-0.27790383252779693
-0.5717554500754913
0.2527118785228628
0.03444500447967225
0.7606329471902353
0.4238366399476101
0.6948033854078779
-0.9716394697098447
-0.12825930769218918
-0.4356183749617
0.3194678003626068
0.15045710082181096
0.36561098084675003
-0.06630836897385639
-0.08088553579083158
-0.26129013301787873
0.7306738455455304
0.22365942877820166
-0.32657626823480923
-0.658966607857189
0.6821477616727152
-0.2819776676812593
0.34278972495951754
0.3166850632724516
-0.5050735746251336
-0.7263702899340279
-0.8767893834144591
-0.18307881884984423
0.8353118060251827
-0.009214902325475949
0.7391019322930747
0.30321368706981144
0.912165783358194
0.7059000313026171
0.8438928492613822
-0.9182727594713427
0.027689032770360722
-0.6128591706068127
0.3698397883809703
0.44366694167147
-0.7513045395371933
-0.12000366153551201
0.6294097416547753
0.5389784758095622
0.6515273659444676
0.7395337500938841
-0.6892053691449933
-0.9976191903845137
-0.925506535350743
0.7966206090878212
0.6716116983752132
-0.8810790386616585
0.47705584826834446
-0.5442634852165209
-0.4243048946656245
0.101822882002085
0.1861108803605167
-0.07665166525269074
-0.7798209333674406
-0.4123731153901353
-0.38250595023684664
0.7872181284345523
-0.2787881985830607
-0.15832748321349177
0.36902225206211625
-0.6924172820198726
-0.776491257604597
-0.9653801126906703
0.27139955945881256
-0.5514888645730007
0.5758975181961616
0.7714455061945211
-0.1020709281381964
0.43412618438985917
-0.0586703377538651
0.5597997926694482
0.19822071628794058
-0.7386588583418965
-0.5510809960357386
-0.47199436671759964
0.2623007750581339
-0.0675220749858052
-0.6891305829627461
-0.38508718484992954
-0.35504792515220296
-0.03915231438575906
0.6218922717443798
-0.21653250525475465
-0.9595717322161754
-0.49293460162572167
-0.9809975379587734
-0.2434154263530326
0.2691215909984974
-0.17276586074443956
-0.10932810003217441
0.6069041312746479
-0.3767741399787521
0.40500530588888206
-0.01794210958848841
-0.9370688817699391
0.030553186639732832
0.15211838313288073
-0.6969692453654712
-0.34137996592913633
0.854192801465625
0.7605043223883723
-0.9400296822134413
0.7740745106047933
-0.7301675297291998
0.9706272178711521
-0.702037721407129
-0.11327250638569653
0.31681045876348746
-0.31190179359052084
0.1574270115486014
-0.3815908295076529
0.8264230781031319
-0.6593349205945267
0.6281780018811796
-0.6956664481684705
0.3826698340428012
-0.44236420276127175
-0.22125311244778856
0.4174086245470914
0.9072825692930875
0.013228030503976695
0.27254503548789977
-0.4899751981618796
0.2989726692697001
-0.7694591546026599
0.27904555447111434
0.7069559342665355
-0.9260486224915341
0.6058777199838086
-0.2851298436820826
-0.3192064004801345
0.05480053587952427
-0.27201725807721333
-0.8329653187316779
0.6009632353226717
-0.03066762722963534
-0.7156714602310668
0.3287992914243778
-0.3848148311028372
-0.18880577407543808
-0.5211247025923464
-0.4942707186189601
-0.33487130832297907
-0.7565999894066524
-0.9840094131496324
-0.5108342481893484
0.3168214525556352
-0.10796076082542849
0.8170560326692078
0.10659239105429719
0.17658654910288796
-0.48293266185027317
0.5476855152697278
-0.5271423038858218
-0.6191802298935272
-0.12016854468876925
0.9626451439657577
-0.7260018527541092
-0.6482373013094658
0.38525002613632897
0.6197444023198133
0.2540489922777913
-0.7033884141738749
-0.9755951654631461
-0.5943006464872509
-0.9322872213663271
-0.5225445236877644
0.6786644812253186
0.24683580095392266
-0.08825091462998325
0.17748212939538255
0.6950127531432546
-0.3782430644286572
-0.20836010026309149
-0.6747749887531449
-0.6350340191981587
-0.28389659089932096
-0.9872821562667378
0.456580004548764
0.12942442759361605
0.6223943639503211
0.9530588481585665
0.5868031398208604
-0.3143338914895635
0.19953674022758605
-0.7583870403608506
0.2965585673958566
0.4407771156062219
0.34008685568742725
0.967050589866302
-0.9596897165071048
-0.12004376954421492
0.13484623837405452
0.32177881136779596
0.653659883336611
0.19283770776272058
0.2593143240370779
0.20954828720628704
0.48753638219463413
-0.6994134842400344
-0.11361830749492996
-0.9299458030331165
-0.5588399579048571
-0.6311840795563692
0.4069470388571028
0.835045349371381
0.8979435931437687
0.7506174247835924
0.15505214341967966
-0.41850619607232464
0.2301668230918965
0.6563823548648771
-0.4864964704013386
-0.46342251298550186
-0.6770097797833137
-0.40119216752517595
0.43521684304040553
0.7906756474709158
-0.36958486753899256
-0.5954519194793002
-0.4156477361870057
0.9174530987482505
-0.30017052237109754
-0.8703014792763062
0.2505495301318321
0.6913189290482238
-0.5737414110479337
-0.9076128603239324
-0.22193099193290378
-0.11938052941764732
-0.44080999221348405
-0.7406997023971393
-0.5296643278771949
-0.2913567931005381
-0.5590785229428803
-0.11008553676730415
-0.6887312566210659
0.5936974475367411
0.3144588256742791
0.6816626805076185
-0.1663356073647777
0.1970643156421732
-0.45792417250779005
-0.22477583541795432
0.886658222901141
0.6855422328042515
-0.4709240512996653
-0.944931743699466
-0.19365075817485167
0.4752266068336224
0.054437239745037225
-0.5020766455231724
0.8373695232662763
0.27045718601673685
0.432777432535143
0.09319508903479257
-0.5475202511375532
0.17271593900189286
0.1714052019748986
-0.29773704643961474
0.006452727267640013
0.07618159740379515
0.6682223429887801
0.9085120170938843
-0.4139680063948732
-0.5755132318252716
0.6175831772434397
0.9911305832030071
-0.20791879090910692
0.9289795752732548
-0.36279318541900674
0.17489125527397742
0.1249706591886166
-0.1462982187377846
-0.5725511292571972
0.8736765116775962
0.7894857166488192
0.22776831622345317
0.6051586351346327
0.2917091797077034
0.012755793573854035
0.6937243520311522
-0.9299878829331301
-0.7573625505818851
-0.9690329964820723
-0.1239072872182041
0.18935225387107257
-0.8509762074997895
-0.36364670628438955
-0.27181471685351233
0.3196502271974593
0.9130257291330914
-0.6279094047649476
0.3708498786021772
0.8799219043701272
0.06132893160004649
0.3494744205716842
-0.398810714996517
-0.4803148487004707
-0.6366634631019688
-0.6388102907513817
0.38048370279165455
-0.19343101023295772
-0.8290848033108826
0.010952156160845217
0.967708185636661
-0.8996684485561606
-0.38436841694517665
0.47867264424176437
-0.8581477678925584
0.924392158912914
0.7560679325687032
-0.9285805097875868
0.4602662869926515
-0.906120824196639
0.26316686224025365
-0.8368753200447088
-0.504567004479779
-0.11523141853198005
0.8251095285140133
0.4522845359039305
0.9381821214005268
-0.7103080564507627
0.6294454411846224
0.5437953665043491
-0.3666662612403171
-0.5483869719288088
0.9317520004379181
0.5393697292533888
0.9502059334339477
0.9384289622211799
0.14406538427631954
0.6218847112594026
-0.8655855896441027
0.470407266314419
0.18662878507982206
-0.7844658107919862
0.7914524307049329
-0.6526200573573215
0.8629285746203259
0.5289055507308977
