0.21614726004309248
0.48063659489954036
-0.5701048391198256
-0.20116968876945784
-0.23078543134220242
0.15195146135806947
-0.2958601966302614
-0.06251506913756444
0.9096720823081252
-0.11836293180036495
0.7721234974718716
-0.8270888294897625
-0.17433108154899912
0.8191666797749075
-0.6629971790579943
-0.36589581578964303
-0.03852954562244526
-0.654367705394322
-0.28145928546196575
-0.13382502857936962
-0.48935666580847736
0.0005883256007919169
-0.41287477991197563
-0.37239171076359145
-0.10051933472763652
0.44746339567446114
-0.46882457279490564
0.20673783937158885
-0.14808029004373346
-0.48686540659745137
-0.7908820458568602
-0.447645287499278
-0.9080382757244638
-0.8523314580154722
-0.9674851033732015
-0.5881176376743733
0.8808404137545827
-0.9794410458621778
0.5499830454557773
-0.5351201069367753
0.8122542805604847
-0.2792420592640614
-0.35233558829863876
0.4784840673058235
-0.9679136499017986
-0.45692600981378484
-0.7500234303842228
-0.21740089992810185
-0.25876815356855554
-0.7033985594550474
-0.6892906656230102
0.9058467602592333
0.6230655750951088
-0.6389238940480066
-0.5595751324511082
-0.5712102630731304
-0.3414404898574519
-0.22300035921099215
-0.9893124743307022
0.20654784069737375
-0.3140214418319225
-0.4324639844666278
-0.5669124360562108
0.06489630422475612
-0.839570423811081
-0.9242803194656499
0.4170715833758074
0.9661602978052581
0.8732363040749915
-0.21063924108016652
-0.3908979648076485
-0.8469556446094706
-0.8234859735260025
0.48745376322414513
0.14175553971632748
-0.642483492991899
0.6073808140671151
0.6708463649634255
0.1306972081644946
0.4266508827664648
-0.940390914056243
0.008816940830678188
-0.12404751203358155
0.7244180372084756
-0.5062439224579911
0.09661971771131972
0.6127853332941038
0.21353653636350822
0.3835720228304016
0.2174921485315322
-0.7628819563994083
-0.46438686077711644
0.5916236575241394
-0.8610145211483204
-0.3209025999180908
-0.6075764963693628
0.11512635799929583
0.37595896744587454
-0.619165873514294
0.8520902888157371
0.9879464934171087
0.7965565324223705
0.5330463854129537
0.900193643418419
0.8193856967925124
-0.5829920877872352
-0.8881538908841555
-0.16726676684617314
-0.04976297415735775
-0.7062915734319943
-0.024974232698293797
0.49039515300915215
-0.05180351736042477
0.5073939240789616
-0.5377548221161788
-0.31222609937657086
0.6927865804396232
-0.5021500870484343
-0.8062881954544991
0.9501298535488327
-0.06891137913384604
-0.3378485965722866
0.6205734099986429
0.3670201122724974
0.8757822855326467
-0.11306129395895925
0.47498501777406843
0.3361509212765601
-0.7079761579427037
-0.8497806537262151
0.5456270643792891
-0.2869200770002305
-0.7652168059907778
0.05887064923920082
-0.18693932148518644
-0.955202940006324
-0.11518799612608
0.8059831415239171
0.11548150454570538
-0.05836199161788724
0.7274963415678164
0.04900348330937998
0.8907423926197571
0.2177655053923082
0.4755796423480667
0.8860398254432442
-0.26148907784202424
-0.648909589289272
-0.020237694142633433
0.07362405187420262
-0.5658782826415436
0.17058935086243276
0.6036005486661069
-0.1632421613728483
0.05879232246875299
-0.20468852129155257
0.10681219490788174
0.9128185652731617
-0.5368447380908155
0.5729805313634613
0.06342288674707541
-0.33195541780578575
0.9310582538661667
0.8142103486812517
0.20394972831189295
-0.06465746874953204
0.7613208893579313
-0.19821185941131558
-0.8844284239192661
-0.877337423914262
-0.49574130719537823
-0.502663296788904
0.6371667486252137
-0.5707357794777683
-0.08887676385116894
-0.8566865811812552
0.19185319601185546
0.708462585727845
-0.6072461201017196
-0.34058625901486295
-0.8229124962525327
0.8551541631168191
0.3027461969194418
0.9269426287195548
-0.302020734095517
0.6715353003613846
0.795862884956424
0.11605602361525413
-0.41726255782857713
-0.5578961642468838
0.6796832050968162
0.8562765267187495
0.7517982981650491
0.7945245991387122
0.8189272322529928
0.8556901788280233
0.8195316224701743
-0.566774290526429
-0.6740055466660486
0.49798046935092954
0.41022006060910843
0.9960424819730633
-0.09097066677530474
0.07622040942466057
-0.5606218295429548
0.9163324679289699
-0.6697256540766372
-0.4279387160184316
0.7191937754449742
0.22562268972781596
0.8083849132296912
-0.8851246392997953
-0.009443492259243014
0.47410022472327307
-0.8018956763981355
-0.9398540093358443
0.12479764357136847
0.4605170152620899
-0.388770056474288
0.8193244791372198
-0.3058900838930694
0.9460075740675131
0.893980041529334
-0.7049710871672099
0.7702200087879956
0.4714739899608871
-0.7180170191855102
0.9543659432057785
0.5366422134503273
-0.5689565501251743
0.9253640300127877
-0.23641336024824522
0.48450079630708465
-0.45196921496475406
-0.00876877904760276
0.8710204127036585
0.8834277619533706
-0.5592410385884399
0.17502591555029157
0.5144863603401171
-0.6310681020311109
-0.6309365642986804
-0.5844085554596128
0.3912394669082331
0.263952376480038
-0.5469577846409543
-0.6005915210452839
0.8698941238511133
0.3875026561792936
-0.7828388824371779
-0.7634971661182592
-0.2945029303120439
0.8477255593790913
-0.91919345578042
0.673975532777966
0.10427932481872482
0.4499405124149738
0.22815431359450833
0.28172793360884785
-0.4500965480010113
0.9285991973577534
0.33173098795883105
0.39527907032246157
-0.947609496218218
-0.16992254503162973
-0.6497736412975066
0.4185913095407534
0.6252340680084847
-0.1006074256623688
-0.9248676983725101
-0.5327917651070528
0.1583626386789414
-0.8743369062391166
-0.3121648128186729
0.15748858982143732
0.3676065275736222
0.4518971730287433
-0.10874982398232813
0.945541777811548
-0.40457727951053224
-0.13377246108007923
0.32789505973664723
-0.9781262189248108
-0.9554123498383251
-0.6518926845680195
0.9511907760228662
-0.07024581471881564
0.5490952659565511
0.4495101523043803
-0.7071004802314291
-0.2510409720227891
-0.23586588411125842
-0.4045260094494174
0.2019282762708121
-0.9271557256792884
0.2856395662626603
-0.3114737739985516
-0.508979724490964
-0.0021158374142762337
0.9899201765034102
0.7193818088782127
-0.3477326147804505
-0.7075429395834942
0.7163233909881284
-0.07012695494846954
0.3241439932708383
-0.9555101673108559
0.8485786032023033
-0.9369380436808619
-0.5415824956309074
-0.23003488015696516
-0.2788193570571993
0.05259252872328379
0.37907865631710314
-0.8703772518665263
0.7909846221140666
-0.8869078395215784
0.6048984780197555
0.31977708507389635
-0.4716619467437859
0.8667056525268042
-0.8182349065925121
0.6646099353343811
0.6223317083172797
0.182712286551157
-0.060594898014644016
0.507267402699449
0.4208233067242906
-0.8185490372045863
-0.0606316876394104
-0.0536846884929254
-0.8170980439848481
0.8373213757902946
-0.7853063037151484
0.8990140944267497
-0.18552286253745365
0.8132851993391075
0.6800433029062061
0.38612665296399973
0.13616746318631656
-0.19765929983955566
0.20061765194174197
0.4156782289004062
-0.6671495215355376
0.4443352153878406
-0.09501545633836006
0.5811206032641751
-0.8837500000018361
-0.960570021331907
-0.397075944961057
-0.3527337114903537
0.31297201649644313
0.7048975109729465
0.4884611827977543
-0.3040378936102923
0.8719030016087672
-0.8128107262495743
0.16827028042880388
-0.7950160536572035
0.3912418877387809
-0.1276347619282696
0.12947605525065708
0.56755627119556
-0.7504048417434872
0.19664032827027
-0.23610339697980276
0.9357689865954091
-0.20468448557174646
0.4454557236736534
-0.4019485973305976
-0.22224293737853373
-0.9314600643930753
-0.29687378548583787
0.002215003210291222
-0.26971790184046807
-0.8644182326371739
0.12307079023249212
0.657140802531349
0.4325722911716052
-0.3723006389579171
0.5119122509223508
0.9828942293194198
-0.40980148169632424
-0.10577177113645608
-0.3643917714934566
-0.03335441965588726
0.9041156776562029
-0.8108572077199252
-0.12706574778946367
0.5197298750349355
0.654659842526973
-0.4520126058837881
0.059831046508191044
-0.6952191389154418
0.3491385694062885
0.9635199530573759
0.9731577500187316
0.7644920138616766
0.9833863520343828
0.773443965656718
-0.9088708858777022
0.008866015670461636
0.7576634040595476
-0.7669181169001453
-0.22863424640418217
-0.9567674278705685
-0.44446729991013556
0.9170225459576742
0.5179204774952901
-0.8630907358324582
-0.9899110036618646
0.38182883605118634
0.45548762247227037
0.9908113909704945
0.5734752721495819
-0.8286447698050277
0.9467100690967711
-0.7342932696486231
0.2259378120322164
-0.1745118404735575
0.8566417356463587
0.1988722023806464
-0.5936008459207891
-0.5873599932593929
0.8744288966728881
-0.011322742437735567
0.031668041792146884
-0.11668835015178192
-0.0653261765099018
0.5920815932165882
-0.998241830865767
0.0003229694197366406
0.9482387404647292
0.3896964853058089
-0.3213426422518515
-0.6428955178473195
0.6793144395890796
-0.9198566528766794
-0.026914386564629078
-0.3414414544589408
0.718065267850337
-0.14759144850572947
-0.3642891001923685
0.06630246904770343
-0.7637869711383154
0.6299724937246156
-0.3019941402636972
-0.010865145139776766
0.4563305396505897
0.003179950209487359
-0.4598747615433849
-0.2824804703564072
0.7419476908143847
-0.8579495370774741
0.2627600140430242
-0.10759176527840286
0.9953241228203831
0.9428115071053353
-0.6492384422670294
-0.6079947894130073
-0.6349760450297479
-0.26409850386745815
0.9350975939133717
-0.6983910927080443
0.1509912899519894
-0.7242687247581336
0.44949932581926744
-0.9199400091523844
-0.2501047220466879
-0.09278654368655115
-0.45122067463007065
0.7112431475253831
-0.8019555407621652
0.950878455015919
-0.10267789299423558
-0.32084771747579777
-0.8367246957215948
0.10437576522488778
0.7692453456696744
-0.027478598253233733
-0.7018703043882275
-0.7716504106284963
0.8034340003328211
0.7242915966603427
-0.6663935047362981
-0.9487494233890212
-0.9931919007043346
0.5244826712362405
-0.8492256388710291
0.2970894605068408
-0.3090317297881193
-0.6329370577491076
0.8798745791893132
0.6899087134425548
-0.749442386688594
0.2731506017262155
0.5260641880569852
0.9671851206303164
-0.5012736101335165
0.500064208241803
0.753590190109481
-0.6264788208971606
0.8143224873101154
-0.4717022414595029
-0.10981058851574299
-0.06143853599080806
-0.676659024782853
-0.28935228160638626
-0.775676957894998
-0.08186888912197321
0.9943967869986938
0.9661717318109331
-0.5177120166547555
0.35229646527499114
-0.7543533639420392
0.3912035918489136
-0.44153441068091603
-0.7609427893190004
-0.48381047325149473
-0.701629345580544
0.04760016831455394
-0.7004456684052807
0.5044182034547615
-0.9756992443745474
0.18746205360680723
-0.32202481447198905
0.5906836398079338
-0.7533384757813688
-0.29605343390385097
0.6449383765398427
0.2901320153442226
0.4849926291682294
-0.13266255964530482
0.5646757338435566
-0.576374319116042
-0.6038014342782518
-0.7046669729667656
-0.45790208453694126
-0.19403110172766858
-0.8938722552709826
-0.6928737554504074
-0.22958061019494536
-0.2622745394678465
-0.12415235171708883
0.03206646539038527
0.6369367191363844
-0.04394085739245179
-0.9047925806770982
0.8154369487688753
0.2707905282006071
-0.9049910190748243
0.29511269883248414
0.7985725525749117
-0.791857851810688
-0.3058607848189383
-0.27949810358678073
0.7031980837586407
-0.5068101610524036
0.006872630656785006
0.9892660299439731
0.9477654292496192
0.9432616521593786
-0.4070227694011941
0.3947289718009743
0.34351720647319794
0.26784561374807025
0.2939097462129374
0.481019398429412
0.5893001995124163
0.9652156261466296
-0.5459253567255702
0.22538277115781113
-0.6999875160741844
-0.4406044549582424
0.15895916841543856
0.7488716506328839
0.9320511442260992
-0.9051610792596947
0.2528539670089638
0.023859772952175673
0.41908412336918666
-0.2726620733843086
0.9141054941261075
-0.23075557181157325
0.38998353737742675
0.5454339648645985
0.214511885379975
0.4936055479921313
0.9618088689354802
-0.6293581053984378
-0.7605896017031262
-0.5457955098638694
-0.5409543623907385
0.437606779664206
-0.9579303827078067
-0.0251980159898062
-0.6905452140907142
-0.7043899938368299
-0.6015879215979876
-0.9418226430307588
0.2832111982654093
0.312818489899263
0.1975425177376644
0.7211287092665404
0.8567028081702632
-0.8264271683837914
-0.04631527866042151
0.14222084469008967
0.5117197279111625
-0.21250735333561122
0.0026645921780059645
-0.5213268590689952
0.6571552368114282
-0.23756308549623362
0.044720090036773685
-0.5042058958322024
-0.8769040911298456
0.2961037338964845
-0.14967220627730327
-0.337321762874113
0.6735100838104711
-0.1795736398110228
-0.8376611297732612
-0.7503908588293482
-0.32281496944217847
0.006750686456858501
0.5792388525791548
-0.6160524810869448
-0.8130912341921039
-0.8970494006207923
0.3294662982743408
-0.06500769682074603
0.032876476376654695
-0.6408382493574754
0.5276719053469616
0.3902843352654193
-0.9127504411392122
0.7443645778010655
-0.115451000922149
-0.5245250356890521
-0.8369916901190024
0.0977141041942815
-0.804683997761602
-0.29362227114998984
0.5864286841892394
-0.22015320863927945
0.35955564552788255
-0.9074146548988358
-0.886693068632662
0.7716351777072947
0.47374065687044586
0.8365990493151345
0.6056451491805663
0.7620389008005857
0.6125044347599351
-0.06914793682299702
0.1512203264896299
-0.5310720724293918
0.8003595237524836
-0.49830366650161095
-0.15551602023119826
0.9477152099895063
0.1294224085869664
0.9114654083942388
-0.18410319020033628
0.743614308782645
0.904188896089527
0.08438224676696215
0.5846639391260517
-0.2033576425336503
0.41374568780681886
-0.42397014754860995
-0.20262824688793413
-0.5562487844613819
0.5782390261819352
-0.08216630541066161
-0.529100085295251
0.8539532942900672
-0.602919266234959
0.7912237509969751
-0.15230530874120252
0.24954294073734418
-0.5426208132419554
0.20848982755884293
-0.8431730852068744
-0.32105922166425716
0.4144954967968659
-0.06409727107894292
0.23336606482754085
-0.3247649203746954
0.5001413794470462
-0.47718655025462264
0.7732448408601225
0.9623471643534838
-0.8436426057434017
-0.8029780531645447
0.1515609678246881
-0.42382416694980396
-0.7549247623050794
0.23794052472402893
-0.8957644249530807
0.32661119729860055
0.993630073255416
0.6528273530529096
0.541186186849649
0.5257631553422986
-0.08470389759342734
-0.15093949554528852
0.934911937186766
-0.643211826368908
0.6938730805955575
0.5154586977796827
0.7983287990583947
0.7160059638652594
-0.0855436432345913
0.15558375956988324
-0.6062866804612266
0.2512872513557234
0.6395481462683674
0.24316796818500008
0.32794844217543884
-0.5371379153728622
0.4927906094301957
0.9220516522804103
0.9150946438121625
-0.06167793274699385
-0.294584176886457
0.020965823568707798
-0.8554413279875615
0.2738448300905252
0.6246566392195836
0.776491968845993
0.03557453145690381
0.777492971355509
0.5224431411591328
-0.3734307706854414
0.4057310157255707
-0.4130877828203041
-0.2482447400088197
-0.3638753837980082
0.9952993276027258
-0.6564364878769784
0.21946946997279393
0.3027431438957784
-0.36686143481450073
0.296430541863399
0.9439784977530641
0.06417549775945175
-0.008237050676308533
-0.9056278402231643
-0.3289965409276796
-0.7611499115837228
-0.8957079678662758
-0.3463851780155276
0.11598126974925749
-0.24470049843882702
0.6486742929852787
-0.09714578315805333
0.7912378848362673
0.7813638560049527
0.9614744492863267
-0.2822182579818817
-0.9045775799816147
0.6043294036881153
-0.9182493434545094
0.6656003182431729
0.27573691615829454
-0.01838580151254443
0.08666300019712314
0.06128118590908116
-0.3108237347492768
-0.6604382119021608
-0.24862013393282179
-0.11493791742297366
-0.29741679510323116
0.8568897097906922
0.93449916180197
-0.3539904200250308
0.7634350219995953
0.19962208693274408
0.5531957571794783
0.9661425849810861
0.1396484770787103
-0.05714046535012596
-0.40690273088617035
0.8110745671441402
-0.680169982423741
0.4084817458373813
0.6424656524942409
-0.5031415709194504
0.8177370239693169
-0.0334960899965393
-0.872955901743034
0.43964278232361576
-0.05930775267127486
0.7425560913458231
-0.0012804206641987559
-0.8962784417429785
0.009903134714005501
0.3770622734418996
0.6668563560781029
0.4223539517399184
0.6537370853095923
0.6466771638964703
-0.6535179605080812
0.5502043391809746
0.569779150858506
0.17517365866314005
0.32002681554163126
0.8389613784222538
-0.5714143747331701
0.7894633328067999
0.12079391978556009
0.20668203730894352
0.8021145780844772
0.5123194132844775
-0.1598883382609042
0.39474169419801264
0.3296265072644413
0.9586611412984614
-0.9940575836074725
-0.5004926647019046
-0.999986149441253
-0.20885009773759755
-0.6311613519019863
0.5229038187641957
0.5184346926850594
0.6461930045657636
0.6613995257370524
0.1494695981196681
-0.37752346743600373
-0.40122285712111516
0.9407051650562381
-0.3304289544802066
-0.21614193504538726
0.8814531906696856
0.9709921307595855
0.16688634734791585
0.3226077505785354
0.5232588089511327
0.13396285841535183
0.19465759292953067
0.07650756343680798
-0.4207705840381033
-0.9633504953748999
0.2596751379042068
-0.3088350270241562
-0.5255807874444567
0.2206579404822797
-0.520222492389141
0.5456051214529074
-0.9588610897368397
0.7795782421051303
0.2610063429853695
0.9344124073827222
-0.8291942956912095
0.007689147622869541
0.9977760233203083
-0.971156472194999
0.3889642581819801
0.23482562764159276
-0.4191820707067757
-0.415036746693634
-0.8374589173526743
0.6339654323570105
-0.3984534784712579
-0.40002919381342994
-0.9191444365760131
-0.5109074478148896
-0.9950442391386569
-0.16614902790662334
0.45248855683104927
0.6123354917303963
-0.8775261725957664
0.4338644394714901
0.45490105935741476
-0.3494050804853195
-0.9853708130841552
-0.6476512224770283
0.8564202267035483
-0.4667026636064153
-0.5740863453865412
0.9327012685727314
-0.25880265454053286
-0.4882639813801768
0.15725239036900218
-0.832317040507067
0.8587598143242892
0.23985968275001146
-0.21845801406139054
0.858956059274204
-0.696882101575709
-0.6125615300754903
0.5429914419198469
-0.675378467267721
0.2215316654010584
-0.00456936367749794
0.8604939622701226
0.5437937829518722
0.7669836722975685
0.3859065814297997
-0.3851625615470391
-0.22989876632545392
0.3039687044543189
-0.4269512742024253
-0.5330311447209484
-0.9498164328370116
0.1664509471864235
-0.9933538395796664
-0.13329625908301423
-0.3073643306992584
-0.2440481813203712
-0.28514245539826333
0.9046491291523959
-0.6097522270110387
0.5000760239020194
-0.41537495204234287
-0.05296596487818994
0.21007146869329096
-0.07355652995776052
-0.6196978456151754
-0.7586291895667887
0.2025331246306057
0.28756642025910506
-0.8380849162852517
0.8157888814884313
0.9057321372659008
-0.9296094384756943
0.4151090171698004
0.37238929755115446
-0.24850058736196123
0.007816065547882056
-0.30267214675628407
0.8178180143485336
0.6224706292952611
0.19882003246730684
0.045034093014700405
0.6312366387227124
0.5609481561062932
-0.7629568822771973
-0.6686739303898881
0.13833952401567262
0.45115807645858097
0.858849923248727
-0.8288155834993891
0.9726592190490266
-0.6934984587164528
0.5442038986373452
-0.904294039807751
0.4529279461780422
0.6889096132650911
-0.8133969445478055
0.07733452518006878
-0.4067331958540128
0.4908451705359047
0.6842805513572237
-0.6090398715936227
0.46028942013233753
0.3623350262682934
0.24710134653552895
-0.3996512629960802
-0.7323637905849283
0.4395516697504396
-0.7267132456159779
0.5443487147113681
0.15565669371121227
-0.15715793608401052
0.5304515355243036
-0.3083618458868509
-0.7312275677414728
-0.1942628307798968
-0.09844361912292054
0.10969139286960994
-0.4654063882158508
0.9678096216335295
-0.42032394069512846
0.8608155141628264
-0.9073718690440746
-0.03411701766171449
-0.8868525229379478
0.8551692318571587
-0.5914724235433209
0.17048859689976492
0.14025076677226567
-0.8174870535518368
-0.9439745532972312
0.5680576797570269
0.7534091004239758
0.8803083340349525
-0.2947682380289198
0.8575170774070331
0.7509330861398542
0.282885126941542
0.0291886476359986
-0.7094056815053631
-0.41255207659735094
0.6860417115169233
-0.5422431496222093
-0.16895437366653687
0.23613565767039413
-0.5031386366764283
0.2245466192093044
-0.8662952952179697
-0.5584536246772376
0.7077431733737407
0.5048550959811131
-0.7020491550533887
0.8552233803730933
-0.31820768025263146
0.5940411401726327
-0.46039868351721647
-0.07907767349317374
-0.4923219023862109
-0.6280656128748883
0.5720212686196422
-0.7656008997182877
0.9601592225067237
0.4392588212711388
-0.02333499309918108
-0.5457560458362583
-0.3907626963572757
-0.08297235953086357
-0.12502602505047822
0.756978149824258
-0.5468038999833043
-0.6047593628745225
-0.21745139492323573
0.2389531986432485
0.8957608404636319
-0.6505663159829738
0.4137017791005908
-0.9576235442081003
0.18291016491208412
-0.6905107809183684
0.8682295261287081
-0.8206524303773428
0.7669335122091538
0.5637712308395799
-0.24955293240204046
-0.9687986491646121
0.6473681855477709
-0.21853988163865634
-0.40445282008373407
0.4357656186151566
-0.5198926182829464
0.40387908351651336
0.6541954377511323
0.3894230351921244
0.2509799738920895
-0.9290367691758867
0.12884862915058082
0.295652430942535
0.20785523471429235
0.9701454363419455
-0.1548540956082376
0.4955224551555235
0.720954367526641
0.6314995598454596
0.8988949424749326
-0.8471220893095368
0.27305393844707715
0.724130249048172
-0.30949588583604015
0.6611194145323076
0.7804539536790158
-0.5019240628644019
-0.17047200575472776
-0.2932509422386764
-0.1813727391508635
0.6008445348780189
0.9760794000196575
-0.5818027936948205
-0.1898516141626938
-0.7106257034380559
-0.6416410995282662
0.6467471334568418
0.7276484960426135
-0.41352059480998515
-0.4845416481873899
-0.5328246329258051
-0.8634325392458719
0.9102441352916613
0.16606168483409722
-0.34733380008229897
0.27279056646625555
-0.2550464821117362
-0.7945057947945349
0.9533370903155207
-0.7403676739876683
0.18189104586492189
0.2903303638078818
-0.428127989455811
0.8489117950476786
-0.1275324930700672
0.1791085722070136
0.6527800677090942
0.24038017160493164
-0.3285085937940544
0.8924631470471431
-0.8593849355245102
-0.5504920533174891
0.5058486702372595
0.048564606518044506
0.09701802664954129
0.6244583880800947
0.6155488923291368
-0.5708495026516041
-0.9638705911827019
0.9232631761096763
0.9280407546277494
0.5364224752974229
-0.008051192402726226
-0.16077037161091012
0.49820427163332526
-0.011031256001550416
-0.8176968477158346
0.3533100614573734
0.5468007645667303
-0.22964560622496588
-0.5507342120925793
0.09973945681931817
0.7186453444224836
-0.540472025366328
-0.4096305228647903
-0.9448654706391924
0.3512478079128729
0.7563334269071849
-0.30171526396812043
0.49265971542765064
-0.34720954590429254
-0.04998219136953619
-0.19985090656513504
0.03942982890942881
0.5155511734582137
0.2869785939438656
-0.6565644384166704
-0.7948091019788166
0.7005279099287738
0.6113285407246749
-0.7555080016461515
0.9065711412257573
-0.6006325662345169
-0.9345698611448621
0.8842592531237321
-0.6647466630038055
0.24937206186961447
0.7159001200871877
0.2900596260624184
-0.7878234674146518
0.27233680454929265
0.16308692401299973
-0.9669035990464041
0.17158810160891913
-0.5746795028865219
0.06912733696342954
0.9944608246446349
-0.785009738146853
-0.5837872064271179
0.9404677599327917
-0.4105447964435871
0.5996791856689585
-0.8800252449577526
0.8928460077431544
-0.8627344683819367
0.934161054650567
0.3248463745031771
-0.7316710959318513
-0.48052015454226216
0.6316017575993707
-0.42630918943948637
-0.4374837881930922
-0.8734729899962996
0.16416211820429827
-0.9602228077157544
-0.8954140726540496
0.7939536990483882
0.39010959701116743
-0.3093967793238024
0.8385004801222837
0.05343782985357248
0.3539625223705716
0.9901379702446003
0.09658924373059596
-0.372150413986466
-0.47939767109317755
0.04269702414034082
0.5226931984679746
0.2948999173096465
0.2790679367087483
0.5422762142506483
0.4588999396363336
0.8998712280896044
0.32346392542240654
0.6367798307673016
0.816355522417751
-0.20878892532869808
0.9685378601612342
0.39065511834865596
0.12194851936386986
0.5118432010869636
-0.08881757449129934
-0.03747079885565907
0.6083709113235107
0.9326817859452934
0.4794035061513564
0.708822334480266
0.058511900065941314
-0.3034601659359808
0.4832671769364405
-0.09223439582593818
0.644550626207832
0.591485783624407
-0.5475967963326094
-0.3671015244907818
0.07626965174786249
-0.8134973845182822
-0.39590128166738325
-0.02606188131043674
-0.8416226009984751
0.3718643975585969
-0.6147953138049997
-0.4318326403313344
-0.6420847623571493
-0.7089071737282477
0.6434594637492139
-0.3476412062697556
-0.24681883343706978
0.49166394455455076
-0.35898015918318116
-0.376275532471233
0.5437971071448082
-0.7361779954052348
-0.3300535378296223
0.14088888915652586
-0.8292287093873008
-0.0471926871008177
0.35213092234980437
0.6411536525846242
-0.09378635517078515
-0.9777387555279875
0.2890015221326523
-0.21193883963116633
-0.6068531225475615
0.03385393769649969
0.9726819935964199
0.335357983925368
-0.8312795469710768
0.5608799797600332
-0.802216196131804
-0.5698484492398848
0.44761409498928706
0.8843998098778656
0.7094055998634143
0.09020556774009103
0.45141358619819427
-0.699793386381047
0.44557971529247276
-0.7955031164852164
-0.9476409197977176
0.8572073142273817
-0.43044891665329077
0.4008103624849777
-0.20090961864897605
-0.9977027907662881
0.8834559363316234
-0.17872077850312396
-0.19045122369484768
0.6097937120100039
0.002450171337729845
-0.5094817405422847
-0.3133851214246295
0.5955025389138022
-0.0021573214029906307
0.987056127741246
0.4654063276599607
-0.5449975621773686
0.8111244553614472
0.7900127651491327
-0.871947055679356
0.9488868547441771
0.25606806484759326
0.7968933384341508
0.28369855248906206
-0.785194115323987
0.2988317386028718
-0.17721072078560374
0.703842792548298
0.19125905172666458
0.1390599085819626
-0.5011299757496257
0.7633780615256622
-0.17107872960677595
0.8976921229305674
0.9714415395174745
-0.1751689798973166
0.2166200406969392
-0.94628477012485
-0.48717772162141393
0.06468916037186845
-0.23230811431149312
-0.6064937997364372
-0.33602080433515
-0.485448042697429
0.7979913400398897
-0.6080226935441249
-0.04007671595840545
-0.7091489133319275
-0.6186305812711725
-0.383799737544805
0.6560902488416491
-0.5831162765043802
0.4900510088445178
-0.03159570779802068
-0.02406944270752187
0.010269668551982303
0.27751595802981655
0.9109025518193861
-0.8997162069861011
0.8328291057601833
0.586163119391202
-0.08427325405561192
0.9024417550024941
0.3729998383570643
0.4808167784350643
0.3171326127093983
0.7070275919724411
0.7051976883992792
0.8530273367842724
-0.033161311703973295
-0.41448488142333817
0.8308500754468404
-0.9734589166588297
-0.2382066739396569
-0.708813926993624
-0.17532816960943687
-0.6873480420185563
0.1041219418123136
0.5429079597035105
-0.5107909855853001
-0.13201334368864437
-0.43369738049289963
-0.5973592403352779
-0.7492483384658648
0.8674927182305272
0.42590682345565645
-0.1466115009425779
0.38381477229503513
-0.33255500265492977
-0.5861098677769927
0.20367289523283882
-0.9328092221608228
-0.41242033704817604
0.7899470723838717
0.7669521943458659
0.14094772506498265
-0.47599879354900665
-0.5337115458994304
-0.6731728028239823
-0.654700703846824
-0.4325012326197313
0.5104422636039829
-0.336467710887959
0.9510332979155924
-0.44315769996982923
0.6080503884258777
0.2870525785754674
-0.6273396549127639
0.9656036358532591
-0.10796490647921742
0.8378125071506277
-0.6313281716572661
-0.9577625760352899
0.9914069379450159
0.8604452291378619
-0.5148555111597404
0.6326106195309216
-0.5752822148139805
-0.958939225682415
-0.09528661571334807
-0.27422185939038535
-0.28738084986170653
-0.3505909503011211
-0.6073469987689926
-0.49961115254078603
-0.5836424498971757
-0.6039990084555904
-0.8572706378496064
-0.9485133521226419
0.17496340218625872
0.6509181949515186
-0.6458951489886673
-0.6415303705010409
0.3247249004238182
-0.28905837858488237
0.67424381813322
0.04722125386680176
-0.04247254208721918
0.6018365235795058
0.517801634478275
-0.6935481572957181
0.2828012416170076
0.8221433488414895
-0.7225966985955268
-0.4567668771198141
0.7369531002107765
-0.10902220976641885
-0.18278324361131992
0.23446098330699905
-0.5665754837641075
0.6630565117126066
-0.9072349751154254
0.8747937453425718
0.5737553870700527
-0.6057123350083196
0.2844012128667319
-0.841049798116414
-0.8743454971866083
-0.38447831579007263
0.25437913595942385
0.2640610954980309
-0.12923883480672926
-0.14669744884851954
0.6046595094587821
0.604117074717267
-0.8312835809381891
-0.5768183668474063
-0.16211156005776006
0.12041959276646841
-0.3277833588189121
-0.632924084898747
0.9320692463151834
-0.7841759419843746
0.9992747882733959
0.6349942350961366
-0.6585928648877541
-0.9927254379665951
-0.4050125162993403
-0.7386579166413776
0.9153870926755805
0.2874764808503698
0.532954792677151
0.8871361444254078
0.2533844363739739
0.6847313250934088
0.1781106575389031
0.6159147030152394
-0.17050372765615607
-0.17765289422987252
-0.3237587606898682
-0.5888610098900173
-0.10512522884986719
0.023401753454899588
-0.847173395520302
0.22431991794820627
-0.8645170601664682
0.34792628981825957
-0.7690012057121256
0.802977541348314
0.14530350832505423
-0.323299473339159
0.9460465907563527
0.3891201014063912
0.6099057597048061
0.7872567678307287
-0.9433943437797798
0.4856677586177678
0.9146351387114717
-0.3499594373407693
-0.027788717385753836
0.36174863961361714
-0.8726158928242869
-0.1223670406508961
0.39669887080854327
-0.24620089721093685
-0.7845835289984542
0.1669112431428097
-0.7635489784097169
-0.12184243480094548
-0.8805813832696541
0.5369033253950977
0.980049254467275
-0.18710027005655716
0.6298814708845815
-0.18547039267919363
-0.35492923678780075
0.8333852281958676
-0.6593218059163826
-0.1915535181211787
-0.10706569754640682
-0.843491511776981
0.5306672781187245
-0.4706935846401721
0.045962130212036545
0.7421132840575853
0.14581212693709378
-0.5174867120356563
0.02828601212704851
0.6580952988143105
-0.2518843403069455
-0.2009236808938879
-0.39297541732366126
-0.3804174785921439
0.7927287890611383
-0.6578180863468333
0.8985795127035412
-0.44824447334628625
-0.29632221550396176
0.5189203560018432
0.38715359865134236
-0.22215327620851655
0.9028413234570338
-0.5663523572334217
-0.4600569836172328
-0.8146542655529934
0.8807843671001858
0.6154820243812018
-0.9560208408400079
-0.3249741162853439
0.06816504618929886
-0.8127544089104894
0.8004173682913627
0.34849198698570083
0.4188772703367143
0.6772465447229492
-0.15443884990027024
-0.09347593548439992
-0.08908087261231845
-0.5881716361174796
-0.8474610757042722
-0.831512017078827
-0.18845601490386077
0.2774838301115943
0.7160762491547958
-0.06553646700112692
-0.466470162409526
0.7323228394969867
0.017826305613070526
-0.8772556380084027
0.8908610953269065
-0.8821318381289083
0.37006241900951964
-0.6737959574726937
-0.3636121367755045
-0.5412597771007548
0.20866879371447755
0.5660097966687818
-0.9772982622044104
0.9525695796357989
-0.2348341166082426
-0.9954520211994486
-0.48177425012596076
-0.6895175715421593
0.7152828324867879
-0.9411768061359402
-0.8693440937417938
0.2876258027905063
-0.6558935251045466
-0.12173778493591159
0.36413295416504754
-0.6486482582773956
0.5140054513941794
0.8095302971280627
0.7820980456411599
0.2603602323067482
-0.35666057608949453
0.07044084052348776
-0.2770757875342027
0.8241345743514219
0.9600693481189386
0.05297245317396615
0.8372747162875511
0.16015849639512103
0.2537705864327613
-0.9115789594738313
-0.22237658172478114
0.2956007758567998
0.6800979975470358
-0.2800396499784563
-0.658417960705012
-0.7085750951069687
-0.34082944951837524
0.8642710667820552
-0.8204744695191042
0.2198374141379722
0.009611251520453612
0.9816736761853562
0.5567451275114221
-0.6764053897523501
0.7232029229369479
0.5872783998838138
0.8878511585000295
0.8354778882484486
0.7476798696944575
-0.4572517521079007
-0.9362555735893474
0.3582644662847765
0.6830708741510594
-0.5271565982622877
0.2783238004239321
-0.5401754026512438
-0.3854694878189888
0.49717305260197664
0.40329081520597754
-0.8020480108640742
-0.7221356253907707
0.35717442971941193
-0.9678057483873967
-0.5021302809977259
0.22574708266084964
0.4790814433119741
-0.9446304830606256
0.08153518948828542
-0.32531309954620813
-0.9274174170385379
-0.9460711504563231
-0.02434090493096308
-0.5693997033535787
-0.8321455201317365
-0.11329640189175261
0.18566435719109253
-0.6820521506767538
0.6906197399213283
-0.7089203237579706
0.3798272042248012
-0.46486036429294453
-0.7572131131284159
-0.6998329081105354
-0.8558744742504092
-0.5423736022851444
-0.002695537932381198
0.15595173572145615
-0.23108888330837174
-0.7503138923041393
-0.5587346559031823
0.9616772517233492
0.9669468269083488
-0.44416804970782975
-0.12702712337120103
0.4625954702646964
-0.8262799201357698
0.08683917679011066
0.5648610671447889
-0.026447586913482812
0.7563876480592728
0.49082957523489434
-0.5350338496075082
0.4739113386615872
-0.8207773438273833
-0.6532803655239434
-0.2581502036021792
0.5749662735011245
-0.48023304851333926
0.9926440766612787
0.8156830797888723
-0.9355200364815237
0.3859770840858632
0.8403317373395605
0.7606442735806205
0.8125701061762589
-0.31432430803547984
0.3708303800792201
-0.5527232744873989
-0.889980677642968
0.7675350009907953
-0.6586653556248452
0.23217800368859365
-0.7045594560735435
0.01886119123411123
-0.8175186937019212
0.09356787041050052
0.46001146120944947
0.8536244418353336
0.29903005373449476
0.4263032290745987
-0.7107542333778905
-0.6299582349104298
-0.43548271578053144
-0.12766322659132623
-0.21356422526735952
-0.5032944518154414
0.02743405894869788
0.5333059571205343
0.5901301638057797
-0.8022734463598353
0.49411482484751357
-0.9365184441891694
-0.07746330344211816
0.00832823585659015
-0.39698868522603203
0.2760410967783191
-0.17973016371160733
0.2854194352249304
-0.5853524021240086
0.862138486295057
0.985334448880091
-0.613668602667444
-0.38895654682076186
0.24324402944931323
0.29685541012806027
0.06101024859754145
0.9137779305089377
0.7883261446322478
-0.7067953558123816
-0.28011060724405623
-0.32444682723370444
0.5535508985963422
-0.16876308595374367
0.955252557891958
-0.4061663054095539
0.4406304313900593
-0.7429746952913499
-0.4201110538004207
-0.9224264786322074
0.4613878380656242
0.5989850653677504
0.14544231446998723
0.009501425524572227
0.04105965135291312
0.5826862730258175
-0.9839535298911941
0.21644061519204727
-0.8352476438863321
-0.29179110227001415
-0.4656430033186645
0.06111488087195305
-0.16989531598160146
0.45079043575150046
0.3949662017231641
0.5260259978234731
0.8109416304026877
-0.07663744511078052
0.28372091700759117
0.04610030917136099
0.34570267541654487
-0.4396038712608905
-0.9609761998360242
0.6485320879098184
-0.19118260211940963
-0.6015350077320285
-0.7411695168028172
-0.8157864779585764
-0.8131704008466454
-0.9308302437243743
0.964588965388804
0.9821381280175379
0.46328225038657544
-0.04091234007000377
0.6528680608087147
0.026062372580136994
0.5731572125512319
0.26422126886350705
0.8711219429196215
0.2017802888361122
-0.5807379254436245
-0.18305080636865467
-0.5964054095636824
-0.7197753057392777
-0.4215443715169418
0.1636193180747656
-0.5762029671953284
0.28896362148613197
-0.06923907447130495
0.016058907205354078
0.27634519701163307
-0.5429066919852525
-0.00888594949619348
0.8164119397312843
0.09687054480358803
0.33422554582323794
0.4631844671624281
-0.17469692332655695
0.5178848704758281
-0.13642077247113749
0.33104232169046277
0.5764225436495292
0.6193679577925126
-0.4821483475037014
0.487613259360014
-0.8572566358256772
0.9533709935425161
0.1344816185874187
-0.10518406496182209
-0.7276662911388427
0.15914360079598655
0.08861105094383381
-0.35098422083866176
-0.7690238465998323
-0.8723787208733806
-0.9510578673879844
0.2291485497655077
-0.9668793583967212
0.004680445827992319
0.07157237950655837
0.2296683427163977
0.03659575168432205
-0.10867431048402443
-0.9910059630036936
0.8381760806364413
-0.1743798670626815
0.8716770072642728
0.5501007922467631
0.8982664243634368
0.6874831074868477
0.30139168592362964
-0.18014455897099202
-0.48328423710013557
-0.4559563281085086
-0.9119432121042739
-0.5164082422871665
-0.7734118440158677
-0.15922934226199836
-0.133826626665686
0.4378640496562971
-0.12772324535636503
0.9997744710683001
0.7053503070395326
-0.13264986438893533
-0.23481317554096304
-0.3227306692864098
0.0938623692201026
-0.29807512188611174
-0.49342266791069056
-0.08969489782516638
0.23538889671957408
0.35537956578949514
0.8347201774281381
0.37976714827758107
-0.04225293689365306
0.33247304875993366
0.6317468470894922
0.10443465516904249
-0.24018213306125946
-0.5920977959674785
0.33701824669388203
0.725279875130874
-0.04404600331738551
-0.14658174097312848
-0.9455086639111536
-0.02508378510350706
0.1257820104658507
0.7728384190068289
-0.6485964301987779
0.6290997680254693
0.020633305740220154
-0.8419509874945921
-0.7223488534585825
0.6599624705910172
-0.045970671240299854
-0.16275755250372503
0.32264458885178393
-0.13192276975211548
0.9361246547719706
-0.9113869791912568
0.05176590538102421
0.9804651702157516
-0.15539689688208402
0.04346938746147888
-0.7975791342678118
0.7307194525336027
0.4341654874523926
-0.3801757424170982
0.33506994299902737
0.015623397021779839
-0.21136427920199186
-0.7230600563963763
0.3323876763090037
0.693804945457654
-0.44445640445577284
0.7549233050919633
0.3452863617497228
0.9951233667777726
0.37817202465842414
-0.43819314704820367
-0.3336022021285421
0.9794142963471022
0.8633271949151282
-0.2629464569799189
0.15487677770473285
0.4787220870537656
-0.06191349716768535
-0.0991119020694382
0.34094960542836006
-0.7673812695615903
0.8470498563272184
-0.39480565124382916
-0.1829512462901397
-0.7352713365302728
0.608483958761945
0.9664474675461439
0.8555508395047153
-0.45032270479660386
-0.19684532156305257
-0.7285389633397785
0.13929601231053712
-0.8485296911779963
-0.8996645716991276
0.7492112350431572
-0.2460234720273653
-0.06986976917915033
-0.5475445799462284
0.8231834466171764
0.8889675018359855
-0.7987108459813128
0.252388765271778
0.7303669301770119
0.8419518212621544
0.8745748777261255
-0.7434124702307776
-0.4797059182665053
-0.9019803008650786
0.012687615756594717
-0.2735084469398825
-0.04119020972022547
0.8203058377216055
-0.07400235229993846
0.9555712647608043
0.04987651889166811
-0.7908076688252312
0.8868738201064654
-0.8833191225859629
-0.7638275054133525
4.025240324945223e-05
0.05703339646219807
0.8302858782072697
-0.8701570251075512
-0.9061938287116582
-0.9632508897236904
-0.9365535729351855
0.47603313391753144
0.32457484182470475
-0.31926317257527503
-0.34479776406084284
0.06392561603286495
-0.30710017128774325
0.575122238179385
-0.901450717000617
0.20110349544156314
0.9986173664127669
0.7201117169822122
0.07127584058952463
-0.9836215123346375
-0.7502452122282406
0.2856781883081898
-0.8552294968925565
0.24922094443187603
0.7065247594651645
0.31119174209986045
0.4690232357266666
-0.00744238316172785
0.12971715566547615
0.020257572423698855
-0.9577496585140348
-0.2741992776045181
0.4699057696891833
0.9104062356268368
0.6478296744631258
-0.9942505381659144
-0.24190404867295867
0.5683169580920546
0.31307811643973604
0.7291327425911638
0.3365237639975285
-0.27569921736133773
0.895886633144104
-0.06765315290129248
-0.3034107215162889
0.02138956321612051
-0.30795714179053246
0.14345116610561814
0.5645251138363478
-0.5568492154399125
0.2859570892159944
0.44572994082318695
-0.911803117050723
-0.3340085184791035
-0.7338991691610106
-0.18160866531833486
-0.827505226663618
0.27920268432764384
0.21305473545699938
-0.11139046413655618
0.7917254936894775
-0.9281457951376293
-0.5251801272112153
0.5575365646302339
-0.24677880968656907
-0.25262405751374506
0.652027237256499
-0.2654437863316228
-0.5104421783060253
-0.18568180190198547
-0.5235271824960863
0.4798859744930839
-0.6914020658294158
-0.7653837156025414
-0.5913440874556317
0.9890354516251887
0.5838379919046979
0.7871418188402863
0.2923350295363769
0.7872164791664418
-0.10922313671021522
0.9078353408137527
-0.9242495222240781
0.8930801932491019
-0.24037475454110035
-0.3101117732569014
-0.7390878467390285
-0.16758560524682786
0.25342627800744877
0.3808156015463362
0.37917679757097833
0.8024233913154482
0.03872092026414298
0.5307319896614655
-0.9332574161650817
-0.4161111838100515
0.0065161749154658555
-0.6214914389905861
-0.39164177124321453
0.4731191380954223
-0.6969206314965974
0.861111902315375
0.5290110561586101
-0.6949766433789284
-0.9190640511953627
0.6032463872893219
0.5819389200000538
0.5541091149174393
0.5332218923990142
-0.22114551942597793
0.8459602344187891
0.42695148230984437
0.4164862558131137
0.1368866813283316
-0.5427557456978436
-0.20558850710072507
0.45444977684778065
0.047025627649233126
0.9563027403323854
-0.9815804151018448
0.6626983743809454
0.38810028001554087
-0.5266699125673391
0.23919891118977565
-0.4955340141284095
-0.007393065002910593
0.7343069742726995
0.3229544695915918
-0.06947185708247527
-0.16846064686990547
0.5557955257692437
-0.49335678144069695
0.7921586919671006
0.6120161600503595
-0.3849700172959938
-0.6627590057487343
0.9110122964910006
0.14854540942832806
-0.13438202028749568
-0.19139389155389508
0.48957453918551175
-0.06125092122066822
-0.14487050910760435
-0.4063569686410067
0.4891389297960709
0.7452780753536568
-0.018610754437864196
0.3492791689695818
0.3036784252543856
-0.8072872675254628
-0.03702588147379937
0.17870825837647364
-0.8947794953645494
-0.021732574536175164
-0.7810396625734812
-0.20820865149588008
-0.7509823395701949
0.30291886519174094
0.11092720738330564
0.3480134506885548
0.9800775172969098
0.4438949001086754
-0.45683256758662427
0.7380040990614882
0.3693285271943745
-0.6527732392393066
-0.18500502806401542
0.27549274085622555
-0.8079711199041888
0.2422289627912091
-0.9053184887495707
0.5277786426676732
0.48552173948862776
0.05998697976423273
-0.5658268981300776
0.12306278280350691
-0.14257195816236568
0.4431298897571956
0.5472561380596987
-0.22205259731022053
-0.404730129004774
0.2517027420773561
0.8351875943208549
0.019028989570880395
-0.024404871444233756
0.44086330895764037
-0.11067270189282241
0.3859753464156157
-0.11979718008257012
-0.8897306784517613
-0.29932654800194913
-0.7802937985543255
0.0759580207296564
0.15292735327110418
-0.31399705002599076
-0.3026287449849254
-0.982874197138446
0.2783008398451654
0.6835630890883553
0.5229928759131739
0.8738820291889591
0.4923368881072099
0.6152831505849263
0.41825653362082416
0.5087023863805407
0.5818352976655157
0.449347521105933
-0.6759203766955086
0.4137570240322368
-0.918073338322061
-0.9700672460847513
0.5551629538197997
-0.16893831759557076
-0.834941484345568
-0.36341761737216816
-0.6628272114684304
-0.6857540489149097
0.7187383499025404
0.2658363789114073
0.1338812400586602
-0.82888113480227
-0.08774156321112137
0.6386344412966074
0.7036868213795691
-0.508330703720304
0.9236862720095753
0.8044149988345661
-0.675719818689138
-0.9377649863892192
-0.7972837535524144
-0.9484566074688698
-0.32047715680778066
0.6416091232120098
-0.48154699641912635
0.5115626621281779
-0.16138472988408936
-0.6911291820542027
0.0182337225129785
0.12349333851152156
-0.86690522548475
0.03806145284173579
-0.6780471492173996
-0.3992719487790961
0.40878968046317077
0.3062845330847854
0.8634103703819214
0.8112307116026332
-0.3108934921041633
-0.030263361089881702
0.17284772648804458
0.26315565313578415
-0.20129341958417246
0.9798427972983421
-0.7816545251152127
-0.01027745566179128
-0.7132457410577235
0.9904110536796578
0.35754016102170305
0.18298567807446786
0.8170076893957328
0.6552434679068018
0.6055910938723303
0.687763846371467
-0.05639725286296704
-0.5901544568318864
0.8207592229388812
-0.03717229487093543
0.031699377850759713
-0.19686558263946052
0.5327893209862682
-0.5304335556985877
-0.8074344310642161
0.07969762502386635
-0.6680369735660865
-0.7748546249238857
-0.19052902966057306
0.04936271907389411
-0.6092368099477197
-0.6036211714805522
0.4272876512993362
-0.6081156710048738
-0.4779189434449864
0.027916754258794363
0.16538950807152286
0.753602713484101
0.7344167187329278
0.06276421354626627
-0.5482345019760333
0.7166654327427753
0.6621994926343862
-0.4592281502485136
0.5826367714145875
0.9390999581508566
0.8808609006960333
-0.7741054626224904
-0.46709761251888726
0.11913387971329525
-0.09807619556280867
-0.07847816203771485
-0.12034933163615058
0.031641783749786434
0.2976539322589826
0.4016588569436894
-0.6165829056862386
0.7394198737246758
-0.9181135434157364
0.5222190507319369
0.9080426430405752
0.21017646409630908
-0.6363484674993833
0.5075833766237376
-0.7539788376738967
-0.06291127817992503
0.4646845556317101
0.5783459878303339
-0.9738561377019965
0.07261083135343638
0.7944643549918049
0.33457781088550265
-0.8400596604680242
0.8487379094190597
0.010684038553282038
0.546494663732068
0.2837556363954321
-0.6701542065454975
0.1242532314760334
-0.036872449822477726
0.16424160892757644
-0.5302062378529078
-0.48387507776685634
-0.2691450020592725
-0.14702035073722075
-0.021657532509107957
0.2054320387236923
0.747657636598718
-0.9399193791371541
-0.8099049788313437
0.08592525226618108
0.13025308546953163
0.21701290218823788
-0.33738179880949515
-0.5572895282422403
-0.0068540804534131805
-0.7828353465172488
-0.5165217529346127
-0.10014903810695364
0.6004111003410073
0.6340819533675368
0.4602925702484346
0.7027379522653079
-0.7279624538280687
0.13649332932971392
-0.6803150238317701
0.6603448873135238
-0.2033456051449125
-0.9741965933029169
0.010364720581407472
-0.4353984829158908
0.908653044712137
-0.8594626827234415
0.366424862901386
0.4221768160956627
0.4626556589403874
0.697993763467887
-0.300935406534933
-0.43097844054318113
-0.91985856027119
-0.9533515976361788
0.0520457473950755
-0.9794391764658645
-0.6752282737303212
0.11421262315415093
0.4329130020496532
0.9740351087897361
-0.46987290541019067
-0.39363854267661913
-0.6108743946179076
0.7774241649290414
0.8528804420391116
-0.011660402129172631
0.46300875703340183
0.025767106435446996
0.8594031276875302
-0.004216347246074337
-0.2884303633835914
0.3978682049874922
-0.2489233716887509
-0.2321089217784591
0.6887501766148725
0.1807669822203919
-0.7855590105286763
-0.8182653633847743
-0.5584324433773229
0.3981415245188795
0.7695022915827814
0.46979448091708265
-0.5452735835924687
0.6879480118810988
0.4714400468090141
-0.7256527043336811
0.031011193311118568
-0.22385605319109292
-0.458898463779124
-0.8105831446964453
-0.18449487939135523
-0.9530083862515
-0.023071376687454404
-0.9677680535625521
-0.7719322716256745
0.8832876838468806
0.3789423097837752
-0.0749063281840947
-0.014881176489932368
-0.6871765212371512
-0.05294326549281991
-0.7926144569193989
-0.2823722872219001
-0.9599895625275949
0.44021483139102924
0.9576609884435594
0.6470219905944179
-0.8494621502087623
0.385667838681792
-0.8175092532653432
-0.8673148898091414
-0.24542403955656877
0.4758260115360735
-0.14226371510181823
0.9261589000059753
-0.3220600085639116
-0.12526297654201568
0.22620513742900772
-0.5859498236884289
0.05308537904619559
-0.7893562770716509
0.44699987959238485
0.2417572008167428
-0.31860413334297677
-0.33000374923656306
-0.9977068789346955
0.9237353945651454
0.6013327479144444
0.6314113202718319
-0.6535894136435352
0.8396511872222603
0.024089059548310754
-0.48855473384039994
-0.2547058214719984
-0.7051191703862885
-0.49035797343179666
-0.8523704548292079
0.176581180958987
-0.6496839966055798
-0.4928420407173444
0.6907976247620442
0.4567181647643954
0.17345756573002458
0.5887658531866513
-0.5558163676773122
-0.531418398039275
0.5715749409709148
0.8521912960322247
-0.1714534671373995
-0.4195858163602626
0.07650604740739042
0.19607535139159538
0.08501750758602489
-0.18918730509565163
0.23673856923149428
-0.7295168817410516
-0.6301737730567984
0.3426399370887967
-0.9005159414848083
-0.19440856150257813
-0.5474283391011714
0.9985674097499577
-0.8627808283470326
-0.6437013186706444
0.38233520663715126
-0.9732031114554196
-0.28856025144475606
0.09066346114706314
-0.6355091205866017
0.9555846485716057
-0.8840946539827572
-0.09543304832932598
0.4005541508437507
0.08399153408236915
0.21978463748757648
0.9168579158358976
0.23050481229073205
-0.8138137490484671
-0.9593424056346282
-0.6457400538292954
0.634265901510088
0.3661612222026738
0.38737390791682547
