0.28484450892963276
-0.3402556828242502
0.612173970348278
-0.26793945831449784
-0.7964630851911658
0.25408098994716877
-0.6052376454607655
-0.2853367403661293
-0.32460547370958137
-0.29802236004227045
0.6906242788811878
0.5292055097315227
-0.5474113996796559
-0.30459827098281034
0.2101790187713366
-0.8723220294771874
0.4219703059628015
0.500964896696293
-0.9536129908512023
-0.7898119846392708
0.7153274828736604
0.0890371669805552
0.7586800938210234
0.673456352880845
-0.655677176814395
0.7406974087176958
0.5990651473940583
-0.3990170054197235
-0.3146209464747307
0.8975876013907631
0.41261088351128206
0.5258454449205303
0.5826775068939964
0.1555560622401706
-0.16889752746928122
0.7947498369956658
0.8720154425669759
-0.4935235997045295
0.705779573252125
-0.28984273954510664
0.7225546708047126
-0.17823916816179075
-0.22174812443850112
0.3094416583684614
0.21892472240665573
-0.0879742771693599
-0.0478065906242342
-0.11894170718525698
0.1682499745611561
0.5083143533818508
-0.40083013328785944
0.54967275331869
-0.9507130590505728
0.7251468617100891
0.6647258602731039
0.6806597694607492
-0.5502971188123842
0.2521427701928258
0.5448318386319471
-0.5634278437110813
0.1853183952602464
-0.5146277005082167
0.9671793114169347
-0.6070717211536698
0.29425888769062936
0.21323690200465495
-0.4203707246405106
0.4179464332325349
-0.6965955177524754
0.2169116980481669
0.8851914120370257
-0.6043888923541811
-0.16441288171237356
0.8433789345995546
-0.42621037804352446
-0.6752322246990936
-0.5584079466825278
0.6879695794775427
0.03800745383153603
0.9383878220437898
0.31637730414724774
0.9661089845362056
-0.7650826859572051
0.01865801469996886
0.78452647510367
-0.6480955011847098
0.2368275715960877
0.18353578383071056
-0.7519841261897466
-0.4711438226701601
-0.5022048737421514
0.43125532664717325
-0.6075586822791363
0.861325777578495
-0.4505032454463691
-0.22936900713368158
-0.19712076667154
0.813014425708644
0.717930539520218
-0.27523692031693203
-0.6264460863417074
0.3396478934639462
0.41230418632402976
0.7894470536861007
-0.5345180582944102
-0.49911314955311936
0.23294635713309475
0.6040097266245472
-0.8034758387596548
-0.9244347763841754
-0.19534641879387116
0.933922431209707
0.5303663299050725
-0.8860934673601262
0.5638689604858123
0.06453972297942978
0.28329307697009765
-0.44413647625427166
0.8456793201427075
0.9297434035924355
-0.17392433662805473
0.12732468509004224
0.3287036383009476
-0.800863077021255
-0.6051252838626504
-0.7084042481686668
0.553988203137435
-0.7885607517954851
0.9736997137775121
-0.21331456809772553
-0.8764851332898134
0.05853759366454514
-0.37214515425268435
0.996722179689713
-0.2996826485686286
0.7692024941166891
0.05927434857557934
-0.2539714145125562
0.025643909612089733
-0.006641494733768294
-0.15912612149766137
-0.5563508786758948
0.03742192316847315
-0.031170736681636058
0.0586423241066536
0.8550045137980022
-0.38315722439553657
0.4755048846791714
-0.53905274879545
0.7385565679292774
-0.38407218976375335
0.3164173053530692
0.5332864528914711
-0.9231245457104469
0.22202205078190462
0.38452321549728086
0.003999573418849378
-0.8711514994198122
-0.4278055889928818
0.13334588148094917
-0.20848373945450582
0.8471689772687054
0.6849794491283041
0.4916652664893679
0.4363167940166477
0.7415005471914784
0.7638199702747068
-0.016531003762981333
0.3584499497572069
-0.32191763010584773
0.9702635051393447
0.17789901142977516
-0.8363633325001048
-0.27338135259311236
-0.07058990514415453
-0.1831979285652512
-0.6303088099633085
-0.14385285510293389
0.12386101119679771
-0.8504134452016703
-0.38656442537787106
-0.7560295530200454
-0.3478022358083468
0.12049689548858544
-0.4808958335427562
0.08927337682765546
-0.516051923784959
-0.24236471091262635
0.3061754917300803
0.313071171447745
-0.34047316249826975
-0.667064385120056
0.40951093713363784
0.3896042663200856
0.06771373800365699
-0.5947036426728161
-0.540765631018534
-0.10159366697233119
0.36112335599626366
0.26112004070814554
0.27585274993745057
0.37427681953291025
-0.587337524818635
0.5614459115483148
-0.24801158929028055
-0.662391492118684
0.4589243569203094
0.9660045020257331
-0.3470538996126651
0.40081584785482227
0.17694794622570265
-0.5003658532430906
-0.8371502541591471
0.21431076420516249
-0.09925784444038932
-0.2070322065575736
-0.3296976218064429
0.4056153884937479
0.07983255705682657
0.7997642943026932
-0.1491528938221245
0.23661880993692974
-0.8816585267924586
-0.3445566183042388
-0.2518329793204739
-0.8465272941987492
0.7800610714603893
-0.7447875867581117
0.017904242872708975
0.5553939994902324
-0.4281229886747624
-0.9334247321074192
0.8396814964452648
0.9049024615895169
-0.4050262876569195
0.5730883466825485
0.6273889725246835
0.8307111102145397
0.3505096332134807
-0.8353383888680086
0.2939427327788551
-0.08672427350665801
0.40120115714111915
-0.5644237094133233
0.9219368806300778
-0.312476778829494
0.7367351466172158
-0.7837649230616297
-0.7404190844229819
0.11097448439768831
0.9386786518733177
-0.2608899174691339
-0.6766063575122936
0.16729794276173937
-0.13036745236721847
0.12111826192758235
-0.2520675591927275
-0.5846893003580989
-0.4104667803674835
0.9378007646372641
-0.07631318188294167
0.6717491280918553
0.26000350272893336
0.4861433554796746
0.9305522265344894
0.6468648336044516
-0.26429957559535566
-0.5688867682250782
0.7752027948265701
-0.4543018186295571
0.9296007737498129
0.5007648621771597
-0.18873924271304898
0.7990144925029747
-0.6245346855480121
0.9108367707415292
-0.32025923494446373
0.39292260745662655
-0.4902753813834517
-0.8984485262736415
0.8075355378622873
-0.9001566106337007
0.8093145139632874
0.28170371561262164
-0.8724082701294478
0.7959282024023346
0.0781432876980368
-0.4218116806760621
0.5514723742276451
-0.5432641656639603
-0.8820530390759842
-0.8144820822960144
0.6027552926965019
0.12424797287848488
-0.25986681141123125
-0.1185681536239458
-0.23231929886496805
0.402643010398543
-0.9369969067638686
-0.8890521671003428
-0.6516598979019628
-0.24531438428445895
-0.14451358629731081
-0.7601913534415972
-0.33577143528466125
0.10161313023420648
0.9710289913246772
-0.2841559010518089
0.8579679902970683
0.11093123310897934
0.03425908828169022
-0.39914251809774837
0.0620191388810003
0.577649771655443
0.49841845785153893
-0.2064088079802715
-0.3867951509116516
0.37743090135043666
0.10183184507325826
0.123107994297329
-0.3208376212409483
-0.8213917531003558
0.5166696602014431
0.568683083656393
0.7902681878736797
-0.7408889635786786
-0.24485994273468448
-0.47703239719358037
0.18354398322319954
0.13843040684216246
0.01582148626530988
0.10743835426399162
0.7233706802273954
0.4308769967656676
-0.27299004740537125
-0.47517565955000873
0.37981556955097573
-0.7527157361383636
-0.6233560199948807
0.04058293691467396
-0.678347218165307
0.643958913470632
0.15238052511900535
-0.13647255534157487
-0.047390117764491535
-0.37010911864338936
0.5051914130591184
-0.8531395673801427
0.3348746255231818
0.09749287461292555
-0.6663837949905527
-0.22416441589874525
-0.16829184640427952
-0.35277588498281154
0.2906523332531685
-0.7591143634048485
-0.6684559056104729
0.6167745160164686
0.5169631228149296
-0.7873858608334356
0.7286408975238008
-0.05138780196356674
0.15052311274425834
-0.024807195890758083
-0.5181873265993768
-0.583776433445238
0.37349743953659953
0.35757862463076084
0.8973460579458867
-0.20022428337857923
-0.5617135923595002
0.39391696641618723
-0.7460457295686684
0.18413897551631297
-0.2831848376549533
-0.3096700897827538
-0.7394026931719033
-0.6778028019586544
-0.6868887799775356
0.328683691046447
0.04374101823628518
-0.25280675772127625
0.9925769794524224
-0.6017563288404943
0.029553338288073272
-0.9315330087520799
-0.8367162731400599
0.2611939538885071
-0.40698746483774473
0.25755685927719374
-0.5741971926636917
0.19934719334297113
0.46825412974513414
0.6201977749018566
-0.8777167461974482
0.6653914511484493
0.328206490245031
-0.07645037526318954
-0.8373527710596076
-0.4386460202108178
0.750874574256017
0.7736223109984894
-0.1139592082929961
-0.10508239361824301
0.43275222129670454
0.4539049015264971
0.01709604632011219
0.18275663023929334
-0.610065841018949
0.9228709119141603
0.22637419070184794
0.056713575475721756
0.3056160251298652
0.8370251086848834
-0.9827986478428046
0.6958242171957825
-0.4402346174228564
0.9461797076246232
-0.9438283042201878
-0.13109779815010936
-0.4307505124366504
0.32479745238144764
0.373725707843215
-0.2243034918359137
-0.7540949949321152
-0.891702768310102
-0.7222226229498809
-0.525915524152412
0.6952925382838424
0.5305371568784834
0.3682558380906289
0.18341887700160875
0.16436680720856445
0.09350669771223741
-0.46468583667515406
-0.9905981982733967
0.6343172888692363
0.9479833232766977
-0.7671767779403262
-0.12360307043780527
0.5522301328186814
0.34155571969175225
0.5911369566768652
0.3154481687691846
-0.31081115390517944
0.45920096198257565
-0.6137176751843771
-0.9676791292801159
0.03875275353820551
0.9039110585372736
0.5935283613522986
-0.0832277820344125
0.57542717043446
-0.19369555093564284
-0.979600087889851
-0.1813363018413865
-0.6072617589964691
-0.27787649951393334
0.7988735235154942
0.07931456244328094
0.5674910365510237
-0.9613270494986057
0.38766401898589087
-0.688368993276393
0.39670675580560744
0.4924855035344362
-0.06928144542782921
-0.08096385440064391
-0.06972354203595188
-0.5020436473282444
0.4261591387746835
-0.3184027134998104
0.6092200334156854
-0.8662626467592416
-0.8329104735588531
0.7460274095048451
-0.786925411806447
0.0805987682068543
-0.5233060025736795
0.9148969688152246
-0.5858696455374492
0.972679601714487
0.14527919471441164
-0.027993630703606387
-0.497742388150614
0.1627690758660565
0.8760065853233197
0.9077084759257521
0.9100406529587686
0.5935486614582886
-0.36205981194394443
-0.043863640500191536
-0.4474475912914351
0.7160920094796686
0.10082553741519118
-0.11387204314739319
0.6020348846622348
-0.5786484734806066
-0.7733851788827404
0.13468227314287562
-0.09718067787688112
-0.8313291636520959
-0.017876686621866478
0.5328666221890799
0.8711768311084691
-0.6686105820070558
0.7477892151814862
0.8014665915199417
0.8042879685503641
-0.7142170391636373
0.3380168579730416
-0.6730028935287187
0.8070273297595318
-0.0005232989914214503
-0.4219898329960221
-0.1874666303988206
-0.949077266977713
-0.8093756489137272
0.8324023812972277
0.5327984598850375
0.8975940339039674
-0.9277899477092342
0.4599495776330189
0.3755744940546255
-0.04324178881853147
0.7964161701880577
-0.23146513887205966
-0.65882154247433
-0.3996510991406401
-0.29338171345115405
0.11562645485792133
0.9185687474008379
-0.43540440486467546
0.5146602821250119
0.29714478573159586
0.1409243164684597
0.7920416466420797
-0.4544872755776648
-0.3118075849735882
-0.23995408168166565
-0.872423670638502
0.22507894925002514
-0.5475591939032287
0.15455402488584946
0.520533479305346
0.6939339869725556
-0.3780725440601205
0.19567961439250925
-0.9496444395688766
0.7714134025882002
0.4375688640346713
0.8347962606327737
0.5132144657703497
0.8195654931840661
0.49474532017050477
-0.639997518295844
-0.6517531842859621
0.5005727970978358
-0.04315873216078758
-0.008516995330522636
-0.3432971790693726
-0.6316175137298832
-0.7389699669343537
0.569221905125703
0.17204625036226484
0.44491994010330127
0.10096034342759208
-0.7655914348144663
-0.5052191454815509
0.4987908888569137
0.30108211742406277
0.26344858232535984
-0.9269883177343483
0.7122870751728043
0.010023974197430174
0.5097638843499777
0.11189176047946336
0.8782200289546682
0.8768439059743995
-0.6184111454692787
0.4065766626315721
0.6105305161376462
-0.4815089059562616
0.7281372021429113
0.4448787591331127
0.5716380894879944
0.7013573568062421
0.4927456054614834
0.912540239361987
0.1629932414872548
0.43646077078118517
-0.35172602017111143
0.26503981378152375
0.7425885788565083
-0.374142446978986
0.6721261447681579
0.020864172668827452
0.039537455326330795
0.6714659814440573
0.4624046246043514
-0.12936020242074475
-0.9365212613165019
-0.5456833928849343
-0.9429171358580002
-0.34374890460349894
-0.6478746489625538
0.2329839002458185
0.8196292205346616
-0.03952384146476673
-0.5999362524156355
-0.8127118496622956
-0.27002874192954995
0.1934206989222078
0.4504567953989582
0.19275975987504523
-0.5446231665186465
-0.696747504296714
0.5300723973034605
-0.041497457478719024
-0.08627914864981867
0.739539335244122
0.044901142355702195
0.3982794781854535
0.4597397553772118
0.9246383782857222
-0.1658878392578369
-0.7072320405347581
0.9991581707843926
0.9030216876649966
-0.7198116349756858
0.4977827397740493
-0.6759872088114658
-0.7982123410969528
0.5164103754221119
0.04501643989325199
-0.2800958688762343
-0.7234039386815594
-0.7639105569213342
0.7216529693271849
-0.048866219324950055
0.8275852511254409
-0.3214573681675712
0.7659479255645285
0.21437514281174597
-0.6514466516335455
-0.4888916792774427
-0.24677872792075517
-0.6677828264013514
0.7913490424145384
-0.5913276750256125
-0.12829444211118424
-0.3821964972607852
-0.39892639336280955
0.6782317616584534
0.6444491224962559
0.008286840772101733
0.04011445704508776
0.42683918813603317
0.50596827160784
0.04932245760170928
0.015869384991374247
0.24776153359931907
-0.1657539687307268
-0.11468936713947864
0.8970983490621816
0.8211632368855475
0.9216102317978099
-0.2265432435598138
-0.36918903203731723
0.3077371702336946
0.9064381180067997
-0.5767404733654795
-0.5832307695742944
0.9610877877277617
-0.4500205088045315
-0.05914607479178069
-0.4282892375887033
-0.41427865655757135
-0.8548296273520517
0.854284324068785
0.5936000696219637
0.6986406270202408
0.9520913570254903
-0.5539535705552112
-0.22239824389764218
-0.7259618417918785
-0.8947809720023183
0.46082627087043826
-0.8646716432165997
-0.505744759675731
0.03008968732175732
0.6898554309124401
-0.4266121093152746
0.9194582880620912
-0.17271752874830426
0.3040119922710942
-0.6801842774997617
-0.5393531022220535
-0.6922935906580894
-0.20911257818185036
-0.39923065877864494
-0.9723209263622725
0.21397496732939603
0.1583170063086572
-0.42139803390788955
0.2084505813234494
-0.31015859070369745
-0.9992536813809121
-0.38878697217222413
0.7574632989593475
0.8557837624414555
-0.4959756162520028
-0.5371081593289069
-0.9601606874173718
0.7918785879306289
0.31187000926555686
0.7426314533680056
0.6189076677813323
-0.6379732481948539
-0.20772870495809292
-0.444886044850215
0.15409851917533413
-0.7099417628588651
-0.9635031847560549
0.9730414861872212
-0.9500753382678102
0.888829969827603
-0.3351152788638718
-0.651076358729362
-0.17625579007673942
-0.26244917507512056
-0.2661141246675798
-0.4344434651747362
-0.7141552245615419
0.8958984833058983
0.1852684295405076
0.7023058953253432
-0.6716166290843582
-0.4296912607353116
0.13657652467240977
0.9050605023239349
0.26238604392400977
0.6178380322835726
0.60275171912306
-0.7714166147813524
0.6880988518191204
0.3808122471408575
0.1842219024178673
-0.004777845161443972
0.436605696564929
0.8322921130459211
0.6333891095079622
0.5157851488205474
0.4514459297941926
0.41882641571724677
-0.9801378434634556
-0.79760736090176
0.7548104752240192
-0.9086428876784387
0.8184384885265457
0.04619908529616601
0.37266034150511085
0.46602931577567386
-0.22311194854642524
0.2107978223928848
-0.6475310382836805
0.824535630059849
0.7663475999079998
-0.3385784177372171
-0.4444373452105681
-0.14899881282328975
0.47272851944030436
-0.2815665344869809
0.4526987608837454
0.13131987437528836
0.6182820499685271
0.4914465835877706
0.7847982421701516
0.32334424774065407
-0.5242705227482665
-0.4864530984012654
-0.9291650381057135
0.4298078786946071
-0.6551729220072426
0.5364239461006013
-0.7261192221584694
0.3628581680381744
0.3548346110301279
-0.8460421875549904
0.8730832146948584
-0.05268958910068533
0.2633503297154489
0.23141286273933348
-0.1615648176398996
-0.8741572634330195
-0.10046428552364839
-0.9908022849447744
-0.012241481917117714
0.5129780687620995
-0.12747217430808555
-0.8727476539702979
0.21641592253837882
0.9198089886567895
-0.8027387055854234
0.09557683981344045
0.6559498026918487
0.4321386869509465
0.8542986527923708
-0.22393373348431522
0.3761018236941376
0.8323827866744995
-0.734440604821966
-0.24193922854549887
0.9155768749567654
-0.5084047048309353
0.443799429530948
-0.2787864863604599
0.5794607211077576
-0.9873031326684876
0.6716409337672526
-0.9239453811637333
-0.03258141583595253
-0.6137457978383896
0.4473103168336239
0.9256234613390208
-0.41150749653208685
0.8698379501532469
-0.2722767740364207
0.9321222488209624
0.19204695415899709
0.09183591438776562
0.9716449156405347
-0.5116782395049517
0.5196361460411398
0.6680471198381654
-0.04887571075219421
-0.15423018500392782
-0.678019183459206
0.6455900698051109
0.22200308962805182
-0.4570254440549233
0.9855265179126176
-0.835711674496797
0.923084922506223
0.4648447873384005
0.6322683515253049
-0.7307749613977212
-0.24057287856514264
-0.8587914644124832
0.38986552816879505
0.9533454683227336
-0.4663067790449207
0.6048538744869489
0.08115701893349136
0.2575689305266595
-0.397509559343165
-0.6890836681040318
0.5632133279210971
0.3870952781692161
0.5336083055247718
0.8132128510261911
0.5219891042681919
-0.20050190534739576
-0.7710949543697874
-0.1598471356605009
-0.600095752723165
0.6510958196832584
-0.5499591591649353
-0.22296776448902067
-0.7608292248166764
0.20983403063485295
0.21310961209576185
-0.15452865904296154
-0.4671438710221134
0.005634965931727409
-0.0998936017377956
-0.9686507811032905
0.3393018826982668
0.6034154125083726
-0.3360774416036014
-0.846526166144586
-0.6896362165963856
-0.9797200929895398
0.8594792767718611
-0.7243824052024643
0.24844074542418682
0.6889682686492746
-0.2744001951735868
-0.9753473236875232
-0.7158931294682049
0.42605791384288527
0.3417863185671768
0.641646248738045
-0.1650636992019081
-0.1389087891248484
0.6253739399245657
-0.04568283535643425
0.14602516920267905
-0.24944158410027173
0.7075029517317288
-0.5926121925040708
-0.5109168515026861
0.2809807398665487
-0.43661893108209804
0.2176658362499062
0.13795391810287794
-0.7516556094454789
-0.7836506951080482
-0.7391476956399139
-0.9297288844478186
0.15277857452964017
0.3432679270194834
-0.43171812741189575
0.32100719021965296
-0.4957508419146497
-0.9188232588709051
0.7434818674857859
-0.034959741261081145
0.630281225207934
-0.3728692220271055
0.13213895983530555
0.4267353658301851
-0.681890156351395
-0.14656257176887277
-0.47481358695317977
-0.10485571939468286
0.7544773601232557
-0.7288876154745065
0.8907154993490447
0.918096277758107
0.6072720191125207
-0.49706702957877047
0.7866940819047958
-0.9120771098918525
-0.07068353797949234
-0.6807480007626465
0.9794956560922325
0.679734147612969
0.582503388651767
-0.39014187574206205
-0.8909744802704789
0.9332547556220809
0.42896302706448775
-0.3953912314882513
-0.8748670624915758
0.7321106025720063
0.4086595614063584
0.25865845866601145
0.5541980685208152
0.37352988102190854
-0.15256210024953099
-0.4378148813378713
0.12262130081812694
0.7246069582018964
0.6354728058681081
0.930493651700359
-0.5639258137271579
0.1296184120966546
-0.438906354407784
0.5140043365886502
-0.519202677973092
0.7129178775054554
0.41949730070202107
-0.8465840714107977
0.6532612350278226
0.4173385038677364
-0.35810133185651116
0.5522011804943419
0.027123960703293593
-0.953111202260162
-0.8896450991365104
-0.7224356877320004
-0.3543679567459781
-0.4357859976380489
0.1498545029750915
0.20778832737776542
-0.044402524556755196
0.3823114158731269
0.9551600647269174
-0.23670945867033644
0.9130211197417653
0.37571644808859306
0.5722531255439247
0.24535187377400458
-0.3669505526514474
0.7833297614856489
-0.22166046007743656
-0.1803916308940534
0.6269056409217089
0.7281533902029542
-0.10902368041274757
-0.6234475280252605
0.6297719125302119
-0.2281115228230628
0.4192899593376387
0.8314030357106381
0.7443278058887033
0.8323213881727649
0.7546457799025501
-0.5890298527228925
-0.05625711875715744
0.18145789640861953
0.9470935013720831
-0.19091018808431137
0.41579723729867113
-0.11880148319836836
-0.07686470199225015
0.24164853568798872
-0.11095560863906417
-0.6319709371839499
-0.5019693085215224
0.6377468201726264
-0.518465373758827
-0.18152776778909496
0.8681769543522015
0.2982372049562909
-0.056437471645848225
0.7690648840697603
-0.4169170431638769
0.18062841439201494
0.5006412579734554
-0.43324345259698505
0.7832214364749954
-0.08505813795706407
0.6260428737252612
-0.8982919601542738
0.140805905367553
-0.2153014557930495
-0.3632941871487281
-0.5125511899408748
-0.5323961214621844
0.8664023241382783
0.19804511906813071
-0.6114702078548901
-0.006284454914906368
-0.5439927944260854
-0.38357506854935
0.7654558586093718
-0.40525086984244485
-0.23036440682641546
0.007997349303709544
0.5814364345215903
0.7380428745895233
-0.22331342154688594
-0.11813142838142965
-0.34587720870593475
-0.8869806851414561
0.49212325529684486
0.42400740983302065
0.7657225299035204
-0.3318659923924765
0.4342352644556593
0.2521640729292922
-0.7063605423874855
-0.4943156293044404
0.04041055189844944
0.5256413541627671
-0.3147586463188894
-0.46453449923381496
0.2328004811240545
0.30072323494263165
-0.9300773089979921
0.8637301919146334
-0.11161101312403177
-0.31958901816302343
-0.8076375706808463
-0.5147595384462686
-0.7098274128900384
0.42529121227131617
0.9010143284844774
-0.5719581625900101
-0.7770271957377755
0.8797511867220587
-0.7109726705668331
0.9948339566657962
-0.402019133909717
0.999502783377413
0.905775163255661
-0.21081046979742868
-0.36320781051935414
-0.9506291781617533
-0.26291209354761147
0.5021107218826788
-0.6030960609389404
-0.4696746525337767
-0.8614723295178122
0.27797524167176113
-0.2837305031473485
-0.015804765815003785
-0.5255353552839825
0.4300573754702288
0.29442168370748734
0.046132568227254866
-0.8307743889477566
-0.3010446907662243
0.1698942183765757
0.5274989954320781
0.6142517407123185
-0.0366831904146252
0.4947528898775202
0.9206959991017631
-0.6168568862099917
-0.9499969554732028
0.673689644392423
0.5491884106802629
0.5560155614609676
-0.47608898466367844
0.5090185981919086
0.7555045819808426
-0.6032585827108818
-0.040345985490356284
0.033977170782469424
0.6163761821534055
-0.30005700980714667
-0.5178510614856808
0.9930877489485204
0.07912756911059482
-0.8631811721325875
0.8769084004880883
-0.2983362050699476
0.09998845418735036
-0.7361722070526966
0.292108986854392
0.751170264149853
-0.32239274482064606
-0.8504620863518748
0.8082891985493945
0.7869045947975228
0.2665885921160829
0.18852237145238115
0.6708039306918245
0.10937836058370909
0.7859974299406933
-0.27742879169199
0.4486894980129654
-0.20996990692936857
-0.02513048858555189
0.6062676961116111
0.8539502720028584
0.8056910797691414
0.8599788000400894
0.6792532341201947
-0.568404210897764
0.8446858264692394
-0.4454814487463996
-0.8705437894991614
-0.04477705035099211
0.8302071372623001
0.012969729302291455
0.3693991420870135
-0.161918073118549
-0.47687192790745137
0.03613269896580551
-0.7790306838682917
0.3069543172758906
0.6476368937583166
-0.1012175314346846
0.7218223985563244
0.12462202799019928
-0.30861263426739316
0.12562215196382942
-0.424655019455519
0.9322531904408997
0.6241782591678358
-0.5731465203240316
0.032404590955179335
-0.6307413993150146
-0.2447150037529786
0.6677963729760039
0.8995975645312104
-0.4354001695472065
-0.6535643945837599
-0.023374981257932026
-0.22290505349395784
-0.3336651775559607
0.5719902728417183
-0.2542012861301759
0.40027678704008074
0.9869070211971336
0.6955519570192961
0.4337720470887356
0.47353683496552046
0.3030499417787098
0.8399919835902079
-0.6958797505530887
-0.890114344493955
0.9379947185372921
0.5572665665107559
0.946166431446845
0.6444272380827039
-0.0828046953339423
-0.09544756178391878
-0.31952222070408887
-0.5429152090067249
-0.46237872392496704
0.33511650566110984
-0.1487375612069941
0.07051068218615097
-0.9182264111430323
-0.8087356182393814
-0.8420082498522603
-0.8342510235566416
-0.8499983267283491
-0.14512021869829783
-0.795920430703164
0.6127101793506087
-0.5752818356791443
-0.1748841716937879
-0.46100273137151704
0.7637129923450594
-0.9261288721442467
-0.45714312421274794
-0.9540130697965361
-0.5562895125713689
-0.7044900080475849
0.7125277447916618
-0.5717994334166101
0.6979123857490452
-0.37659939702151957
0.17248189054454421
-0.7008738894339346
0.18168475072228052
0.4674285885898035
-0.13875408840300385
-0.5948593829671855
0.7070214159214356
0.950664516862793
0.09909641385734136
-0.9005682274454894
0.02666563792000387
0.8801296940368215
0.08077699325010235
-0.8797977514294537
-0.9460795698040185
-0.18627153553323184
0.8770088171146635
0.639519076917026
-0.35431053127522705
-0.3148000941704876
0.29926096985334927
-0.35480657278873706
-0.6259891760044554
0.7536321228683951
0.9877264405401025
0.709440522983301
0.2931043036706942
-0.18670294194272952
-0.826893599048065
-0.9908168266505584
-0.8714396426075381
-0.8658883066420073
-0.041546152592273344
-0.8159773547199964
0.9030821263553788
0.4956793353346278
-0.12415954777702698
0.656864197344007
0.022576356322918434
-0.7890514359341556
0.8469029307720826
-0.663799818570157
0.6281278710778215
0.5252831317243061
-0.6555785854923188
-0.6421943967625703
0.5413340253695162
0.8041433952137209
-0.780138539960026
-0.3197778424077298
0.20237965799555435
0.40011800574099765
-0.8438356052727769
-0.013784807425024415
-0.5368124336029836
0.6909758807220368
0.613195166426344
0.8747065761768782
-0.6409256340907694
0.4345607307021915
0.6140798038184896
-0.7225325997426459
0.6434739176820972
-0.2487223888296577
0.4142292783199515
-0.38164216688394226
-0.4226050090441722
-0.8108527773809957
-0.6495529041044401
-0.9905066432525125
-0.9114575674876753
-0.0640182132856828
0.9235627305623337
-0.33986138444097835
0.09604582514736748
0.11261884582164683
0.07324427951717061
0.5482339098620079
0.7775818902247709
-0.8278967122570844
0.47861804121852636
0.23169928533240425
-0.7059581014164766
-0.6810385139186326
-0.03397796390005148
0.32269017481220374
-0.36080521535190857
0.8846312038273734
0.2735482269662459
-0.7859027350860721
-0.1969840986513849
0.4698053909037545
-0.7479118813938408
0.9189837423911336
0.5664174558459718
0.4293988773196147
0.9336951265623974
-0.2680844457656937
-0.6608063580521466
-0.06863357353245858
0.884331800381932
-0.6801786562772489
-0.6205676723695339
0.1880013050089766
-0.6217663214433546
0.40857327350263506
-0.9228439055551336
-0.9401671032656505
0.640371866219277
-0.2146865716105748
-0.7294519530616119
0.19078741828935808
-0.8877967661363935
-0.7976905968425134
0.9101155195790829
0.946003090751319
-0.6228972319887143
0.7579045960529978
-0.8915659440858126
0.5519903464156206
0.8647082168279709
0.6537338472198706
0.0282837642022582
-0.8654750568570693
0.9769793160085205
0.03656832044921576
-0.33387614336683424
0.26893899286103506
0.013041135617364308
0.45877199741705255
0.7898138319995733
0.2658284496347034
0.32876672606215074
0.8275955464158966
0.17952980365024906
0.9454388457563212
-0.3082005837693813
0.7639669169128773
-0.33380183515582895
-0.41302291557660076
-0.6885484313204482
0.8595510022198796
0.7397110787241621
-0.9399354620812055
0.8690775181034236
-0.45915553601728654
-0.6609496715453564
0.5748294317496823
0.9121583400788256
0.3892966715531463
0.9559007719550476
0.7330636658257095
-0.2530317572960612
-0.10209028364214756
-0.3592045443963574
0.20431132920113781
-0.3446693644831238
-0.2815125235626976
0.5641317505188104
-0.314569497941654
-0.5695790631868687
-0.8554298989492237
-0.9674113175075336
0.8114067957723656
0.12182127743960369
0.7116241233045397
0.9788863645097428
0.6747923543393781
0.7414377097768645
-0.9822599747078473
0.6991442657080644
-0.6575467051043133
0.5166737618509987
0.623830971663097
-0.27947324014243935
-0.11951782645797637
0.9275411302977836
0.3081748660772452
-0.7217846227144198
-0.3716903185747171
0.8736523256142177
-0.32207876399431723
0.1766742581529721
0.28985601335468947
-0.6616170935255503
0.5006419041130401
-0.22593109591615756
-0.347207920510459
0.14091979776597885
-0.6796228645166142
-0.5717034704518511
0.529365988160575
0.1563841394097052
-0.6964344022756863
-0.06941050859849085
0.41645167954421924
-0.8385482993232745
0.006062418023069727
0.10520696516547412
0.1441838311681385
0.6775320935892568
0.11865448773065257
0.47765821862089974
0.8416057054103756
-0.08451786019434526
0.4846511385829264
0.7060824753542769
0.3424087665980926
-0.7789014653588067
-0.1306683842302787
0.09454252515483286
-0.8374918656261998
0.27927988641796864
0.41534573919074713
0.3161996399003826
-0.35586205837938967
-0.5925427324577222
0.9218562993424118
0.6737071093130518
0.771742794495879
-0.8218073198377605
-0.9650526435994644
0.2182049861013946
0.42820983968542814
0.4799873425991168
-0.23829366711617905
0.34563808986763633
-0.3069068975214848
0.9397531382779263
0.955615184814522
-0.48668723277287884
-0.23922495146003775
0.16627971044802137
-0.8563250953989257
-0.7065385775490454
-0.22922562271179192
-0.9256300021951744
0.6418799144455625
-0.49370361585442235
-0.3715553414011239
-0.9771324878830683
-0.4275235907227406
0.8350846325920513
0.8237360624906818
-0.42280682601761144
-0.7286681828283723
-0.7987854837296133
-0.4178876670484397
-0.3202603133356732
-0.1828128790743171
0.13896659891033014
0.08581228525826967
-0.45802099718371925
0.7525089738407111
0.40985541643036494
-0.679967570333873
0.738967829266834
-0.8914417620504176
-0.36569154482559396
-0.013320765247477384
0.1385039912606476
-0.2345500509147629
-0.15988145368916418
0.8314512681967192
0.6634713407892703
-0.1547816047674131
0.738139432441953
-0.8785600415146821
-0.05216969056572274
-0.8756539176914813
0.10356078917282008
0.5367055703230867
-0.11702764969461876
0.5798999363634951
0.8463365122217321
-0.8441027201658964
0.23143002806418989
0.9679151888496316
-0.3518639230069287
0.14089716811556818
-0.8760423309051679
-0.8630688888066793
-0.982216141597116
-0.40950703252223186
-0.15929385198766677
0.6267565862877358
0.19455784259952158
-0.239659620741991
0.3963902164248674
-0.21684658724135764
0.017971371251699342
-0.1251063804036805
0.091889114751051
-0.29411447836234794
0.16684971318497133
-0.8022529410490833
0.9179269430638048
-0.6540348161362377
0.005710721804509156
-0.6636891201870685
-0.1319310138546328
0.9611379914021758
-0.5835443296560099
-0.41081421756727243
-0.6813770299564295
0.8352972610892311
0.058152376958261476
0.17060508266764463
-0.23387267011555646
-0.7648471437229074
-0.2679055797802192
-0.2152709251819913
0.7059792280293391
0.6706680194014365
0.6708314907227269
0.5045986338961386
-0.305326730858537
-0.4097572017503257
-0.08889906613877185
0.1380368263991869
-0.19037790571239177
0.3414190409151414
-0.18028549843427588
-0.5021264819469307
-0.8566553234530752
-0.9104854388365364
0.6032046334840446
-0.7726608628055054
-0.28987263666477525
-0.06327278035701256
-0.865364681950497
-0.08233356145245097
-0.24426570488785515
0.5722101750526141
-0.7520735098345672
-0.12129152767714801
0.214853074148593
-0.3142136887054465
0.864809745281407
-0.7227200425468694
0.9106359659067325
0.9511801763945509
-0.7147805052429641
0.5244200878094463
-0.9833047327010216
-0.17327655915319662
0.43872220449676536
-0.6474272252692062
0.4462305249262899
-0.6401595821433033
-0.5599173240957929
0.20202937025342593
-0.46189517019364024
0.5637242999667846
0.9245891747386756
-0.9094053864108693
0.3918611016751943
-0.5259467159080335
-0.19001644457780276
0.06681842959090667
-0.3495786863469472
-0.7445254141825817
-0.6766664607584381
0.5937856197348121
0.7529159966059886
0.46739057099589054
-0.006072391631566809
-0.5105991221206916
0.04456586679464647
-0.955666046230158
-0.6285914309537197
-0.8198244481511028
0.6470681563037248
0.91101535688605
-0.1821069540683462
-0.5105771784568922
-0.6966986664585859
-0.41606735191963873
0.3089254836162505
-0.29323213604080967
-0.22590776171293636
-0.21502734571380544
0.26011539614345547
-0.4501977423472401
-0.23370246547914708
-0.05648554279171947
-0.22314325868527662
-0.8064758076738394
-0.6302723490000317
0.5341616258045243
0.26866260869635816
-0.4224544383126456
-0.1322767642388034
-0.31668025659560284
0.05379326287655761
-0.6339203365598547
-0.27071360899848806
-0.14133611889684494
0.40319824025269413
0.19085023992026717
-0.070806620211876
0.5743986725161885
0.7340657819624994
0.9814302611559993
-0.9675045968832325
-0.8148873194850093
-0.902003657955845
0.9345484192284796
-0.2238346068044752
-0.46356269987722176
0.012757166028674272
-0.755912973547076
-0.15054600399837392
0.25427005597818053
-0.34796343048058453
-0.7784044575641
0.5488973523757332
-0.1418049946520299
-0.7859432211095994
0.7506439144846582
0.37505103469481704
-0.5079067310844678
-0.21188511134064147
-0.8476315113399917
-0.7261276123446545
-0.9479503462140508
0.9966190081419399
-0.5345073577034856
-0.9654727852966634
0.5991142584232756
0.8433855993733561
0.5733637607342577
-0.9885833791304419
0.3041100881902412
-0.6113670798672513
-0.43665493536331845
-0.2139695498784373
-0.3243557885728534
-0.8734033978295861
-0.32318006455505377
0.3494218076322879
-0.28696268582039774
-0.13464466253734986
-0.5097115784433968
0.2316115638542675
-0.12691438129597166
0.7216403597574901
0.2886093383451065
-0.5187480967432903
-0.9013646659239913
-0.6604632622290711
0.09181321366304451
0.6274268843984554
-0.016351294101123015
0.9307936138835884
0.5839779352344021
0.1540279602010155
-0.4958778233587504
-0.7165038897228837
-0.710790163627447
-0.8593539502440779
-0.25250689394245107
-0.3977289567799831
-0.5126066153907436
-0.700282898206666
-0.5180097258548497
-0.5915772841044291
-0.6244670490488498
-0.2993447439122616
-0.09104400096383625
-0.973119945969485
0.12060762823285565
0.26465929300104785
-0.5265912241120125
0.6720527788430646
-0.7890656167825236
0.8713847087643878
-0.41298099062543536
0.9325593794694933
-0.3477789187911229
-0.5384707999503531
-0.4014934246584059
-0.7317940304340684
-0.004393194622667629
0.11545452772090581
0.20128842039949046
-0.7307871733138405
-0.25309114872381344
-0.25644190797578426
0.30549524133349837
0.04818998482004355
-0.3728410939883329
-0.9375054187210845
-0.13623821206301567
-0.8141088283629105
-0.7926566896109983
0.8510366121712836
-0.20061124733650582
-0.7994239090534285
0.5937199646596261
-0.8019834865380318
-0.11026762388114197
0.4365605346534198
0.2554014141176788
-0.91409811516842
-0.489253593573699
-0.7106003638334113
0.7077837598268677
0.4931477739899808
0.15449392735040757
0.952080139466627
0.29331312450094615
0.546952583869101
-0.5149115717358936
0.8151729267317311
0.060095539867272896
-0.32742224140579324
-0.6892859841597703
-0.05824824960813113
0.8170091517058231
0.26002395928772226
-0.7713089185590114
0.23523811455051646
-0.16396134801495865
0.2596649296052398
0.07807879948759266
-0.3270380593900519
-0.01326034262870679
0.8569030436172573
-0.4142921448632988
0.12631324979386016
-0.8260523660366774
-0.17508486519493394
0.11234059612899783
0.8419670833744755
0.7014633446455791
0.4175030704756113
0.5218628907116118
-0.10012352524015311
0.10882966048239662
0.43280305440909395
-0.294624367146322
0.7982859489117884
0.20600481794911363
-0.9124300713254132
-0.30554804466313423
0.37565130086850207
-0.011571832443712848
0.4192050709732418
-0.9081300531494976
0.9502040707340269
0.5711035329904364
-0.1762069244881792
0.2525126769104913
0.6645586741808114
-0.6871487594333232
-0.38687111375372396
0.9343242176626831
-0.7803267116498562
-0.16658625709589958
0.5468208358979605
0.9143992380596968
0.1375897963575048
-0.2605141007850744
-0.9713495253359958
0.20459375854711115
-0.28266388512212126
0.619087065120721
-0.3320084127542693
0.12524706028118215
-0.08909096998790678
0.8256200809664944
-0.21557543311758232
0.20276841737943574
0.8845155965092013
0.5696577137269057
-0.7825692770796304
-0.03280329334216958
0.5769223076108181
-0.24309858373305326
0.03001618336281986
-0.03651338695110207
0.9286819509353905
0.19802693832516027
-0.08074440267969551
-0.6755318880768946
-0.33373442295097977
0.8418583028470614
0.4104389989982413
0.9738508549995037
-0.18596634835495984
-0.4845316522749987
-0.05854373214037967
0.3945475623087833
-0.8592205738142165
-0.665233592097694
-0.41547168102473675
0.9810198970933643
-0.1931913242237846
-0.9451190088014374
0.8139714185952334
0.660356228438046
0.5505958614838258
-0.8478217572937954
0.5922897009246786
-0.7352394047064115
0.2883816358326625
-0.7533466552054588
0.5802398481182174
-0.2649288652760322
0.5169541818871666
0.24281916426149786
0.24512855478933426
-0.09335794352559801
0.7721924547998271
0.9379912257389056
-0.7268020244735365
-0.8284418881797211
-0.7641290759188271
0.33071695422761227
-0.32786286788430363
0.1248611443347254
0.9381604603619871
-0.4852379749849134
0.7214866021621256
0.9516048280849616
-0.005169892757016292
-0.3585194737678492
-0.7923773391748634
-0.7078391390200804
-0.6135407050492028
-0.6311692006998391
0.6030100754301593
-0.29253795250798054
-0.39273164148735806
-0.014417698572927629
-0.7065548371505876
-0.2058999511030719
0.11372705681730721
0.20031500836131166
0.854257866197677
-0.14329281077511014
0.4440447794669935
-0.17869617574779717
-0.7530019971648327
0.30028231997850496
-0.9035835224294162
0.18606658864420988
-0.3949623648886502
-0.5242184218811183
-0.08147391458067155
0.46956320373390503
-0.6728688663305609
-0.7488955732223002
-0.6290822954998718
-0.16291483574091492
0.7187884683295658
-0.14026991218172835
-0.8172442617173652
0.9154678056603021
0.9882671390898854
0.1686691033772747
-0.12903722655442018
0.342469735112755
-0.7213376928375179
-0.8266422693989504
-0.6545251335392615
0.8363071388925494
0.2648712075889632
0.40996558097103986
0.4585919110901835
0.5667707259307246
0.46020521040099704
0.6397265620697403
0.8473262251629474
-0.6040301159941641
0.7362054338284114
0.02824065671426368
0.7606642284490166
-0.42327903730682515
-0.3968988570063703
-0.18552018778999502
-0.7538508550322409
-0.4394759799896817
-0.2567030915777855
-0.8169386402233785
0.02238798241011275
0.0005737837629040676
0.24254509169905214
0.30607754275228527
-0.9323178427331467
0.5757227098192175
0.23808816458651472
-0.3141657243577469
-0.6777725863353841
0.72513511937712
0.2461335857996454
0.08817742923725325
-0.6847466156590032
0.8917648554981428
0.5927407353583052
0.7091890496610962
0.4219764816530427
-0.8521882756758739
-0.14450091241625662
0.7499269141282088
-0.5137615676924092
0.6764593070133036
-0.9196780476826041
-0.14423942778928867
-0.41856754561545584
0.6052878270385704
0.583035157525488
0.951885642596985
-0.03315681260768799
0.7408536402384536
-0.9585019123855376
0.7640332240375729
0.30345635560654616
0.10224885270545592
-0.13344684959659503
-0.8990561787660216
0.9851084749803956
0.126073142931181
0.22525070459416385
0.3544633502319636
0.2480118494665926
0.3184455459098934
0.3905927158867628
-0.6070459282941627
0.13264747514480324
-0.43915823089770045
0.4196638425516288
-0.39152522496320263
-0.6787518076262868
-0.4043897260011622
0.14787042578899778
-0.9116362911346623
0.4514524791411241
-0.528050079946476
0.3311856482361004
0.13324925232672458
0.43859439657762955
-0.8358029671846368
0.8211655379081975
0.941836890524101
-0.20791008055586802
0.5968937876926905
-0.14640413256481355
0.7550095531200938
0.08364930523704861
0.05842441994243086
0.4741205237484323
0.7433352390971228
0.9791158636284314
-0.057623466316854444
-0.5801894035839328
-0.4220867679965927
0.4139409450864133
-0.7146777512904494
0.40184841040200836
0.9428549721897372
-0.123194643964887
0.28817065096625005
-0.6577234546179227
-0.19612733945295435
0.5367950866833948
-0.3333105445914113
0.5594569535561642
0.6755943590377105
0.3966907600427281
0.050718150087556424
-0.7382724786515285
0.11126400091300104
0.24619722441484604
0.7389107424355636
-0.46555194052262583
-0.15124327348684474
0.8297917918724023
0.9597488978986497
-0.47701575013443653
-0.2646288796795917
-0.6698428927658291
-0.07844263227654946
0.682470106768055
-0.7942743127793617
0.9300683889857229
-0.9120749196691826
0.38314287585953366
-0.36889167725638816
-0.2613262445016893
0.41899688216466213
0.21250651364858464
-0.016789325223312668
0.7209423686437906
0.6592109930047889
-0.03854092936121978
0.2740507525564464
-0.6147566143765759
-0.3891692588047295
-0.9778236301003385
-0.3427255970851706
-0.6786365447091869
-0.03372511064064532
0.34391414529579056
-0.42235946161221993
-0.21018277899587923
-0.09619448164805156
-0.7825816836151132
0.029485341022050138
-0.8209935440645786
-0.7177421620320477
-0.5186005163173057
0.9824386403952907
-0.09472742779206977
0.6652550030233482
0.9950533649982298
0.28702552104526236
0.8220422184555998
-0.6511944438048813
-0.6120292677242023
0.8209665072548717
0.534598083524866
-0.546302527708445
-0.9764888013923543
0.15688593505937964
-0.072481009656014
0.5174584796145043
-0.20249415216070443
-0.33019588375220543
0.7009702923702532
0.6428470745263888
0.41371385702047814
0.46572265790343725
0.7321066948461505
-0.8227622839057922
0.6244395550906703
0.6126502825927123
0.532246234426099
0.9725240003894446
-0.18420316848565954
0.7537000250996224
-0.06785583967184494
0.13861925080466486
-0.9049416822315552
0.5681353174570622
-0.8194132809064283
0.4610643391170426
0.11467826220663935
-0.8666110909748652
-0.2411072349974075
0.5958899685717478
0.718368789961306
0.29411927727036313
0.5402641566019759
0.5556848049741703
-0.620021177657063
0.3563801362320398
-0.751915241472076
0.7307438664146291
0.3341889043081203
0.29885436859508685
0.8458282733855313
-0.7245296020947201
0.6400096177767733
0.7275315167335967
-0.7856410895425128
-0.6846172842792693
-0.9586256390393337
-0.9918273067224863
0.4031796175176987
-0.2608563993332651
-0.5124240459015834
0.7186117679219832
0.3768742060265078
-0.942307592030875
-0.8079473800626289
0.7008357471574727
-0.6143671024528878
0.5356025023008766
-0.021899512370508356
0.34074537135104443
-0.014795685007693793
0.9313589700588392
-0.16638256713393074
0.9877004719031579
0.8184038794954855
0.0014234904043877172
-0.4960167194214553
0.6129616844095596
0.7387937854560891
-0.37846165043419266
0.5646246860909083
-0.7089428151350996
-0.7850481281388517
0.8824018413706134
0.4378362238096445
-0.26351943763421826
-0.6192743109658059
0.1985181035940604
-0.25736762513328015
-0.5341945396877819
0.21456604852077832
0.08949298640724024
0.9032825875915926
0.3480708551520848
-0.03335058541031688
0.5629767709062634
-0.7636131400265549
0.41873110205460096
0.37262780080415814
0.44808428516583554
0.6694400646659249
-0.7060601421344794
0.6264415025176304
-0.38338895136387663
0.5130417138718306
0.9651325269288096
-0.2960929882527905
-0.8007599757466359
-0.8827794746578908
0.08256779469711284
0.21303226897244665
0.5835766826013291
-0.8697687429696361
0.17557534255147744
-0.5741808654633473
-0.18874445581314347
-0.2552082786217138
0.4674901650730179
0.8910980564098336
-0.23426088794856126
0.9252576823312268
-0.2079208416633178
-0.5541970021941458
0.2936607142114147
-0.7778902740072442
-0.7094692984378954
0.21748054023212626
-0.060537564260554566
0.806907384861367
0.22255315713195145
-0.19619846033592836
0.2083766999517338
-0.04474513846304551
-0.804694963296311
-0.8824457940116148
0.8566143783438784
0.49907175375248625
0.04110392567710042
0.34472318935772606
0.2910999414946338
-0.6363888570939331
-0.28261365762077983
0.6292422112222276
-0.025461727924193545
0.41614164338598414
0.4448047713233809
0.926473154601795
-0.1657212351741364
-0.5329063152753966
0.5454409697640918
-0.5083074217689962
0.4531711924605284
0.664090379820861
0.7292229092980944
-0.565671062070078
-0.19670901845589395
-0.02144057492154361
-0.9575903499576612
-0.20218085276984055
0.6806610376664217
0.1347733320333362
0.9541988731633921
-0.7632690929404431
-0.7536991639914357
0.6545328029521138
-0.6392649668965482
0.45254797651960366
-0.5470757729245737
0.1312984084638149
0.5805605282673487
0.5294292698368528
0.6384859082354224
-0.39902452086661877
0.23020604307549863
0.9162930459026686
-0.5087550227153337
-0.4871288457529097
0.9653349462701717
-0.3154586145294489
0.16473003085515803
0.9317893280919327
-0.6141876770404682
-0.9799600566337856
-0.3691584252575477
0.7902042914020817
0.3322205565544287
0.4586400723374373
-0.48072147641906726
0.051877361335475713
0.02561532261849342
0.9419927112862694
0.3194244842990275
0.9419179624934637
0.838915121608004
-0.8690772647586369
-0.5711688987278811
0.6119021263044395
-0.6890021438158771
-0.4379039841564827
0.11381408531055381
-0.6361632297517359
0.03676606731733956
0.41277507359310794
0.5126466801473017
0.7322648153301512
-0.2198116582579568
-0.493426975647407
-0.3689389483589476
0.07274923710935632
0.47318167633629393
0.6050623557228574
-0.9492220417465347
0.29470600519608037
0.5190417082682905
-0.5137631867601806
-0.8556974474641084
-0.17607935349507042
-0.19278236122842207
0.8163305752920038
0.7301002642432863
-0.42511452189846977
-0.22756219012022094
0.16617675850874658
-0.5419025037938234
-0.5979174363141015
-0.7427868062669822
-0.47262985523910084
0.6563188171282852
0.8099086452952511
0.6677862371577121
-0.5762822775831629
0.7771472354355411
-0.034550230207651245
0.7605379816691709
0.9711520769493358
0.41854639314061304
-0.8688452432076308
0.11752893617853677
-0.010612435463330128
-0.13681295095460522
0.2112333561174693
-0.13203788294588215
0.13439760817692248
-0.37969378676313514
0.939151020540925
-0.44840379812520315
-0.7136363428672015
0.8375000160475325
0.9240930154277871
0.09357322725410389
-0.7551196880240278
-0.7961985411399763
-0.21531502911855704
-0.4386750876233707
-0.4018864986060551
0.9522164446626609
-0.6361615777035616
0.3695509786615132
-0.29441181420961704
0.4240215401127103
-0.756962643664842
0.298237681248789
0.06374607120212739
-0.3120943631696762
-0.8492523310129281
-0.1747821807314185
0.40000642879032644
0.2378082377687798
0.09328335860724835
-0.19730753726678207
0.596018778153838
0.007919291216534896
0.3899686815767587
-0.3022637469715663
-0.42720597305741026
-0.9667194082116133
-0.3311385417134747
0.030327018691218566
-0.28779485535381677
-0.5712834471334867
-0.1842711181853527
0.31717209784346023
0.30517087475142457
-0.036694713110512645
-0.4188238280185923
-0.5018954799118192
-0.2686548981194845
0.668965863931084
-0.2816071029517535
0.3770731478302842
0.5640988853884821
0.2563813131148296
0.35347196621239196
-0.2251737255060997
-0.692734845615032
0.17390765934525287
0.4693729415811698
0.07062314308474704
0.01855296299273479
0.2086998498839625
0.8599974198157918
-0.5556537730303968
-0.09552026788435608
0.45504932115428165
0.7012007771997548
-0.5423436308361216
-0.9257642116291338
0.030484536786004046
0.797573724589747
-0.1871314079290347
0.32943778702039617
0.9061812259204023
-0.36309757327389414
0.1869931916633365
0.353126467679556
0.9109910331218365
-0.8550608013231922
0.5477497228233033
0.7427427951270125
0.3241602540845734
0.08905392134719348
0.5034470728789993
-0.6059741991868077
-0.9080010721168723
-0.8270257022436365
0.6394772965660083
0.3415156685284906
0.6347041720640663
-0.06707618926152636
0.033827733115681324
0.6108963949506314
-0.0921104310586578
0.572641139474787
0.7343122556597808
0.5530564621001077
-0.2891633704839416
0.8466213271718279
-0.7074433740328883
-0.7606698643189287
-0.31209962603445396
-0.41382694336700077
0.09914543738998605
-0.11160178292814704
-0.24254913857151061
-0.22250977950985784
0.5901389116273437
-0.0731349567089623
0.6414934774729855
-0.5936275760083907
0.20628782306370974
0.29661494123339094
0.1272468728595173
0.4641286023740958
0.22691173143158805
-0.7453957530022968
0.06917381008405754
-0.849554996597869
0.6346139958546568
0.19790610007314102
0.34460773667826494
0.7010009436530322
-0.9173794012097933
0.33030356520926607
-0.7637059681936473
0.7492881240916052
0.8640198746000993
-0.29063364336368136
-0.8556434107436091
0.7170127681412222
-0.40740571186451313
0.6648028398109218
-0.14482839725226726
-0.30488067198730184
-0.9769231206045861
-0.7120076724754503
0.907942056173521
-0.9952791094850091
-0.5321277874805161
-0.756831127489713
0.42314338027822873
-0.5518766497282257
0.384936376285528
-0.9033571345844018
-0.4422931082424375
0.9171244532768983
-0.03852029989850214
-0.474666535987746
