0.7110845783943056
0.12076009825128953
0.6137445333673517
0.014134562505025094
-0.16072006556993856
-0.039017175797170234
-0.08870858370317047
0.7700378055489541
-0.4408283802314885
0.4579165630464068
0.12601668752799267
0.0674025959244231
0.013237052307805142
-0.11149826681236363
0.7503148031860205
-0.9233496994002461
-0.4558939000229303
0.8494693022255377
-0.2891006304164139
-0.5505472200898249
0.567937087475155
0.20918397260827803
-0.928706733163583
-0.0978694433474745
-0.2816695093373578
0.4872499387826619
-0.9338077365449091
-0.8017584697088034
-0.9969324169738631
0.5709504863433765
-0.6406449010367226
-0.8167930835713466
0.11583485462294751
0.051843043202494554
0.3691284312030356
0.13517724399635078
0.9841698864845247
-0.4296200808316062
-0.05836974848569776
-0.5569089077452345
0.23780650465835906
-0.29261309728690343
0.11921407772313786
-0.6459337119447983
-0.1463846722718103
-0.19252406741438377
0.7846809058406095
0.10479915602915746
0.8755015045340182
-0.232170537911621
0.2150215307771124
-0.8824004540636763
0.0317374937396846
-0.6439825188691082
0.30929097049773047
0.8319616381115389
-0.29187799123141267
-0.6267906530653085
-0.9817336399846359
0.607672298972062
0.3443946936768616
-0.6938975322872678
-0.6038549047534709
-0.40342079084276206
-0.8738401473953339
-0.18313608890816413
-0.9380409229609923
-0.5180015990591873
0.8518328128390349
-0.2559154173436289
0.4372660092277598
0.6666137747083212
-0.916934105625737
-0.6304318401039954
-0.537483749326594
-0.8561859841920412
-0.5733636488698324
0.0902908616914837
0.6653525138175012
0.39588803833591024
0.678453894396061
-0.5299968592566697
0.8556916964555747
-0.9253887702334982
0.6314990550010224
-0.6970194827122063
0.5011074886121829
0.7996237816535712
-0.9008850771111692
0.363410649815203
-0.7808173249967563
-0.7139472632116337
0.43719141746023005
-0.304477174022761
0.38624281080105494
0.24274511783856356
-0.008624857849159895
0.5782869767159591
0.7855823510538575
0.08210071822639575
-0.08408356593976629
-0.21362912456031213
-0.65659753150653
0.555005149388722
-0.9421227125134939
0.393358229361481
-0.4229866407798579
0.7133045117923176
-0.7856530178596985
0.27552243831758516
-0.6806537329057629
0.6025825948348782
-0.6408319508149449
-0.0026895301039788766
-0.9716317353009432
0.9576040055825494
-0.7250364683221853
-0.5676302041662185
-0.9647046790602298
0.3143788653335091
-0.28564287486478124
0.43281849832328967
0.6443928841995017
-0.7178019414805745
-0.8018024424074586
0.5991615524719038
0.06642972214514842
0.5500750194992685
0.3312893961483072
-0.9605283211250177
-0.9515039611249962
0.9013566666328892
-0.17304265606145175
-0.18028381476723476
-0.006563440027691936
-0.5562225998267258
-0.9188956060865607
0.4933641603573198
0.11589903487208253
0.48538526857449815
-0.3039581827177107
-0.6765496877120334
0.6837762609482865
-0.9001349470100728
0.9139218450981836
0.9865112719204179
0.2742034079969513
-0.2218033754548958
-0.599791773888136
-0.9261882583495977
0.423133552790683
0.10455419284487144
0.5229184123864086
0.6951267343838281
-0.8258469337799443
-0.7008724791813403
0.37948612879899524
-0.6584870196453538
0.4617849869080204
0.05938438361203269
-0.45972411979314987
-0.8404452266527607
0.32406233037082655
-0.9227284088802663
0.518226768046675
-0.5891259809622773
-0.6710120982973982
0.0009214678568194579
0.3777029783849619
0.025348271833695035
0.042111773364506
-0.1928341067677002
0.7621292931258019
-0.9897187954072209
-0.06004521862807066
0.779549870506222
0.26748751178801733
0.4026235882252187
-0.2029583207194281
0.7402014056947375
-0.12282319657828555
-0.8017643668194143
0.7877667740766294
-0.15662283510461572
0.030680036193671656
0.04516364622548252
-0.307851034325463
-0.7123542002746786
-0.14023319196168016
-0.9427803588482324
0.2824259890368219
0.8860563413314653
-0.4546862450792417
-0.2501237065259623
0.6257580527303959
-0.5385929434025298
-0.9454918414392413
0.6519096639942059
-0.11328086825293737
0.7098086804735126
-0.6916037918583653
0.13646479101512332
0.9314301418690007
-0.559193366875903
-0.7957138723134041
0.9819467379920559
0.39287479554342686
0.40565834707656245
-0.5107240158090776
0.4317006684505671
-0.45042305442886654
-0.17174664888858104
-0.13899443336325423
0.9232359826741829
-0.13063681559513385
-0.4734948440193163
-0.09023546971138319
-0.8276300740775979
-0.6505467273656722
0.40595211063753256
0.9019061051989419
0.15647961651835662
0.3967370704797448
0.7707404363720278
-0.32984109230309944
0.07062959842330008
-0.39349612487193086
0.10070983563280356
0.9350384045202715
0.4479825093371175
0.061609055255229084
0.5965356302244516
-0.24427200660480186
0.493664671677446
0.42646521207187504
-0.9068973672967835
0.6110941446048328
-0.9613017030497768
0.22283410320078256
-0.9764682289757285
0.3140600997909133
-0.9927507223274346
0.017533327554207778
0.2538660551234808
-0.8447618255562295
-0.4566714767760278
0.12573508678444445
0.8342312281888526
0.1756818512991718
0.8429480498139992
-0.940758514703709
0.5092760750798668
-0.19449815312038243
-0.03938279919899901
-0.3268884495262394
-0.6669447393436922
0.7001471770808101
-0.34729691916947947
-0.8566033962721218
-0.018990088045117037
-0.3747438259329745
0.038232316285581325
-0.047171492755686995
0.3065816850689067
0.3231827216070915
-0.5798633703750629
0.723673594049294
0.7832167886602033
-0.1749943497447286
-0.09087134648141615
-0.694553272034433
0.9552398028709672
-0.09766227331745059
-0.7257861051794587
-0.6165682968274833
-0.6294905370787871
0.5063064090953573
0.09068774814524438
0.42362460161055493
-0.884108790069664
0.08275178559804641
-0.13291962002076385
0.20333139859506022
0.9061442592082118
0.7727434375598292
0.0812350794595822
0.25849157247816423
-0.03587128148596164
-0.26527896247124927
-0.838409644466533
0.9364578144382789
0.7685889957495176
-0.35662521124740043
-0.018970213066408004
0.9439743257612843
-0.04025764877617499
-0.01677561133788208
-0.7760263197005846
-0.3970675514355666
0.43995242548621905
-0.4228548463917299
-0.19431024060739177
-0.41470138164279646
0.12428688623639572
0.3845454694801109
-0.2833137950210314
-0.48865318451693285
0.38504881480019626
0.9999300229283661
-0.1671485054777273
0.5040963118284663
-0.13197250086746237
0.6257127657214288
-0.07513362144446734
0.7329752427830207
-0.7335198526263551
-0.61323416627007
0.829467643409765
0.5738281049122498
-0.8649961126257149
0.3810853230243052
0.8719242066899504
0.36442049510495256
-0.5032946411378099
0.4482321205966693
-0.7075959391169395
0.6187831544305251
-0.6961423595534428
-0.16700396514868454
-0.07897915255846555
-0.7927128957396072
-0.04781047208977052
-0.13599260105691746
0.2709828112078616
0.9472563626619772
-0.8029945734043544
-0.9792104171756457
0.9572468251382591
-0.4789556553972272
0.024355482704719877
0.01951280681216061
-0.8354900952937787
0.7622470917583168
-0.6186691747544093
-0.7314365353423671
0.5771633602872583
-0.23653692953506833
0.7055309937834091
-0.5838721637402107
0.5049265251547115
0.7135540844606232
0.7941859984543995
0.6732032277376812
0.8626701510175907
-0.11741530900362895
0.6757642562300601
-0.15074159276335597
0.8854091139807339
0.3166329922092255
0.8527939039449721
-0.4429686573220861
0.3930278639252738
-0.4480401218820851
-0.6550593355798169
-0.6089614327160808
-0.5966283904473448
-0.5085649371114178
-0.6633445120234829
0.07336063169980078
0.2301559269518647
-0.8614988832060797
0.3753258459778952
0.016124461740556928
0.9997763818947734
0.28604097640974957
0.8175140660771392
0.6446034734262431
-0.024949537822903434
-0.9714768560832299
-0.985515238179407
0.7387873269648078
0.38043781579922875
-0.259818596358971
-0.7719817526455042
-0.21202693815457163
0.009124142003752667
0.9896958935464959
-0.8861893972544872
-0.7736544816568043
0.9709310017225261
0.7989386527660474
-0.8287009736735476
-0.9133965899458316
0.9395291165570945
0.9548892748037425
0.2564114749999218
-0.7808727309113952
-0.195629974157858
0.9885354323424262
-0.9304915716999838
0.4424343228759702
-0.4970884390071828
-0.4675379290331143
-0.9392934516399469
-0.9510876262721852
-0.300493068404726
-0.9046787672117518
0.9942020562513267
0.4050087263370634
0.9388546264944737
0.37478696953489465
0.9772808465628946
0.13913587259560556
0.5096310822760364
0.08475931724740837
-0.25535654045945577
-0.8141872899147824
-0.10345201828474138
-0.7709738119015599
0.9894090654374665
-0.2707151737149749
-0.3233437388868574
-0.8146613550619264
0.3920547568324104
0.2847950620750481
-0.05742265289691395
-0.928665367419012
-0.13063152133088018
-0.563460639094836
0.7129312719229335
0.9978131864046627
-0.025747654420287258
-0.03142516298632936
-0.9357805200512592
-0.5920814985511222
0.15030269775922522
-0.0952913804022748
-0.888426661607159
0.2976639376660888
-0.24457732932188936
0.4535699547229708
0.4146965268124143
-0.059074298078323206
-0.11403156994749986
-0.995242963883624
0.9854547348940306
-0.6689285568546712
-0.7938776885004168
-0.5167209900358563
0.7865293033482657
-0.2834240278407194
-0.5821684377065428
-0.38853737134217337
-0.6215308329998697
0.08108898035425494
-0.3744789626674656
-0.14568076522622975
0.7310573343952123
0.4693155405205651
0.17145012176332886
-0.4393463290633004
0.5869546968067634
-0.9937375069662651
0.9148867443356385
0.4727900098535931
0.2834325699356899
-0.6916908880419044
-0.3033411900446845
0.14449872419160625
0.4854198123923812
-0.8966884376362698
-0.9564408943228855
0.6714765871183355
0.6781517352760771
-0.9782545276429979
-0.5680738925930855
0.4234740704623903
-0.11748827685334118
-0.8351072827062591
0.913746542916694
-0.6845982870157168
-0.0983373930693765
-0.4863074202765709
-0.973094176743792
-0.37284226851445723
-0.2134439380212092
-0.4076292691484662
-0.06729337806881652
-0.49708943410666806
0.5383354580061892
0.9762034064392373
-0.14126931204573823
-0.04855876965777939
-0.44337809809571094
-0.07129213843929172
0.1919461166864842
0.6291430735844179
-0.43865192543187326
-0.2824010155866663
-0.4553860764412425
0.033783311033834806
0.7312212103818545
-0.4444849948935925
0.4169664378455613
0.7882656120101605
-0.665239801459794
0.28759428490687
-0.7213041620389016
-0.8831112428731145
0.9016726233161962
0.8110376803987931
0.5115277036729566
0.7747291387970914
0.375085994328735
-0.06987768593996702
-0.9147662278261717
0.46490714037130676
0.3802110472935929
0.5629812574793032
-0.8307679346539063
-0.25743012253452413
0.8725789638622736
-0.6691747752353425
0.08920444973597186
0.9485703131296586
0.06952447448042087
0.09313000699859852
-0.38292150487892385
0.1606686055348181
0.43482446176210665
0.24348045917883754
0.7552271418006755
0.10240443196637772
0.8314380330929105
-0.07277667033436819
0.6705657561218044
0.5925129119120496
0.08629361396134438
0.35231665043631244
0.37145127355948926
-0.7793271646938411
0.5515174310891628
0.31830525977645596
-0.7369895875756443
0.06444632844395604
0.5727906538974405
0.7843561914683626
-0.020322753228670942
0.8490832780067323
-0.07031272014989942
-0.22822894960645002
0.4031443612478105
0.8264007515060543
0.1486819476142649
-0.35548674439212125
0.5416321778493893
-0.3577855516846886
0.5187903427046865
-0.18343975597048034
-0.34198196218733123
0.8767638060460647
0.22412578807036465
0.06988958202748341
0.49170205384108634
-0.15220503241038563
-0.7273735655777558
-0.04465728201131758
-0.011454094089482059
-0.3017153886889692
0.0031576595123581352
-0.7253298990472847
0.008503739907512964
-0.4038205962364265
-0.3583513507707403
0.5729866088303535
-0.8035864435397659
0.25973117769978904
0.04022261002696892
0.26153207010753365
0.5830566982116556
0.4518381807856191
0.44197781793496804
0.7893128703091445
0.6119170224119803
0.5215478879465165
0.34505760449379297
0.4096882851498749
-0.8731729432501174
0.8043668242982858
-0.5473230902624888
0.07984540357623793
0.2273985001692922
-0.9548268999568696
-0.024323605218370625
0.11742862933261078
-0.6233892203930542
-0.637997779435912
0.2733810487569841
0.72977896276001
0.6239864845269554
-0.5619509925702502
0.4113850370845995
0.2228918079358626
0.2802902529724516
-0.5982297297492343
-0.2657933312552503
-0.9533896127095405
0.123062229152336
0.0523813380485052
0.7386863118891935
0.010711343592975542
-0.59388841238538
0.35892731084035345
0.27892367589662603
-0.19220485112650665
-0.1352229279584407
0.09141626801610636
0.6470435476256569
-0.911018222145793
0.9514145713687292
-0.2683171322980582
-0.3020130746628784
-0.5215872345002974
-0.8324909167226655
0.7338855424899191
0.004427685458161523
0.46512964143555746
0.40571773059698013
0.9028025063334681
0.5222943515637106
-0.9925451077656482
0.1379348036560315
0.7844103453284035
-0.7892331713045808
-0.21102539656570807
-0.5919093731269711
-0.7116846128734209
-0.21097633115393788
0.731964025411119
0.10055536322191694
0.33474113314509
0.012734008539369013
0.51067889226874
-0.3385643528486697
-0.08560505877534297
-0.6622086584413023
0.2736105864022864
-0.3335347269383606
0.5169846716850035
-0.309102295306632
-0.08755465148676422
0.12404902523978945
0.04194151836937321
-0.27479846798889684
0.15197879892677157
-0.07408350539973108
0.33109027261158763
0.027981656759598073
0.9705700745033203
-0.5065900554791904
-0.5616977750397822
0.8641826698241253
-0.25212915085757914
0.4899449132029996
0.4875447641404176
0.08346053430634637
0.5432510430176436
-0.23031972148683755
-0.8801913957082006
-0.18546963213146728
-0.04428937690620116
-0.6719987803463532
-0.5178967809809938
0.11547239136066234
0.6172082845576232
0.10053510490928086
0.15001042569247236
-0.50381741673556
-0.7669473135566727
-0.8225401899289391
-0.600383381420531
-0.3206855922887637
0.05347889725924526
-0.6617870265661643
0.6123224595351935
-0.05046602496758834
-0.48253312157544737
0.25494587666597557
0.7602156111134781
-0.20668838686035684
0.4540739125563349
-0.00502253153885146
-0.6573566628580689
0.7778116727322131
-0.5377895889506579
0.15290836712920552
-0.2943248146156776
-0.545702938758357
-0.6646392289024217
0.43935073647458767
-0.8297912999740522
-0.6740620826447734
0.7915245787632401
-0.06270879511855343
-0.1235899359482664
0.8829459594347824
0.43618785003620175
-0.9035986150596442
-0.812966905578969
-0.3366492242674972
-0.06903085337690196
0.7273761481200625
0.5658873639101234
-0.007145270862130015
-0.27317848382925014
0.5808274298494047
-0.44396372793119054
-0.02801444726561919
0.06755874441106235
0.5651917665317594
-0.6581055256179356
-0.9597515588239789
0.12817381303798814
-0.0987696702398746
-0.782428622664193
-0.2161429761415805
0.035867638605069585
-0.7265846797237399
-0.5015419142966009
0.9324056681420458
0.3817556547524916
0.5363168900052782
0.953159297443305
0.705374225963098
0.6713638049230668
0.15415546078746845
0.3007330520405054
0.15980181470322985
-0.27956410603642845
-0.8798629084271794
0.6824326264909737
0.6564521845793616
0.9812216856991411
-0.09502413075241689
0.13635227052128207
0.6657748466303435
0.27984109597306284
-0.9572631647854919
-0.37639604071885646
-0.006347453282824711
0.3071640050763407
0.6273034951171839
-0.4837708688091784
-0.3654980277733564
0.3026700057525131
-0.6032679605262219
-0.34883146511258944
-0.4145274678154951
0.11041996674270504
0.6809284129341922
0.5461871448880389
0.4860239144786842
-0.16235727651161724
0.17313479466757498
0.9665704951576972
-0.9145467763513817
-0.15125955006920466
-0.36431686328111956
0.1450056734492844
0.028068514337310724
0.1413458215879091
-0.09784310430068155
-0.40053594861038544
-0.9001554610430131
-0.30353973410054125
0.5155479729557202
0.34586072360210407
0.5355894787240199
-0.6972141099387164
-0.9279479420696108
0.2918679357454905
-0.6811446183225971
-0.24256953422255423
-0.12881587070979217
0.24400015136733177
0.737025201560118
-0.7395249128353094
-0.6503013157729558
0.5726734032815963
0.0035463949310827747
-0.5335315095015174
0.29540254463643034
-0.3871750709474491
0.8044506579932165
0.12631317459930735
-0.8192769213626563
0.32764772549217036
0.6433601149450188
-0.9239473311483248
-0.6459236566771946
0.9362068599214153
-0.6444319732816637
-0.25872050478836717
0.8735899778193861
0.8141681234035969
-0.637728075329296
-0.6080607657612742
-0.9645417205330213
0.7845341925403793
0.7381664330538247
0.26559945582929245
-0.055632325908665736
-0.7356862914449322
0.36506772372373497
0.8790963581982207
0.49916122380060424
-0.6890725345746023
0.31187091826455515
-0.0949976790183209
0.7389701551572141
-0.4224384247197741
0.903477510523466
0.19161115985460775
-0.9275210291337479
0.24746288665951321
0.21659849102570217
0.4331147158398567
-0.34650433183579965
-0.3206566185441637
0.6837236158501989
-0.5575550249378678
-0.26045612865407675
-0.9234433825977608
-0.10962770918248421
0.10995069330758178
0.47947510736468235
-0.9500550567026433
-0.4743620596616307
0.27121509535721544
0.3332472734680041
-0.26460613521736165
0.07130472465319082
-0.45545787231330315
0.8489495556318338
-0.32336885923542646
0.12840009476310144
0.022928683590212495
0.11234340473548832
-0.9569567085778197
0.15648566081827897
-0.4175055161222836
0.7479289615447426
0.6903483629126936
-0.11473070504027927
-0.9391864310823366
0.6579333316954907
-0.018604021583656705
-0.652416514681712
-0.26959070014425923
-0.688073650931585
-0.05695454738180361
0.6306868642800547
-0.37148045331678325
0.19463045706289472
-0.31106383191776854
-0.9742361258924597
0.42840012442408937
0.17686097772308984
-0.2736732991695707
0.9770425279251118
0.40512437084111474
0.07014958465184673
0.5243197764622602
-0.6702104791016903
-0.7963467566560445
-0.45813449549510343
0.6121369647123602
0.9977437932498683
-0.6870110625911345
-0.21825744604680564
0.4568910465310976
-0.2763414607402681
0.1895727462310941
0.42757996064538983
-0.7013638254379901
0.4129530779830284
0.8698113261385643
0.8155351241165456
0.24904788524272736
-0.9248518117226152
0.40216955533964094
-0.33762749556238636
0.67023565641862
-0.1656788135261842
-0.701500430076462
-0.36729870499090955
-0.3051221722532591
-0.4081741121650455
-0.6600410596772377
0.7775365842331718
-0.464850062901623
-0.1390279565926269
0.23791493353400694
0.2433747142679239
-0.43094232195968574
-0.6534632324591294
0.7825480225796322
0.949557732078411
-0.8725055536226403
-0.18457734432697825
-0.4715197421796091
-0.15596877991302782
-0.17576829418674733
-0.8707374876164131
-0.45318952772452614
-0.7176892113063631
-0.4757235442603289
0.4343347208204098
0.26738521334575216
-0.72398549691012
-0.6321494018708214
0.08699651766560135
-0.6865495078035662
0.7767439708970332
0.4046459087966452
0.7917845949606415
-0.5698500299647213
-0.7052146051382133
-0.9832044041246097
-0.06564342499908071
-0.09253251086441905
-0.8711142018558766
0.5775660308218664
0.32522792239754117
-0.01754446179596214
-0.8411957564330979
0.4980580509899053
0.8572562564134947
0.6655727983214565
-0.6416781668774438
0.8775125841020355
-0.9110445131592941
-0.23597390084670233
-0.05854127830769684
-0.07319503685502915
-0.780542460953823
-0.2905569645135977
-0.43833719878382493
-0.20843937228627207
-0.09633471791653236
-0.8077091324842751
0.965320819134265
-0.8009743603459925
-0.041674609123931505
0.3530412528111331
-0.08968223053956059
0.4585484498667214
-0.7017653826350483
0.6290525316000699
-0.49624126021639947
-0.8067225194620466
-0.06197426136748829
0.366326407183891
0.9107045786534513
-0.5360042555358979
0.6736000631136398
0.8572335920489973
0.5499540531691705
0.11906418229929572
-0.1560722426307728
-0.9389477166473206
-0.7871255185004133
-0.30225547260220775
-0.764541249103891
-0.5217861900395906
-0.6138719551739931
-0.28096093404485045
-0.5188983446735451
-0.2260782531339991
0.9490633432853646
0.45870779750195756
-0.9450888661278287
0.4630568190569151
-0.4866407346406274
-0.7169904392105331
-0.8451851594409243
-0.10291867419693257
0.7907368716390377
-0.9622035343757915
0.20437685011530582
-0.36343817631569375
-0.47329336747564366
0.29397223823720564
-0.43769562643969695
-0.31198389812116134
0.2934498481562311
0.9191446467852578
0.5926496108810007
-0.17390501943756465
0.18798952336867214
0.7137025038030993
0.9574148751418483
-0.0553225613873245
-0.08426788020519349
0.9835952747902019
0.7343462277296489
-0.8228852447787807
0.55591226212965
0.58063836363095
-0.032303330069102465
0.6650164008389758
-0.21553994341796057
-0.995440367430753
-0.6042701661250633
-0.7465090264171679
0.1317335381427316
0.6939056817713276
-0.309408220288361
-0.31225874534721987
-0.3900970616366226
0.7541694472141156
0.029063424886841993
0.36208819962652883
0.7808048045778755
-0.6174428143230826
0.29010014369142034
0.5597195766773655
-0.9552388847633855
0.004554488926703071
0.09117384460609745
0.8389523403560304
0.5299985426013334
0.287020913132342
-0.0658938605374153
-0.2528521382109996
-0.6911268691341039
-0.8271270555839854
-0.31116433040614955
-0.9777497481441049
-0.06577310037288697
-0.7876006098167176
-0.8754274364395762
0.6709566974075993
0.5168173104707299
0.14988230583093176
0.35654387042243063
-0.07346756647440067
-0.46081957346195446
-0.26550829206805115
-0.509472661578561
0.39770607385404144
0.9614606019720906
-0.9977641643958173
-0.49075643577326433
0.7347955846112941
0.6787212590222476
0.8492916345439994
-0.07708260247474352
0.3635397378988454
0.5304227783492432
-0.9177507093885049
0.3204318704579734
-0.6570005493511735
0.5515989810057049
0.285797294555592
0.5421586311383357
0.2806021635956246
0.3303578326762078
-0.7903690085037174
-0.09938101390518606
-0.21017916834903083
0.8524442405077102
0.02724592210241439
-0.8230558129197065
-0.7342345024177015
-0.047083871538997846
-0.10083252620951622
-0.9129947045502524
0.013945196445187324
-0.10886447908463559
0.9207835848718751
0.11647685335031577
0.7779209118618808
-0.8658531578281388
-0.5414475803977501
-0.22449923337643063
-0.35840060270022445
-0.608492175582596
-0.19023010222466974
0.9645861889976155
-0.32174397982844116
-0.49644575140478486
-0.5243472872866983
-0.781060038919811
0.6351137112830114
0.3772917603659982
0.4237750269366325
0.8499116109773102
0.8043117977271499
-0.06499176473589086
0.9973601043652076
0.32388954460505115
-0.9656636058096868
-0.5151907417937016
0.9372987667118629
0.09739232542619991
-0.31965297762429956
0.6857088093636527
-0.9133254695908459
-0.5821097903291144
0.33279518773363237
0.21724033062358283
-0.9711728106933932
0.6982461023448201
0.9634035492211459
-0.8671716276964738
-0.40642139686151135
0.059889649953903445
-0.7332177287214017
-0.14162878476728413
0.5792229968984253
-0.1152506798611379
-0.7547704624478022
-0.4082243985674594
-0.11848281775020264
0.19439419233514355
0.8254646727261963
-0.6653927926345098
0.9334611946525246
-0.43550973591409026
0.11607944712214113
0.33194000040918814
0.12135698243876347
-0.4077252826355333
-0.9758444548059912
0.09358485996237342
0.7615540307534416
-0.14745607095995172
0.21884097547599235
-0.2026402699055576
0.8193493094896886
-0.31979332955678585
0.09178593086537545
-0.9847389664703636
0.455046812631976
-0.29138682558858653
-0.8855669190231481
-0.2567495752603617
-0.8134808706295231
0.7449151394725373
0.6340109323525098
0.05502598589262253
0.30704345757371887
-0.14298466806841437
-0.3153891738683712
0.12467438428687005
0.2559964053389887
0.6233998911544578
0.4875477522491327
0.986785444126496
-0.730832687865212
0.8891150674521306
0.15067928370900185
-0.4039711677978308
0.840602349801149
-0.9242145266073183
0.9542790602437918
-0.9267177272673308
0.5775634277251029
0.7247553180515389
0.007181603163118
-0.12326152702680293
-0.0742323124093045
-0.46167522139393147
-0.8856418301643494
-0.23609840732264908
0.43277614418700083
0.00030726830629790314
-0.8333203827756335
0.8977905982440144
-0.8943022993179659
0.23933110711504746
0.3211001971138945
-0.42342591787088146
-0.32386560647618134
0.6417578781297746
-0.6699389808222691
-0.3816156192501723
-0.2435716164363344
-0.695913880007405
-0.5722531167946734
-0.27232521112314134
-0.7926136505373527
-0.12253819648696163
0.06093163215616704
0.7953039863759355
-0.42533419377934245
0.3392945744186193
0.9733771360990984
0.06403905835452095
-0.9236141621004137
0.581276971545456
-0.6161847418418052
0.6013912171548563
-0.19381382494533206
0.6314541352313845
0.5607060987466179
-0.5691263186018194
0.03774536904095194
-0.689369866742874
0.09968782689573197
0.19798597278662133
-0.4027425793781456
0.1936386691971561
-0.6996943999987992
-0.22385879118290397
0.11200589443398523
-0.6775901015692587
0.05155391643950402
0.15675865999638328
0.4450970214573391
-0.5926837184026548
-0.04517275010975608
-0.44442501070901086
0.4542073688982058
-0.5424487827956523
-0.21390197893308738
0.19853315227780266
-0.7624221876741304
-0.6803438287876862
0.3617462096267803
0.9570839209731468
0.7372526003393878
0.053754392834691744
-0.6619020697106885
-0.5282154664299425
0.927542143820725
0.7075544662011941
0.348712194364863
0.9434861521143882
0.5296159695165081
0.3081653516450369
0.2892176741730932
-0.9026885901817006
-0.30855134440389587
0.5362607947899352
0.210894064086675
0.875210407100987
0.8663436467300836
0.19337348067620552
-0.7563325473159779
0.12371230809259726
0.7351745644619918
-0.297354654761687
-0.84611253650223
-0.7311642138778813
-0.9942891043794089
0.38025732174288485
-0.780417636773219
0.4491773905041099
0.579780714086868
-0.6587144857427369
-0.6950671152494412
-0.014296504802243426
0.7508900942562029
-0.48173777920680516
0.10359781222389852
-0.129306852634699
-0.3352029621059669
-0.6876867122088028
-0.4409632734538962
-0.6991777567224648
0.8974303259632319
-0.7686369513436113
0.00893017706436705
0.6521675552859152
-0.6078457456054354
-0.2233770010028877
0.6928403077869343
0.19088565873789154
0.011777027176465671
-0.9849303277333432
-0.9223640262604391
-0.2216965195122651
0.5869801762837328
0.050452630977121604
0.41300289457276285
-0.9429903846162979
0.7031797506877435
0.5417508226944294
0.39282819674384806
0.4110688636398949
-0.4531326531440989
-0.10072799099339491
0.39381629357694137
-0.8673013805870873
0.10317956375047177
0.9619172453001332
0.4819619673020723
-0.8615763734542272
0.08593963011658667
-0.9744605876774775
0.7835948080579742
-0.6040321718123443
0.43415651047831694
0.7961783109602509
-0.6751927234675839
-0.1067976038793168
-0.2399181245199946
0.9098554967740211
-0.9523165877623856
0.4020338839232218
0.7938305861118695
-0.8201318082950808
0.5239052833726601
0.19175992195977343
0.4208855626876211
-0.8001353904150428
-0.4206766567845108
-0.6608014250406411
0.2982574010760075
0.6224591382159388
0.4795984168478882
0.4983931897245446
-0.71675830780218
0.5392691471244897
-0.14931357475280027
0.7680255648925352
-0.646223105819336
-0.1879299952532565
-0.978688292536751
0.5929045457070001
-0.29817957946151963
0.4350393841824378
0.9034494303455256
0.3736934968276002
-0.8290159295960755
0.20968070189002797
-0.277264666701861
0.4088490665385218
-0.2333440106240361
0.988018271200058
0.10831102116644176
0.44534413247170757
-0.27937366911995687
0.7339693995009895
0.206385882073592
0.392097007981943
0.9413535342181445
0.2603609025143494
-0.8555594467863317
-0.3878672081682326
-0.5839046764946758
-0.3511131679465469
0.0053181482876778485
0.7215176063182367
0.9283286641890574
-0.5906197689312722
-0.9289790208852462
0.8908533683662654
-0.30718263578777316
0.6933802036306944
-0.03462736647880704
0.6224055278274887
0.8072349141779098
0.11873896983830678
-0.33603672093796977
-0.4120192136476932
-0.8787439042747125
0.11139062064481786
-0.18222463992566063
0.9588134341291814
-0.26644074734686907
0.13816396085067262
0.9335152754537699
-0.28176275951449115
-0.6544401752128888
-0.027944381167305243
-0.30549866503768297
-0.3211027947354905
0.0050546668974664755
-0.11508869818398759
0.889693670206529
0.29204439393207626
-0.5022764680955707
-0.9545992744255103
-0.4532434350248111
0.7175757709324535
0.309923674469301
-0.08706054274116148
0.48558144171235584
-0.7480224229542503
0.49400391184579173
0.5626435049459997
0.8858449289258958
0.4118142518505352
0.6366104505029375
-0.23400013016031052
0.43880778744805404
0.4607899408891676
-0.6309856185897793
0.5702314986264669
-0.5108909801989185
-0.8261831279534224
-0.4731019118230526
0.2197252269660277
0.12307427304127816
0.8506137455240326
-0.34588090609001343
-0.04373391953086592
0.16135303455898264
0.5352540789872764
-0.6034785126076947
-0.11622646267342418
0.9930396674198125
0.45716895335641783
-0.6462926134253915
-0.8629074406181168
0.20946283316565606
0.1330131354669304
0.36669727653038375
-0.9262109010669239
0.6521477099540527
-0.6950605976907327
0.06339587128470092
-0.2893295713241193
-0.4435057373816089
-0.08290956261965743
-0.9053022774166919
-0.9767570559669794
-0.2904453108923035
0.3426745944524001
-0.9727822151203793
-0.8506605068787048
0.8597453338730994
0.3969529543095456
-0.9306233657154319
-0.5651956730963879
-0.5338255074798826
0.5676213691069829
-0.018704696232686446
0.12894489714019786
-0.7218280820078478
-0.35025187627175836
0.533485976936251
0.10842767476087323
-0.15312201010832416
-0.4308579538375015
0.16128814436531402
0.9516494989522317
-0.6855179142805179
-0.5969340045016152
-0.6719430279192105
-0.6654645908452261
0.543777734419236
-0.2915323825957288
0.7065633261843729
0.176277248682017
0.6880781640787497
-0.39066720876372885
-0.24586164226834728
-0.42500935276858165
-0.3552072758033751
0.3361040085716056
-0.7687483680479315
0.13757002800643048
0.07487107127683967
0.6890212070302681
0.11051038944772751
0.5731747783929404
-0.1525452169566277
-0.6058060790495654
-0.5741379354356717
-0.6447550710508414
0.04029533974343802
0.6708908792733472
-0.13403447324361095
-0.7476030332679018
0.45667368862031665
-0.9779862874050163
0.7348128962803737
0.907768209440158
0.3273027168743414
-0.6248134752951287
-0.500071679209604
0.01959718056330484
0.2913913408953872
0.6798343185442
0.24448746642234664
-0.09082113134661718
0.48149079517125437
-0.23944765115813316
0.1670503450109906
0.15751410947724964
0.6002916317968625
0.6715950724548743
-0.30599100883147545
0.2815321914193081
0.4243106045991063
-0.43716676101234686
0.657949949498392
-0.40786792554358664
-0.9852827865715101
-0.22939751250357232
-0.5596228600120019
-0.3520149599219584
-0.6892106923303887
-0.7393531377719871
-0.4701951970107856
0.8316236751310027
-0.8811055141426509
0.606560990606267
-0.5458888868560106
0.17191582317167908
0.9869711821556013
0.5525829746332649
0.512149693869951
0.23343547793295083
0.8816434233781651
-0.2946669382191185
-0.11956846604404836
0.8302301365722338
-0.06816760507009412
0.6893943224640731
-0.5731768612546377
0.6810089550833289
0.9117891267322074
0.9129683511932314
0.8074899121463635
-0.34283277828333913
-0.9641163148139891
0.7887506527217472
0.08834211357170307
0.02384623705221145
-0.9046055683163783
-0.2693020331263507
0.1986415932049752
-0.536811436588482
0.8948129659873156
-0.8074847260706104
-0.6039833597392601
-0.6055212487999608
-0.5276653793498118
0.07960484824517455
-0.7571461207997363
-0.6079996217244494
0.4686021740517945
-0.47852367459407796
-0.709586286107047
-0.19305224025630108
0.11125878167601644
-0.6623456496726421
0.6503137848073204
0.7884231809085456
0.09537968745301084
0.7704317288680964
0.7581108383230661
-0.9199416295130793
0.6057353470827951
-0.3765101879983537
-0.9350710181462614
-0.5324233259626885
0.26248076235038265
-0.924747632342761
0.2109265386085164
0.280399095996001
-0.4141725943314447
-0.03600569436047629
-0.5023570684087182
-0.10419152937932674
0.31577064533566657
0.3226206849911766
0.7877021509069002
0.4061875756251532
0.8060608171101455
0.04340972445081315
0.9391056413724801
0.23017103516261073
0.7909990874765291
0.23869699543531664
-0.7240515566813528
-0.24271343533344325
-0.632972303539796
0.18720899362671428
0.8447404581292373
-0.21520211499530273
0.03764625943216737
-0.846622168562962
0.8786046609007736
0.9915864672377748
-0.8129765643836435
-0.14726231618503927
-0.53709032724282
0.7896466348129332
0.9217701087173187
0.11265836272941154
0.6297189216928862
0.6330632290657843
-0.472919288768918
-0.9306449953264211
0.019157369926269263
0.42418855425355684
0.2500828978579952
0.8432037952335891
0.43756760442290554
-0.6407337497827625
0.9478309407690142
-0.4207467575450612
-0.3068393793855255
0.3146323746453632
-0.27299530023500407
0.7668453245729807
0.5021170430494899
-0.351008284384023
0.508242247280436
-0.3026944497608193
0.5360317550733444
0.16596828658086515
0.712036726429653
0.18627078474759484
-0.6528936333827062
-0.3607877194887146
0.33124703613787765
-0.5562218187053234
-0.8352312355848353
0.8191768768055843
0.5311672696135938
0.5999362519794591
0.05181250651636482
-0.9743074538031806
-0.03580775600923869
-0.9157047678194317
0.08642564761494254
0.6674858870273215
-0.4104841217048314
0.6850743113080173
-0.3337637613120994
0.92338442474675
0.7591423048485424
-0.773566546761224
0.07048819075967105
0.5394552623974378
-0.991350354614803
-0.8279350041138371
0.17791784528297305
-0.33275974236529793
-0.12582482711644016
0.1523977385780262
-0.09098827942654952
0.7081494744205983
0.20701846139016222
-0.22412902598939355
0.607305215019116
-0.5760237260014209
-0.04812279303050815
-0.9904541010168779
-0.9891611511195835
-0.7224087340303844
-0.3963042948123108
-0.9563602252020966
-0.11935793892921742
-0.6166286163989683
-0.45535099818524083
-0.018138021403136362
0.4744789641632907
0.7612710476874289
0.1792559259312907
-0.17783099295089322
-0.3922125476803362
-0.3415061164555877
-0.6457203928624748
-0.16519095375842308
0.8752596398500863
-0.9062843111014269
-0.46972853975993734
-0.20404127952555018
0.8646337722752699
-0.09618351962121463
0.6325233037081175
-0.3480760993767882
0.41879754315195794
-0.46962191532917164
0.024918739411720736
0.08561643270461294
-0.4449134752295869
-0.7525604600279698
-0.7076045394013573
0.25153917844234575
0.2167474356107264
0.5282608823830239
0.45394112536488995
0.6092231485913917
0.11800183103127893
-0.20036566587070848
0.6444437755454135
0.0775476338395924
-0.16730781252813776
-0.37675404217861264
-0.8287664162837576
0.9631115249996984
-0.44499039226307313
-0.7086647879374028
0.7590915755527876
-0.5801169670313369
0.5053360418782278
-0.09297662927686101
-0.5575270584657372
0.7834309355021181
0.2361088520834378
0.015592459157247163
-0.5380815051450321
-0.2916381076168095
-0.7464103281872927
-0.12542266633156296
0.5491902501944299
-0.1987465076966899
-0.9855271905433551
-0.0162628407253238
0.6437740499638518
0.6577340264403801
0.557451974141312
0.45253579464951366
0.0550308484016826
-0.5534108856050683
0.29646245090835754
0.766610314913543
0.40180516192304316
0.17485633222047525
-0.5764958574472905
-0.20382156245794447
-0.5965413565799447
-0.2222120048248195
-0.6575166756693065
0.3980873513938705
0.5035093915918534
0.16467185063232592
0.23338026669709921
0.1667624823531253
0.07130096622537896
0.29156454862929726
0.6474925696454306
0.934232114003323
-0.8598966281673717
0.7000321962702847
0.9319131572455748
0.9334110603423333
0.633655685472488
0.20081182022307065
-0.5939807465960507
0.168527055012349
-0.813737903731675
0.9323953910995804
-0.4172766553163718
-0.6871394787769867
-0.8698854950029518
0.31108699903932746
0.2714468078531145
0.6402907654694634
0.35265880980785047
0.5973026666311905
-0.5341166166236044
0.251355175431603
-0.8454293048402228
0.25331940389856067
-0.511679388606459
0.5111954024975676
-0.8419689880858607
0.8134607532877844
-0.11062897283901219
0.04696548367747311
0.37990861724905445
-0.17013696393937017
-0.021900726449109564
0.761145627343687
-0.6324106971539962
0.6773740276023901
0.8574621408551992
-0.6140039767822145
-0.44031180133394243
-0.4320183219656004
0.40572184178925763
0.13829083982370083
-0.7261947631115893
-0.5359354160508325
-0.9447120915535865
0.4835105902703851
-0.1657971641910203
-0.04109970325117196
-0.3097353208156317
-0.1358134111456828
-0.7798307103260276
0.36520556398781534
0.31885467087972796
-0.8680835224684831
-0.508832152233158
-0.03208519996382764
0.05117182467387593
0.25758874387560393
-0.6448015327304162
-0.6033227914701147
-0.16209230071725145
0.3335322075478908
-0.601824276694416
-0.5209626239707996
-0.012044071255780109
0.7363000609126586
-0.09613832706846481
-0.08794699141845053
-0.4310421815224543
0.2692536361544984
-0.20231463229592062
0.663086013918146
0.2978648500466241
-0.2476894992799723
0.05498619706328434
0.6549191758575583
0.07377302074203174
-0.5015328130398589
-0.4741686592724328
-0.8441489119467407
-0.7513645061136296
0.5748039318520886
0.7771259193547291
0.02139809899945866
0.8849846565615993
-0.8115286605640313
0.7886556531289783
-0.9716469238273104
0.9242020436385128
0.5749336153722906
-0.4063534612905495
-0.391223602955207
0.13859359080935563
0.4527422087544162
0.20325130147587123
0.24097110524661391
0.4990464029744148
0.7459677490688523
-0.8912385575749164
-0.5643097083316031
-0.5442570206974269
0.3172157850524502
-0.10855888208913167
-0.49100045539142045
0.9161328817765686
-0.7698642854827973
-0.6688657763029393
0.15529640277134193
0.6961382661621618
0.7885184760935979
0.13764089248844824
-0.9483302530452307
0.2526562416882452
0.5216361342541946
-0.7330193006197578
-0.14853762888563304
-0.3378849493105316
0.9210029595528835
0.044275798118857956
-0.053836482088608584
-0.1066332861686734
-0.31677560949217054
0.2399370217629231
0.9402115477060811
-0.48403528910578353
0.2433943767658242
0.9657780046103979
-0.8964252455819777
0.8569592882213062
-0.7701534201180378
0.8826717573480127
0.9786101096870623
-0.8405557752695991
-0.2535732232007455
-0.48097088064303994
-0.6078070499854611
0.10649604787614253
0.09936396342904752
-0.8379295626271144
-0.7599998483698926
-0.1435059468746247
0.3937591207636022
-0.9987652895913233
-0.9279884318421239
-0.8625225034132045
-0.4439559464598506
-0.10707797461100843
0.5246758017887612
0.6668513558498481
-0.499377280993452
-0.5258780278926294
-0.19236600985584906
-0.231206931204049
-0.0574557562183724
0.6267983313602741
-0.48197035410210187
0.5972033093943578
0.4666928914483326
0.7573133801368499
0.14159769877070483
-0.6096577083131425
-0.9301885915173795
-0.5972213330391518
0.6878779835663735
-0.27986286629200063
0.8103846139574362
0.4839667170694779
0.2002918489441894
0.25041433475671004
-0.38115045254693336
0.6189020266786731
-0.8030048027625531
-0.7829935029477473
-0.3294623480352008
-0.7677718344817199
-0.6003656690639281
-0.6311584673646953
0.8646122601462993
0.7183926512466932
0.05665603153488097
-0.44391188237373136
-0.6583808582890303
0.5626494765937804
0.5167802483882695
0.4551164353089441
0.047780042558018154
-0.9409325584786596
0.10082081633483986
-0.17452363309025198
-0.8756609198937242
-0.3000116750160242
0.3045736609979859
-0.9775210760312103
-0.9274927585132
-0.17351068822372473
-0.6877914160218583
-0.1364371622284859
-0.1986721382542429
-0.1294960930956821
0.6602931593954895
-0.4412794631550727
0.5569771502239484
0.9876708341883231
-0.9133468775768467
0.8682562941443517
-0.6587343346033248
-0.08273312284881218
-0.8897954089454703
0.0524625738479898
-0.9778373553102737
-0.5000918716752714
-0.2513123467077958
-0.7395318975164484
-0.618089811753775
-0.40180205354256815
0.24736392071683988
0.3216582428975867
0.48243411363343425
0.09012324281730644
0.09542583119373815
-0.9474383241485325
-0.6845040925941241
0.906379029351082
0.6685973809269581
0.5452386655877306
0.6077939887624022
-0.9862431138978374
0.3761601870467506
-0.5211345654201365
-0.9439903536166563
-0.9995036701508941
-0.9885834265394469
-0.2999770337560186
-0.9467670671017352
0.6911593997281411
0.49295664038866716
0.4245805143840651
-0.7179130539418266
0.3285546380181157
-0.48839858416368664
0.6485372492825061
-0.7629063230040167
-0.3620126010781832
0.9080765919497984
-0.7276586355458905
-0.5022336422495868
-0.5049164294794521
-0.23822538361432133
0.510041721617277
-0.2960876675543269
0.20303019650738974
0.31774544592150433
0.8463149207148963
-0.953089575673697
-0.8127435474011793
-0.25360229161445047
-0.047080957790652134
-0.23089943580066574
0.7894367606352335
-0.9457597044283645
0.7889633052907679
0.6244002265932229
-0.13865576932114987
0.3633554973428834
0.88743009855127
0.6521817401477796
-0.5912508223910311
-0.13236907811647303
-0.5045458160489027
0.9716330501081747
-0.9031648235433318
0.43372202667330106
-0.007101390462268986
-0.3199355068505123
-0.04257013949280042
0.39843196506754386
-0.5905345097901524
0.8812249024244485
-0.21627899738068845
0.6292105510273345
0.9030992767750148
0.3467893555744115
0.3049943564836377
0.8672604342220884
-0.011389445706408985
0.0815081774090165
-0.2510090676586727
0.7383472230127914
0.23225447394573062
-0.06043087668110414
-0.5873143003710384
0.719518737666786
0.7397048314955059
-0.43960681030171256
0.3500006689584232
0.7870932613136676
0.7521198080817775
0.10434228236914511
0.3024280472872567
0.9407715581747997
0.3230299104142096
0.19716428742357106
-0.8184058894694035
0.13633782296298258
0.7827463024105301
0.3849988695301765
0.8974617526902873
-0.872596334809502
0.4101680534967529
0.6431757502511004
0.48099987882381945
0.5433006418441624
0.2658545538123229
-0.8682939223478205
-0.728676515616117
0.9190497811232679
-0.4359292723674373
0.9974968295140034
-0.22221468158494795
-0.962179937071779
0.021233426355188545
0.5660118689153693
-0.023639157013200185
-0.2866170412730895
-0.627986443247025
0.6176947709771847
-0.7519578625701993
0.21577420764659005
-0.18900759319780747
0.49510958168903607
0.7601356882106183
-0.9862702874273988
0.2779015458922738
-0.591675341205723
-0.2721678567815975
0.42928891334894415
0.7994606167186884
-0.42634164953299125
0.050488587153297404
0.4245603026016094
0.2963143987995933
-0.4549766696332498
-0.44393563594679253
0.6955860727669885
0.7479474229515977
0.4035393918806023
-0.9334213021562461
-0.4246142701201041
0.48933043708945045
-0.160326072938215
0.5809136324592137
0.2796030354927994
0.4895134825584646
0.9444453861823878
-0.4220863405379509
0.7654462388638754
-0.7658636129450522
0.060294612697448624
-0.2101883360954957
0.9029737634652468
-0.7963711060630279
-0.031080071969721956
-0.20901106260637548
-0.5697699445350051
0.17076966994564513
-0.4755813330793963
-0.9906988666580645
-0.300285749737641
0.783276736790316
-0.18532013961990668
-0.32513225640270105
0.45550363919450154
-0.23963913917102508
0.4533600933432034
0.5259754514396404
0.545678719676963
-0.371531234584457
0.1252276294987551
-0.40726742305775887
-0.2630053167163333
-0.12630103088244127
0.6486282721485845
-0.8307376879760904
-0.4902144732595808
-0.3308077474400011
-0.5855480050551498
0.10113015228364053
-0.9656456013722838
-0.07858055200562308
-0.6822752936708885
0.8288140615939266
-0.2267743034825278
0.7943731605617925
0.7863133814709098
-0.035905151655025724
0.5174413050676219
-0.9359838881513423
0.7315893007647609
-0.03853046211939071
0.09309105524909245
-0.6432302338272031
-0.4561149992659521
0.3975852267241542
0.501660677634588
0.376003661212859
0.284151622271132
0.45856827734031325
-0.043656216206711784
0.9035224823808912
-0.7135849610165821
0.06667486854386473
0.49795423887968915
-0.5456743648857074
0.4104162781785705
-0.5856336339359889
-0.639350194541817
0.12790578502551053
-0.5539144476009021
-0.1764894129828556
0.4330665058641556
0.20174144357900992
-0.5263699800256911
0.011484087338904603
-0.673950084302549
-0.3657850685577013
0.7707835627766999
0.49861143000325026
0.06721262277223405
0.705086451384277
-0.7529669597817146
-0.1670658445698754
0.03619387108167271
0.7294690969744391
0.4401871847210419
-0.3931127417455562
-0.8272269149754918
-0.2767270486761839
0.7979845309945997
-0.8807362341697456
0.7449428390922872
-0.9773568055008743
0.6338434325544702
0.4652066842850211
-0.4184637935208537
-0.2862488774450511
-0.012918546589386626
0.7194146253385982
-0.4692108968518638
0.88772719824099
0.6198777655922181
-0.9153861146900788
0.5467778890261024
-0.5157045321094118
0.6954939394061188
0.29784820055928085
-0.1911335652734052
-0.8527319403631439
0.968650647601381
0.33339451179613433
-0.24162621584798427
0.4042431413605734
0.02339054508145133
0.30488722138321744
-0.15343916577532668
-0.6099589309422861
-0.20171093820916153
0.4178496678351531
0.8655191408924494
0.7435758354329409
-0.6739664320253447
-0.8673751087724773
-0.11601037348345322
-0.2965919553567531
-0.6978087383639366
-0.9954863688932596
0.6898919017962855
-0.0852660968877832
-0.7555097915282014
-0.20051896587872187
-0.38581836321525675
0.765862601471017
-0.08807333847566601
0.5695930228438237
-0.07779697990203416
-0.9996161115257554
-0.1728355562728725
0.3994353226009122
0.25899200515394294
-0.14876879907386864
-0.5836818800027017
-0.03316611904533073
0.4409138162661115
0.8037747999998435
-0.19960195388975288
0.2254569321515716
-0.43243079996446365
0.6721312954378453
-0.1287299153909809
-0.5150128633523994
0.5304885886912905
0.6517249268707284
0.18214970344544756
-0.17569719424358832
0.7218805284573706
0.9667228351061181
0.8486192366235084
0.026347575021229197
-0.6783936090202081
-0.4871726676113959
0.468707343204092
0.49850484786516613
-0.8634034190546616
-0.5989598882961984
-0.22395013200833613
-0.16364751903784547
0.6562710630620872
0.30842268748425994
0.7790619361962439
-0.8850198316548432
-0.7612831782096596
-0.4509371738665502
-0.1323128706528387
0.42742284984606305
0.5927590151728916
0.8861599556050637
-0.46589418248303427
0.6908712264778207
-0.5257902702894539
-0.05012945507831734
0.38889924652413854
-0.3724262573668442
0.6684196159626632
0.8386094991316899
-0.9084226014051278
-0.31668980943931
-0.3891280458737225
0.31607545185649366
-0.37336654559812343
0.9550254458253742
0.19624501386315663
-0.010797888237092268
0.3731510531497284
-0.11768342400764897
-0.30738566340947493
0.8602261758577394
-0.7774313520437102
0.4929819646440523
-0.03854788989633917
-0.965142460429498
0.32683970164455634
0.09312905603611576
-0.07191438212739776
-0.7807003662931344
0.5525873807092005
0.8431672939126131
-0.5891127145341835
0.9674206318311886
0.7687869398153069
-0.9515971689344525
0.06600467995794146
-0.5667897424214403
-0.2690616530852412
-0.21208682952868352
-0.3541485625519756
-0.8755225592600444
0.7567018565368373
0.13848656510340418
-0.8088961295728281
0.7502346386994883
-0.2526599074943636
-0.3828428073551553
-0.8505440529689214
-0.3977121392983769
-0.7275232631006228
0.09212767607232908
-0.19766342531790304
0.14452377612690737
-0.9449128112715404
0.16412465091661033
-0.419131179889058
-0.761426902099418
0.708939311769273
-0.8790398656553988
0.712698878387664
0.7959423885488555
0.15723797005367435
-0.850555473201807
-0.31700324541102654
-0.8809014434806879
0.09178137244161766
0.05093007099929436
0.9116939737565017
0.5472559459411479
-0.6467043236679353
-0.5238561045710313
-0.645175034517377
0.33787904810200065
-0.9589564325156232
0.9645883980173269
-0.9028773633355947
-0.7658533376868888
0.6462076536270511
-0.7113640879733467
-0.9466146991649773
-0.7337648659425169
0.355187329198541
0.6296924504784731
-0.8045027269003082
-0.10675257171080665
-0.00747100532427436
-0.8729992735702437
0.5262664458670947
-0.5978286301465645
-0.6078388687914011
0.5240319497089205
-0.9005418858211005
-0.6207106271456888
0.903448001688884
-0.7661135391202958
-0.11400758167595249
-0.6208334889324596
-0.9884068027361506
-0.1556013358055106
-0.4783048968535444
0.5991462516606587
-0.6041634796711073
-0.7012590830657441
0.8881674546930378
0.03558880498929051
-0.23802651955254595
-0.34692311969819767
0.6669371522645149
-0.8558081737252508
-0.9555690564512345
0.6606265123800692
0.5739339491927278
0.7519517496261685
0.5781924370378788
0.14153469155695508
0.9134377227367407
0.26180557647954905
-0.14414909672712373
0.7555074330473386
0.15456991083578187
-0.1694862440458742
0.2614858965892142
-0.5695073036119549
-0.0067134991884600925
0.07381399528631594
0.5941504238914388
-0.21806799281384537
-0.16080116511700782
0.5089683673836667
0.42465524517197273
0.5871449184825839
0.525476762400092
-0.37776715516641435
-0.8866023896337623
-0.5864749374016736
0.17249179827377592
-0.31273766160135774
0.34386256526880277
0.23942351292061814
0.008625922693459076
-0.2666283534296636
0.93917020394113
-0.8993871421546908
-0.20503776378731065
-0.38345815328758714
0.7008028575922685
0.4722718692128325
0.9170129077009352
0.17925966906700408
0.45281067279489684
0.5619687101451327
0.3185991129842627
0.5118742729096988
-0.2607029398404672
