-0.44528867083535095
-0.9850974487521542
-0.6466832215551084
-0.0040960902615545525
0.026252869711828275
0.07504170044411995
-0.02619063704499025
-0.5797101315435629
0.9839816686795799
0.8298989009108959
0.4736373473524633
0.5330573256548627
-0.8015483214321861
-0.6073550753179009
0.32078040873875646
-0.009870652516057232
0.45926841409643115
-0.2470677927245939
-0.3371324453262583
0.7594229778895742
0.6740317962147326
0.24540384815141159
0.26559904528612255
0.27412433272574344
0.4736802999949761
-0.10568631764772318
-0.8193911072307531
0.75025908405531
0.12090255463500599
0.2269521756572006
0.4935545537997106
0.0012536786822232582
0.27666720628622854
0.7645924871460335
-0.2585818210713908
0.4410817081535501
0.6771362985919103
-0.4201536925223017
-0.9334197641979456
0.9905882927483867
-0.7325234287470774
-0.3905093927360299
-0.5493525150162188
-0.09548095272085955
0.7185626339455975
-0.005714740294324061
0.4062829486013213
-0.06117448993142505
-0.46464466326856635
0.9982006892328954
0.13727533717299
0.5528893932110917
-0.921591141971595
0.7942675770762506
-0.4818125257460666
-0.03879666336885368
0.5695208200258608
-0.5171794241351317
0.48603571145162694
-0.04526681941430977
0.13712086396885392
-0.8145812871461164
0.73516760008288
-0.45803147385025067
0.6336389786047394
0.451997011229448
-0.06581838590266664
-0.49483691430140486
-0.7185164641900019
0.5510669537067565
-0.7145720495256245
0.9338198835536426
-0.21750536209737392
0.21112913502291253
0.8006059907539396
0.13882125768056208
0.1000382854388493
-0.7608340087070369
0.8011171770462198
-0.10572185089599051
0.2074761479831706
0.4566332344426449
0.40841199080022883
0.8754944452601201
-0.8560002350369942
-0.658738858615012
-0.9911281298773715
0.18911150383154784
0.20775362781148599
0.09146708929974623
-0.007750591435232712
0.48931395936856314
-0.82745443870702
0.06824334842260393
0.9328038658573239
0.9775939637155318
-0.11470154213949924
-0.8336146770269268
-0.3102002044251728
-0.2685397816703239
0.8325209009509125
-0.41702955140133313
-0.7173714057877723
-0.08587809313599792
0.40225798082968534
0.7325301184337061
0.5312626047557798
0.6781758542805245
-0.8955253696070302
-0.9098751035944024
-0.8482953455715609
-0.28645397233848247
0.27169528127912956
0.6339087985032741
0.3206341034636966
-0.04964325411232151
-0.9288556903707781
0.4823540962508619
0.6875374267287353
0.6616088156955151
0.6294382601706152
0.8265268642951138
0.5814210642608557
0.6686195126315653
-0.17741950671631534
0.7516229570089863
-0.9483695686938738
-0.4132362870789741
-0.8394307767118907
-0.5139753453914326
-0.12369356863818837
0.6672248712756335
0.7370155997638717
0.5961730974885804
-0.41829206494676585
0.11023933569135669
0.06267139795713961
0.2795431046276189
-0.9461694795705533
-0.5658001068650123
-0.9122052251215742
0.8797728589388518
0.5074035898093505
-0.8122564663181941
-0.053340556629943414
0.12392715873323445
-0.8917112781534964
-0.5812568119193686
0.9077340274501184
-0.027281975130626135
-0.3267597389303558
-0.5050038434629658
-0.17076035715183369
0.8872231659581253
-0.19983758492371906
-0.5540127477840187
0.6743632112763955
-0.30008725387238533
0.024691464123384854
-0.37004366670786326
-0.831185950827638
-0.881848347782666
0.5178212863242517
-0.13180164611822676
0.6709537301210684
-0.09368814062569841
0.20360307710461378
-0.6217670865306435
-0.3070794566057866
-0.027595135191832876
-0.060526790098496264
-0.3289366335355577
0.1638209336986307
0.26432366648910066
-0.7718946932076733
0.4443602334478103
0.4171337458042612
-0.03752624627250878
0.975501919804791
0.6581989848759788
0.9871877642199871
-0.8180523009836613
0.681237129950049
0.4342189646055674
0.6103483159333245
-0.6255698107974554
0.20028516402832452
0.8014586796163037
-0.2700805661343817
-0.6860910189666365
0.58970115592529
0.925998588569996
0.522440804760977
0.15296720585703505
0.2633650233713778
0.3477929452702804
-0.31540020991193773
0.6767258579980799
0.014613924357275154
-0.11752846293011276
-0.523264671378117
-0.4995026492298775
0.8180745592670842
-0.7601859234620552
-0.17194599379651732
0.11584744494955879
-0.1125388062395154
0.013503633491538158
-0.4765158554094524
-0.35207697283840944
-0.9728812640928135
-0.9153903480256231
0.41532943355368723
-0.6353041914946214
-0.12124412921931427
0.10743079237543629
0.015227225579960146
-0.9892009346976693
0.41519873775212957
0.5534741170842363
0.8124637486107462
-0.39562075491490045
-0.06949643027697494
-0.6600797142909396
0.12589729235437508
0.13748630772284764
-0.2884614445713425
-0.07329231343579345
0.457350205980666
0.16391618288904386
-0.43097899725152455
0.17541448529430448
0.4491551768603821
0.3604386108612079
0.8042017286609817
-0.5517041923474544
0.7805140191109625
-0.13948274474600297
-0.4394567233997151
0.3868264792652776
-0.25544085434024644
-0.7738446130504963
-0.6161035134177573
0.1797866415082181
0.36846633843057464
-0.24177192363181566
0.07720632989125087
-0.11513955840562451
0.8911592392462755
0.31314835598612323
0.7177702727334947
0.9381353790382141
-0.04197812814180146
0.1237447740875175
0.09551270561712721
0.3252316663124637
-0.7287039781511251
-0.6790378313159231
-0.19820372355751292
-0.5351016175585688
-0.7748231406184962
0.33328867737369294
-0.27532641282850845
0.8530120309228477
0.7697088625535504
0.8704348528551236
0.4542266611691532
0.6031194385601379
0.0474299097637072
-0.7114938798521584
0.7426840909659456
-0.8040984554283268
0.32760089717816054
-0.14347813484077587
-0.6119453253015852
-0.41383114700358803
-0.028190069625151137
0.8938412959955673
-0.3468678824958671
0.36559489135995027
-0.20444982976024773
-0.7086849833422275
0.7446027782011471
-0.07657137333750019
-0.341470316310706
-0.21328246719646238
0.6476378313696871
-0.21166010577772276
-0.22211690067237022
-0.8750097726413448
-0.6032586455324211
0.034672602796498087
0.09367646139357988
0.2822995333447862
0.42361477868402964
0.8119455610095918
-0.5338467521242902
0.34102818451189165
0.20341668644546407
0.7301327281221175
0.9382786278443325
-0.38161065883690104
0.6023028803360682
0.6790461729944648
-0.4991962952231932
0.6857585520179839
0.7745359807038454
-0.9086013245490259
0.8137371367363229
0.6091902681417996
0.7114071511983946
-0.1942607655412978
-0.9515787406918914
0.5223273018006727
0.8243409834591624
0.6042388319306045
-0.7612708123459095
-0.6073031422233004
0.8928746213506451
-0.7674866103505733
-0.3639851989010594
0.9832823012411518
-0.10753855037869364
-0.364362421330205
-0.12906972076833223
-0.24475081381872688
0.5046574586373369
-0.4979335278873578
-0.8388384385775218
-0.012086155945824295
0.5940990011278855
-0.2828238260035547
-0.8547482059116354
-0.5426999277968623
0.3925301353677684
-0.6552479756260357
0.13388314242614552
-0.28375135071275026
0.29196134008822305
-0.5134124039216332
-0.4609316410782076
-0.5184699529115357
0.5546298259002191
0.8950564100861331
0.40955639385402365
-0.24477647001437175
0.9790985762365003
-0.513799823284552
0.4374381493433399
-0.44628793047386117
-0.4212499432492016
-0.011036131014277917
-0.6361277318709844
0.8770773749389131
0.3204328463478434
-0.97922706614105
0.2983967235771623
-0.4194546928515188
-0.7012705183857424
0.8101491624565911
0.678903752841993
-0.421251458571849
-0.3626635883844871
0.21768087502007094
0.006482265693721567
-0.06602294669436182
-0.050225080809684464
0.23022418215420215
-0.7542786949975235
-0.04293500282373386
-0.31421150675419973
-0.3172011560398904
0.74020740379582
0.5482420578600384
0.28081926647776934
0.033364181844910634
-0.5232125459758019
-0.745973842295971
0.062299663458713406
0.10673490398421559
-0.3992949250991602
-0.7679555184300906
-0.06689147161028774
-0.812685214064089
0.9336126912385541
0.8406728454163039
0.6682115636602468
0.2388040466831105
0.45209684398468397
-0.8150462739738245
0.9410403986383657
-0.16647891708604368
0.49970467735764257
-0.8087363900061268
0.8193139424246443
-0.1643154157773583
-0.5304492321796364
-0.3328712095908586
-0.32472078161492934
0.17107915545593633
-0.12459424954671494
0.03167871299329805
-0.31721120475862685
0.16755275847535223
0.5454863633817604
0.7626241941528464
0.7230871353485597
-0.37671091761782227
-0.5132031295202399
-0.6632283242594474
-0.10156182292871341
0.812748251942633
0.7991535523936693
-0.1725072198010804
-0.5167974723146394
0.8265559852232147
0.04611596006056229
-0.33367522277796446
-0.17858956154649896
-0.3360277014469457
0.4669616283264355
0.12463078597514832
0.10003580070405493
0.3823643739693956
-0.8549579440547059
0.6605287167307083
0.9614934451880854
-0.7131596209669517
0.10633372430509547
-0.3002328471924247
0.6802435380482337
-0.5581811231746017
0.3565275934909764
-0.640913153683063
-0.9745499528559733
0.6028278004967937
-0.08811745536281768
-0.9751528262785121
-0.4107166380175973
-0.3326719455705538
0.41574832577207244
0.4632178305624217
0.043454250409434625
-0.2807311876025107
0.42582515516125485
0.9433156018012006
-0.5320904669285316
0.6760095097376948
-0.7105348191668219
-0.4160687694354954
0.975581061100544
-0.051435819483244716
-0.029386351299278912
0.907547772087623
-0.7891182084897337
0.6494274004837572
0.0322192790280853
0.1876915268745687
-0.7027851755478598
-0.6637050884116813
-0.3154978734429832
0.6721121887016905
0.11904716695845186
-0.5518358776844008
0.04741098457693149
0.7075107331977817
-0.7061022948293576
0.2823925984140079
0.27093965338749526
-0.8759645099323607
0.397555728529972
-0.14805515973427608
0.2861191651220487
0.8081021142803007
0.38462789444158374
-0.9033060763640077
0.5964995673947886
-0.6831824657709813
0.970402092843883
-0.2800342559744071
-0.07287138136163662
0.9496924734504231
0.08031839502416416
0.1408071678460585
-0.04917347347376766
0.5063831173683573
-0.09727100535426803
0.9071143168629032
-0.5562542242721586
-0.904666585283157
-0.7593575029636639
0.35761349301368095
-0.8011111590136215
0.21421257596551224
-0.3962689264492263
0.6354752192429014
0.649125427108608
-0.05781154437696845
0.8648137265437741
-0.38987649587905504
0.10546242559521635
0.5562101854392489
-0.5275965899756905
0.45150445945751105
0.2531586054218202
-0.47045810069905936
0.6744923902160243
-0.20461046034554187
0.23998971106040612
-0.424731935562322
0.3779345069514737
-0.6396629353029513
-0.2781989073771143
0.4944746063454242
0.7512451263837066
-0.1335616895995937
0.17413393923353815
0.6319400645785613
0.4868428757848564
-0.49491856914854826
0.17845357058200917
-0.6393498822201289
-0.4016660292974983
0.4670973018094251
0.19732399825679425
0.45547264998096626
-0.23017292374060028
0.6479025471060809
-0.2395469511664312
0.5821034780091119
0.7458078748896158
0.24809496596428016
-0.34938666892838377
0.9977222269617396
-0.36224386090686456
-0.12943875500827828
0.7198387481670956
-0.8598236823562786
0.3055635469838751
-0.9713216559118096
0.02064447796082769
0.6339076153739347
0.01080625811136926
-0.37616383145042365
-0.793273717295178
-0.8041008326270831
-0.38072151282720146
-0.3711814743498534
0.5090787237807348
0.2580384135267888
-0.7156851301411542
-0.3956735228016237
0.46341589463193267
0.01791862374335751
-0.12306217113741114
-0.440397088184046
0.3335099502410168
-0.9550314963709721
-0.5480228704510848
0.04386733745077187
-0.6335044041666544
-0.19208592514736633
0.4693047466829938
-0.5691070286988134
-0.48880663160154536
-0.7322568511325265
0.6444348661613797
-0.7249478876896231
0.4138825409963143
-0.15621640924477642
-0.279758327037281
-0.9739562930314918
-0.2888341819968743
0.36814445825177655
0.7101668444905236
0.5115090354848353
-0.6069942740323393
-0.41743206725300896
0.14879207388623916
-0.902821860332294
-0.1247458087284341
0.2342790195378024
0.034365449632848266
-0.9061711328518409
-0.21950785138170947
0.3347657575971683
-0.6318448229704101
-0.9629223310925679
-0.33646285720804103
-0.36292278410008083
-0.3295181203750732
-0.6091606969786953
-0.28176715665064256
-0.1728788735436262
0.9243149765489729
0.507680579355714
0.07877377927005158
-0.923878059434821
0.17263066222716028
0.7796532080411351
-0.8791577379083331
0.14118042887503957
-0.4851123226134457
0.5344766115404036
-0.9851164773535321
0.8666430159712981
-0.732188164893975
-0.7159614070298082
0.7903119769465416
0.25669513451735115
0.9242532161213524
0.41023818126503153
-0.6461936226947105
-0.08485464780793062
-0.15928155768077978
0.3767888875897354
-0.4622748920618742
0.5003800434811341
-0.5025567680192544
0.17017826932826852
0.11939344766663673
-0.5042583675428665
0.5452216707317308
0.22547566627670168
0.8888431659069544
0.8584807886776278
-0.8741230338797739
-0.22153983820669154
-0.5865767090543821
-0.31858106792008756
0.5587316448418216
0.8687718294665205
0.026824101916055776
-0.4287437481166314
-0.9973145360444822
-0.8885751560283153
-0.7700391281970822
-0.18225784241143272
0.4586674107267541
-0.3281699537836016
-0.5681294040445362
-0.5702087357949608
-0.28136374753393656
0.2805406978394025
-0.622764857102847
0.4948680268805279
-0.21244902050671644
0.23917514824943042
0.8468490351396616
-0.441585637560614
0.05475940908726895
0.6541199273977825
0.21344084256217544
0.7386803323576603
-0.8925273144068075
-0.5309563435108984
-0.3272888854088518
0.6588610363406169
0.753027836893067
0.22080843100900927
0.46842128761050184
0.639158531952208
-0.6291277818533829
-0.558784572919163
-0.28267574867762146
-0.8800725375140908
-0.532978968759398
-0.7634387623268852
-0.663508989967567
0.018362336371977817
-0.15232024234318953
0.6093147770164458
0.275369949646026
0.46695039176751263
-0.5267477479704434
-0.7438901384488572
-0.6726385448189749
0.526793820168393
-0.0234478669558853
-0.9597225622712595
0.9893523616962869
-0.7877276196155913
-0.9353260294101235
-0.28403852114693384
0.5918342992318175
0.5660825078095051
-0.525119653103
-0.08304524571599914
-0.7867464096676255
-0.3913701716508722
-0.5965145588263274
0.7823855099460875
-0.5794799198761016
0.34719567856093914
0.9798330116074399
0.8158968637030715
0.2760927896631531
-0.7416086150070711
0.13861284996460754
0.09609254313979476
-0.8019268850662529
-0.9782691015679343
0.42092854267336843
-0.020855984406360717
0.7076412226297162
0.972728323662468
-0.7609400506525805
0.4939932015861539
-0.6772008620610601
-0.93125058458756
-0.7260765644999541
0.0721713969062221
0.4669644832511579
0.763318043007355
0.1711769395297711
-0.0249240496127503
-0.9142556664412012
-0.5883918191045416
0.5373065133572357
0.3457651145728089
-0.3460571313431251
0.923788196870793
-0.9315375294382569
0.5188932472714662
-0.9269920303857229
-0.8980471589058971
0.6756516495011045
0.8788714562293256
-0.8557678196776295
-0.5344872082382677
0.5233839556017248
0.37723593380012366
0.9745864242490923
-0.2877303875219064
0.9269068867124184
-0.021149088499368807
-0.8158769996184694
-0.07462585949606315
-0.04557657250888747
-0.46814090952566856
-0.683993843471018
-0.38965638992532137
0.5095337387044654
-0.445902433484769
-0.7831116448580759
-0.944010259786584
-0.2137492312265803
0.08177395570839363
-0.5859135129027759
0.7206699904222917
-0.08504032210945134
0.9314431026755177
0.4203838869532317
0.26230551094480203
0.8143790665081565
-0.5507384477626551
0.535120242108321
0.5690144183560342
0.6259404805646134
0.27937443686554175
0.9887018684219824
0.8859385231029335
-0.15868473393788718
0.528245304392871
0.2254017005591875
-0.7415772558499587
-0.4822231084046058
0.08401427155283625
0.9871249164708447
-0.16351549830741274
0.041906124652250076
-0.10257199620662405
-0.23265931890688685
-0.0006522933555923593
-0.011085981008534862
-0.23277458820846952
-0.08631300191595526
-0.8605326180552795
-0.9855261601987497
-0.7145768501919485
0.8717072983605552
-0.14155685758422942
-0.4105274983656375
0.11100367641593567
-0.914498724452923
0.7460221322173872
-0.04021168903429273
-0.7576530236707328
0.7973743479732636
0.18926464628193096
-0.9594306822656835
-0.4390211304589884
0.7730231848086702
-0.6673650282058097
-0.8025677265735907
0.061160398064212584
-0.6968594489420799
0.5265857189456147
0.8080420010656268
-0.08671191975761783
0.12153912521063481
0.25983966402272873
0.027856023144224196
-0.3421534487625013
-0.01577499258788473
-0.9703578274940758
-0.4443956512264806
0.494098523579692
0.5754192483725995
-0.03617768044936254
0.9248413010336831
0.6719311984415046
-0.16581923690658695
0.7696338164265994
-0.2620927815036742
-0.2756081177522114
0.572197776698693
-0.9380803923721976
-0.6117770823075084
-0.3111581504530121
0.7116274907586684
-0.9822469861838681
-0.8822489100090789
-0.9397165786045993
0.5354603475362594
0.48231450170195167
-0.3347625211622245
0.735377510977109
-0.49845836728476667
0.38444381455010634
0.9938574931215414
-0.4772769960112613
0.6344372120228687
0.41444854777260387
0.533814281101169
0.4156900870136844
-0.02466311295962198
0.43723789727091167
0.9023862889620953
0.8213213000607742
0.27184197153579204
-0.44659442213071676
-0.687487125284878
0.6458194321536752
0.48806501543973657
-0.634159975463674
-0.42828660296570464
0.21879945474348061
0.9936698603659191
-0.5962501741356745
-0.6025998434931705
-0.2965045690435757
-0.1607725810346987
0.06857928165286076
-0.12196354868261161
-0.653938781043994
0.8416863330609006
0.42362303085810726
0.7538099596003769
-0.014169437559745646
-0.07361895062862556
-0.4293512955425349
-0.746936987747786
-0.7308963286414245
-0.020045068174307845
-0.32329967804634885
-0.11252471687121735
0.6453951555330493
0.24131566430842444
-0.18206368374175308
-0.2665810837563656
-0.13069844186603485
-0.2819317799499472
-0.495777451117438
0.09197043383846659
0.43390980934024315
0.3479870633941815
0.8888904488651723
0.24471029307989278
0.45909769583527926
0.36016444635664824
0.41259125549929676
-0.9673866226325445
-0.5850049740143
0.19034755672413128
-0.10111128330480157
-0.4124651535425825
0.8184971175054612
0.4344680297625525
-0.5543149804337366
0.36517339778328295
-0.6780821472302045
0.564484522860198
-0.8843144758597417
0.6695344300194028
-0.8400257354304865
-0.8473771549828697
0.3542028595503268
0.33755960094669457
0.6780410397028125
0.9520814258567862
-0.1536428494415305
0.993583211566786
0.47615530536938255
-0.9265834718636747
-0.9338714416783365
-0.0083859181751198
-0.902950836450414
0.8946035731950641
0.9619189217904518
0.5828112937214345
-0.9841402944834079
-0.4442481589192053
-0.773562401665626
-0.30066660540228574
-0.408794696174003
0.1388229592028316
-0.25735587186335573
-0.7258850232209217
0.03632647402452638
-0.8575821266340096
-0.8862686377146076
0.9965425867103423
0.9250531044023977
-0.07726554825000709
0.9405305661791015
-0.35069055132175575
-0.35800311187234857
0.7037440079672741
0.022448493780665935
-0.40377375133522597
0.43724407053719694
0.8765235984982875
0.8110190032277813
-0.18224229222478971
-0.6586738598763731
0.6520310962968479
-0.3056365822498568
-0.23321826296443837
0.8081538868078026
-0.978257852684713
-0.40028591076576125
0.7348410621763837
-0.3310522329148162
0.298789268920195
0.030896573378554004
-0.5281677090095007
0.4821239311778749
0.9143133446351426
-0.4767454953365158
0.5167208239209828
0.5681037067385539
0.8133184218340828
-0.5727041649681335
0.3824012875902929
0.02887430266657831
0.6864912887085264
0.4189731615403487
-0.04952084067535578
-0.39489408861519326
0.04453549093584219
-0.9553399792748025
0.9858549340250138
-0.7762125775814865
0.28634418915377324
0.32448357939932615
-0.9336031354959662
0.05171994045580397
0.4436294008153767
0.23708985955511408
-0.6333157912675129
0.9211477173854361
-0.7281069034285514
0.9327293009173723
-0.9571161886696087
-0.18610153597467272
-0.07664878912159412
0.8540309288177157
0.2977793717948174
-0.475047944658457
-0.4513760304033414
0.7661323732920746
-0.058012911774012244
-0.04667090431237142
-0.7312051085805908
-0.3054364312849074
0.5414947468916456
0.3363065835864929
0.04558816651265096
0.5737232967403143
-0.13852424539318897
-0.7036386986487744
-0.10891910791365222
-0.3760254290921863
-0.6888293036255639
0.7380070099933229
-0.41936166381131423
0.2796884992144437
0.5085623839676165
-0.06345678943071897
-0.16895686567258617
0.14691970048934078
-0.12129592877737405
0.3755169517613972
0.5437115010532689
0.685781595641471
-0.10318620387449196
0.224094663221853
0.968330840276791
0.728281017549995
0.2085372074056293
0.6098486434610972
0.27640896421270966
-0.4855697285718419
0.32691799100552954
0.056015372904618665
0.7552138255711658
0.6099123739786325
0.009534940416960902
0.41619796677108334
-0.46654897859798994
0.2413940252786988
0.7308628310995782
0.26938289342667354
0.17678641626567737
-0.5936841301411011
-0.38200205536975207
0.20739023216116625
-0.9129825494507167
-0.7324476405447236
0.1117863125952081
-0.9825860484879432
0.7463132616346866
-0.4141526183397779
0.2382848320624369
0.18072358051293658
0.16591471071390873
-0.8314828573315263
0.29180090446489415
-0.8379012611915244
0.2581812034311577
0.08794086219302422
0.39758701061809654
-0.9342513349511916
-0.764081297368302
0.7866704798800244
0.8041774655362792
0.2757225815553006
0.6807279346677773
0.7285325336441062
-0.054724247423990846
0.27853088431791817
0.06301394225199264
-0.7039393536878287
0.2864300284095338
-0.4594736909060426
0.8580733445864053
-0.6246451368023063
-0.503285675792531
-0.41444015112334376
-0.40256221369734657
0.8469901529917823
-0.31351471062480973
-0.2847134085499381
-0.002420934806869335
-0.611833523181508
0.35368364502044725
-0.7703824750328834
0.43503326215122584
0.3609480303932653
-0.9832141279204318
0.2083120137950083
-0.46955623626625465
-0.951809639068663
0.3688799095715929
0.3062396754317256
0.6937584205781235
0.6385849949927265
0.7928634977360769
-0.5445503168583956
-0.6934855446374495
-0.9264170898602471
0.9597235479668123
0.9666250202332283
-0.4370857132539696
0.3557662875260641
-0.0828407494509884
-0.7690790999543573
0.9020254663229583
0.030080818822207256
-0.09623739205673987
0.5461232103334308
0.536976284456165
0.9469801849852864
-0.27290211221287364
0.2795645319174338
0.1785809302612733
-0.763978247145692
0.7129402661375466
-0.2665265132327377
0.49459811127162534
0.3297769920825344
-0.5421261704252445
-0.11692255391377038
-0.6018765416838194
-0.4130947998782719
-0.4514390678264031
0.7231440406385605
0.5894643020511123
-0.32149252615310586
0.4684207268534659
-0.13866860487619115
-0.28630908133235144
-0.3358959253763223
-0.2468894598630127
-0.3477000662008265
-0.6352854673620045
0.8388599570716009
0.4899969980462231
-0.6403178821398321
0.1238895635429269
0.1259849633726795
-0.9611068039574522
0.07080633792565294
-0.7196025512419195
0.2544210677770584
-0.8943163850916847
0.8911337520184068
-0.04700600189722581
0.17547029054713215
-0.5310821086790654
-0.31573945672946513
-0.6683907680343335
0.9596953678328417
0.8534471214501032
-0.18657680354233497
-0.676988468872858
0.8594582507275843
-0.6548162029388136
0.5558943066679947
-0.7104737732086905
-0.6390623498812813
-0.03492103967607019
-0.398852632146119
0.7795104721463624
-0.19183617348212567
0.37025234878381674
0.5805425509146351
0.17805930782638235
0.4309021565564126
0.0751487588585591
0.4439464361544456
-0.13746818128626548
0.48450631034824987
0.8307868844402697
0.8708287311225782
0.24604132027437675
0.2998173145151255
0.025725616339918878
0.07068638962088536
0.9843355638389164
-0.7784227384447158
-0.6014027705878306
0.8634446347372295
-0.9796655382239576
-0.4908163054630674
-0.9000603175612851
0.45784823675001896
0.9806537405496161
-0.06683738379476223
0.8434429139608297
0.8722601038044582
-0.23589160422985667
-0.11280599474982878
0.805153385001063
0.22956529089883015
0.4789404044339962
0.7149420182399888
-0.49676520427315163
0.5252794403864729
0.4574957156381323
-0.3239993613318337
-0.5299494544801007
0.7411026089086632
-0.6561128195499895
0.3039376876059199
-0.06643213077817856
-0.7041224188224238
0.900760017956562
-0.5963827903874233
0.13478136605221058
-0.22196855284523087
-0.5422115254174822
-0.14570470774473843
-0.24438054222693184
0.074252290338507
0.3577776650146143
0.15613082178059834
0.5586056287576355
0.7188507307349103
-0.12104379160309064
-0.9806186506280321
0.7544248655779278
-0.1198547387269493
-0.6931465587730308
0.7475491739487063
0.725043735280589
0.02459544468700492
0.476519374374045
-0.5645025524137595
0.15024496127111697
0.054092833518358585
-0.7189237780397897
-0.5599190073643596
-0.925979796843887
0.7344320585290032
-0.5324797841348745
-0.18459475262875213
-0.12189978495632947
0.29600666689977784
-0.836542995394671
0.5036679303684264
0.07433764170794732
0.08095075137410213
-0.5619986274526629
0.12946184186453347
0.02638926551450904
0.2738192609194494
-0.49939899985308167
-0.9890424341532142
-0.20107682070070276
-0.9347430598531616
-0.9351245622994475
-0.4331971024921384
-0.8800597832254609
0.607786103441257
-0.8262203779642217
0.4902770460547472
-0.8760206028474191
-0.3562659434369504
0.36938929991701985
-0.08520908417942952
-0.8089255772734103
0.463549210952521
-0.8481230986148809
-0.29361112658236244
0.13194958610176344
-0.0477635748080405
-0.5855732351835996
-0.9453607943992095
-0.7669867912809138
-0.8733185264936336
0.38422286182057985
-0.5914792580235171
-0.16729639489168124
-0.4247110245593113
-0.9091547608439328
0.7109831951518526
-0.7645839153957077
0.4834362231152254
0.915025475707627
-0.09157491129883999
0.8374289230865517
-0.5659276650846434
0.037217132139830245
0.27918669222593784
0.9540684971273559
0.23351471562612747
-0.7078581785761309
-0.29780299750896133
-0.3539293289587089
0.042522280136630064
-0.3577134078166553
0.8406692415849588
-0.8609602686248341
-0.3325820346994308
-0.9936170724673739
-0.20175211807528126
0.19076780027289808
-0.7049963812017095
-0.8133715463706219
-0.03805180205482506
0.09271464388123629
0.9418673036451943
-0.8221114211185685
0.3722389529946266
-0.667501725955139
-0.33297353746326874
0.8529701022544776
0.8985928508108321
0.1814363631323197
-0.3785957335277583
0.9774078931755132
0.8160462163520334
0.42558009623293946
0.2810359803689515
-0.17740021964375896
0.5174897003365178
-0.00502452415720489
0.0625563970938312
0.3619389083844404
0.7405278571504803
0.4916364657202823
-0.7407482812970942
0.5725939749292726
0.4386780600411184
0.2112702784629057
0.5553572250317667
-0.6316381036021865
-0.0562982000156087
-0.40881130191352577
0.8263945718054464
0.07139897056457833
-0.6296546269627317
-0.7427257881389837
-0.7885403948381293
-0.20084746081810456
0.29445902405978486
0.7868661176598208
0.11187692267038152
0.3092449846628984
-0.9814200535093376
0.9899900187878301
-0.9483074823291517
0.5966426157723368
0.47517688765320054
0.5488660310826612
0.6114063605900617
-0.26827933281444105
-0.061610702325114675
0.3310942786469693
-0.7281050596412397
0.45291527908752016
-0.4298541880028406
-0.17069412004615625
0.9049871541766672
0.793187620625051
-0.15367650699719682
0.45886867142721033
0.018933089974871198
0.615662676445137
0.5432534569945402
-0.4547846048662316
0.506731173238089
-0.6523035106932216
0.9311415180270028
0.7655410730679251
0.6742558704509793
-0.8456623588757435
0.7053264106162869
-0.637576497721078
-0.1260113754168799
-0.2920897224479331
-0.806205488497566
0.10712350571856066
0.6165252351380748
0.4199123778617191
-0.8300402374577627
0.09527855731500501
-0.7275339099459661
0.35071465580003025
0.9001154006823775
-0.9125860210099075
0.7090064536858756
0.19073048222318767
-0.3555086240184815
0.10340809773569326
0.8570008262372495
-0.7106532346398933
0.3096285874564506
0.9556171069074579
-0.48871887158147453
-0.1853244908697136
-0.4868379163315124
-0.17424945335917474
-0.8768310088322162
0.8235967503480583
0.6794456015060351
0.6431241858262213
0.9275884753166244
0.958384200688889
-0.22705939471666947
-0.6687979709511054
0.9739976917175341
-0.006735668467930722
0.21824438447300332
-0.5053937071086345
0.8975314006811905
-0.1815851354644884
0.4831067487158962
-0.5005703542201889
0.8938216032420656
0.9284105606763782
-0.15423984452588413
-0.3102111639148468
0.6119624633716918
0.7017289213424089
0.08323268759531355
-0.6440100706125325
0.19653503715824305
-0.03457386996211209
-0.07206262141697395
-0.5702383558640671
-0.26086239357065066
-0.522595181493215
-0.31192585290922925
0.4952955471685696
0.8953865199508939
0.9229352879690633
0.6071760506006374
0.4507870969330523
0.9440952812919556
-0.7048981666852672
-0.74356227932228
-0.5969896717838299
-0.47757190643493597
-0.1776255201658965
0.7232776658807212
-0.9273416194408706
0.021322896502367072
-0.43365174188118005
0.9685894961354509
0.8877608704249833
-0.07746308209983943
-0.7339050345664333
0.269846891486214
-0.8437596226713386
-0.9445828015182085
-0.03580094606641815
-0.25264550916625805
0.9730860970029513
0.35791057872022547
-0.8748794768566637
-0.758152011038028
-0.6246279979185967
-0.18876179409929428
-0.9033745357723229
0.7721126068068147
0.2610536537658248
-0.661775588228346
0.44482592216226524
0.6591508588376778
-0.5241283527370473
-0.3455121000706831
0.1025055049406478
0.12401498605547334
0.10694140767614235
0.5479549560591015
0.7716744130790938
0.021380256629817795
-0.06725114833885959
0.967772870392362
0.5391608976645472
0.5426874046744179
0.9043100137533531
0.7297166762458562
0.43551056887548123
-0.49693736437020464
-0.5205056863721249
-0.010042413782777926
0.15075213130349652
0.5553691704265173
-0.43670491534629097
-0.7284007287882088
0.5174969817913122
0.7376534808079762
0.20655953856032627
0.5531717357491053
-0.7883835409237243
0.017727183805148705
-0.6101834133080339
-0.3679878986332785
-0.7512667173373266
-0.6597186310446463
-0.14831564986338708
0.7279334970025673
-0.38552367092216344
-0.3390530587764844
-0.918101267031348
-0.7986361396546171
0.04280231933961787
0.3538440273621253
0.0059895527732367615
-0.7262198889457394
-0.6824105731544923
-0.9558533094292545
-0.43211607650379125
-0.8601324713988951
-0.06894611506470949
-0.3873885114071567
-0.6652000158643849
-0.8850264267845043
-0.7812571811468292
-0.851144500034277
0.6092714641646388
-0.7099573738766376
0.35491849634763817
-0.675603971214574
0.3650441578559216
0.8098960753814626
0.8990353581367336
-0.7310344993562352
-0.5628417610448246
0.24510681825155634
-0.43427258805762237
-0.37209902106738424
0.9738597241153044
-0.4140853898428323
-0.34137826694905526
0.8728670536243808
0.7095333751061736
0.7278782573374849
-0.31992403854212714
-0.8317072638523257
-0.534799970709245
-0.049754764206278335
0.9289370786233615
-0.5252949508959084
0.7622459291590948
0.6329469923646673
-0.7546262313756189
0.5287233092267523
-0.685329725194971
0.7553384930730123
0.02755927057082297
-0.8274015249531745
-0.5589810430689273
0.1632272089956195
-0.41489886411780974
-0.4696634965732185
0.5886094976736489
0.46633363274109274
0.5264818732247816
0.10562143802475132
0.6451569488753883
-0.8235843597591341
-0.5007774592844603
-0.9668599597938305
-0.910780121668914
0.8390542113177042
-0.9071573175293128
0.8246373461295982
-0.5767489339981
0.7499227126340935
-0.5212848074588914
-0.3152597232649965
0.010480247416837951
-0.970660481107213
0.1616652799529923
-0.09245335362670182
-0.8684095665516094
0.7342158683969664
-0.5179211772519112
0.13309306475789318
0.9899673180116089
-0.7934271126622736
0.2556390432999669
-0.8939835536851393
-0.6502298443596717
0.12545301140233778
-0.2894619986023479
0.7852821577625841
0.6721010903851212
-0.585537273056689
0.4035260340870901
0.6031853910044263
-0.21156967614347
0.8551984927627114
0.7343306666463363
0.6057025960219169
0.7812690477108535
0.5049946069053803
-0.030616669133846086
-0.14422847732574273
0.6731242316152957
-0.9165445165026211
-0.2725018010339093
0.008865142868482279
0.4912101202586028
-0.9520982978879275
-0.9706353633780103
0.3528873280805822
0.7021569055661481
0.4925589732323141
-0.5501181797225423
-0.711281799517983
-0.9289888132922011
-0.015002578970368274
0.28444067896790437
-0.7206841086296187
0.7042787374759021
-0.12528703122953444
0.5859827652591074
-0.15394703874867544
0.6853093219357971
0.3807207626603364
0.7966322279332056
-0.11516953559743603
-0.7116674538426362
0.015065910632843904
0.6937975346700469
0.36375358751481546
0.9078380017889802
0.17860675550847227
-0.32867154617976624
-0.9684599695026874
0.3736051912024152
-0.4134809278111038
-0.11911251934104072
-0.7703872839671408
0.7944232624214524
0.374262726101257
0.6757610789864568
0.9966143007981365
-0.7152561235425932
-0.39656914242629826
0.8562692704685488
-0.46953277641315827
-0.41437437597670823
0.10682530658511369
-0.9191000550475621
-0.749217634511385
-0.7033756356053413
0.7142310865496535
-0.5543550360173324
0.7925848415815688
0.3434741487784152
-0.23792933973142127
-0.5148374581003512
0.28488759291363475
-0.949170175859978
-0.06467896617763125
0.5150357228036815
-0.3313998429421656
0.22585148843866953
0.4583178869417468
0.6330423442622759
-0.7827588356368647
-0.4568173673222917
-0.6222913004151129
0.7434599490282539
-0.5222672521667586
-0.2637141449534681
0.06119516671177694
-0.31330671507724195
-0.6521858039479915
0.22929139404605148
-0.35929931644241253
-0.8845584875715289
0.04517704763927721
0.5725780487193974
0.6981282026845137
0.22662566312400223
-0.7295000094214137
-0.8606554037338743
-0.08112262724564179
-0.20905843729577644
-0.8963256391564942
-0.5790458792353661
0.525417661932714
0.14763785815566766
0.03013229645123494
0.4483941945611898
-0.39726286415315326
0.4681373661200694
-0.28589292308747205
-0.45121366759702686
0.07100670433185718
-0.25980302138521405
-0.2666320726324869
-0.522410598257796
-0.7989406469087905
-0.10017703421047686
-0.04085461526401901
-0.47974564252169194
0.8077093394854009
-0.11288735051876264
-0.5330967200528163
0.21190646525660806
0.18856701841363588
0.8669558385921319
0.8604812538855893
0.5776122382513396
-0.03378876297923661
-0.4407465202171885
-0.3034767098148503
0.18665313412830908
-0.41882290301602465
-0.4909623401593357
-0.9643103413210603
-0.5944350816797968
-0.26295720595619243
0.7280284942371067
0.393844999053516
-0.8325778918240829
-0.05019160846091908
0.23493583150673114
-0.17642196744789707
-0.7624148257659951
-0.04047754897247824
0.44267906134347923
-0.38121792603833615
-0.03545225080492953
0.11094328097525641
-0.04087250602769754
-0.4189260929583358
0.5254642133197562
0.8148650503862485
0.3345765127050966
0.5801469181321206
0.9735099273267267
0.9794327752239977
0.9527920774231258
-0.43507538141586233
0.38102809685293537
0.10018976409494051
0.5042683759054458
0.6379762220083949
0.40580405357974936
0.5187997768697128
-0.05473324398327217
0.5866927472001469
-0.3096677831293395
-0.45671162187721204
-0.5916345942027528
0.3402399164672514
0.23060836967113385
0.7490157905247443
-0.5699691247945622
0.13274170521902207
0.992006160156572
-0.21707224543583603
0.401013229894601
0.5293790329864467
0.8905048399131104
-0.8325978411534343
-0.7667242435631094
0.13172232529866945
0.494605565821689
-0.40881098759288625
0.5638445782860997
0.9326555197574204
-0.6186634123459684
-0.6227377421482747
0.9819280647026893
0.6844802682240396
-0.2973611476488782
0.48140175969808663
0.5153141396078393
0.3808267746715701
0.48664437781325476
-0.5298045268484157
0.2394249453497932
-0.9295295394259433
0.5807607587279173
0.21050223095845433
0.17050035607626302
-0.018484818516160573
-0.7289160560245072
-0.4236551276111915
-0.24891476117801026
-0.015136617873494407
0.25748798999911493
0.9692827042512504
-0.6381257566749281
-0.14289425355330398
0.36376726702886164
-0.8668215237940968
0.15666505257482144
-0.12749424246827723
0.13969091553049795
-0.9156977831449344
-0.8023552605317437
0.004531756338920001
-0.2645057771137045
0.6177137828224708
0.5319374860723098
-0.3709901107807858
0.5164825488635585
0.10924330610756439
-0.9127643419226286
-0.6564561083061802
-0.7758594968671275
-0.3318452311518916
-0.8189912460894082
-0.3838113948253943
0.6267174713199275
0.188112962944188
-0.036508659430325885
0.7057201459524152
0.28601095537140186
-0.09098036836586254
0.48290528281742473
-0.9584074117972963
-0.9875315939681595
0.013238718083332213
0.9517144072318862
-0.9532812729366864
0.1680871995626132
-0.828598164022214
0.5484649274053732
-0.8780908343917928
-0.7889133034942448
0.12229941269943567
0.4803126684047432
0.07344156667559454
-0.7747605600269334
0.3796863768349341
-0.20487109470426756
-0.2949779991890611
0.4288850729685607
0.3519314218413716
0.8130780128628416
0.6235706546470139
0.0366820797688312
0.9865790763661164
0.4363514753567159
0.48787092954515776
0.6739101394268199
0.9115245021354019
0.7613618023384707
-0.4003429081108163
-0.21304982654560312
0.31894562455573383
-0.2532109971488128
-0.5429493547348494
0.7474227687220392
0.23802108885545104
-0.9266297299132282
0.1844277258518201
-0.9236198864281899
0.7837846017175156
-0.1026728537418169
0.9939514055101142
0.7754467611564213
0.08911210720880236
0.002003734038006355
0.823903758760373
0.8064166673454192
0.5254134949935234
-0.44629846019418173
-0.004985952698580931
-0.7121559522268417
0.18290331665862047
-0.334789628594951
0.9497557641438972
0.3045960125830707
-0.9679876302522976
0.21293114786043144
0.21818695623372153
0.5894245164184384
0.975820939884942
-0.463062913877724
0.8245834178393143
-0.4579986547699262
-0.6515532497092589
-0.7021579201984323
0.47323256889572907
0.8923524276583115
-0.3318633557733208
-0.44603751046278894
-0.03371473910629219
0.8555477501207702
-0.8323539373961242
0.48886145719883634
0.9230327857219283
0.2047447560772815
-0.1203243702165171
0.33419112631415304
-0.9440317533730727
0.09271429364212969
0.23284299590142776
-0.018289694571245407
0.8746406580690753
0.48682627222032804
-0.1564238396526063
-0.08503305079903822
-0.10340581286895234
-0.26686302206204826
0.7721091477490063
-0.06961259366148043
-0.23932553156603498
-0.7589261672296514
0.749994728985554
-0.1370876924875819
-0.9789370859309114
0.205261774860362
0.5649487381213396
-0.14281253421924966
-0.41838387324506665
0.6957756427998107
-0.08643522201672482
-0.5820543310259949
-0.16980747461756107
-0.761845025619694
-0.5385349691021872
0.9206131138460867
0.1984115855053934
0.3048192599218631
-0.13898002226933515
0.8000596532658832
-0.35493600462957686
0.38172680549794324
0.5598087310281226
-0.35803405219911966
-0.7776647839794448
0.1301404434659148
0.5984931799022664
0.6141446773634365
0.7680181965698549
-0.8350599728769259
-0.38971709428765156
0.01601772123865053
0.21481900380895613
0.94759287199884
0.24333170703421403
-0.3956622512091632
-0.5468268922143646
0.768439965758515
-0.11346942442638253
-0.14297034193925406
-0.31934350602566974
-0.96541627219606
0.0048441143484661
0.6523139816868231
0.2797133368736866
-0.5582145290570895
-0.42251166997014855
0.09108844307258401
0.8098933771994354
-0.3347276791135456
-0.8763155235463698
-0.1426655716802916
-0.3582579728645867
0.9189962435373829
-0.7641095659795434
-0.6160207499773169
-0.23842520007204748
0.15445769544080346
0.8369879489735266
-0.9393378303911097
-0.26127901916837404
0.1162105448554498
-0.17067969343461464
0.04803025020257756
-0.06592924188704008
-0.21957905471010153
0.16440170926006936
-0.1420997987789474
0.283230844057625
-0.6811211025987676
0.7638080050898746
0.8886936869769544
0.8454666987718029
0.939491206960976
0.8617696316105723
0.8401138341017607
-0.26162416869265903
-0.5073233358815887
-0.869793155846913
-0.4807200996548169
0.36515313058242005
-0.62607603584795
0.4401561110915466
-0.2120750691431803
-0.9224504166716088
0.7422052859277646
0.21853023475747158
0.5970504257449016
0.9145847851653948
-0.6605607554450845
-0.36432852409201333
-0.40030141841244005
0.965835765628482
-0.0765452218142515
-0.2850097820418056
-0.3411078690358884
-0.9147428876161381
-0.297536921886812
-0.2511680777413745
-0.54860160273257
0.26408451202598293
0.8448483546905701
0.16999771726375967
0.9143464247605391
0.1451212321139297
0.33447112341979257
-0.5806519071118259
0.9938543668449755
-0.3934573969723376
0.3022832171875749
-0.9630976385153476
0.0932125168499951
-0.09816309614081287
-0.31926709004071174
-0.5763935968256955
0.8548505329940956
-0.2557657281128829
0.152980044855209
-0.259100182748071
0.5439437381986005
-0.3769289685246904
0.6877558937794415
-0.17288580334998072
0.6609029129219759
-0.9931374346127524
0.8836619593367308
-0.27685429345627166
-0.1261462567114262
-0.1963513113600226
0.6551876386885853
0.8664256689301517
0.7084794294104833
0.9755119886732606
0.7043973024888077
0.7838073470690587
-0.18054024186741668
-0.7120311330969176
0.9077459650214939
-0.20047917515482538
0.9864431684004387
0.37741038780234515
0.15505225047663496
-0.9361348692400329
1.4234115483846566e-05
-0.46923796346446345
-0.41271581933326384
0.35500854949624494
-0.40643294084425907
0.11904024197975893
0.011149049891868268
-0.565827537673719
-0.3853725515554913
-0.7113838018618157
0.4872071984486923
0.5999863137593142
0.5065509705047366
0.06359341889617087
-0.0039056744689367484
-0.45941273846922925
-0.5739882653026973
0.4284550849271329
0.9984295801988643
0.6474033748142103
0.21608429375356208
-0.44265557833933045
0.8608010357747771
-0.03841711932407277
-0.9872734359524327
-0.07154370846045666
0.8514415771863566
0.34978846230865335
-0.03097067509611251
0.982355767788593
0.2207152060818911
0.07245521330648885
-0.74818083038582
0.6787840956032434
-0.24081917251956675
-0.2879636851883054
0.476705514463321
-0.16650661588208782
-0.6682120450463405
0.6164672675617588
0.7715675007562521
0.3494252640567841
0.95281035030592
-0.4484677729381301
0.4663260850243154
0.47209731742522165
0.5925638125644541
0.06148496604998965
-0.5345576923160127
0.6311675370170713
0.8551315175626799
0.6286725233743615
-0.7722296888568394
-0.6965657577496458
-0.22792651269806186
0.22061485720558283
0.9913847835079062
0.13245147445430394
-0.43231669266224126
0.23669358123254325
0.9321194273256395
-0.04639442322513121
-0.04090214142511339
0.06807964835518021
-0.5133533516418707
0.3741113821776674
-0.6027011739657364
-0.38511081850322726
0.4833638568870038
0.6815759764766198
0.42159094021718446
-0.37842938111492197
0.7345838597478924
0.34303105833559466
-0.7004379805012027
-0.5979554770921269
-0.7467596694021201
0.10994489073405855
-0.16036008653472655
0.470899533853123
0.5487395613802821
-0.9548272764727894
0.3067244004538119
0.3218596680360777
-0.01258249636845199
0.9392674851374752
-0.25620634593145275
0.033025255641580875
-0.5610585574729277
0.16740860054734719
0.7457486172193342
0.6188666672043435
0.07313343273777506
0.9571003200266714
-0.5823244240978498
-0.43189230581951743
-0.6313464709971202
0.34297418307841876
-0.5977033819434519
-0.02150299189830096
0.3416084924275553
0.9245903179531267
0.46652700040715755
-0.9745224733995483
-0.027245321334814943
-0.4644980677305002
0.7924653913529616
-0.5731320484106588
-0.12125550189992196
0.4104704720694339
-0.2872997665681365
-0.7358524490350651
0.13427033056242732
-0.2638814866877408
-0.271403074798527
0.11436697576009869
0.33803957284006025
-0.5974553547072452
0.4117570931784884
0.713686577131565
0.7546062952731811
0.7764882489409703
-0.5129960286095232
-0.3443320692462972
-0.8282347107360206
0.8624806346954335
-0.6512542648768096
-0.7877776276873198
-0.31982888561380185
-0.4815424650434743
0.6779533066588745
-0.13262024742278933
0.5653252818935777
0.4804686499043651
0.35642694857788837
-0.06837409437737674
-0.46930879249655977
-0.421252516375098
0.6813521297155016
0.8657874119249642
0.8338111885185007
0.5726884019242409
-0.29952990187463646
-0.21292893925712209
-0.6591629689498546
-0.40356369447271945
-0.01710127125151062
-0.1730282479135552
-0.8768571164915824
-0.9921749609014259
0.8532408455386229
-0.3802336518980529
0.7756550696051356
0.7423152536766042
0.5561235936418771
0.2760878466367893
-0.30489218110041993
0.4328994009324343
0.2606445627518612
0.9246667072448185
0.019994030616899527
-0.5128229521553731
-0.5162495813157324
-0.4850862671582974
-0.324045439118414
-0.09875822030983628
-0.3313459551450533
-0.39728485214982934
0.18706204575106544
-0.7185642430883334
-0.848493468544838
-0.692970680257569
0.02349075570783077
0.20104820078708308
-0.5840281057430672
0.42946469009605615
-0.24656967115577366
-0.7599895368991163
0.04151964628923421
0.23838460211060664
0.71764433376025
0.6965835602356347
-0.9051230712936849
-0.6583699898986446
0.13836487847332912
-0.9363283365594344
0.5406700941795652
0.2603058247717176
0.6961427190944101
0.7919851704452554
0.5309439830972509
0.4780308401292164
0.022669874119921607
-0.8982661884677807
-0.6120410187780088
-0.10544515315244696
0.0018873140431892033
-0.2831765202798131
0.9564414728771049
0.5135797430816722
0.7773558490276609
0.06428653336342949
0.8907050749304255
0.8154897775668237
0.20227252629695514
0.5346449196162824
-0.9695157837979524
0.2777329774291921
-0.953714521962785
-0.35699304606407334
-0.9363884368875988
-0.21190042184225932
0.21541954450098633
0.8512996355512716
0.9760457740630621
-0.35225510744776134
0.7057452237072626
0.6500126291424904
-0.9982843680327864
-0.005435124060685803
-0.9309227723342843
-0.5060186497404637
-0.18225765321175924
0.0721656950566456
-0.8285041688091175
0.05695181102414604
0.3385687826645831
-0.04281808795818409
0.8640178087161534
-0.1879639133782196
-0.06570455824231325
-0.46660733579166713
-0.9960890410272536
0.273734414772713
-0.5916684106353989
0.4156269883249908
0.8825831034639335
-0.08380250517077181
-0.5372756284785629
0.4541794856199677
-0.4598770999076096
-0.6557952378384286
0.22779965324612927
-0.9862235475158692
-0.6613388154671729
-0.0058474986639023285
0.021256715530923564
0.621439772194613
-0.2004135998121006
-0.05459500475266399
0.7523367316852281
-0.8771426523951142
-0.6122663789315117
-0.446140171104636
-0.276630973144107
-0.17090579447431598
-0.0023152768424647974
-0.7342020183334212
-0.745531720533845
-0.2896751538890998
0.454612129178676
-0.2996023250542039
0.5133056112475001
0.5462127485399615
0.8129724717856508
0.5353330922914277
0.08713656701030437
-0.17018259108240175
0.6583766160536775
0.43139008937565926
-0.40118873610624406
-0.36274291729693076
0.5039572590852155
0.1796974520512733
-0.9626810533968255
0.18972855203067973
0.21999681011774985
-0.662591034536963
-0.6617347830873694
0.09960596104794295
0.546928589446575
0.7042216416144509
0.957113225424812
-0.5794560439726697
-0.29456443095299156
-0.8674064988352672
0.7473338242418128
0.09925705640644655
0.580528519650835
0.3040201210275413
-0.059869258938721304
0.7743862987132029
-0.44490318818101704
-0.3410372913437376
0.44267400865291817
0.8249897864637736
-0.12612846300622138
0.831197161280357
-0.40755959948475406
0.7411711602075932
0.1996762814787052
0.07610280462110208
0.6743499908172108
0.32330067167461984
0.5510368150076426
-0.3748820097750232
-0.5052151462117618
-0.16828232495225515
-0.5482893984199504
-0.5408352433473158
-0.8312974177065677
0.08660212567996028
0.07499314849565586
0.16393945798869636
-0.9913860224748934
-0.8389574298044078
0.12367809078353842
0.5899489377543516
-0.6980235998050792
-0.8082896996555984
-0.44827749734805433
-0.1889101768314001
0.3531869929936433
0.9156160322321159
0.9705715557079977
-0.33135186924245064
0.790058710886149
0.7100178672212429
-0.8006243870073735
0.6105185979913541
0.6945447722382943
0.7352146562288004
-0.7174164946096782
-0.20160084566747583
0.7861931857862321
-0.20452022372120715
-0.3106997926243822
-0.7395703470716326
-0.2018198773861366
-0.5662571243132111
-0.5880685427721659
-0.40372875816316545
-0.24996303472770376
-0.548953457695964
0.9667966378896984
-0.29580357440922667
0.16598218861787073
0.26541419279313794
0.7957696564837762
0.3207250351920732
-0.6657882156383244
-0.20846621137631116
-0.23341672739577302
-0.9707578650051321
-0.8188401652154615
-0.7408701326485809
0.6989816725721572
-0.9789592070351485
0.2890342475527168
-0.44074186163223983
0.41853248158800427
-0.9376580662309026
-0.6544698559766284
-0.49826735975018477
-0.2337994721635308
0.6602672736054713
-0.29410308839294563
-0.5652977815544018
0.6407101990288708
-0.9971888533528281
-0.06684926389050205
0.26430295427874495
-0.12999397993925688
0.38148320039774997
-0.3544629873471685
-0.39614542805888275
0.5886242930518688
-0.839779291291092
-0.017940304147751718
-0.4577522100583331
0.3543075081032472
-0.7833838859747104
-0.18246010456906658
0.830570493544158
-0.3435279018683506
0.8046115789389012
-0.3411689578809043
0.9942964420221376
-0.8514377139388474
0.6120223284765998
0.19371005374502204
-0.33243417852322277
0.2073424527981267
-0.4916046728260166
