0.8513347154485535
0.5799741289443479
0.20679517355574006
-0.2924146099337126
-0.5226259228882748
0.7638426624015975
-0.5999086919875571
0.8721954145702202
0.3141933899027505
0.9027395101872036
-0.6794018162153905
-0.8638395176183198
0.09409906813981905
-0.33318190982384577
0.2656697935419283
0.5514726954907139
-0.08071958903008447
-0.5068213139845335
-0.1143197663483615
0.25783984683971717
-0.01820860518053058
0.9200415274898781
0.6382386354649454
-0.35752663371609983
0.10280191550686646
-0.9525176367886621
-0.1812576873789078
0.5019068454012459
-0.67458982115324
0.1168239164859588
-0.061501474370246445
0.8198011090157591
-0.42524673941637814
0.2530224738466027
-0.6238065811537841
-0.1820493230638196
-0.7620760605033448
-0.22295391943484644
0.298450598281059
-0.9026880191393283
0.41640872568809284
-0.6276725454692671
-0.42102788289262016
0.48299847989810907
0.06922005872338355
-0.062304779157805745
0.8540610412121492
0.5267935987771952
0.2513874678235257
-0.769795966114863
0.7748143106151031
0.3950727425438858
0.179150576275092
-0.33571062693859055
-0.6474283783117178
0.21707210500743068
0.8391033412379991
-0.650995984646205
0.36186874354759513
0.5737596192342391
0.39805094431092747
0.8531049436868989
0.7027326703390084
-0.29124446999532627
0.6634754635089573
0.283063073671288
-0.9333335565563141
-0.2604146186303504
-0.7418864762589672
-0.04479023780599456
0.061018822121756244
-0.8700355726929412
-0.8383674941681112
0.550452061311562
-0.16684233634511747
-0.40083115745309517
0.5646337859249537
0.5072356052073288
-0.846224591298514
0.7501028762183488
0.5766988245032871
-0.08967611304115053
0.16118067628902732
-0.9237944383993959
0.07647290838884269
0.7977737824833551
-0.3670280096677341
0.6021051384191094
0.09905802855890489
-0.8690964711071265
-0.6590506994695624
0.7354458021471428
-0.20335922191581868
0.8430743781019141
-0.300603520196985
0.40585207361919373
-0.007055009136378576
0.858601422403414
-0.7811406737932072
0.7966786165726585
0.5086470295000545
-0.9756622216684594
0.174900791892054
-0.08066285230802328
-0.03958764321032393
-0.08380282736671574
-0.7870918407686862
0.5637272686305328
0.9755978483597565
-0.26513143430634245
0.6620219313635816
0.3678408902615098
0.6012443073325624
-0.5393569097489912
0.5745642728433893
-0.40608110606049364
0.9717536874505754
0.11463121155179046
0.6839167841921223
-0.1002544126725049
-0.6077643829978112
0.8960655618372253
-0.7413809352489107
-0.4085383472980786
0.5259405567963618
-0.025091771719230493
-0.13040482600461667
0.5010035008112876
-0.4784225626161034
-0.2040820117752149
-0.7444820899194902
-0.7941356195098721
-0.7324464493892642
-0.4352723597619408
0.37588432036779174
0.8758504315427824
-0.2384055816339219
0.26993829427167126
0.6933618914075195
-0.2982155056810496
-0.21814258964342148
0.1524458869240488
-0.4118106879879573
0.031739485266432776
0.1760867875553993
0.9408919060175189
-0.30520976741148664
-0.3319825853720779
-0.6360634873817466
-0.9868734705161233
-0.587384827989315
-0.9482821569972097
0.7429448139689823
0.8668776325193548
-0.1915170064491003
0.43487374110188504
0.28377590840535394
-0.4172487670257172
-0.8091185417136444
0.39189183711478903
-0.1809520710906336
0.9545250887664256
0.024508401038461525
0.5333535924569142
0.4937710153673658
-0.015628150092988458
-0.04460451416510702
0.8326173424414425
0.16375454979883353
0.6598168286696608
-0.6437941091338655
-0.8554673317494816
0.7328827348448084
0.14549932480326944
0.5912855037903715
0.4677709007506041
0.8318425349748135
0.9180531643935907
-0.7738676280782695
-0.15019927317802861
0.053436132656013546
0.1689284173134875
0.8757040849794031
-0.8363241462163711
0.15937357628339455
-0.316145589286005
-0.6312619737344491
-0.4350510650907802
0.6421175014063987
0.3925107836234578
-0.7953010553346409
0.5283557989797993
0.8968064718471698
-0.09290990628705909
0.23456252687001622
-0.34396194222529664
0.49052154212790455
-0.4295346802477411
-0.625365514384518
0.3775824589368728
-0.002577280238212465
-0.989286305085814
-0.48438912712601745
-0.2181869701864192
-0.5382784329670551
0.7818455900154804
-0.07390148217153825
-0.8435239399989323
0.9239759670007148
0.42189294502840946
0.9139384788133484
0.06425631067424797
0.5269085243851486
-0.4373124120628544
-0.37050937698109365
0.2394175852156828
0.7379662825118549
0.7832763251579371
0.4284309934263042
-0.25237265101435047
0.9436249512166055
-0.6297803818812961
-0.2332823065944878
-0.5568628586785604
0.15941020445395537
-0.17975169319361606
-0.034969510699117023
0.7972837670299486
0.9538820185750769
-0.6582444918106514
-0.9015292564471762
-0.010316329355745335
0.12741877156268755
-0.06133042165005698
0.5645984995866948
-0.8519154207879922
0.7166500804907308
-0.3374226336093864
-0.7279562672127833
-0.5899330427283993
-0.8944951604349485
0.6367278662573703
-0.7695463205203064
0.6102739439496767
-0.7368913527620813
-0.821149307942618
-0.6183709825882457
0.42048310604517636
0.5374919627202646
-0.6305628372792393
0.7368399176273348
-0.755211587592979
0.9353105756392497
0.544296867668665
-0.32389002263849553
-0.28331943855228925
-0.6296085307176507
0.7601009636656255
0.19862838108057468
-0.05178457140782622
0.7123310998311554
-0.27356531729370204
-0.7919043305338154
0.6989942121459736
-0.40661579218074806
-0.9667601160605916
0.6392076300559968
-0.4743105860187966
0.01760074705424186
0.8665474567846729
0.2876590763815381
-0.009148834894781688
-0.8737619398115888
-0.043499622067001864
-0.5111768945738113
0.2766811825120101
0.8449803884408409
-0.7533815879284678
0.3969591039943987
-0.5169039035286103
0.8598934616973521
0.5313604017901863
0.8916356058515154
-0.7671479218682686
0.43843767586184335
0.21741281480571328
0.67675815271692
0.32167792315068766
-0.8408261369560921
0.5879003787442068
0.5200912175140882
-0.24796919264930906
0.9394208530014472
-0.8857975747125102
0.6186980204050803
-0.9347077974567308
0.1544435463176228
-0.007302966886717721
0.8971845149426994
0.5008258870343043
-0.72391111452848
-0.5011553677159475
-0.355558685834082
0.2894346580832847
-0.5485404103715363
0.35545854074981675
0.5270332665241431
-0.5230333714926663
-0.8860950037062976
0.2244987257205786
0.39479413628040017
0.9479797219506809
-0.9804468488072458
0.07848998724330536
0.9909194447345391
0.7994208627259756
0.01950113201058845
0.6016984905998362
0.8101464243471392
-0.09004175527624803
-0.2508091985984511
-0.32904791749781603
0.3463565452333739
0.8096571227592735
-0.7590458359837597
0.6250873868990083
0.04886790118213691
-0.3603400509333514
-0.20670577827364944
0.10956950213234307
0.743275828885416
-0.5230976739673003
0.6743645331349968
-0.680198195472085
-0.7816274791997304
-0.3388081282505395
-0.8507810390138113
-0.7631189749113751
0.8837927409063975
-0.8165639737057082
-0.006334259508967932
-0.025118534296906025
-0.8787395180197701
-0.7558249479438601
0.21174212182897567
-0.4766983810364678
-0.33444966004974597
0.6345789414000713
0.6488012928092517
0.15749092950089505
-0.6896951897020414
-0.806576280160274
-0.39057110018228736
0.6730232262672788
-0.3721422774559533
-0.3281065231911364
-0.41708180868836187
-0.3271519748719929
-0.2678298457959487
0.1515356140820583
0.26048842042699705
0.5431608731490785
0.45753617841100724
-0.7833910264207347
0.9897977579452553
-0.18754001455297287
0.5051143718212248
0.6537275062220134
-0.8093128411685482
-0.06880464800310682
0.5664463619886284
-0.8886075423559967
-0.7399170613760455
0.8341709716994103
-0.5938744071819391
-0.3459787381833517
0.1818874570863298
0.2967966549170491
-0.8956814398748825
-0.31155855596420823
0.9484157136243709
0.9175948261652842
-0.8238508444962043
-0.5719189318667388
-0.3968174094345991
-0.5809140586840642
-0.8836335974226615
-0.08318867486225856
-0.7188923215325675
0.5093992674882473
-0.25173355015146814
0.8948443809863449
-0.6070225464188872
-0.6349609647856669
-0.5826717472491592
-0.6028987560154078
0.1904790107104033
-0.6176482165806958
-0.6196772076775281
0.7291468943265946
-0.05053958855542251
-0.7198056566474391
-0.9854925729379185
-0.3071792647703524
0.49633223615533173
-0.7261781906188316
0.942829020922282
0.48839367071756024
-0.6755713276839626
-0.8567782580103558
-0.7768742155205688
0.41598993265881457
0.9783418123466114
0.7104794338422074
0.1308967449472016
-0.7773440652452901
-0.056322520977246215
0.9409121743355269
-0.6920253273902179
0.49636294177431206
-0.05743478767011312
0.8971432529239214
0.2676929567560855
-0.827920357980025
-0.804291192017546
0.31793466618248356
-0.6749940341186216
-0.6973268057902025
0.0905439236783121
-0.7230474149342592
0.028463894896885833
-0.5612941590367531
-0.3539689506470267
-0.5721143838555343
-0.8810420286331369
0.21884697943646314
-0.47514798329082675
-0.6230772658381778
0.38598044758050754
-0.857283321170387
0.7534924326286121
0.09836918591589394
0.6879955140211422
-0.22424795985455415
0.040085773389270996
0.6783128471094868
-0.2039000584348294
0.6339810424649521
-0.9995070487831297
0.46785097182944346
-0.5428008743668475
0.6891366927192848
-0.3011902461886169
-0.13138226370756056
0.48066340644902494
-0.41676858989296095
0.922601247073737
0.20031509379172308
-0.019628942272930328
-0.966486442605649
0.32832764484201404
-0.9073914756504546
0.7382604181785566
0.44942303464967703
-0.1393868547846382
0.4201133714940639
-0.8801827735029288
0.7667617206680866
0.6251419400452738
0.002656214461006723
0.9209377090419275
-0.3192823828734095
0.9475914618141497
0.22143867765734115
0.002671685469846752
0.35328269956750313
0.970655702656336
-0.4717956277933524
0.47679010115373566
0.9178386369034974
0.9235100826259122
0.003342127360001168
0.531479849225613
-0.8867310968048709
0.11341068436469781
0.2292736420579553
-0.4128480518243176
0.25641845207156866
0.5448016658818156
-0.4218571639525641
0.4053447199136633
-0.04440969419335161
-0.5783187248298891
0.21393355339908182
0.9675202227468276
0.7567276168347832
0.7975732414910073
0.5491218877641224
0.3609971489795747
0.49680575143259453
0.09617109192899687
0.6508073304821669
0.03260465389511036
-0.9710855235694378
-0.39466852398111896
-0.5842143829981945
-0.5988531828095363
-0.135896913954362
-0.9892556272980431
-0.6485943444511946
-0.5741055782045963
0.7917519888269846
-0.9482051302324965
0.38210954610637526
-0.26925920020932126
0.5516272846147894
-0.5684701908399103
0.32666933560766465
0.8605021484551161
0.49640471488383375
-0.5141373396910986
0.8976469856972469
0.8705889806700393
0.5214698810145568
0.7365375259433762
-0.6082170955787101
0.25564012810899217
-0.2681941782895696
0.05808750624639791
-0.7463032095488213
-0.49876129825831583
-0.7293975994676769
0.32402541446854904
-0.9561886498325309
0.7502990530243885
0.7908303497793403
0.5693809144538782
-0.43527177037713627
-0.2030530067286338
0.8771712792105693
-0.9590595438307188
0.5215109796544652
0.0830901341181507
0.07521373368512174
-0.15032501200066584
0.8217224467218778
0.14989179447038659
0.16967647637041172
0.7707908888582227
0.40797578532932466
-0.8814624807903797
-0.3092904311724567
0.8155263870445528
0.5393086837626251
-0.23738742757668208
0.8387807546042314
0.4543170447090705
0.4613177105556967
-0.5368467181975232
-0.5938253564433995
0.21631116889432178
0.375677314294695
0.8022914761782638
-0.04227446983814942
0.6389953496699592
-0.5292728818158405
0.22925833432923204
0.5494839064105108
0.5829569945593789
0.5784727768893911
0.9761282012450201
-0.46528252624858357
-0.06537789550703921
-0.3467526539823096
0.8874387487640196
-0.5592388286840562
-0.6405215976281966
0.11795112357721305
-0.21831236420474398
0.5935145573642144
0.6753753589183007
0.3082608637290425
-0.21260030077988268
-0.6175667709502828
0.7346299699799075
-0.3763349417853161
-0.7415317279149822
0.7866295303839983
0.5516622320057731
-0.07095303582757961
-0.6601316645201416
0.2216268325905666
-0.5482914445420284
-0.836882962150512
0.1819438474142019
-0.8397711759727677
-0.6835690722876717
-0.9641139921532986
0.7660436068415464
0.7604180464966541
-0.8929223728939428
0.3800384885163417
-0.1926876474786765
0.17290503233847399
0.6406169932820089
0.9585714996532819
-0.3025265556212582
0.868262508237454
-0.949924281126034
-0.6555688912813149
0.2535542373679549
-0.6373558266204602
0.7932731173566312
-0.4134699952411065
0.46522566815672284
0.028433994705550525
-0.46607187231730074
0.0026761604676848183
-0.8326131693914463
0.128252149759571
0.9491408376286272
0.328039528985989
-0.579177023084934
0.6557139250613784
0.49134462216973773
0.9057328578546082
-0.6187209533281497
0.6249758195931443
0.7949873658030662
-0.07396203743554053
-0.20759345257822126
-0.7205083064169735
-0.4159854206300866
0.9018500616289606
-0.8664047286349066
0.20427704218925058
-0.04279161740161186
0.009843853604341701
-0.9884504905671543
-0.46514845242969316
0.2654235620229952
-0.10681531032345015
0.12744679603499676
0.6507746756225197
-0.5412486502381941
0.822040910940798
-0.24745567516118183
-0.09600651810762195
0.11846115137258484
-0.3836888549368227
-0.9820882362767178
0.2764143041415863
0.31597447647143406
-0.4808308959817065
0.7371079034491954
0.2804755238719485
-0.23128728677186272
-0.7171002611562649
-0.025849910354829975
0.9147276582680397
0.9590105184159581
0.5280690878163388
0.918579338787191
-0.9641352114298576
-0.5207349621347703
0.9380545589633102
-0.36162889754678895
-0.26448642583631377
-0.8380832388776236
-0.19931837357544513
0.13122065836985142
-0.50377135458417
0.4682382331435029
-0.3173959078955775
-0.6528540956354232
-0.5229988095819142
0.12976196994074085
-0.0905887814743267
0.7311372506096299
0.06029692447143242
0.26793505657784267
-0.7058674167464936
-0.08010153650625274
0.44972542930198034
0.6728782532375417
-0.19702903132754845
-0.8011687058772883
-0.014529078534053497
0.46034056923207345
0.5829582483046569
0.09022674910167572
-0.01601545092532608
0.6627153062844371
0.5498825450358364
-0.6281922121565962
-0.8830560871651116
0.6630491495690845
0.15325032557808926
-0.2560510384462735
-0.02994659439054903
0.980349034474497
0.8787369834995968
0.053683540413643316
-0.3308860168533454
0.7589364488698003
-0.3408238778422077
0.19569158794340336
0.4293584226542151
-0.7130136691554365
0.5721239926888086
0.22252064580070807
-0.3846987248414384
-0.5460523819958953
0.48139121258746487
0.6924754531272683
0.05101177167639892
-0.5856493839754053
-0.31320075654080437
-0.9285592777024159
0.5150511709956083
0.9141859594372097
0.17625447948243655
0.4173003630743324
0.6944873044888975
0.2331635319751273
-0.9920425164089539
-0.7605715063351872
-0.7647212746882317
0.6162724439472531
0.5576492350256503
-0.25736295079020577
-0.7791033492089929
-0.77688001445151
0.03872470384707061
-0.08332943994428832
0.45498959869818734
0.8703372494580426
0.0936600642855574
-0.5065714556547867
0.43249834437295953
0.21062389846054996
0.924381897368137
-0.9366541581759582
0.9046116327869289
-0.1996647888539913
-0.05512106102308478
-0.9087952575161182
0.9458924270907341
0.056434171168791236
-0.46658417646582295
0.00676618886907665
-0.8236949838777192
-0.9253048845937142
0.5781151153063839
0.33110176182791706
0.26949228426493943
-0.696311885852827
0.04659335303569012
0.8786264150498171
0.7593785555138524
0.44320560400176734
-0.24886585790961835
0.7760124977926728
0.050929003690918684
0.8006433985886059
-0.5469626102084046
-0.7321772997699654
0.4739369497708845
0.2422363584889191
-0.2772223758816308
-0.5627029034595303
-0.49394471530064177
-0.18708029629115153
-0.0637903216509903
0.7266240770143615
0.901714682381501
-0.6710123077978947
-0.8998587368874744
0.7972409623642305
-0.9519977357148459
0.742759045034457
-0.23147952023855467
-0.6463703698833794
0.12011365393844375
-0.839654568428587
0.03021916137633096
0.3594997419904846
0.6278648399570648
-0.4278287011757109
0.7232500297455839
-0.24922736188432593
-0.9820700944055083
-0.8341099977043054
-0.10572970030190953
-0.4512474281463259
0.5654026938671088
0.6773615815594995
-0.10737638844299568
-0.21147461998785833
-0.9275356470101392
0.21662285969091855
0.16966786923920152
-0.7134548959022364
-0.07849555135224673
0.17618113874386387
0.0337039359654574
-0.18283983124635728
0.916639374008404
0.9816494658160382
-0.8549688902068373
0.944731101762881
-0.0781902371267762
0.6540551061591735
0.6754201761982961
0.9206552462423845
-0.9794354912811127
-0.2976009262859223
0.740689125469532
0.7144404733441856
-0.505680374121708
-0.20760976811809417
-0.2740008035964403
-0.6055063587795049
-0.36086356244583273
-0.3054753760652953
0.39486044042727886
0.04434752167749312
-0.4302819239091178
0.8701744554818833
0.9764917343129169
-0.2300190867992007
-0.8248832485283695
0.17380793243024706
-0.19580306420340854
-0.8827986848440119
-0.8770343146174808
0.48402207102929173
0.5574485691062872
-0.041648444723353606
-0.8279592014357444
-0.5843290844630082
-0.4518938668208332
0.18582006040968113
0.8811372457720241
0.08397361705899864
0.618648661508814
0.4970898396105077
-0.6089631391395713
-0.015314288092889372
-0.9242214409770877
0.7473135496180179
0.7359778064582316
-0.7509606456635414
0.7468189201903894
-0.6725944785087712
-0.680875267080203
-0.024079253502768738
0.7360261159646575
0.7036763109547333
-0.1689399316553597
-0.07080423943762648
0.8639094112278201
0.2647104556597084
0.6306893826396076
-0.7411606244228954
-0.41679244341859967
0.7508737917699335
0.5480291302081661
0.27612126475201526
-0.18801793986205007
0.4292767072580328
0.44906988963346706
-0.4544314621711645
0.7652390304405816
-0.7664321158150889
-0.29427301402195094
-0.7061783359511893
0.39182922593974845
0.08006503886480143
0.5870637814856319
0.8222339385456416
0.23144233326686803
-0.42141724602723785
0.06790659498073714
0.5850856296422231
0.968366817664807
-0.051274571458141516
-0.19265051839884229
0.7948322153752396
0.3683663675964588
-0.2354961991082929
-0.8740118027845689
0.11946507167124465
-0.22336672922699008
0.7322294620974452
-0.6887950903035771
-0.46752680672507974
0.843062311924579
-0.3879866288097287
-0.25200473374412224
-0.8625077765678304
0.24861302323681156
0.2931398105059133
0.6572324207426319
0.48688516926009595
0.6183823024578383
-0.5104996431875417
-0.7002278363346806
0.6960105634270846
-0.7593955879257419
-0.20714975635400457
0.5631915185955088
0.6092664690055729
0.9438667618271375
-0.4819637970011199
0.053896635149281336
0.10111020292671524
0.603737091650824
0.027771045266077543
-0.5872801900227029
0.6029100581926539
0.7132949797532642
0.4452658803043503
0.2146721902008797
0.4977779297825442
0.11490205531595254
0.9469092712873697
0.43336492344502453
-0.3670303900590881
-0.11847325609348891
0.9177615443504139
-0.34848937246337375
-0.9224574203126599
0.17811083630894564
-0.5198272424356691
-0.5784190588910776
0.1270893689584638
-0.32149123100860555
0.2056511886800212
-0.6024184433615953
0.43693296936378156
0.9056230315366387
-0.21420943069695242
0.00018547760294662652
-0.9899827566302768
-0.851159064982618
-0.9651570932091478
-0.2881914607866911
-0.8097661826659885
-0.5518071474051929
-0.7229737553091864
-0.09207117330313408
-0.2775339045359382
0.9757559455508606
0.652287637886164
0.5337575574600053
0.6503093269131421
-0.3767529588738807
0.5979803659718441
-0.6766787622689334
-0.9155773179726432
-0.006234831737966795
0.872961748281051
-0.62989438676186
0.3158026980073425
-0.05345192865740134
-0.5938572572517429
0.4131432385062277
0.25644205481583704
-0.6830210035210169
0.8926146057721924
0.8505901421717286
0.990731021553128
0.2979726926771624
0.7529924280966402
0.5243099246777045
0.5224975784416932
-0.07836319748582476
-0.9502919033506809
-0.5044292584109544
-0.3444226597603386
0.11358512889711059
-0.7364656451269986
-0.7136087121416004
-0.4226547257120312
0.0680584856522588
-0.1345881253978236
-0.07434269657991743
0.8369331683077552
0.18544159527031656
-0.07783767571153288
-0.17071350507732364
-0.34797227900695615
0.24193484727617642
-0.06762379833155774
0.6923711254631937
0.22422210302750423
-0.5189748374578331
0.7215996796411637
0.5930005218708732
-0.7300340195278925
0.8084056997341253
-0.4754671124116441
0.40970980008708024
0.8422142715473466
-0.32960418985706297
-0.386323400974522
0.2893051981459145
-0.2194740819114951
-0.8804043774183041
-0.26137239827170555
-0.875542473482829
0.1464721020948665
-0.9661113876722136
-0.22444558559641936
-0.3015923580408
0.4721626764457294
0.25711463635330856
0.6336181668296776
-0.18246402694964448
0.20853129132201387
0.9008313322136758
-0.5082310780352988
-0.5218708871196756
0.5067378427097486
0.8367117486626383
0.6520690581774833
0.7837577304994707
-0.27285087762754956
0.6240866206805356
-0.8583638149491997
0.5782007598564087
0.14816874955403803
-0.23313371801936222
-0.9072707229813679
0.8959574181214283
-0.34999557942383763
0.11050087932603447
-0.9302400623852232
0.8880727335091085
-0.21257364116731292
-0.08351015930392158
-0.13375369378263247
-0.44104562595023844
0.5877951760717874
0.42630617554558947
0.7820982374526746
0.1446555274679635
0.11191527545693658
0.7970125461703295
0.8294956840726089
0.4893482696023572
-0.8324380849130977
0.595352330245277
-0.5302744743397478
-0.1195964683954589
-0.9265235121953519
0.9820431913909873
0.4482212894339037
0.6774155011413279
0.22883744433407127
0.40340869601061224
0.7060427372085021
-0.6963729324771291
0.3284498317299236
-0.4523517099330294
-0.6918550067481664
-0.9233529699831642
0.34537107945867507
0.8538468772206169
0.7835923885923817
-0.969436436878385
-0.7098948443707958
-0.4529970245963446
0.08581326520127419
-0.6914947127794191
-0.7238621376817165
0.4508419082299695
0.34753624360505575
-0.17591399648487216
0.8782921642421715
-0.31071890934718827
0.13305398553470416
-0.10924227884652793
-0.5731926009241162
-0.11303920132948342
-0.9843562485451451
-0.507361565764304
0.6240499289877381
-0.9338178273126498
-0.8098215813386638
-0.09658772652435665
0.5191563000035375
0.7824828696157662
0.8676891173605379
-0.8308418597671583
0.21741359694049622
0.9218428260277876
0.015520924744552023
-0.6043879395078249
0.001491158591790942
0.6070366334116786
-0.48852581832641806
0.6082370275214686
0.8211904143407902
0.24782469137473306
-0.5811098727730437
-0.2419656711336573
0.7243970850944546
-0.02709911084869243
0.21905495570149447
0.29197701293119094
0.1827858419301931
0.802883576196397
-0.6594356563401083
-0.20862361583771305
-0.2451463126766824
0.4549409540465723
0.5556141442182214
-0.9329769158053174
0.07472721107304103
0.6355957949272399
-0.6361527928848454
0.4438592404953714
0.8196187263818298
-0.5519431441226867
0.25884038509002116
0.322389782795075
-0.0628662679563281
0.36841327858724493
-0.9185966597790438
0.8173757230247003
-0.9947826957581023
0.20594576009839116
-0.07878433270440732
0.940040891067456
0.16504605898406877
0.1996635395026476
0.06538552527164376
-0.20827947294524574
0.7977651751781536
-0.45511823567688015
0.9312699373295017
-0.8035310938048092
0.8475651422543196
0.33131573024348127
-0.8857122110690618
-0.3983795953883449
-0.009889340401612712
0.7353753650026191
0.02637774949283811
-0.7549104918694485
0.7655819372015158
-0.37502910407467915
-0.8918305852941817
0.4658940066070809
0.7326240401022883
0.6389847855087982
-0.5813030046086702
0.903911570885293
0.8319552214770156
0.9562903755149044
0.2904557227784199
0.22931982167426845
-0.8507451202913534
-0.7235305149862079
-0.221366137507649
0.9581340812813208
0.4768720037812739
0.9589952243343873
0.9741352035179953
-0.824259476586142
0.13352720357349623
0.17450178243720416
-0.23299356988191167
-0.7181534925197157
-0.5740436858035209
-0.3612955233801427
0.010115798458994574
0.45215268877130455
-0.6271769078086842
-0.4810973457452241
-0.5654231489656512
0.17856793330136256
-0.27938657652223897
-0.9034824260170846
-0.48231730068622225
0.3295373277936644
0.43124860559619327
0.42323770355318
0.4469045909977778
0.22592710288941031
-0.10466191156235549
0.03526247146028516
0.4548142277109817
-0.7952035884860507
0.1291358416437116
-0.6288183883271385
-0.6830926585914365
-0.7285618420721425
-0.4794517301167369
0.43751719369733433
0.3420881155539284
-0.45379040010276306
0.8142267055842314
-0.179919477746056
0.2205603106828009
0.1369969480237756
-0.700292551152649
-0.7923977106642304
0.8486866417825221
0.2763187564266929
-0.7681854104576136
-0.18380352013976076
-0.5484869421536018
-0.08654130263276572
0.10466057795650396
0.6359143620601351
-0.522381832150107
-0.6751074969438562
0.5906327217883562
-0.07992775492514004
-0.2986025660592455
-0.07098990898043067
-0.05074332984422858
-0.7850630077402672
0.871112167553036
-0.13887745373272242
-0.6129790636742354
-0.9439756793881717
0.8763582594522337
0.3154611801942202
-0.8419158804640259
0.3079698688849415
0.7739483847348729
-0.9629830822205145
0.17844526377993541
0.23490410570836207
-0.9847927012654356
0.8685072480760851
0.11524790694508691
-0.5185930723452259
0.08990949274676363
-0.6001228281445949
0.9971923699308707
0.41037193185596177
0.7002255136700275
0.7515623177420232
-0.01742330686204241
0.7837984098462691
-0.4819479861023166
0.014008466592080993
0.40815750375494164
-0.9565658789116831
-0.06100264135647038
-0.7107076130500969
0.42093605486199803
-0.042235664751579804
0.8705554118701164
0.5560416846749929
0.01396071806063226
-0.2845438747317932
0.49661658925022634
0.782307149280741
0.21746166593551686
0.18630258490887663
0.9271308408461691
-0.23863441322826895
-0.1172114004432192
0.6408113157855018
-0.34868275033266727
0.04521760738158043
0.686254676984186
0.44859284739935923
-0.26517375410252875
0.044809929839183305
0.16899232052366475
0.6265951084810857
0.3047874614296464
-0.07904071861789763
-0.26835799852380915
-0.008307036039817861
-0.5680163515806427
0.9423189016599205
-0.5839817537930121
-0.4601460626019003
0.43130656053098093
-0.8378580500179138
-0.0746751306283675
0.9094272037773732
0.4405884654029335
-0.023112579205241568
-0.06086883652046016
-0.9418564868710948
-0.6040793385525804
0.011406862066373646
-0.5446072206898833
-0.5405303721559918
-0.47391923883969467
-0.9231720400241816
-0.8931334957011239
0.14747211594997656
-0.42770731041100385
-0.7173447244885893
-0.22287428179822144
-0.9068393433813606
-0.4652981817435269
-0.41029720967751016
-0.8100669929345221
-0.4566860976755629
-0.8776569510252039
0.98951612457053
-0.805018941887695
0.7400767281518799
-0.9714278790005735
0.8217228090784381
0.8152052857690142
0.2655382440531677
-0.24201086882580447
-0.04862513461035767
0.22249714249416597
0.3152619187859942
0.9334154488772728
0.9473630805538726
0.05800601812183426
0.9698041485264752
-0.7618676125870845
0.35039383156342696
0.5699473214751631
0.06214504385988917
0.4296252092490329
-0.1655776283101531
-0.07572139566018476
-0.5514980958018205
0.1929214359112139
0.7819941515376139
-0.9173189759903215
0.8653323237522448
-0.7831627848225855
-0.5180925909531597
0.6300095927260296
0.5519893939475469
-0.35340019550480517
0.37004477964601534
-0.010052266454010583
-0.9703633347987226
0.08175646544884074
0.0847623974336782
0.5337758838793063
-0.4057019653031526
-0.6930937199436795
0.4396908844663907
0.38517034191757027
0.13507929056855605
0.9779395062085581
0.6155406051034644
-0.8903507548030858
-0.332027394020989
-0.8056204812135064
-0.8643647124155536
0.0955721499489206
-0.5337823512055921
-0.5694811489871299
-0.24380849510773372
0.5197375923145189
0.06705879755424893
-0.18457464860367057
0.42696168603454
0.26084840781764385
0.3824452045941438
-0.5943244541663433
-0.1761034931830514
0.07549142450335622
0.31973925836933303
-0.7955966511503614
0.01788784758048001
-0.353786997599979
0.41684677410548066
-0.5873371953999313
0.7688862963170937
0.5374927797574247
-0.3104926493899014
-0.12194040960191987
0.376287662468201
-0.6144955632043394
0.7980162947845935
0.7094088830797494
-0.5290255421541725
-0.46552075540352034
-0.42147715269842756
0.17363634661333194
-0.9563148697408494
0.7835179109588863
0.33895771936929275
0.31117837763161393
-0.23681825188421124
-0.06325932786098343
0.3199119673586197
-0.519997412572134
-0.19510457856247454
0.516231488777156
0.873095296639816
0.3989599757797
-0.13792204020550547
-0.6657052934540866
0.7209195589190589
0.31207312549296407
0.6922940373751902
-0.9440079728242836
-0.49655943681776415
-0.9475072601100512
-0.6632343001545031
-0.5809574515379978
-0.09394101621392603
-0.4276417089501554
0.11526068124697564
-0.5447451011477258
-0.523521956338773
0.4738061581328534
0.3315257186150884
-0.4864415032122811
0.12146188542219849
0.9172902857028808
-0.4248900670396043
0.09495390654436009
0.05747020188395835
-0.7748306235341105
0.946095246445213
-0.10682836502914861
-0.6856127830109744
-0.4427525049427661
0.16985289764033262
0.02782814133898137
-0.971976515643207
0.9883098327923596
0.3725038030162664
0.9318502554539492
0.9724435366197901
0.09885441460416589
0.10006374282969666
0.9382704076013408
-0.8468141818981401
0.8072479593528159
0.548905213565809
-0.5651130083355596
0.9153750869231838
-0.5844766257973597
0.8918549134161842
-0.7534909389081934
-0.4991416464780871
0.13506456096289088
0.22249557384356056
0.9585058718304718
-0.04517124948856388
0.1930207618370976
0.9529350562565329
0.27791885239054204
-0.1410390360310665
-0.8243030926903396
-0.9596686268117589
-0.8010501713297149
-0.806958425675947
0.3893231255891756
0.5247389092969288
-0.1891487210692504
-0.9303055771819697
0.2783247601423109
-0.7480717024724837
-0.07027389072463475
-0.5334397474167629
-0.5018020285610845
-0.22831705725602958
-0.1437183946254843
-0.9311695522006651
-0.07042135923364756
0.8588334676718321
-0.22690359266874727
0.3045943524313852
0.1655766960002223
0.28549791393800117
0.7551971668105786
0.17583268281028896
0.07937399821910973
-0.16569056074257626
0.919665421004193
0.20656046222238977
-0.25423781753444397
-0.2002818335305694
-0.5470591991480058
0.5666887206614397
0.035332466956468744
0.4168459543093088
0.7117488349091046
-0.152300287895744
0.36503668655131793
0.693611580225032
-0.33305722175331454
-0.7003032477193489
-0.7069381823894669
-0.9674841807398677
-0.740949988990736
0.2691683022257372
0.8480354182899328
0.47878021492772205
-0.8605923603550021
0.8780797939211533
0.983363926703156
-0.30740570830814873
-0.6692412635815519
0.39257447674699475
-0.3214254941344965
-0.6539599304477424
-0.9004037077112828
0.4712527029570466
-0.34528847397108375
-0.6078818456261372
-0.8054562460630039
-0.2915347124110963
-0.7825432144174918
0.6210653974853813
0.5248968534343406
-0.3514243700507791
0.34505487200384244
0.3225095766313739
0.2035140985177406
0.39104700815359594
-0.6972158949686214
-0.22237846509063375
-0.15752668978329187
-0.14378037321065773
0.9845077560624587
0.792932198521912
0.6086057779718779
-0.45975318085034167
-0.2192902441895137
0.8091233192629403
0.9097222926756561
-0.10083908559263532
0.05939156951498137
-0.0718168944382025
0.43304823072941057
0.29604116830832816
0.27345234341000246
0.13121649838107285
-0.366215244521066
-0.4397276768768097
0.610354073938109
-0.28684377470529676
-0.7627205508990944
-0.6892815230119107
0.6749210459169785
0.6291630984502081
-0.6566681122246858
0.7859917738379112
-0.5297553838882314
-0.30485973182910575
-0.9619531835592654
-0.9287330274465355
-0.44013011389821965
0.35544384485618985
0.3854726025768407
-0.48199500634086956
0.6321354605618053
0.06294034863313258
0.3318690468317895
-0.25046906765414967
0.013500009379031175
0.38612215529304783
0.6634618660263145
0.5965761744890445
0.8610474153924113
-0.3800219599799064
0.7318653230867171
0.8103349506505702
0.8787885452369348
0.12979584575881398
0.8905835588229833
-0.007220060493598801
-0.5142766064031825
0.3793588177057281
-0.4809620460623838
-0.8235141654822831
0.6436307341515362
0.5784099834330763
0.26514970516277425
-0.36087361795488415
0.8719391545974093
0.4603086496397111
-0.9299522297339198
-0.572000719886796
-0.9435846834716051
-0.09890939988955205
0.4323448107063219
-0.40971000935043667
-0.40890182154543986
0.8034354698838981
0.9170479604163704
-0.472709925063989
0.47535367729326006
0.48383031339215044
-0.5577146868771647
0.28773150157458605
-0.742310477212845
0.8184995910475861
0.24949178412602824
-0.5787905709828713
-0.12430823808542302
0.2065514484488451
-0.8692307033999738
0.6431685560938913
-0.8653879303288787
0.820165008363833
-0.6322572962515247
0.7934243996088528
-0.7380397745790523
-0.6699829451714707
0.902115102737244
0.2281623818126708
0.43148547331592213
-0.3620301393977232
0.7173277559419895
-0.5310488760223702
0.37629723983524865
0.17162034210023802
0.49247836910256026
0.7231672920070913
0.8053658743569516
-0.39281898001163684
-0.013394359582097781
0.7662856691452551
-0.9661653403715218
0.9606495659161232
0.43152506178458916
-0.32168955180175973
0.578965031019469
0.4412581144389316
0.7123755759455355
0.27749537125441437
0.6496905964160491
-0.16000303676480798
-0.5127583124086641
0.7613366047587267
0.6721144200185949
0.40286864246273146
-0.4023384744481644
-0.2322454459315595
-0.8356701738868506
0.13372207516931978
0.1848008822705518
-0.8649642292301694
-0.384645622202864
0.7425043195352543
0.5854254326807373
0.4095604453075896
-0.20764850163599013
-0.7227872907053499
0.5134814284900184
0.7092633788189191
-0.7340012976632326
0.5549489024012604
0.2080312796576036
-0.26637585314169643
0.3078067343314477
-0.6049678746714933
-0.5734293010646296
0.2845778140140238
0.37750609512865707
0.9919986989170526
-0.49112330930330206
0.7108230697680038
0.06604170333004955
-0.9229050681251392
-0.4797500887901027
0.09500356913855557
0.8449172673614724
0.04155228453336557
0.7129362208780794
0.6835081973440844
-0.43714814706261595
0.8736175445252674
-0.30956638522810875
-0.8645752083739968
-0.7294808237741541
0.6374337396786156
-0.8092723132325144
-0.13636578873967498
-0.1708215156586268
-0.22885711863890545
-0.7155877790396468
-0.4053967783276913
0.3802575863379063
-0.6782252917487093
-0.3169469352929257
-0.9476868985549203
-0.9486901534838523
0.137397299281516
-0.1377644970302636
0.2334744226552663
0.9610422237642504
0.5591836021133025
0.6249721440454836
-0.40075009082436464
-0.3221026821690869
-0.33281245758214006
-0.2851175432911175
0.6885223217679386
-0.20947060342189072
0.34676281619732596
0.1295402317106018
0.7772305878048094
-0.24004178284737754
0.9341194280129836
-0.7254309157425645
0.5599342371912264
0.4339602449610358
0.9319959714578772
-0.7522287473486762
-0.19730697496892047
0.5861771588026832
-0.5138413179042998
-0.5796016033702334
0.10349966980291336
-0.4232409600879996
-0.37208441453965824
0.8125188778350236
0.16437805435201103
0.09058922471425168
-0.6863952845148524
0.24354397834382024
0.8220586360407092
-0.14962553291491032
0.888303869508245
-0.6135471033597686
0.513715942416388
0.3150471318895782
-0.47711509606319225
0.23320106986589928
0.7611847427814615
-0.5522234577989522
-0.7093712771813157
0.5185130859903297
-0.3232344693211273
-0.05360446752580983
0.40409293265043633
-0.7978307424033093
0.9364202531174906
-0.8291630962927947
-0.5341447468916796
-0.3944801508518163
0.22140307692687777
-0.9231314578254903
-0.17799719450598062
-0.6775309665450251
-0.647754239236614
-0.8126257251916851
0.9321118801155197
-0.827690073057062
-0.0010224467238710844
0.20168451265894838
0.8769182019742059
-0.8521512193774969
-0.518847941386422
0.4150864881157621
-0.22628307739869724
-0.5658945494433869
0.3700105157850504
-0.09467749105504963
0.3828082902152097
-0.48265378298314854
0.566986265279688
0.7037589819943388
-0.12095057229918771
0.49533325512115955
-0.7995862082415837
0.31280522412215994
-0.750791435236116
-0.40866561889951103
-0.9298725488364197
-0.7768778696135672
0.79692849304968
-0.21599516911361327
-0.6353660079699974
-0.04939208749045276
-0.40244151218688184
0.32617512064644805
-0.5318691190982514
-0.8433115435884966
0.7703951947129248
-0.36927884383033716
0.16488125993117664
0.5127248148440098
-0.609738886216225
-0.250566825529569
0.7696487188364192
0.15055313415907579
0.05491022143905999
0.4140812191974028
-0.7373504937266044
0.5582242601997824
-0.5421367262169055
0.7461396892179231
0.5667233631875523
-0.014113619923899812
0.18590868565964946
-0.3110071937058425
0.8494037568312567
0.8563636329896063
0.4608448893460859
0.9670286314008878
0.8248028527447357
0.19611406083148952
0.13227636398205633
0.9983972092929603
0.10072279161370301
0.8487226688029397
-0.8342818547021755
-0.0596851712928721
-0.9782329189658032
-0.7308175796742924
0.3323257931744441
0.10638602655350904
0.27357105439595486
0.37638682448947525
0.14688261547375658
-0.45278587097744105
-0.6888513760447543
0.7859003168814376
-0.7190574470268496
0.9624783269799835
0.1511950815609877
0.23850326015839896
0.5887353371314339
-0.7300626915054715
-0.5248164288963459
-0.42358759937918267
-0.33119785879191
0.3050786180867098
0.030635163864760173
0.6352604220373961
0.07789372361926694
-0.09917791688778377
-0.09501349169642492
0.9178877313899112
0.6656540746099162
0.9274910174645048
-0.5249387082075283
-0.0950378012226496
0.16498564640294977
0.18970981437905787
0.1421320185813979
-0.5411502525093266
0.7391784415050033
-0.8691104517363251
0.32112263979855826
-0.8343036762337148
-0.3855492578068094
-0.4430265755853571
0.4559678606375912
-0.5778861738870478
0.7850256864837337
0.12751338345634533
-0.6208967066810995
0.5986918777177921
-0.7908496867064456
0.9944018750606287
0.020669564139760066
0.31065070403356065
0.5075526115575679
-0.19921588887723107
0.33373941811707897
-0.8289030560858905
0.6437773325762253
0.18437481428079172
0.21874352734364022
-0.5859778512824043
-0.424566199056404
0.1517022356516775
-0.49400673931748273
-0.6073767269877013
0.9220094908804917
-0.8519972436116363
0.874340840002749
0.6039612881423209
-0.8412255743039838
-0.7403396040062
0.2635288350106535
0.2585260512797989
-0.14635310702634174
-0.0027982509651818255
0.056355214852654045
0.8638627972610342
-0.6769397755510844
0.6309591484825845
-0.18725700528197575
-0.38101947936461467
-0.6912426646625986
0.5154667133240942
0.06055836956970917
0.2756590607050664
0.8154709975639025
0.9293766160489096
0.5808986825056375
-0.4999459161577313
-0.07947270801095119
0.9937470162046433
0.7361060975462987
0.1269471456558866
0.6563527765037034
-0.42476181076272024
0.10168417155150511
0.6726374946903801
-0.863103833891212
-0.5866212383982183
0.8308314711226803
-0.7449584659700683
-0.3979715983815424
0.614993141680173
0.032781813828788975
-0.6628398282525405
0.24838237942417574
0.00240139905089376
-0.3682713306301322
0.08302162345162611
0.3550759581072873
-0.9175404968206526
0.7886456206513734
0.5392336196252363
0.42043222608917286
-0.08952910116677892
0.00998609526713179
0.9722236862848406
-0.8027044757503632
0.7761434584224813
-0.7749671726499632
-0.8493389907863089
0.6287954430482392
-0.6415770050038885
0.5491705926400474
-0.959629187405524
-0.4884597469947911
-0.12319158384793183
0.19563017721522025
0.5763661533139639
0.19137487456078217
0.750004121492496
-0.9851780244129382
-0.13726984116242913
0.10326572686043978
0.2526560419642969
-0.8532217529414066
-0.2529944114146647
0.10376957423253819
-0.3131595067072439
0.2897361332446602
0.48004256438765225
-0.9170417369667223
0.6822589592717279
0.35928649129619084
0.4684504698165619
0.9980971558025884
-0.8044411750449205
-0.45480168846009406
-0.5658140647353105
0.29044657083634084
-0.28836626340257787
-0.8543148495199275
-0.014704348546106472
-0.1781924282944083
0.6951902818666515
-0.5370991055665337
0.3732788481859193
0.3741042154368952
-0.6540186960901255
0.809063733935049
-0.42216188694280676
-0.7978627125293567
0.0022708926444083843
-0.1806163774246088
-0.31535718256668455
0.08347289258026724
-0.29696164225252786
-0.6638219360423812
0.6478941236319444
-0.18823330390440685
0.5581140002677336
-0.1813449156810285
-0.5130688725016301
-0.021732621611617597
-0.8888340700420478
-0.5762849781350734
0.8223022147802126
-0.051839063175912026
-0.7857256933637549
0.2564678553511981
0.6496067398278453
0.2792191725161799
0.132423951313009
-0.2214929325883721
-0.3879800700851157
0.6075835052754126
-0.6131161101107776
-0.21946316227718676
0.3638161234248576
-0.4520585096553489
-0.6664721007469498
0.33391314816104
0.3559298092349821
-0.2638161274296149
-0.39070690180907675
0.7655287313558725
-0.41395749106739754
0.22384641085454193
-0.5930432410796418
-0.12804440354537094
-0.37058258977426894
0.9773264819280787
-0.5450349082427637
-0.6232718680712823
0.21759970583615695
-0.7679533997690491
-0.69084150906028
0.11241532157397494
0.8146564289077849
0.7233022253782764
0.13328449088712357
-0.14289526907104433
-0.7334522917328419
-0.16993953750001478
0.2574272505621118
-0.7593304233164881
-0.47751950668142396
0.7589772324839121
-0.9975807537492087
-0.6741121278802114
0.33896580167905865
-0.9063273331824002
0.387392192448512
0.600365520902127
-0.36875346141571774
-0.8131136107812897
-0.6330623740072052
-0.06719401554854865
-0.13294827909722096
0.43109460039179126
0.8247438221605763
0.757042937973428
0.4255953630485687
-0.8772210796577113
-0.7981244135490051
-0.4960525950114605
0.7837290335206146
-0.5830152928470029
0.8641720949952931
0.9553252386805036
0.25244747650762833
0.5198610907518362
0.1006937219965438
-0.7420954227580081
0.9292574997676408
-0.18638774403591718
-0.9876394062302094
0.7295851247818748
-0.39432629382018525
0.18323861320128998
0.11378225147988674
-0.5470823238534963
0.8888963571235704
-0.3924138713021954
0.3564213680282624
0.13884537911527106
0.6227627298107785
0.1674949240169048
-0.13470954712630312
-0.65123191687918
0.0505077412010595
0.6967965522263533
-0.8455828360281079
-0.4462745319414041
0.22406831141282768
-0.32469741653200357
-0.11435286761274144
-0.30340533696962435
0.36366521067734814
-0.590404447446985
-0.9921728143658586
0.5890851873914658
0.028909193056323446
-0.7893582743606689
0.4073695855019821
0.817966949623582
0.8493807892814056
-0.3069031703579568
-0.5221107982683937
-0.3962411217727517
0.49578334112781697
-0.9759313957696905
-0.18565248259528921
0.05059732832824193
-0.8399658910800154
-0.24091062153971077
-0.598721162093125
-0.3331052609229095
0.03253147332996287
0.06368813925984518
-0.573843539878494
-0.02761509117311345
-0.46192332304800354
0.38408189696431294
0.4302602200046006
-0.9535065996581236
0.006264682374213626
-0.07110000011160089
0.9945252459923002
0.9098679004689141
0.12729572173628734
0.8795569940139514
0.0917727548936964
-0.29969732377067704
-0.5441872882761938
-0.9735195761190583
-0.5410844031268067
0.40785824985140806
-0.924231689467484
0.8659273897577064
-0.5194517670887968
-0.6103904650932608
-0.8994736604977935
0.8135845027090127
0.45943668700034035
-0.42771153618320445
0.692736351326291
0.7238937231536702
0.9789762579802284
0.3351867033280893
-0.7779803483103498
-0.943363329723363
0.9800541313807403
0.22974404171178864
-0.32272400992730876
-0.08687800563383252
0.5728643688304873
0.27753862655718464
-0.6491072728229415
0.9890352466944115
-0.04158036129257381
-0.7465837137338456
-0.10499577754913947
0.47614448167020895
0.7353034305900281
0.23140151324443492
0.8129398897636446
-0.05576082330525067
-0.03935915613919816
-0.9867405477244022
0.4326284427489204
-0.3310492710622901
0.22523702932900513
0.4130349730249545
0.5878245272381741
0.06800249331256425
0.5381137434863423
-0.1217921485383715
0.5255656734649883
0.6527237481670447
0.7319271958294964
-0.3556812482798015
-0.3693888267338694
0.4108367342906811
-0.6364182657193311
0.936312759073046
0.985886682256329
-0.3366433710801746
-0.9914910909855259
0.7492032198733598
-0.2470025316508908
-0.41542257200552624
0.45996989297741964
0.9188652415424434
-0.8715365433470428
-0.09262488350900955
0.17854328491652405
0.0031650887319174537
-0.9119804082353573
0.5277875594281265
-0.4878358211604008
0.8667069900912736
0.03278872399155164
0.08297256022166932
0.11609233047719503
0.5387657844490434
0.36722128255269837
0.9667017964875284
0.4229373490884858
-0.532115963455698
0.504153112045115
-0.5818418172740154
-0.3579229144977678
-0.9067006777251068
-0.5299602850418785
-0.49776684491729917
-0.7103495357138905
0.8710978211459599
0.4186838317924595
-0.6902085978960693
0.7752208599013892
-0.993029458999297
0.03016486795695217
0.44080530656462047
0.2818281085851331
-0.5850325163793431
-0.9129441482549143
-0.08239901189050536
0.09132912723223896
-0.3212679854894591
0.40715842085282894
-0.9621314586645144
0.5224181336329077
-0.15971940903749315
0.44535361131077034
0.3986287865696536
-0.6142634172933683
0.9070929097574245
0.896718946941675
0.27463423245427143
0.8963237136326918
-0.8578856022776347
-0.7128726633745242
-0.20475232263935905
0.8757408421303186
-0.6019666467337144
-0.6013197357766384
0.733396402024127
0.11712504400081292
-0.97852150378681
0.595083356182385
-0.10474049405976982
-0.929837236948053
0.21381061419208702
-0.12706267009977812
0.20008505233588503
-0.596596440021657
-0.34651756664611666
0.8080741487467933
-0.10996218404845925
0.1603204156797553
-0.7192055160706845
-0.5062531380794093
0.9693379944635743
0.7711594533829558
-0.47550935084847556
0.9096414818860363
-0.93969501510456
0.8892992098424441
0.8872725904818508
-0.28808321894617284
-0.042356117695781625
0.7802684099963655
0.22061005118652055
0.8814380296357633
-0.6167421943253064
-0.8896224742757664
0.1266456052982401
-0.05914406935544769
-0.4605999141078039
-0.29464211796987416
0.603215466511978
-0.33439132589987697
0.5276173197067
-0.2710687522400488
0.5908152552476742
-0.9872564913897965
-0.3387241098696758
-0.05476832448279767
0.7701058991175023
0.030665623162587474
0.23995861158553833
-0.5783441576370207
-0.6622636096648615
0.7972870246133203
-0.983078500512669
-0.22468702574919397
-0.3524229208373677
0.5972961630048428
0.1235031361795953
-0.1208694074375547
-0.8869234484279549
-0.9401108033232681
-0.9301095109130155
-0.5800406808251763
-0.04721123058511756
-0.4889263817605325
-0.7485838376722553
0.02294269007971006
0.5452046464604805
-0.01268233098565097
-0.7467197228713514
0.4921847206209051
0.2219281846170924
-0.9386611261594573
-0.9777274159296021
-0.3836530621081484
-0.026158884454495324
-0.9915706889560694
0.7036926164800892
0.9035918323868843
0.30611518635470114
-0.39899150833047914
-0.9315382401213235
0.10729548786735199
-0.9734022462334353
0.3963686198645313
-0.9042399467881825
-0.8390350858773907
0.7968848583479435
0.3023010840858762
-0.6654651883409701
0.7793792331280596
0.8061158083769036
0.3810365156025348
-0.22051799806551897
-0.9267300030344061
-0.5666906186364833
-0.19748754711894212
-0.697818844285951
0.5455379041809301
-0.3577365156446324
0.46285089997613715
-0.6405374641862052
0.7090678323502941
0.2840109436596612
-0.7116100643427972
-0.6400536000242243
-0.6367175514369243
0.14206782714017008
-0.010340379236729147
-0.35336663126570356
0.2093347429031276
-0.2948249656434354
-0.7270276932281807
0.2515913101162417
0.5228486536448247
0.7499945329293627
0.6080811242659718
0.6568387606763619
-0.10687009631534483
-0.801845706274676
-0.879909970249853
-0.16750913772895726
-0.3712590390302226
0.25207196954993494
0.08321265410806267
-0.40985002660357606
-0.9093894875555373
0.5602236762814401
0.25220177230624774
0.20668120384409616
-0.7315451241766742
0.3900150221521115
0.3557957509381495
0.26225259472815177
-0.13792012132163145
0.6157358688740404
0.805023154518858
0.11775405435586728
0.5674591759773369
0.7777939859862284
0.5775471668142198
0.9164111895933413
0.857852320042761
-0.3731085688746796
0.9505763989807754
-0.831221282379929
0.863860948338439
-0.006178586057680402
0.082239515358566
0.5774034514109774
0.5545751950625386
-0.9168414770731566
-0.9994351037052249
0.8038458721364516
-0.43580058213962936
-0.9674215656802219
0.8686030879451097
0.8969254018634418
-0.18937897444724383
-0.2653397522931378
0.49062355048409567
0.6006105506691544
-0.15089573754336927
0.02013661156317803
0.9787756375887353
-0.8784490222483752
0.1608392383982431
0.18964505288960876
0.8109252057803777
0.4801000729322782
-0.5703987114308127
0.660042858978725
0.2611678176220589
0.45256202657555766
0.860383268661802
-0.5512099767870013
0.683301716582529
-0.9340758726212959
0.37893434191000197
0.4939932180019311
-0.5865102993493405
0.07883831162214627
-0.14038134274340397
0.7870790442084301
0.07950721424178431
-0.5897435367283725
-0.8210357489631881
0.7909164874273442
0.5405605728289256
-0.6758208658500438
-0.2902359430373045
0.00949878401130233
