0.449104304883601
0.3625154197179383
-0.19209283898467744
0.6061770582580213
-0.6928273128375004
-0.405635332892198
-0.07208538665134245
-0.5632569633536706
0.04025973214792433
-0.3911750346926399
0.3058534802294095
-0.20872949795685924
-0.7366680933529843
0.7310047436814666
0.6181891258049619
0.9883552304168643
-0.6793601260676136
0.14275260580765448
0.23927336736864824
-0.9764628975980603
0.3431719277450278
-0.4922561503611258
0.21087026346823912
-0.5702943547174122
-0.33490460073056694
-0.6123586867574726
-0.837538388880444
0.5756925696940134
-0.41156176304111125
0.9175939945246392
0.14976315085744352
-0.10966189250766667
-0.7121517780512538
0.39690370108790485
0.883367764617123
-0.08176157865710865
0.1881093601267001
-0.7358511250008286
0.11976644307921647
0.12498317942708415
0.7303370794040251
-0.2730356716509399
0.7013864976334143
-0.044509172983097534
-0.6452228824294606
0.009685705816353751
-0.1376886566807023
0.39714177054759703
0.36200469132602753
0.3584614031609912
-0.5752741753062491
0.6006808422805896
0.7096700612018976
0.13415204010605342
-0.5832176260479374
-0.1728440292796869
-0.9968895747999393
0.9985037454154397
-0.9437748273604589
0.6253544940666376
-0.522360078228141
-0.9720659246014562
0.004195324783085486
-0.08164255638430595
-0.7602951741958057
0.8607747838379243
-0.9018697479680737
0.48288800066007886
0.491704559260558
0.9260411661722401
0.28612941869740327
-0.9517453543404555
-0.09440403766193595
0.11292330794304761
0.233698277038354
0.7237074032072541
-0.6319405760984342
-0.8083365098893576
-0.07280707204962367
0.16777322185191967
0.6208769512049377
0.2421649352647406
-0.4846211431896408
0.2191417125465882
0.0009520087193553017
0.30548910026228526
0.5504850611354599
-0.477414550303922
0.9223632547568055
-0.9291211065022897
-0.8255751382746328
0.7525758444402775
0.05978909193769266
-0.585318494111968
-0.18804478956187842
0.6512614022549288
0.5844135018955523
0.6680867869434124
0.09520575205431547
0.9174612943044145
0.0036697582652169825
0.979200111566922
0.7560000713013599
0.9998988707588821
0.9970867610587115
0.6145250066124637
0.357738326275979
-0.21430873156148866
0.3456279713684156
-0.6236967489393666
0.8704071437733538
0.36626403353485526
-0.008845169682739629
0.1801057577575167
-0.685810507978555
-0.06975887442280349
-0.17928449225558296
-0.02588329426245828
-0.3924125765386337
0.7618094234742852
0.590140419966849
-0.14717259947452255
0.89399292365943
0.8930076690828108
0.9383937829395945
-0.512729345731185
0.4239756581449323
-0.5731085587267317
0.030088631121367282
-0.3538695800230862
0.3231746029987099
0.7022765329194003
-0.25056723800051417
0.8525290293449339
0.8777794561417249
0.2848972793027331
-0.02635416819198988
0.7408320279353835
0.9974544637026477
0.36995475106635345
0.08883246793714927
0.9399735706960219
-0.7959215793580279
-0.8931794001579816
-0.26509927829399427
-0.4686427373502897
0.07833469685037397
0.9214532060445324
0.6383986513952284
-0.4306330680086752
0.12741056817522645
0.701238065478484
0.09967770858331781
0.11505781827308614
0.895732342306961
0.3482319248235535
-0.3874877025407797
0.7249882099861615
-0.35078251037458164
0.06995209856649742
-0.39451250098358925
0.9998044551947487
-0.7459697537957239
0.8585792822491976
-0.5654592580621947
0.006510501305573513
0.04219282766318688
0.6426375343798794
-0.5158655445386342
0.2205853131344353
-0.5421149853008191
-0.6344879493333009
-0.7425816110424455
-0.05261179947500305
-0.8236392987904981
0.16325359817295482
-0.5997038798134746
0.8080175847762037
-0.5758548531710284
-0.3865894832097614
-0.7207064943604842
-0.20952306427122824
-0.3525413029511746
0.8539509666647183
-0.47688618266997684
-0.2357061276402188
-0.5119528924634758
-0.5517474113954239
0.5291140175379725
-0.17395229896574604
0.2889881464379902
-0.057923093050363805
-0.4276006927857885
-0.9546266861564778
-0.3002919326670703
-0.9556371684334339
0.9714757631133921
0.4916099536276721
0.04517030512611897
0.5038539940644857
0.767769051772458
-0.7762805302581799
-0.9125757070938534
0.4429112598926539
0.5023774510273731
-0.46178764103294534
-0.8852075935960431
0.7229698158426183
-0.7546058197736092
0.3994252245780685
0.1326518052177843
0.7458332046823908
0.22946970637882513
-0.008933146603682163
-0.17572308964089123
0.4460323733259457
0.24272552285073767
-0.4774867232976532
-0.8179129747533702
0.001835185564021069
-0.136313712631692
0.8884938921316581
0.07472191428311215
-0.3082072895120387
-0.5372223318768099
0.9378239197823657
-0.7218835314030085
0.6231698546724702
-0.35481680562584095
-0.10400929163303596
0.5494234632075594
-0.2460649347027304
-0.2546250660579883
0.9913437908789613
-0.44702296416681353
0.8423187528912421
0.3792297763677568
0.6130338697526823
0.9168873991797546
-0.51494545281208
-0.5158705279373923
0.4633805591645692
0.9416770580580036
-0.35678525193082855
0.585734833450432
-0.034520774320085046
-0.10355252009739147
-0.6429941997288002
-0.42905924363350745
0.2849677497129566
0.22591706079424712
0.9361298699856935
-0.4701566713304146
0.2253173986662682
0.5616253880811
-0.8408280541517925
0.7339115129753941
-0.11746122113248347
0.7321146365659559
0.8861323017217035
0.016732943880224616
0.592791392711554
-0.9728968151262325
-0.7102621658321391
0.9892911289398145
0.8118769189425112
0.224247093875936
-0.0903737976774861
0.7220079354009299
0.06224096290480863
0.9383697152686887
-0.020542648092674032
-0.4701205114802527
-0.0983591433289368
-0.9078638677944071
-0.475512484490602
0.8014312020894594
0.9823279189791663
-0.9199838773587019
-0.668072749715366
-0.031609649594432465
0.24238640940417322
0.0024756589796488537
0.6817247246709734
-0.41470123107585954
0.5662895112145356
0.534455500630199
-0.19789993492968638
0.374618948072025
-0.16908071026542926
-0.15831759575384008
-0.06129463163876703
-0.18724144135073595
-0.7290519858287285
-0.37178418126083024
0.1734251487117322
-0.4141474255300579
-0.38133931502589524
0.1399053791624303
-0.46119024619930316
0.12064288596878758
-0.6664794997600658
-0.08835945279459656
0.12189603306702956
-0.7065559257364529
0.6287603165648852
-0.4777805925704832
0.6788574164042618
0.2919993954475386
0.6593248937707392
-0.29014063799418066
0.15694623795622809
0.7864130598443513
-0.25312003937283056
0.25098154545443285
0.14283453702069782
-0.8470977065164504
-0.5660360714182688
0.7284938506622483
-0.3534390260193012
-0.07504746503247195
0.4459690835734895
-0.8252321432801746
0.20302039910551506
-0.9803826967799865
0.7339573223920766
0.17576525450702674
0.14253905080442708
-0.046840287612159415
0.8233556242065194
0.25942473506318353
0.32532619467566226
0.1138363086286398
0.22232004642428427
0.6511178561915703
0.4743778675947379
-0.7834833357028683
0.436638923425823
0.8239026797147768
0.29728231399185234
-0.37180585804016864
0.8391625118234014
0.5351048781669756
0.836950903238556
0.14173542993752752
-0.6854929824701621
0.5310430454875688
0.3687886584872311
0.03147729867886073
-0.1938411906399149
-0.20428851872320797
-0.7345307809562895
-0.0888779115545435
0.7115250681877985
-0.6700276134737901
0.21934143105455028
0.6940348780449801
0.9117760648822046
0.9196752499567238
0.049975750265313756
0.9320121973580988
0.4496446571479875
-0.05595726867391759
0.07558187321579957
0.6605149951992502
-0.056409122101603426
-0.13434237765689416
0.5857674708774385
0.577043823583905
0.26799430862305096
-0.11833635200073811
0.6252882671084952
-0.3864791166966617
-0.8709537093672575
-0.048299725666829385
-0.6479104602032475
-0.8226786707478679
-0.5382699877332737
-0.4563381352307472
0.888090327300521
-0.8117826282406411
0.05268983079642653
-0.8528139353845665
0.47788775354586743
0.510806954119486
-0.5484190838599563
-0.47261219688383505
0.6558824875025966
-0.8889199842667328
0.6930098681571162
0.28328346466127496
-0.9433717761243141
0.8932487485452552
0.9163746271345943
-0.038183006395014374
0.2840080334773043
-0.6440740911980958
0.2701077909388996
0.47547930291169305
-0.9245054780421682
-0.786373495772738
-0.853672407963725
0.37937071660443533
0.29027676911607836
0.87794519532322
0.4050984461349265
-0.3106188421720104
-0.7629574168204583
0.18718430700382127
-0.5471762177106123
-0.20914048397208984
-0.4915719569926871
0.6694060614370896
-0.09870205625170625
0.6651241080534551
-0.8450152168645115
0.31298558893306017
0.14327741031869157
-0.8727711848263002
-0.22454601079271863
0.5373562059982637
-0.6921771724972978
-0.5204697354326746
0.716823568146649
-0.39189967447904994
-0.04450395594782708
0.10543518771951677
-0.6936389058472101
-0.6199032664207305
-0.05063573614104411
0.49784012081263773
-0.9375842554862546
0.6679674492742382
-0.19239638494374178
-0.34059589547676894
-0.16344622876723824
0.07190453878973568
0.21723480254118277
0.1950404937329293
0.042417961913045144
-0.9760694604632705
-0.602974443710143
-0.5632207812633827
-0.2120267516674086
0.5296056017941135
-0.17479625214381755
-0.9129838835645334
-0.5255299202653563
-0.011903754071338923
-0.22241960685941353
0.4200519755749379
-0.23152838458715608
-0.6147706957368302
-0.24090529942176309
-0.7664991379722572
-0.33966566002175314
-0.4064849479366104
0.8612729201794815
-0.6845653745978957
0.14346503934925425
0.842377489218262
-0.5397717221878049
0.48535069732004055
-0.5185129126496542
-0.7685403458516813
-0.020071646914735952
-0.5718544805918284
0.6976999932938113
0.9403408963584332
0.22683790608478716
0.8460381040051648
0.29790897760852664
-0.34360037501222873
0.10288502836673241
0.4219690377545342
-0.40458944603986224
0.7829029521103099
0.7409377695168169
-0.8947640537702648
-0.9863808556443328
0.5749992440406275
-0.3509041912220914
0.003933429752534634
-0.5967459037752725
-0.28875666160358926
0.5562490119432757
-0.24182095821733918
0.20407342561644493
-0.8235472756372204
-0.15086820172012638
-0.7976103226593594
0.718018049602061
-0.23224964508675638
0.479659755285448
0.4175236957195527
-0.8691863124465122
-0.4242583549216914
0.6771423953793729
0.20959326985075566
-0.7039698132167094
0.7516634204288994
-0.21351974691021147
-0.9131798071950392
-0.5958240823863516
0.7203475055749684
-0.8426005173575777
0.3847155180059487
0.7716392610413041
0.638348645780709
-0.8570832026689608
0.6047564667159426
0.3176117448676463
-0.20677574964631962
-0.930121456077204
-0.5769699282517522
-0.09125693661082956
-0.4744224076172012
0.87005894922162
0.6181599101132365
-0.6200379908195277
0.16385896195920324
-0.7564735556485598
0.006939576670238923
-0.0766038839593588
-0.66170883765054
-0.4920977549094414
0.731122512825013
0.5677338645429924
0.5882368811696834
0.14820945145473519
-0.8563515883474535
0.047479011791054404
0.9336408930823517
0.36825875201134384
-0.7573929388924054
0.1186302472210774
0.7461130552184925
-0.22301765062808188
-0.8265947544278949
0.4582880734350103
-0.9249498214746883
-0.4471503310863374
0.17625102619212618
-0.013796353528902072
-0.8303695647240865
0.8483397963263797
0.4016498971124203
-0.7107406893238888
0.926080564433414
0.23912805150482064
0.803909876785375
-0.8446718963420305
-0.30858193891696395
-0.5937883468984178
0.9183432537197211
-0.6221374975135776
0.8370944738105426
-0.8111818183450867
0.7373156146076099
0.8460206187740282
-0.6130606356102444
-0.21656536808163374
-0.7714442600141007
0.13545512397966397
0.06573697858762428
-0.3653185291280765
0.03240317408535609
0.47383532402722395
-0.39029958429068623
-0.4641941831853038
-0.5982010477858399
-0.14004220591844074
0.30902405302101355
0.5587445511711147
-0.9053223034875917
0.5542969119409153
-0.8005808897814011
0.9287117393734938
-0.8780511165634826
-0.8390780649824041
-0.03728495355405781
-0.4656962808427185
0.10531793477511076
0.3002096997847883
-0.8792662397227156
-0.3587528183454649
-0.9666426619015698
0.7797909070763966
0.8957666599872363
-0.49335616354855194
-0.3756013103113436
0.722669572841611
0.6036170151531435
0.4380621202261368
-0.5362353532850592
-0.33304445670159355
0.995754135178212
0.2720762485600361
-0.24891559271184827
0.08584585581321891
0.24134281551094916
0.9603644832256286
-0.3790434733563568
-0.7225781839326946
-0.5774349877681775
-0.9862092360015013
-0.5250885064975201
0.0410228771114749
-0.3973624318174558
0.6988281701978236
-0.9693665274813636
-0.08422876090197273
-0.10276058531508836
-0.42243860927875065
0.9163408611818307
-0.15082478712946856
0.22177394542066753
-0.6064423623732123
0.28058030969480674
0.7761802995284868
-0.9689172300506528
-0.5789898527874484
-0.7623349400827937
0.9096312445250718
0.16996332576344497
-0.20440478548878582
0.032758478923095025
-0.6686060746397633
-0.5655641150722788
-0.545847474795355
0.149310959009763
-0.6387180423376251
-0.964223465462507
-0.9944020728405101
-0.5444436680392202
0.5277199151363452
0.5305931560746191
0.5038909902751996
0.012710681418051761
-0.37872954996957664
-0.046650102908637914
0.9142883604049028
0.31236070669998517
0.23692856202602575
-0.10391491491655902
-0.3462079391962296
-0.4446595830657254
-0.7282321276125872
0.6007777636684648
-0.5726601053612415
0.09002180356039524
-0.611271179243273
0.681006242798115
-0.49702894848358437
0.7553182425844764
0.363408103135886
-0.40570181710764763
0.9718380939794957
0.9145505321006868
0.26720557990876537
-0.6504399945606969
0.8515279348587723
0.5468929124807131
0.042276882425737794
0.3743386731502003
-0.5670564996190861
-0.6065480210441132
-0.6692601792252555
0.3912695549798717
-0.20317111849381764
-0.5548404949687216
0.16390284643312847
-0.6348998723978292
-0.3306784227195796
0.44712945404326443
0.7312249033837783
-0.25012229422534094
-0.5055542510643813
-0.8407657007709213
0.684887699373238
0.018259287390267387
0.11636351647112919
0.4251570258070443
-0.8412529967378379
-0.6400038816003428
-0.6694352213913257
-0.10303156403747193
0.39960270454740754
0.318309342702378
-0.10810863863081255
0.262792186505709
0.4839424754355415
0.4695067608615455
0.6284915369046011
-0.12943882453383093
0.06238222622901368
0.5514713947535779
0.4828345791269977
0.5692797449833376
0.8743967943715572
0.8045603226631581
-0.8005375130437318
-0.2117994165786643
0.48446706418663044
0.09927632233273731
0.4830658032957247
-0.2567694640495284
-0.9150852114659371
-0.5019907534102153
0.3240582341808489
0.39131713651548283
-0.6458694900406468
-0.6986786257897291
-0.9986899085088694
0.613551808451025
-0.6203197400823302
0.7615632279265292
0.5527508505555268
-0.5920995459093195
0.2686871308117009
0.733505932132086
0.9108061347708873
-0.9566920579228844
-0.4706604941203869
-0.5830618302105772
0.58916634367232
0.42048860161666113
0.2549042648440616
0.0324604092897296
0.4663032730974106
-0.7708847968720625
0.3477915982049722
-0.9010081842015252
0.634975906875981
0.8438100038891523
-0.22525715306682792
0.822198733915116
0.21058346283786888
0.1400543300995638
-0.6450324587005902
0.42848240745079513
0.500037332736128
0.04118046568869205
-0.388058804890659
0.6831374771732495
0.5734186261598979
-0.5279529702425438
0.6110623712403049
0.24705584080920118
-0.0898623069192166
-0.455959813988176
-0.3853258277445364
0.48123538318402037
0.6934918890571282
0.6717540277323275
0.75461744492805
-0.5759800946876767
-0.2662571555686821
-0.19878876252912736
0.3112655170082772
-0.7426370006853613
-0.9509192726483293
0.10506258846152505
0.44957193058847467
-0.1566420192609117
0.5611808176943809
0.3062876738105105
0.2380406371321766
0.08101777284294664
0.47136030219225766
-0.8796617725451799
-0.43506181368512586
0.7311622691173447
0.9595380609257962
-0.20498838275809583
-0.5750753687252455
-0.7561183528016102
-0.568559323771656
0.7651753455520367
-0.6728205338007267
0.5814622896329313
-0.6253646369666233
-0.04648306056003637
-0.4777386194156614
-0.07114906827660983
0.21949306254930367
-0.7124491297080677
0.369243343580965
-0.9948160565561406
0.5027632032047764
-0.6629145617390093
-0.9047786235287891
-0.5611527834467736
-0.5513303516261325
0.5160791916587424
-0.03159466809874556
-0.8513535847091138
0.7154290905412737
0.9391476884083692
0.4994411566009085
0.19143610375018372
0.2423873011319111
0.6934248418413067
0.3118215576796346
-0.5833078841874937
-0.14068952763020937
-0.3880504697514975
0.12479537337928748
0.5046886814364469
-0.07175700162242449
0.09130368983679915
0.25513560774970756
0.6592085593474686
-0.923677913272178
0.5483021221440145
0.8067919737262295
-0.13724477541026792
-0.6937772489258269
-0.17339507000855714
0.9461326410870536
0.6935475001950764
-0.5825511588738876
-0.07622240507810485
0.5067854994122913
-0.48069309590681275
-0.8021351652365252
0.5346725520610061
-0.6116530617389082
0.1402276522175394
-0.8482383600505692
0.6396624808953704
0.7710869798408706
-0.9760298467232369
-0.3286032296108028
-0.5001433352667997
0.03672908054209567
-0.33327146348524805
-0.46498960408648093
0.46452115440956865
0.12573755038622014
0.6413442269065817
0.4420027279497627
-0.5537988399858722
0.3248674866968617
0.16203073452600747
0.24876672811639167
0.6027562598353591
-0.43829277913609377
0.40901076627191446
-0.6466114042333793
-0.284242962420864
0.8171388652017448
-0.9459241010477664
0.10068018709753579
-0.12167679641129947
-0.6114421241480363
-0.7118387972399101
-0.6352671300780817
-0.5067163885943446
-0.167268543744441
0.7770451957843707
-0.2864430045559203
-0.9042893564623391
0.6539412711852721
-0.669430641047204
-0.6875513532450177
-0.5697877230101616
0.31136040433070633
-0.09878628234251052
-0.7982954259847914
-0.868260802288809
-0.43032630788016335
0.5555992366027882
-0.4847535799055209
-0.13251910163686387
-0.7317944220415509
-0.08054119477996191
-0.8740312327763222
-0.3830055052463006
-0.2735702919288152
-0.2515229197268207
0.641767614746954
-0.51606006352235
0.9989499355533893
-0.9776641929743992
-0.3620977606899065
-0.8465354673843717
0.3683789976219647
0.1275465348631537
-0.885170049044826
-0.8577562981231621
0.1421341759859771
-0.13134471415573512
-0.3454913400213204
0.5494430760139752
-0.7897451610160113
0.9180339429110687
-0.17713243459483552
0.8442341559326456
-0.721952132407333
-0.044654846384156954
0.2726102226738705
0.5605225023604581
0.22585532480381953
0.8081653128855877
0.9091846362935554
-0.8977543721932686
-0.2994720870645886
-0.24617498913401437
-0.5188004926255922
0.58364510419575
0.3863786496318835
-0.19621229396540696
-0.6157137535622998
-0.5542205116262484
0.2576926418723915
-0.6117332718764694
0.7271861591308451
0.41996438511603196
0.7904834859290408
0.4629338949272679
-0.2994986345467303
-0.37036494138751186
0.4116992980983072
0.6564777176510026
-0.32621341783739943
0.44354925392347044
0.16707541647409108
0.9916723358412194
-0.46257730611730685
0.8168938122982177
0.22199411699832905
0.9648326272067287
0.06648930131042885
-0.5727814716606761
0.1144623803782101
-0.5895167853755452
0.970471567848884
0.03160475592850087
0.6783153812559086
0.36748796356845426
-0.7100843962450203
-0.826426915407571
-0.024720981195181402
-0.019161963642929214
-0.7249409851844653
-0.5571041034605115
-0.1502524093611466
0.15507885960671786
-0.8327913017842168
-0.9810908694201486
-0.40078302965296264
0.08193693298180538
-0.9162338680539626
0.18881038133163242
-0.5767718946450577
0.6384020571241167
-0.5110227311642885
0.529309360666272
0.6639939933242585
-0.5359507472501417
-0.7533375360985388
0.0008599763730812171
0.49674133939788234
0.2915906705958027
0.1261293697379544
-0.15921496350794673
0.5968399362535921
0.09481215301653778
0.242987802265471
-0.828419377268043
0.1276478892741948
-0.6368671720979016
-0.05282619303147329
-0.05242062395607183
0.11732135141427613
-0.2129092032978901
0.49027473800866606
0.09305926666310227
0.22142904130001728
-0.9920808026407506
-0.634910293453987
-0.39409525589517425
0.17967683520170596
0.5080208803227759
0.049733224095082074
0.8510587881337328
-0.32912483002792414
0.14326627954589743
-0.05642216057626115
0.5034180602952305
-0.8995361077865061
-0.8650504599236561
0.896957001155009
-0.6272055240883492
0.04304147520722634
-0.6360620857784627
-0.68805235242444
0.9921204618501982
-0.9754466329234792
0.658702742078048
0.5608887131347353
-0.8546585216489664
-0.07392466497273675
0.18213639942815218
-0.2763029006250304
-0.26698689898800887
0.8052475072775893
-0.5773460522951148
0.5909540640743258
-0.20654028360457288
0.10619586288062499
-0.9259394841289645
0.2993433980838358
0.190611467485307
-0.35395111020371584
-0.3505548945699253
-0.6090646713731
0.2472563603999287
-0.6247228952107908
0.9617466329907365
0.45237757384642885
0.7551873081962783
0.719692602376033
0.4429707279566393
-0.03598614981164627
0.07593000847626707
0.43843421613574596
-0.4607400548928211
-0.729813256346795
-0.2204993521236016
-0.5046822821676153
0.17851546133650897
0.4117546043323277
-0.7884228319289313
0.4981502460010441
0.650565680973803
-0.159047606997204
-0.8288640006213988
-0.4658456542653979
-0.48574533857958935
-0.43846962895982267
0.5223205009450667
-0.23580862341301634
0.04325158856310152
-0.33278215173948444
0.6477571285420711
0.32830645811510695
0.024090787933904956
0.24630189120965817
-0.6034678504503357
0.4047092285207805
0.6163981978629396
-0.6948976948171557
-0.060194634050827034
0.010523989159001657
-0.39829203340354846
0.8745422068399842
-0.13324602295159704
0.638185291149193
0.20743210172198556
-0.7745124192010635
-0.8846347719883352
0.8123160772837039
0.18008069526573567
0.8824512590806746
-0.3690078800420562
0.8324608961719278
0.5468241844216319
-0.6072673606462393
-0.5242341233585328
-0.893824450865685
-0.49941724136481436
-0.6950251216890031
-0.17844083424702806
-0.14462802949555753
-0.1801877964850087
0.011156838209198217
0.16357294483761975
0.6419858298137451
0.25017897728660543
0.018388914729974726
-0.8768961144383178
0.004578770846332514
-0.18401593365939273
-0.9287991428718123
0.9534243621047387
0.9649315809630266
-0.139576727489928
0.4240954379840449
-0.8313929849855433
0.38650462874662384
-0.33701748758248895
0.4978856074383895
0.7059818444150487
0.3174131460965792
0.3393821301432256
-0.10913599351982861
0.0888951170618617
0.11226298293863701
0.2702936492048478
-0.5260064167714431
0.3167416481420573
0.36245767037201104
-0.5380450778748778
0.8671851411100442
-0.10760932592668015
0.03092173088859762
-0.9165012381567894
-0.15313152232030647
0.8630606543196073
0.7393758957522778
0.9097031245890617
0.7164304488487983
-0.8797307982714699
0.8433177861184415
-0.7344978048849391
-0.9242900956508793
-0.798768632525175
-0.3453614371328799
-0.7498603034731781
-0.998070820077934
-0.8745609994802244
-0.48244066069039926
-0.7314919412577496
0.054662938394477445
0.45490958729405917
-0.8176070979366781
0.6246591766678113
0.8325256427708829
-0.23701518195911375
0.5678302961634498
0.8047558201876523
-0.25697183773697785
0.9267775299778029
0.8996484645791345
0.14303279910516764
0.4620916076293837
0.07788667057555299
0.9319286891444671
0.8231026419125969
-0.658717615509689
0.5700745898839201
-0.14428277869700912
0.8717592948132569
-0.27255737386231127
0.8922087609242977
-0.8172216367438465
-0.40880017251782386
0.29458738585356836
-0.1357181001690706
0.11222493198206163
-0.22297561350123618
0.2994679548550041
0.8212453501062518
-0.8828490980777797
-0.6851723811843067
-0.5007740254843196
0.1298780801756334
0.3593532227662626
0.8240093581081449
0.7553176624855553
0.412273680323225
-0.10043638533723387
0.6758605332144036
-0.7626982162951634
0.7165210929783652
0.8015626794320876
-0.3030424192923047
0.05300171812599941
0.6492396567243839
0.8887210877743041
0.8804594076349153
-0.7228186135105679
0.003756285750145638
-0.4584743826423061
0.7848289398521453
-0.9709210614980845
-0.746184844563702
0.27526868034512586
-0.41016915355854366
0.4835193641904829
-0.4868129167630466
0.26186761713886897
-0.6175878763601836
-0.8658119168185097
0.5726925783217869
0.3539998680697647
0.5651787739998695
0.9707890678225497
0.8930775062990053
-0.9768207823359885
-0.38197703475409117
0.008572277003050965
-0.7428214854600432
-0.593370801106132
0.2301290884103806
0.7634168982393033
-0.2071774633851282
-0.7079278869616716
0.14333406364351742
-0.7937607861895128
0.016500633065966053
0.7959088055796435
-0.3441646450091287
-0.5435872672435607
0.5908684442163676
-0.1189432899163747
-0.23812682712801303
0.855910501617692
-0.3002447721468331
0.6403227038677239
-0.15903612200261996
0.7734052868492418
-0.9905042029089197
-0.842134648502572
-0.24960622452358217
-0.5150831563255445
0.49577659642734084
-0.7220492278308328
-0.712299923044277
0.1577833603858323
-0.6321816863783689
0.9277868643783966
0.9837504914321746
-0.449192336095662
0.629717319920267
-0.10638215788141525
0.5088765724110871
0.013056062024562332
0.19138446660463337
-0.6383344341062567
-0.026159019843206677
-0.026385324535820986
0.04427266173910649
0.11490029785327405
0.37428405677449783
-0.12190347604307838
-0.4748122796190968
0.7124073863789526
0.19391592821879455
-0.9643599529282851
-0.47423948674419547
-0.4966923151236031
-0.6552646101510833
-0.1433624151342936
-0.7670932574108866
0.13384365432889744
0.5924462345580057
-0.3987783269770242
0.33727668953647183
-0.3685136133184794
-0.6120465120514174
-0.7795382657402805
-0.5329613153608244
-0.5673234142991528
0.47692941701952596
0.5656114873644764
0.8420226603688183
0.34207226682058534
0.8922458387882484
-0.06896889767817549
0.13665354078258285
-0.3136595688482573
0.1643510076254049
-0.5272178979168625
-0.5664718256301653
0.0461655990206542
-0.4850331005431505
0.4827194180666672
-0.2754973443544302
0.6563953093692763
0.9594126832576977
0.7944295991565014
-0.5673328568502356
0.878745164660838
-0.41785645397084714
-0.17638989650895542
-0.5853232799472508
-0.7890026330611222
-0.14808595911624
0.5509982083311258
0.24177991184417036
-0.19309664227020895
-0.6306480930498601
0.14085002645955402
-0.3497499625132563
0.6151550777224246
0.7376049561515792
0.12526768485772233
0.6718862583757248
-0.5478203993864526
0.07106730152822593
-0.3013491221793958
0.3102706188320212
0.8917895064519739
-0.47557760644024194
0.6968601686921276
-0.6958070370230429
0.03772832657328218
0.6135064866287687
-0.9952191474837837
-0.6613273689016168
-0.3884019961384122
-0.6187332417705456
0.960023153464352
0.23331186169810425
0.08731347633818087
-0.19023128931965538
-0.9638173268829555
0.9936935221225824
0.6230708767277005
-0.5677454378824152
0.3701125846060962
-0.42711207296283393
-0.30593160508191586
0.22062297518475282
0.6360827256969053
-0.5754313861547062
-0.08014174054714429
0.577289006164643
-0.2441339133387257
0.16158293106048616
0.5843946112097969
0.9411565103825887
-0.39165073993405186
0.3072576329784549
0.4691847633545687
-0.7541806367324353
0.23471791236408635
0.816805980368257
-0.9084575066581979
0.8593989508837669
0.24080057494385576
0.3268177350849535
0.6626219835403189
0.7528524191718402
-0.22048078989855968
-0.6731209079726712
-0.5286799154079969
0.7348871565913542
-0.5316343998943482
0.3225495211435938
-0.8991839293526498
0.8826269142243692
-0.43145365316852824
0.9179928561090662
-0.5151669430771355
-0.7041456618962256
0.6886960106793985
-0.0718515590381188
0.2348306454186999
-0.6653384170828025
0.5799128254275401
0.1449845332708719
0.7588859029470196
-0.9643725538780286
0.6231353496512602
-0.8472015634243832
-0.27709574525160585
-0.15964326668566287
-0.26695702161680246
-0.39354739023352114
0.25780804513653943
-0.9904658799242434
0.9821546376382491
0.21833517265762348
-0.5219239430748022
0.7527517382390456
-0.8428940462506529
-0.826578932149193
-0.9862876331157615
0.04571249859397031
0.9855468467321546
0.6670855976467627
-0.41115939946459545
0.326182949610373
0.040936368974998416
0.9388010701623446
-0.09636612235617092
0.07079065030243115
-0.8682731635820955
-0.8412741158190384
-0.8678954440249274
-0.18989585287115318
0.11345538226506147
-0.613362788693584
0.06233143877170377
-0.9889003025340217
-0.6482923111990393
0.9917387263844788
0.5235257644325368
-0.6792955584553355
0.5719069788144628
0.7414852310724906
-0.24086552518663717
-0.7798472855722791
0.23516488052573736
0.049596491874626336
-0.7435013325479385
-0.21943039989708546
-0.4383015763435003
-0.3940311890211785
-0.43969835304289995
0.03523813935535958
-0.032557801278605414
-0.7188656617499758
-0.02110456035550512
-0.6885375056708203
-0.20185761026932725
-0.8035730121022511
-0.3334172462366698
0.9171230180881536
-0.4764409218272907
-0.5889761661219268
-0.642204975562161
-0.5560399808629402
0.4944603216504013
-0.5962918695901707
-0.9625906983047097
-0.35170457968182656
0.5851106329026086
-0.910910853252787
-0.21658306844612163
-0.13530862592917536
-0.23477483019844536
0.6618500423053097
0.5943451986318147
-0.3180342960686908
0.32842091406698803
-0.8686931761355048
0.053365515152213217
-0.8046916968646207
0.6745040647855922
0.206466764089849
-0.055911891365556965
0.9738788876217757
-0.7340580915706185
-0.6361817800781644
-0.29147012666948835
0.5529783209916179
-0.6379647505772692
-0.9550302368411521
0.6102545708945875
-0.40213993767642564
0.7997143013232286
0.7915067068264248
0.771320325203424
-0.26045491380166186
-0.4624809747418819
-0.898267720937709
-0.7860374744941327
-0.5395011600343376
-0.7345308940879931
0.4532783089334833
0.5827717764750291
-0.256158009006173
0.6422991940948415
-0.49166877908260176
0.42559645485707853
0.9035062334783188
0.8323669055161522
-0.7734695455715654
0.6134326034536057
0.5104199173062001
-0.4391749174151276
-0.03770429102762107
-0.2854195673024926
-0.47326044387174715
0.27364766016571207
-0.8279145757138962
0.14563485880896843
-0.9645395228172924
0.3605698407290583
0.25772957560092613
0.5501442845696676
-0.09345234741405073
-0.04329107644345975
0.9222393657239845
0.23961787084089625
-0.49939248225161603
-0.9163715975525974
-0.7613114066675559
-0.4645853317995403
0.4205400063100566
0.2945214940106653
-0.3195896496201047
0.5972980113037505
0.10278185126272188
-0.2686634424134109
0.35936795729953075
0.43255669503836414
-0.07231568969245017
0.6956813737065723
0.2407995686119202
0.20586252342694733
0.5203399888552629
-0.752528034485114
-0.25669826585768063
-0.49287130312862293
-0.9956245601630906
0.7549730129349237
-0.04779262446452903
-0.910974484822521
-0.5261895761659365
0.5070629653366729
0.48119018312734463
-0.07928667039817872
0.8859763592062728
0.3355492991878546
-0.705215301707101
-0.6937038079938491
-0.45791435134637326
-0.37756566524724455
0.523742671279483
-0.6869358117723723
0.32708467325951607
0.26680968023429275
-0.36278869752266485
-0.9786126433627989
0.8160976130133146
-0.6001547992954699
0.39249938523372907
0.8373960299736876
0.8400379674913874
-0.7647081965103617
0.19269994079264774
0.4184433742760598
0.19809854023693463
0.003203532737038106
0.947635399645508
-0.8672610911889533
0.30213860509240265
-0.19886910939663038
0.18079017331901737
-0.09901786781058397
-0.4834448410586869
-0.4965166491378852
0.11603069877417349
0.15064406958252197
-0.1504989655384832
-0.7490398993609941
0.2622440265976518
0.5339600874977815
-0.5206572527838438
0.5301147818286549
-0.6302784293587729
-0.14240346744112542
-0.44428944974285023
-0.36072952201420505
-0.2690736293773939
-0.7671446443811132
0.9094620548920491
-0.791427712018917
-0.9669337219062917
-0.2896823942978384
-0.6145426980371385
-0.48990823385187077
-0.5906295482244828
-0.7922105498394458
0.11728255036214419
-0.8339477178342294
-0.9589926119991601
0.44335396670548066
0.3498084109885622
0.583007462503174
0.905026708226677
-0.22667102477887924
-0.97770824708276
0.9565725692742857
-0.749978899490676
0.16977908169829248
-0.9176366354526011
-0.8375827989357014
0.6365165866721589
-0.4819274867236907
-0.49818788051564566
-0.24298183403141604
0.4472470615218591
-0.7392063370180066
-0.07725324814789358
0.5385147010806624
0.7874484795824683
0.8642783913088001
-0.4975365567212411
-0.8376953172289741
-0.27289627614648637
-0.6284189355695653
0.9656732844332017
-0.7283705291296521
-0.869598864859997
0.7889554976321476
-0.3689791673561442
-0.7804252201257824
-0.2744838680289088
0.8364322862709299
0.24983229791010242
-0.7676268546724723
-0.6526378612936847
0.20964543351191134
0.4712194179679732
0.45974083653744824
0.18272190249544273
-0.43868484478157255
-0.794272444115321
-0.5426856001980955
0.6466097327267952
-0.42752432372803084
-0.2120431827475111
0.33262696625235577
0.1970036021567474
0.559347231544463
0.7582971921344883
-0.9466534831954192
-0.5785598538683456
-0.7361098223622824
0.8160546162119504
0.030265022178959544
0.30709644760351806
0.7272820395791579
0.8034318808868854
0.3386694047108383
0.12071554118396266
-0.7200551727353561
-0.6418654929533851
-0.2034772210018294
0.09470913128025549
-0.5196381994174961
-0.03953622348259178
0.10425613880946094
0.02870281595339197
-0.9453670601767288
0.3271336649517762
-0.8828915130435524
-0.777150216416383
0.4274382536943555
-0.4011034817806023
0.38659168889844664
-0.024193387939936528
-0.6768193924259052
0.8137835913997542
0.5732670802584856
-0.3910708290122793
0.9234054201951407
-0.1998850105758767
0.38474847862282124
-0.2380218864230852
-0.09950921135947421
0.5030232851333123
-0.16003307595161576
0.11749286522215763
-0.13571294766071973
0.7089257994376621
-0.7331309197269256
-0.5202619154845551
-0.20774004256128786
0.0528463604086582
0.6351773784947101
-0.9432514554569298
0.5528140101684538
-0.3532713376209755
0.8742130221686473
0.27196535489121265
0.4846985653357323
0.3179709397425292
0.590339045719042
-0.015464732997072517
-0.41730119549749234
-0.11582398816051653
0.2282503246244627
-0.4688547358373665
0.06027392943890453
0.2781583869031541
-0.9587314861683076
-0.21061662031869188
-0.7491939227618643
-0.7750006857886151
0.9530827287702757
0.4806834731008651
-0.3560942152163262
0.6139902923987646
-0.8080581670474161
0.34662773799181457
-0.15353752208054572
-0.27999573897814045
-0.4952964610510211
0.9024998075015902
0.9997023956942255
0.11717776803205515
0.0652348470675943
0.8141774740124725
0.4836160937295815
0.6581240295310389
0.7786038577990408
0.33689717044060163
-0.9842157894657086
-0.9531750612054692
-0.29067870864126255
-0.44185736130633857
-0.7769675376857639
-0.5978863053424579
0.42468159162772134
-0.23723816489820293
-0.45029765926434573
0.5541304220369392
-0.7105355458739484
-0.1325620450004683
-0.37294386635203614
0.08557647861813855
0.34469723261167373
0.0054440700064539715
-0.6713650015275521
0.9359924028282443
-0.9884765031514571
0.4483763927404878
-0.4809220780306709
0.47886400408264973
-0.5381508363715897
-0.4439056201538627
0.8279962772157219
-0.1322777944487703
-0.06425163522769983
0.7408025961060727
0.9161447425604832
-0.7591540648877357
0.18287865417047988
-0.38855404586263553
-0.8758839204375
0.14317461507309392
-0.7195195883402317
-0.4817987175509466
0.7593298390453749
-0.5359188636481091
-0.9414447024801667
0.18424881021842054
0.48862095737063105
-0.07190388575163231
0.8497316245789517
-0.9683060714179996
-0.7052392050374041
0.97595898720708
0.48002970988187776
0.847514717052106
-0.3954248587973348
0.6594621680511916
-0.196559686456226
0.31036871476269834
0.8613862464735142
0.6517958470839582
-0.9232369568546825
-0.7492580172929955
0.1897559704712648
0.6234129283498777
0.27741957651480664
0.5129159806801851
-0.34499561470056417
0.9919297890766428
-0.6760238677807564
0.1311973498669945
0.10434145664379701
-0.7383116213765128
0.1961196189093799
0.513733898622329
0.7979926552045076
-0.6750190077037554
-0.5285041869482301
0.6744695895596615
0.5027207469964505
-0.28973890873332975
-0.287524303018865
0.08535036057706646
-0.3771590606463231
0.6427780649219852
0.6841761367594146
-0.9119826944453246
-0.966814534793843
0.8851648055069965
-0.03155398591626657
-0.500686465130237
0.9757878530292201
0.41470334598543745
-0.6934907539122872
0.37082042121301795
0.5815922316176465
0.37552836902988207
-0.5801454365030498
0.10656140646697176
-0.6843477627526273
0.18292194212631752
-0.1666070756080762
0.16847204180617448
0.127509098801456
-0.8552645566874437
0.9982799442210659
0.7155890535579434
-0.8830006534748633
0.2002813915113606
-0.6615479334091643
-0.3744468700425061
0.8945339189093757
0.9802576538109349
0.15941309391065994
0.6099117791865916
0.4719695231241223
0.602704169281171
-0.5858753111652368
0.49043813985588636
-0.707904274365527
0.5829934426806915
-0.5680283614911776
0.5954697677756202
-0.548504727755428
0.3764767619788565
0.5645999540369131
0.20252146655426717
0.3231716858551299
0.7816649686676145
0.7214663332400504
-0.33276145743711893
-0.8859276551201731
0.4331371124377186
-0.3412492476590556
0.6401913813883966
0.9439587054133336
0.8088717371357743
0.7234288437985212
-0.5262350426326741
0.6883690243214853
0.5175389633234362
0.5884404765479709
0.8132947347684403
-0.059194703976612084
0.05884426142189558
0.7980784161456251
-0.22858799475766256
0.4261707285866472
-0.6784195542951414
-0.6459471464429472
0.07453942658540247
0.2297746002947394
-0.09653080373364276
0.4848742184865651
-0.1889098932995179
-0.24219183644386377
-0.44452665563023697
-0.5415733909057445
0.33433949692732323
0.8849928764299462
-0.7650448947138486
0.2498288021908064
-0.05881588620304412
-0.31614201778836737
-0.9933305656410227
-0.6100306945180975
0.420557263746816
-0.3847489471223766
0.5980087169353638
0.17624507102049036
-0.8440788129341787
-0.4324311424852969
-0.7325217916333171
0.7395836498703852
-0.6146885565595308
-0.06217400173197851
-0.7344705837341421
0.24841486153201298
-0.05579558731845924
-0.6837653748681183
-0.7478729769363444
0.18810711775496824
-0.7181658167247769
0.09468385498422704
-0.3674325160219287
-0.1392949352163546
0.16526981351771708
0.9611375388732333
-0.1403487715348979
-0.4851356369501736
-0.1998964941598398
0.8015783454872647
-0.026467019610125986
-0.35818464913767567
0.5389312633179428
0.9730040058973524
-0.5175294809157238
-0.6400925509258637
-0.44623661192495434
-0.469519500719106
0.7970625669726417
-0.3804091176383957
0.6865197229527651
0.6614538867471593
-0.0015671633184681788
0.6492327364131181
-0.06309731397447216
0.8963579489836171
-0.16307762472817022
0.9959428426466495
0.8270241210902862
-0.9777029123689607
0.5636578271406842
0.0319515611966561
0.4846089510737943
-0.6358129501075107
0.441002803080621
0.24159020466843772
0.06945055710716175
-0.7926185604473974
0.6719729666058576
0.2530296416933673
-0.9823568211320033
-0.019107341202042383
-0.5694109168235226
0.040238857355638036
-0.22507966740370589
0.9800370088181727
0.40355072132695
0.108766129022136
0.7370896015794393
-0.6325582668826333
0.6713852070808966
-0.8805569468875871
-0.3959352896845596
-0.3391627876442702
0.08040152097321807
0.4429849461302775
0.6045564693270353
0.39073956575136615
-0.040310150988217774
0.16017259295159514
0.7073749052708631
-0.43991163042407777
-0.11407994088449303
0.7049485740287251
-0.7774931392161304
-0.6222682196417557
0.33122676641224547
0.5180861589402392
0.29116263568245904
-0.2592557764300314
-0.16677743970200942
-0.011058986471389476
0.43105032915546704
-0.10675979515715528
0.2616545498408871
-0.6269684421660766
-0.49687227877991713
-0.7044990929115031
0.2813871418782308
-0.4729399798068732
0.706090575626589
-0.16895050181488114
-0.25020744071911305
0.5857888302607566
0.7800446496951241
-0.06611591424349794
0.11020015038307696
0.14008429399962763
0.13183104451649985
-0.17001110636153927
0.4675071493038898
0.4103431978363008
-0.003951186929061823
0.8802970963696879
0.45408677263823893
0.06852394292032149
0.25261481232321303
-0.014711734128894483
-0.0975528929147571
-0.49357407591660585
-0.2531686032344138
-0.29849057450006966
0.5229679404557537
-0.7630312672760577
0.012240383086376427
-0.47983132217400515
-0.08841960704813889
0.606516704491461
0.7636849660131215
0.19142850526587374
-0.9635705477602892
-0.6416862589875543
0.9963187631212509
0.9603418574042908
0.9212622261492236
0.5708544705665703
0.941878447170617
0.46728479288270974
0.25563784326445327
-0.5786466829580255
-0.28085764798567703
-0.9166579204210261
-0.3753998172749222
-0.5947719922142074
0.04359340741019202
-0.24534092886549286
-0.5507760630984504
0.21507363326380546
0.10930452568559379
-0.06847577794727333
-0.9117511163895751
0.9928408666071946
-0.7601253601982332
-0.35411777737181893
-0.6869578333348503
-0.13654223728033155
0.9895548003592443
0.3057596138981076
-0.3875805225719384
0.9267153764553928
-0.6063343733239928
0.024205112471947565
0.5225682409612389
0.009980209273195983
0.7432505393452054
-0.841806409947619
0.5879429110029719
0.2123212053485688
-0.41158995810637955
0.4801787811512628
0.6686657315517925
-0.15946799135253586
-0.4582907159808174
-0.7085628539944957
-0.6799313705207208
-0.6802588344228169
-0.5817634306623936
0.044431200475550714
0.06489339308167974
-0.3273722167283648
-0.7854056242362879
0.16837918354168235
-0.7682144378928435
0.228649095132339
-0.08588801224137166
-0.21039903735107313
-0.5501263579084825
0.008774445493377137
0.28126222569906445
0.8008369168338996
-0.8832263421094411
0.17486607394077902
0.10699747316327479
0.6971144473775885
-0.14563605512341127
0.15863772156276768
0.06982016187420292
-0.81593642978452
0.7039390907071446
0.7393948801320502
-0.2368334694600147
0.011229622869050049
0.8606026669932301
-0.24419678934167677
-0.11706862872304047
-0.7295645404985995
-0.6768681096754847
0.8222336897602056
-0.2282749504421493
0.5623513560180806
0.2720638186975042
0.426785936640796
-0.8668472544153039
-0.18412886683895513
-0.09580763875238896
0.14716204887237638
-0.7180912380602185
0.18587876020821992
-0.3187569924161031
-0.3366066848893594
-0.12494708110785258
-0.23547122591526715
0.7671674093314407
-0.4050935130814324
-0.1575752841175646
0.5746090897737453
-0.05264659899543522
0.5152687264563698
-0.2340474436936235
0.5113891867233666
0.7488282661503078
0.7798201736052459
0.5176182206183426
-0.617893027245346
-0.23254547876956932
-0.7139171314603181
-0.7461170426737938
-0.665947124473508
-0.31653449396315736
0.7656530447399343
0.5575337923376267
-0.6726059836453429
0.268574830184513
0.20461267502945013
0.9350054993361863
0.13016171686577316
-0.29466847983432
0.8496020923184711
-0.5137558279960992
-0.9647825884351195
-0.09426660916066565
0.6059247413998998
-0.2879624790110882
0.8176598112137365
-0.9657490293895932
-0.27190938347077154
-0.08610656768435199
0.6637685129383157
0.972888457305124
0.7976635708293258
-0.7315978526609053
-0.6445236669353251
-0.9500917601216821
-0.005797938116087531
-0.8686114014765012
0.8743051014709282
-0.4806664200858868
0.32648771647233055
0.711500688805697
-0.7545769414038821
-0.6076219667361062
-0.2581769393904523
-0.42839492727121153
-0.23290111540082203
0.6678764985511398
-0.25929274495230126
0.4551332653145663
0.6151358536908029
-0.10762438237416383
0.9910462580021042
0.9807555706463362
-0.7682323178977175
-0.9677393546957069
0.719588396544115
0.9112833672549556
0.966511499114419
0.1721628335772427
0.3984447802534812
0.20211798059219444
-0.19100296376106063
-0.32735992466402997
-0.2720922661006493
-0.8456853039088807
0.502653294162654
-0.960808200615165
0.5951078172095352
-0.06094647632475536
0.2013460416893167
0.7583273109712367
0.2549060173596043
-0.23339135114520038
0.5804150250757796
0.13328602720118887
0.44307711171794417
0.3888290364035072
-0.24348152030695358
0.17443434879023312
0.7152560444291838
-0.7637359213869093
-0.5303779355161202
-0.20687946887066366
-0.30667790879674106
0.8420097803505882
0.05398277761622494
0.36910796605370133
0.5093767669302145
-0.22332666981796434
-0.5400614950295708
-0.8070258572803184
0.4610338892629242
0.4999969843690424
0.28406527139194604
0.7372959808836408
-0.8887912233228505
0.11442646111496213
-0.6806458391739185
-0.8798523526052684
0.30077423141133
-0.738145459126822
-0.9255878655261396
-0.28644079449693116
-0.1051504521504214
0.7495459499733765
-0.7475825328486398
0.33259952524233105
-0.7606277129385188
-0.37027950063194126
-0.583493608474501
-0.723438216349239
-0.9883370227108903
-0.6965899110801197
-0.46260157828363946
0.5316704411258699
-0.9035966260659061
0.9713072261719657
0.5111673678091369
0.0687451943160724
-0.7553135989160449
0.750767543642034
-0.95629366057933
-0.7276444634538368
0.32494624562780294
0.38603122596158923
-0.13466495376723664
0.5211427480521758
-0.5475367754146236
0.42383084437183616
-0.4413192939421171
-0.754161433189861
-0.8675304431373743
0.6100090729087346
-0.6896955427676026
-0.8675730722815012
0.7149682222987945
0.10239835929009589
-0.5766188131205472
-0.1738831378304324
-0.13665186844077715
-0.6771411535035474
-0.9212380935514441
0.19950865960570052
-0.7981623227849157
-0.8886452939933214
0.6121038847557521
0.8433977766068876
0.970550354076325
-0.5959703451618401
0.3584071476169972
0.29759626585866505
0.4528583373025963
0.5247206424546387
-0.27342563421952515
-0.26194960162809555
0.2779965581537054
0.7478344039644615
0.26282026769607314
-0.707148140045762
-0.46200379177545803
-0.1978580267863972
0.8451398572065563
-0.6488319070322783
-0.615041521020633
-0.4687804619963687
-0.16648267654466986
0.13703658291451548
0.03433390530582692
0.39512473459562303
0.6751115819197957
-0.9345226908843685
-0.09699508158786863
-0.2250952374545676
-0.009586850811971637
0.07635294799034109
-0.1709379100352848
0.552184085299664
-0.10910267611055602
-0.9434818252302062
0.3985820234303121
0.10950330372203387
-0.9613235097982342
-0.3867845681662221
0.5698230202838193
-0.965435620929401
0.7455063190587647
-0.05645503048856959
-0.800893281017836
0.5086217080991222
-0.6508976154073682
0.5478159809128231
0.027209394536174436
0.9661059105091478
0.7148251879508094
-0.18867402119012566
-0.3613826646345728
0.29576597345875655
-0.7466261077062375
0.9101802006203576
-0.5154220649681063
-0.6336698131543395
-0.3382072409289749
-0.44668870198507027
-0.044150173698559
0.5289205124895457
0.7980073583908518
-0.35300440100827823
-0.6907870603477861
0.2854792591774862
0.43941362888958113
-0.6456573626478226
0.10274032560951007
0.8148543201764971
0.1971675342738668
0.1886485689224251
-0.9711870840663677
0.2332520084061751
-0.43184339647860037
0.7719538785165625
-0.6375115680854411
0.35694637483807923
-0.6832109458618136
0.17583365043985788
-0.32925145049881266
0.5517343907551209
-0.44870069546303415
0.9256185694400669
0.8275325182332054
-0.5954590117480347
0.4588799936317962
0.5057262679584302
-0.06646843375936018
0.625781486074577
-0.3459618247758762
0.7615005304259927
0.3639670670475388
0.3637860139322593
0.5882935253929693
-0.32940525093016615
-0.9802483413714584
0.06105504021478425
0.8201043646618724
-0.7980647424396792
0.8276699164935732
0.6380209112894102
0.6246177869734275
-0.31392339540631586
0.09870366842297718
-0.4695848075215734
-0.9946782743337406
0.6723236875298837
0.6700251087413345
0.5861455413305892
0.3209197763068341
-0.4416786013034659
0.026156688992066135
0.9648341260610496
-0.5108779963787207
0.9717091426847575
0.0551744010730808
-0.11454944356814156
-0.36862246563888545
0.687004683805398
0.9935802439652639
0.7543270861516922
-0.061966455325959346
-0.20383246959739743
0.1840533177215362
-0.888066063546576
-0.07128999600034502
-0.6662829003016046
-0.9848273607580569
0.8428954444382877
0.4561931167374864
0.8149546147356403
-0.9464355813104455
0.7965989805162605
-0.08669969278286782
-0.6848752295494922
0.8062419876450486
-0.20295468806003125
0.3991876294466179
-0.14232366680647646
0.17897826525311378
-0.5978642424755476
0.3834380120982379
-0.024109954453745974
-0.8285787407409027
-0.2649453802145676
-0.26920286116688796
0.4568446144825531
-0.29490535008354546
0.2251318484352418
0.9257888814344442
-0.0019356164082426908
0.4019471517509796
0.23285044616488793
0.881756321112497
0.37745899307268305
0.3179025343962225
0.550669019551304
0.9778957724873538
-0.12023421333155726
-0.9451281421746869
-0.2603060987995178
0.2943278740915827
-0.3499625336806895
0.9357778847402161
-0.13557794043518268
-0.6423169497850267
0.2101599698114851
0.2112960790944185
0.683615504757084
0.7389551174222573
-0.5959645004555767
-0.14205318252207189
0.5481388846208926
-0.8551986277361388
0.36048619218962874
0.37094115761935864
-0.16299708457252282
-0.7288586154229695
-0.29285814062009274
-0.07592527868882581
-0.18692886501946915
0.2659051175304512
0.7017885157174963
0.14926434580209236
-0.025065936278688694
-0.9088833156775862
0.4408025722034259
-0.8435346189906054
0.4118375134965342
0.8317759918377308
-0.29109230017726917
-0.6286241684860849
0.26820161715676627
-0.27484835882156156
0.2572697421508874
0.417640721422154
