-0.27353658567134276
0.7066136505926817
0.15621327568087628
0.31295757747990205
-0.9732285758178776
-0.5349663759519914
0.3314193680591593
-0.31083419485335595
-0.7188320042481526
0.16839298788963153
0.5747517744069581
0.6172397104892886
-0.9671266775883718
-0.9635115855720477
-0.8340757490769746
0.6331085117788646
-0.6533401583160952
0.19464106486355282
0.18077719507494217
-0.6484254669510636
-0.26506274353672343
0.051290966451133846
0.008495328093690135
0.8623680663567168
-0.6506789697362232
-0.5832645177982554
0.26189930088403557
0.6470164075440974
-0.9753716470532374
-0.053282848341656974
0.7197894786964223
-0.4947169389379733
-0.8706160758003694
0.3343148921116199
-0.9996550442798764
-0.7619490407148801
0.6824128050191669
-0.6120300446987921
0.4004358969294626
-0.31109993760741284
-0.20031002893399696
-0.7214750115537967
-0.40427774365104474
-0.8543333125471535
0.044202826295437925
-0.7506232318427242
0.25477017415259806
-0.5388618533605765
-0.6301082617699187
-0.04551084199783739
0.798067314739068
-0.4572730119146311
-0.27322965492017115
-0.9869738919419462
0.17667041293061803
0.838235635908533
0.8437229577082728
0.49114715956504473
0.2997244448410725
0.5954330760910653
-0.6992599787967722
0.19306552881977357
0.40762630156681623
0.6285322556483213
0.13915574791517327
0.6690110180865583
0.24390421576034882
0.06923789220358456
-0.5901771558810414
-0.7307735512862632
-0.614352189373123
0.11192862279669313
-0.742381843083437
-0.8764090574486614
-0.0940103017477647
-0.7233990757473028
0.5282757084347172
-0.598613148615821
-0.07890298757293257
-0.048254369638361494
0.2804862757466642
0.5001471834332021
-0.4122804965966742
0.9220865025641947
-0.16343411985661382
0.10448160312362642
-0.18373701143089027
-0.7465905036017413
0.5242534959147287
-0.09318437405208524
-0.4533837460799557
0.6447378032213704
0.8706280712036163
0.586377806257063
0.23260117167674177
0.6852864931811538
0.06930514376920294
-0.9068509073096207
0.7462789241930274
0.45753152040397627
0.26550073304272903
-0.281230201183698
0.5253578090978117
0.8504298033770326
-0.0842969044163151
-0.6004540615457152
-0.8688867506296565
0.02428084786703666
0.09523998368963138
-0.6237746267156294
0.9606998591078788
0.34821562759424385
-0.9863518730919374
-0.551703247463287
0.2795993772218379
0.18126308341739317
-0.6082424858511215
0.7337824730832849
-0.3739645649741492
-0.108785970987205
-0.27515669318834757
-0.42626142157065283
-0.3246050935773228
0.5193995782405201
-0.6214544479581066
0.36865626443625477
0.9459931407030191
0.3442922672094402
-0.2690210840507914
-0.4060864967572797
0.22041000760254392
0.48060246921961736
-0.8495481067195754
0.14229510502266196
0.056304202232592804
-0.20698607447347706
0.22119784650972685
-0.9711399935317169
0.5212439346531068
-0.8191652682979178
0.1486027944288606
-0.7645202234640542
-0.38950120985252723
0.8544303060725447
0.8443085342618812
0.050696901218755475
0.34261307555197895
-0.31539968849659883
-0.956658549430556
-0.0017596246646656155
0.7773829425865215
0.6353849403822605
0.4115561410387967
-0.3575419305631964
-0.813698387812912
-0.35630093587378253
0.21960063014208941
0.057594230691233594
0.7512335554822696
-0.1310101797411387
-0.8004099662359381
0.16273943282877257
0.4226601963432073
-0.7787013444605939
-0.8301449188262908
-0.6180960600760839
-0.03006874953266836
-0.8801021422449908
-0.6068662714707052
0.32806351315787374
-0.4108637249375122
0.06957993791133488
0.5570708121168237
0.20842916875023465
0.9859374450031515
0.49744313588744116
0.2626203187068652
-0.5604029533136856
0.9988778565242273
-0.5744601366060822
-0.8515624559983554
0.9694296964599534
-0.14934451677873217
-0.665035461939705
0.16493832825525567
0.10517136660944293
-0.2378963897677273
0.9575270352514689
0.5444821770528496
0.7321293766569894
0.8073705365530828
-0.7898664810312064
-0.24949319089122968
0.7630227034864394
0.12072474816008438
-0.19843973095323642
-0.45806979654853697
-0.4784408356112384
0.7104423025652404
0.7588928779751078
-0.5289809985350094
0.596198752607402
-0.9960792654183313
-0.19379860621838563
0.08378221129085284
-0.14522472267987951
-0.3830375284209655
0.9050348662475507
0.7930656936807006
-0.5075075437053642
-0.6938929137740293
-0.1523019253180995
-0.619743083339223
-0.5607954314461929
0.29949862247485015
-0.3634508293452643
0.2769968409704273
-0.6457621103983922
0.6615428285304716
0.6908695232052895
-0.0971488667862972
0.6543366969979121
0.0011896596691247652
0.9329581478242452
0.7169630297108047
0.6241866854721785
0.35324818058221386
-0.6603381688895438
-0.05399414667357538
-0.8747736733005811
-0.7751275075468509
0.23659089582946846
0.5996958654893645
-0.5110874318718714
0.8636813470686275
-0.5114913407611037
0.24998110486573633
0.2791591288465822
-0.9077625962359386
0.8879301062983755
0.6758503743678799
0.30650559901511043
0.16498032681479669
-0.6291961229407443
-0.5100708819341839
0.3513232894389149
-0.04252045355427336
-0.2617203528004346
-0.048909576903591434
-0.3208047231575746
-0.7508113566083972
0.051279187782768965
-0.46953716236762655
0.5850115913519955
0.5402298019753435
0.7027906261194115
0.2947470125846865
0.005274445981942932
0.9055950547542513
0.30718881055304714
0.24311360200241605
0.6189226591225152
-0.2850388162162296
-0.17822954813479752
-0.6955728039213498
0.8816731715678539
0.2896925165686661
-0.8772320282280459
0.18870404359476178
0.055756865955794765
-0.4952328910639543
0.5207490512686279
0.23101925405839974
0.28419197358853165
0.37599714153626884
0.8533919339711264
-0.25636591644221385
0.9032295245145865
0.5995266804817123
0.2892020879436914
0.3650969791561278
-0.44439881062103637
0.0806951257200006
-0.13271514617842883
0.5685958451933308
0.48140746186279526
0.8185305662446603
-0.5057212082810885
-0.9596457633029716
-0.7808834523804358
-0.7106557115829413
0.7935606741686141
0.16253051765897153
0.7564714121197886
-0.06166003281925647
-0.8630317112587063
0.969888179933817
-0.9676032358339346
-0.6675502895077137
-0.7031744733733734
-0.004438580507526435
-0.8435454424946303
0.25984137242608574
0.5209212805975856
0.7548714511938852
0.35517374103269206
-0.090645706746463
-0.3465480655821216
-0.7896607919839249
-0.4330250199998624
-0.8657466061782519
0.5877399736396358
-0.002952522621066045
0.9233423643028342
-0.8984806384163477
-0.2736953364221437
0.914426284984895
0.7333907870834571
-0.8219493218943201
-0.6635981646547797
-0.8861449602524496
0.29560109177598104
-0.20216654798812095
-0.8433421084500863
-0.9779823366556064
0.6188058221996513
0.6834513920097425
-0.7050871384352215
-0.4097080950676186
0.41775961649061943
-0.48725890602669786
0.33777299125378346
-0.7876683523341326
0.6955270155590718
-0.578124911044515
-0.4927819321836675
-0.5875250693637664
0.9721459936887789
-0.1167963679487507
-0.2213010600296872
-0.10815072781459012
0.6098925319082016
0.598153029009741
-0.8209571432436895
-0.9724282134648403
-0.45013276722539075
0.35269687007846673
-0.09472178631433859
0.5723956479634043
-0.2967379633590932
0.23710531787686673
-0.35254992311903344
-0.007852816325132572
-0.3921165354071485
0.3000060525030741
0.5392290437804648
-0.7355670922559991
-0.4908220631675124
0.6060783050279672
-0.7176468613578373
0.045275369088571216
-0.908493362966958
0.3397831437705756
0.0576662379826518
0.2801455293135615
0.37986788361125723
-0.8498401356243557
0.1269249123229883
0.003265841732078334
-0.5444077204534221
-0.16352188716110216
0.21788570951895503
-0.8539481263850068
0.8772489171253433
0.9499527384476041
0.4807046161511761
-0.805228575569396
0.7076374604064379
-0.4805278920149083
0.5436538745500883
0.08508548479121503
-0.802307140944329
0.39532455521243537
0.043663516707117545
0.5083660783955344
-0.3074748514902048
-0.19798091971216558
0.11489447956097476
0.759697853232107
-0.0076405199301532445
-0.32254768003622614
0.49941874916982965
0.018260695687530637
-0.03557456439180662
0.36212416543340287
-0.4722748506753196
0.3160289591953196
0.04345180511744173
0.3552478078624477
0.5213757781817996
0.11292290645375513
-0.056522346105696286
0.3809986362453679
-0.6197821192587807
-0.6111375654077056
0.15128013055399792
-0.8895353578079135
-0.7400147722267709
-0.552275234132992
-0.5757842594292666
-0.3976086383542401
-0.293732579827781
-0.5555719418870182
-0.8785106952499893
0.1739168794789474
-0.06698505702663904
-0.8014906070108039
0.6016665232200706
0.5376459528539803
-0.9114038283770629
-0.3467419162809573
0.42237805131739736
-0.905072530142931
-0.22226575678845562
0.7659284034746863
0.6310440004523934
-0.7412353291852827
-0.9551497919728278
0.5312599158109881
0.8047979066975
-0.37689490963058514
-0.49691948757390203
-0.23603289197510824
0.36948126490698363
-0.43829121686960226
0.4900665299937257
-0.22026666073136303
-0.48463350345675815
-0.42793453140198023
0.3562563759039745
-0.05496671096947803
0.979715632947417
-0.9287605308148021
0.9141369980556866
0.6811567479653811
0.36636759035760713
-0.424518242625471
0.9725140452186054
0.718209684296393
0.4406265253288357
0.2750469445501471
0.2936840146447939
0.4088395704153298
0.7171789978406948
0.48845240406547186
0.3899593738468732
-0.08481962570185231
0.5896724610422137
-0.351380489760335
-0.7106003347484102
-0.04778588087533331
0.43057946340421105
-0.1790091457259726
0.9196087958533907
-0.4723966648740052
0.9002646030619945
-0.863493005979036
0.9243455212069152
0.7965240665973494
0.10288808488635426
-0.5629308196533722
0.4519186032802953
-0.7085403753606665
-0.4732591766440175
-0.12824110661959742
0.43813878914258786
-0.2576860183167835
0.30772986535096125
-0.7947527253433404
-0.8706899793700662
0.8862340158479842
0.5007273489941357
-0.253220012747315
-0.4182628954011003
0.6595557401519105
0.8440210343219494
0.010697406201502835
0.7515542851681407
-0.7542018009695903
-0.3850010881081427
0.7061086594062942
-0.0728721524160918
-0.8336091235690954
-0.1316201620470372
-0.25017927675569296
0.9307607381121863
-0.39469655168687057
0.5404781917305397
0.27641644223643014
0.059432472101099476
-0.9850211041986316
-0.3169061474910928
0.9575366941306198
-0.6063452990711098
-0.11986728333507801
-0.4013449860463052
-0.7335460088793804
0.27163273959019874
-0.8829356479384491
0.5834402050322485
-0.20358319160104354
0.47381437441639007
-0.31048102890837614
0.962020235373354
-0.4455232375289757
0.7493254774098683
0.5646980444371126
0.8136490315607949
-0.2726805800094123
-0.6567914179948151
-0.3685846088001794
-0.5005386859680139
0.7861640537727403
-0.5699324423038039
-0.5728967683310722
0.9560357625267206
-0.6271827338934288
0.030574604031240904
-0.6514320964853031
0.9561686563953902
0.7884794558499526
-0.7174885917757143
-0.10330970142914064
-0.9089443205152994
0.05758092769827816
-0.4330177455102897
-0.6666055039061836
0.8089797058753592
0.14521346661094325
0.5616215828182536
-0.4870857374701536
-0.021618658469883867
-0.38537714955288727
0.13803144824613311
0.7428109548081228
0.2318036541060482
-0.5569276858723886
-0.5653983339014916
-0.07887946021266234
0.2295937477963479
-0.24966423968799623
0.2301410070728196
0.0750061107442277
0.7870843858970995
0.4875749640533835
-0.9488092875052159
-0.5619885843105641
-0.9092444568056028
0.2342899415947084
-0.5114032515510198
0.16848584301988767
-0.6286665445486925
0.8749804453744345
-0.491278009323562
0.9569968041204009
0.4431641530297046
0.6770933605858724
-0.9070593230672479
0.4983229975623933
-0.4027719305644504
0.04638120224494102
0.27602937577521014
0.7244190376512964
-0.02948101952500526
0.4225112930230466
0.3390057601088756
0.04457584324771191
-0.5816878206638385
-0.8906994636400063
0.5059921586344909
0.5378110527078714
-0.0495511688377297
0.43746704074285425
-0.40379810164445495
-0.7097438228546324
0.9995085248583302
-0.40732250772444667
0.816428612604571
-0.335721260233784
-0.36758329263426104
-0.12306046180485364
0.5040425431907045
0.6226710935419011
0.7586123787633763
0.22750003157462406
-0.2941166029931668
0.9696905104557454
0.5946944985468203
-0.3340403142697843
0.5627159627891878
-0.5433596769970412
0.9119082516335755
0.7060354898992485
0.2993412594995821
0.6079334896850939
-0.20679440592532328
-0.9662996427235446
0.7517267401168097
0.717284376512425
0.5104555867372429
0.8113084721494714
0.7527130878333095
0.4535676478590742
-0.5506912946436071
-0.4115206991742697
-0.4122983158568587
-0.8084510354496119
-0.7563045487907663
0.8801056231344002
-0.9405044865542587
-0.8602020455995256
-0.37785518021614495
0.25755925091464893
0.8484913257746187
-0.9449699651420145
0.90279283496847
-0.7017545248548878
-0.6999515696556728
0.9392120644791282
-0.49048356928251513
0.146664477280541
0.8420904898704278
0.9088822888869164
-0.7119681654796344
0.7754738301757844
-0.957073353735465
-0.6429576346009076
0.8345671644708201
0.33251162232616505
-0.3699701233329775
-0.022136950358677687
-0.09346073480786243
-0.005545707912510522
0.3064802381886569
-0.16565749193826118
0.24251638656146612
0.7270395837553474
-0.4869376775783014
-0.4763121408421713
-0.6004108959135781
0.6606038088576283
0.14865674116348448
-0.712395402166816
-0.4883982196222476
-0.7317815909627048
-0.12177003037337508
0.2612744866545813
0.9255237077686673
0.6102172225313172
-0.9851687186186477
-0.004212321877364422
0.3931467085212548
0.9083993639495689
0.6232519419721276
-0.4272104954867968
0.9222779062235416
-0.7689306609016573
0.9422824804488146
0.18018233948782325
-0.5185385318070559
-0.8205512285216534
-0.9300847797044522
-0.9840328556907101
0.8432634999870232
0.8427289224467078
-0.6259738214973483
-0.08815987848994822
-0.2889303572831108
-0.21577321484059464
0.9339309252780359
-0.66834915998254
-0.43504406136644325
0.3087004452487272
0.2142081254140631
-0.3348371110711037
0.5133447799709587
0.6991660096067867
0.49242375642017433
-0.3203726130507034
0.30027833365804946
0.5349741100126959
0.7538280468330898
0.600435483688174
-0.030437193073563407
0.9720538191518993
0.23781374640325526
-0.2385821391826366
-0.4470927853045945
-0.8145543476796642
0.43912639798747977
0.3981297209974757
-0.5958412122337149
0.7692338817940039
0.9461800743620676
0.9171764142632373
-0.078559514509279
-0.7936979358811795
0.7407878640815244
-0.2682168322555376
0.33996742419323844
0.14795282795656317
0.6351976382745692
-0.5102019945868641
0.013432007076360275
-0.835123532598764
0.9659436008540927
-0.5741171301544579
0.9668551071736888
-0.08957161222483312
-0.7921933242317878
0.39431397389721323
0.113016187984599
0.8370713720260261
-0.8167062542921402
0.6730979572029989
0.73911988121487
-0.7719223683998782
-0.004661636469431629
-0.5722709556969068
0.24182442355225775
-0.21062651655707465
0.5600181054219384
0.16632148204698294
-0.023554326744384735
-0.8886438235002747
-0.6331819750057139
0.9871706254822237
0.8813298192751442
-0.7527394885509984
0.20280052946830662
0.9009635769415267
0.5123910918074162
-0.1901003485879762
0.6974678171946185
-0.41891292080281306
0.8336392435566669
0.5163975354443604
-0.8211297077616098
0.9508253158619713
-0.7345447165948757
0.8223092678044965
0.408220102542014
-0.04032544008802619
0.6142283662793564
0.6240789157256723
-0.1330457707592807
0.8111889798687075
-0.8541281670097565
0.8626080351177072
0.6260229211854826
0.37018504332999247
-0.7720267237193048
-0.30312359157474034
-0.08813821187283888
0.012106208856263123
-0.7221503488838286
0.4574662716500042
0.299629724422501
-0.09331321215757593
0.6342157711070284
0.2866188887536367
-0.9956661910369917
0.5964717577739425
0.622432887244988
0.053028439202826405
-0.8055914785871447
-0.3759033354784933
-0.28042047748453913
-0.8222086583150257
-0.12804354207498791
-0.4836575648266903
-0.5012306493907983
0.5853279022717981
0.9801080513593985
-0.7105233728868279
-0.42570779606539455
0.362535537169981
-0.03478306028667366
0.0361685669967835
0.795567525345217
0.48669563983876185
-0.778239067038381
-0.7188606916483227
0.5121852128488733
-0.6773646373937061
-0.6489725702340443
0.33453017233921556
0.3449736418357816
0.3349199245631467
0.20734829087718154
-0.20924939395150055
-0.26592370418594635
-0.25324268782881365
-0.09668429411904578
-0.042553683215247995
0.11144943562209164
0.7462694514575678
0.3388749538523568
-0.3363841444170923
0.37188107755292976
0.7354557231160788
0.00605978232806148
0.139645376398704
0.6916668480011638
-0.42867495281963364
-0.875835111409869
-0.34753586672363124
0.4425064178068008
0.6635821922385479
0.6349650134765712
-0.8655002149054543
-0.5740445552832885
-0.6285873558837918
0.34799281616094446
-0.29736170264128203
0.4446044747397686
0.5925724638741228
0.30083069537240825
0.5041042703312593
0.7540639540677796
-0.4684461912076794
0.5155141873331235
0.8032416455551772
-0.038155170916529535
0.0955296969548689
0.22357041212638484
-0.8729933071206217
0.4685699063629991
0.6665340324815128
-0.48304650247756586
-0.11878100055013352
0.9131164472319879
-0.09549668699591973
-0.8600360082525431
-0.011018192150317851
-0.7728801309381814
-0.41341092500096077
-0.8434103757644511
0.17864433404236513
0.8691159467183289
0.687981734694662
-0.08815735317703055
-0.0012714563528406497
-0.8911022800408179
-0.9588742593241897
-0.38583197958788173
0.6818789581896978
0.0017749918433889178
-0.16938923544649565
-0.03491507189827803
-0.9929377215898352
0.5139210318177301
-0.4891293773018086
0.8472638487327393
-0.47289177274328487
0.8255073018599905
-0.5533312746640953
0.9781726416992065
0.25870784388108836
-0.9596038962515618
0.032043889216390786
0.11194881668701728
-0.34502831016609803
0.9454545686058995
0.5023859212700148
0.9086568747452228
-0.8591580343770906
-0.1564009512949851
0.616713049674485
-0.2523346125900292
0.38269531624085196
-0.9792242627307741
0.6492787882483222
-0.1647622977290646
0.10577854787624985
0.04124867602679738
-0.6336256292978253
-0.6154349599566684
0.5692675507481297
-0.5667498573919951
0.8556308864068343
-0.11293831717426217
0.9179818161922675
-0.3849210377222472
0.19779207522102427
-0.6715838633400502
0.48143574827237856
-0.7718781528259697
0.13768655891438253
0.002106883870754972
0.3194527101761173
0.23587138934089813
-0.16452210775983134
0.20408778364885483
0.07743112161390786
-0.5470959232976813
0.9697529834980183
-0.39847053731351756
0.36818586092640215
-0.9215800023556344
-0.7469818397055328
0.5247852754182993
-0.7925262892579912
-0.942675500420844
-0.41542782593596006
-0.4455525715613775
0.9876197636393413
0.10120829971613743
0.2605874588342276
-0.45807240935400806
-0.2598770654559317
0.9977092302514099
-0.6231425368151171
-0.7962541241312238
0.5079251359861172
0.5560635228192887
0.24269525091631627
-0.28424908330812526
0.07572543361745665
0.4996412272912336
0.41033793513322037
-0.18577937952500712
-0.35164912490751243
0.9146084466065172
0.5576381628534031
0.15253841947997726
-0.5566869611577632
-0.9196157667209073
0.1020684760273074
0.7121094911933183
-0.16082999358951255
-0.4845222015859474
-0.6516825713630392
0.24661509250154157
0.9684338857919506
0.8509709928479539
0.6860222831239011
-0.47289873680872874
-0.10699827563721165
0.3320688738546018
-0.4045931071750337
0.7676997295513124
-0.6597814325161131
-0.18384188174466032
-0.0857949957367492
0.21215409123355267
0.026367927061590635
0.6956260280127573
-0.0215317249164253
0.31252846898646225
-0.020089025500755753
-0.0700495676469941
0.6105529643279515
-0.10575184672878057
0.30415354443049636
0.04657931126406667
-0.8200288463950633
-0.2809709420454194
-0.5694583085366627
-0.5321328442023663
-0.8358222319463007
-0.5581865409401268
-0.17814432346203946
-0.3776503521505894
-0.4229934335355787
-0.3509687725935906
-0.717202989594016
-0.11706838493231375
-0.45397542946269565
-0.20220470311879213
-0.6237163092897713
0.20748702947747155
-0.6202382982070254
0.8875718957416168
-0.7460724951994682
-0.9889278718764365
-0.736188159878997
-0.0846196901509968
-0.48798246537972223
0.351494929929669
0.9516222540912231
-0.38394554294119554
0.8751942337185519
-0.935697200705712
-0.5241164936256042
0.30988539801883896
-0.9581846128595546
0.731734878053347
0.8225270756307947
-0.7658837055197718
0.4825308745081418
0.6437192423697211
0.7606310021472997
0.37578845478784917
0.23915498841776173
0.9415306834352808
-0.5169931440318682
0.39147843049636566
0.42893882998064714
0.9043403288809002
-0.9278660076829459
0.015504325166045607
0.0761558735986918
-0.44554707546679895
0.0023940423854382775
-0.24279770328665373
0.12730816106151455
0.03659872551795651
0.7614457820823233
0.765711732266908
-0.8899828404611319
0.4970260837993359
-0.6501184291357793
0.522643333907608
0.007216610658931755
-0.8714767661912632
-0.20603280024450843
0.26876476031466967
0.19913712396304684
-0.7028472773091827
-0.35937435696879283
0.21372884524815716
-0.49688205944990393
-0.6452868951470045
-0.735595487062298
-0.09334237155223568
0.6332450462717389
0.5628595786442032
-0.0008345772995288492
0.043857480472647925
0.8262029816410692
0.34604456597430655
-0.5593595643159086
0.09081877403314254
-0.395563888102884
-0.7279966804918734
-0.7770446343441875
-0.5082351939878615
0.3978607966933234
0.1101382717280801
-0.06655579837811643
0.3152829510736137
0.8219815605963745
-0.6012910061386032
0.5069784513265168
0.6956736219389059
0.9186443709034531
0.30207864038308596
0.34070223673583855
0.2845944311884474
0.29993435915688904
-0.1591979159193797
0.5870004850657742
0.9521961356746746
-0.5496177025293476
0.6726728146739995
0.700552121644878
-0.6485962034592898
0.0368632251541825
0.19984879582928294
0.29098450554474375
0.9656255155267113
-0.38558922287196973
-0.6639574028425892
-0.9650911366653243
0.9744401234943694
-0.432955000271088
0.5631550895204587
0.9596846493465976
-0.5704666430793124
-0.598196737614143
0.2562276740709588
0.8535444932358487
0.021278783957918712
0.4358969092287108
-0.4266820745731563
-0.3550842804133587
-0.2610218535262854
0.6308442950788988
-0.3978355916839671
0.1451048545292304
-0.25995776095741885
0.5308679682788253
-0.4382000578380161
-0.895173707691511
0.3280399958196023
0.15656352077093127
-0.8079964513705942
-0.7642255539001803
0.6415906402473566
0.4547887182338364
-0.9609009835848168
-0.9151799072985192
0.20155099191963566
-0.7765289634730157
-0.007259923288716719
-0.5237307770469182
0.33926337869048195
-0.9990564142870197
-0.5939236257340381
-0.2641529679257839
0.8834752779056407
-0.9131545061193058
0.794763365037582
-0.545144355885931
-0.43110802464344644
-0.8602766623655467
-0.5270184713368613
0.275989005124617
0.2728524781252155
0.43472321069094777
-0.863751456432728
0.5280440739929029
-0.6197743715168444
0.29320715948467124
0.019539986860238612
-0.2896507113481035
0.2852205831732102
-0.7343594496438068
0.06576078474402514
-0.9564789297853675
-0.8662230960289938
-0.77570787559054
0.9977156163193206
-0.8081427300776167
0.3340748174520396
-0.8790762910313639
0.8209995588694663
0.4702686800371296
0.14347146897649266
-0.26512643773216826
0.5507838067808024
0.9702157200465678
0.40819017072165553
-0.0659085860045241
-0.8039145262225968
0.09164733842604944
-0.9807859476224217
-0.9235294572269759
-0.653701175107245
0.2881400512448653
0.7083530081169231
0.09909814432588582
0.38964288701295424
-0.3127384227706016
-0.7548132055217254
0.9141645534191973
-0.6388717981551344
-0.21576477044508668
-0.14586386128831275
-0.07488429054748624
0.8709476903612465
0.6053686802131399
0.3762692657426989
-0.8899463927972717
0.05280184907852714
0.1455078087231394
0.29152768920871064
-0.16084262976453534
-0.6884812544268897
-0.5800948255977898
0.5115636990141381
-0.8836020955176669
0.02987277136837241
-0.3923919703571388
0.7391949816748897
0.13696781692560167
0.8439274715542657
-0.05319720900710467
0.15053035394772185
-0.3160278289119405
0.3030499683297485
0.3423090309351806
0.15057771104878515
-0.950985274363269
0.7810548681384559
0.4974067837205134
-0.25798725143213663
-0.7110697188276043
-0.6174466032822417
0.5654612371893644
-0.39616550753379953
-0.8093162553795425
0.6858907315138474
-0.727353671829382
-0.9445936174801286
-0.9231964631889615
0.12130348062708607
0.973552169970975
0.8857453694958173
0.8310275276939465
0.03266350796859463
0.23285772831627383
0.8764765094774953
-0.34999898638136484
0.4740793006130479
0.6656954661379917
0.46911483961683875
0.7611960035774168
-0.16289100821828462
0.9316430499235324
-0.23124818422056648
-0.34916307703867844
-0.11333609379966281
-0.20970209092159364
0.3868735186209402
0.5859852646173775
0.374233984626948
-0.8426360089244875
-0.17050743926059475
0.6436846538170167
-0.9354603647014526
0.9043889003501262
0.034190197545193035
0.4180874846431408
0.1268108473007974
0.06579821072102843
0.40311079661144467
-0.8234213897496772
0.835215091148015
-0.8151991289032605
0.2755835459468985
-0.8389187341081901
-0.7100591594251153
0.001420536433592634
0.86462483496032
-0.668664633952381
-0.7970309037303349
-0.44761344026734107
0.7608676355932666
0.7684212610364713
0.8032526703125205
-0.569330404493098
-0.5540567086989021
0.40628894248864356
-0.9989281733339419
0.13821774559748
0.9383382766105519
-0.2517825302963381
-0.4033335540108529
0.29779882557293424
0.5093300583414582
0.6354443504772591
0.5670460063238718
0.1843967948612697
0.9101490163452082
0.2626101597819812
0.723642699399506
-0.6962763710105795
-0.944472283077946
-0.9348709555087402
0.49369856693760306
0.5236990071402141
-0.5948725496375797
-0.424898028659181
-0.46632693675844017
-0.8660572067963908
0.31892899288390786
-0.5881433428034015
0.6295917054638365
0.2203259624473024
0.33176706071459394
0.4365705751517919
0.7188370188916009
0.5226319804105908
-0.12144791429986634
-0.7030198513863222
-0.5238594228607527
0.21197807973290161
-0.7119642903091405
0.9187588364304049
0.5973388252875742
0.3476617027328677
-0.6059677516971937
-0.29099150297211307
0.8734054176289119
0.4810559969496968
0.5992708110799043
-0.820412283284528
-0.5350950171470068
0.011015509743927954
0.9263247279286504
0.3290202771346129
-0.9071324551447191
0.6245532620992835
0.06371978291543612
0.7240441170361436
-0.3339638998842731
0.47988329589217393
0.5326898798119193
-0.587336905509251
-0.036283983168968525
0.35582508471521734
0.02693679161727891
-0.5748283539160046
-0.8893812611689076
0.8184317204116922
-0.2553455934404423
-0.48305705112309605
0.3500486007290964
-0.4519546855344747
-0.023580642164177767
0.11874954055827525
-0.47342605954661576
-0.11062505475835227
-0.12151693875758052
-0.6679302267278127
-0.3686981514453531
-0.45497059859103417
-0.847241669203614
-0.24314142713153908
-0.49154593231296295
-0.41378455326915176
0.5406166883451193
-0.17848134320390008
-0.5914212834000672
-0.5660606577420133
0.3775411242369642
0.597129106537936
-0.047013041599019756
-0.23161005384241018
-0.8319401181245876
-0.27213254017719324
0.38813025167591264
0.3381118254548974
0.7349973602789555
-0.44077685278246337
-0.5517787996212724
-0.9290227566757743
0.5792207691768378
0.038488981800196775
-0.7072491760223916
0.18904942594560992
-0.0035212555451413774
-0.5676914472908028
0.819184789628064
0.04635895790477185
0.09834490246308536
-0.5340650357245438
0.03397457038711238
-0.38842222240498003
-0.7247388104746637
-0.9384155720899414
0.46635655990063896
-0.3191511960741873
-0.27388436223985857
-0.9941113710625373
0.6805750774756907
0.214533337011656
0.6665422812790345
0.5126021636443208
-0.9197741469809158
-0.09780836010856242
0.26518924912528274
0.9203270606495302
-0.15688814176176602
-0.2216935808440499
-0.3782421021800688
-0.45533749016079605
-0.302796298360696
-0.4503488715878208
-0.9422238794491935
-0.5860645633100565
-0.9769933903457342
0.2725984129879915
0.9018052397828908
-0.4392894986772906
0.8189888961013851
-0.3218155489174681
0.8553665247504749
-0.4572498580702158
-0.042286526237715893
0.42948476622220877
-0.23744395129210227
0.4790984759427701
-0.285255179169118
0.8961665245195198
0.07226250328088724
-0.6704189544151697
0.4195758217215848
0.4194413421636858
0.8055434804100787
-0.8210839944018045
-0.8180181296326736
-0.23188861716614917
0.7907916495318694
-0.44540489878049017
-0.3537361247686315
0.9227367922990697
-0.2983417484180022
0.9086942943979395
0.0005985443320961625
-0.05045753610706494
-0.7449122954034839
0.6893756734240029
-0.03939016017000263
-0.15030251283528284
0.7336106967050038
0.7611879358520983
-0.07749870586864227
-0.1897657982179537
0.9567102373058729
0.3718292960511289
0.674815188887492
-0.07571682755085907
-0.6102317395531227
0.7790373277306273
-0.8494041416042581
0.43292442436294376
-0.6177621983295605
-0.9659303886336084
-0.31645404755356665
0.4865386762867636
-0.10971246040770066
0.1755611382026685
-0.8434581723347003
0.9301809544360544
0.03320019992729062
-0.5029591110956599
-0.6133707659111585
0.883122933207048
-0.7780539539795563
-0.26274224308633687
-0.23255527988027103
-0.45544472568803096
-0.16152703284230596
-0.7691554149716191
-0.053856834653405405
-0.45297690149585534
0.40552887289165884
-0.9715882476096716
0.9056930619673458
0.8800648228091836
0.3382968366408401
0.12599416499907767
0.8074611636022786
-0.08841700639617067
-0.3809469107718757
-0.5559332744643259
0.6782111759399609
-0.47960447248093785
-0.2619396303399699
-0.12811617564695488
0.9159762116862082
0.4756307862617346
0.18687392610657305
0.5041118550209482
-0.15139748805923214
0.20888255961009028
-0.04758472528450919
0.8192430147511147
0.5663189407241411
0.9444706415839716
-0.4347054210508057
-0.04488073153187466
0.22525305244630123
-0.6791263289618681
0.9183821626902842
-0.12560828030752869
-0.6090193977358946
0.48689552123778324
0.9327301520770226
0.8989312140264638
0.5555473422968624
-0.38670833115373715
-0.6988875845323446
0.49502368979440203
-0.06947153788180715
-0.9157147529575931
0.5786067562958737
0.8948330401948492
-0.6262515498515873
-0.1556989607491055
-0.41792252812030095
0.8369854806938948
0.15942421028378795
0.23136119783377396
-0.7460348130725272
-0.5134529198621234
-0.5135451548587129
-0.22453226671954374
-0.9150088328328743
-0.41617222625550365
-0.9853493636708797
0.13426128652707914
0.796516511748117
-0.2705691350138375
0.43501259349297117
-0.458297643758526
-0.2580282838981003
-0.6061569706137042
0.14187968175820842
-0.3702034007748798
-0.7003709395791895
-0.1771216585580644
-0.29652994721504355
0.8929810540624796
0.7376995993767861
0.35801618077353026
-0.3405969484277893
-0.07268593191364836
-0.9399038634134462
0.7717139190970452
-0.44637253733975
-0.1831551540130396
-0.9359998895931172
0.17663824992023036
0.14475236681939596
0.009145842769568535
-0.9167550955193238
-0.35387363589994414
0.4675417476335373
0.9834113618985671
0.30200235149776766
-0.4654239778959002
0.3159472756288333
-0.9713141473186935
0.7423435064487922
-0.8507543601554592
-0.668077881294888
0.2790259476270447
0.6887283882658615
-0.7791005897154704
0.5489115160432145
-0.7448088969933948
0.9989949780532064
0.9224991028312506
0.07994072711780231
0.8315778320222582
-0.3330125708538154
-0.2271539257431745
-0.521769546547981
0.6391747112438433
-0.9484785494619459
0.5657863064007917
0.44149035005789394
-0.25503334317427795
0.6816910809594592
-0.781842568524707
-0.6561825166985069
-0.7353821109009333
-0.8607907089874309
-0.528051137188374
-0.1366144438751702
-0.8698745181154741
-0.5066123828726201
-0.24727265842223223
0.11455123400854506
-0.019594334606812147
-0.8668874177474499
0.41336992044005627
0.6164105231505452
0.3336555469080562
-0.8209417495752054
0.23125900307389902
-0.3624900683686143
-0.8924151575349086
-0.5239566105816096
0.9762594306101078
0.22354684176868944
0.8321820551356405
-0.3783183620097761
0.9778856581141073
-0.38478379597948464
-0.5035701241601622
0.8949494796654391
-0.9357731978262716
-0.2796086452202988
0.9533925180461371
0.7273269913382647
0.3199396795736147
-0.14253053069858201
-0.3626357722134077
0.9740969626265275
-0.5421811357868933
-0.8762412030453592
-0.42035528159243385
0.6103000014928446
-0.526069390221988
0.25563606986209564
-0.639332937611262
0.19676871251562655
0.07875515435332936
0.41554267634021413
-0.4038678405527567
0.4784856275472711
0.15478098209686642
-0.06558374463171268
0.15643441314241824
-0.9067163593990428
-0.5344607805406145
0.7421589876443528
-0.8636335502330934
-0.6637037285592815
0.6867532293779044
-0.6794362502859612
-0.49166264947762395
-0.9289117380991634
0.03456161141202685
0.39260828477516285
-0.7076290973757966
0.8995573446779881
-0.9857670564052199
0.7389514396940111
-0.5566745495263039
-0.30500050817307645
0.5175550453194138
0.19994144960132032
0.17505068999962003
-0.28238078278014145
-0.9160852636638059
0.6312761272507603
0.7462932715349968
-0.1680734023344177
-0.22764975500271278
-0.36784964812423127
0.9697162340102166
-0.720906255755956
-0.8464687299626033
-0.9025927674997627
0.7249970028004766
0.3137283114516711
0.458256526257121
-0.7384564930897639
-0.9895088681292243
0.17987108603894808
0.25939856402253136
0.22216749315032125
-0.3724409969143634
0.5956940886960351
-0.89963904561761
0.9545082800418605
0.14513889547756342
-0.3470370237362652
0.1627088749285801
-0.3663078590485094
-0.9979462155128949
0.42949902668335715
-0.9303238330135064
-0.36014899807962664
-0.8179827282676815
0.6231108122853626
0.18958829210357186
0.7956054252091813
-0.8101028418421212
-0.8169311491778555
0.9367666047284839
-0.7454207633824976
-0.4995271035439144
0.8327975640526275
-0.2463904520475797
0.46731355161680255
-0.5606890125429733
0.14677416718763547
-0.16265468032689
0.3166431651429624
-0.15726876315987837
0.06401899390852317
-0.1974514099178688
0.654612239821587
0.4490222709662193
-0.3479393025381019
-0.1470404396868945
0.13454315063249989
-0.5389361764815317
0.2483950878479122
0.6431347384697779
-0.8605281949790795
-0.15136912924772594
0.8158193572889512
0.883934499183668
0.8791638668316164
0.05162332037349637
0.7414760599511812
-0.20229130574985232
0.9530500991299102
0.08561458379276798
-0.24910527003679173
-0.6177417701151189
-0.2898338477987452
-0.13159477510313522
-0.3024556270927439
0.34759183252776293
-0.9069104142753246
-0.48255627909417864
0.2616392323487442
0.43714416718801696
0.2281265044856906
-0.0811215317460221
0.3072088284097334
0.7316579312102975
-0.07474012991049728
-0.6172949659037097
-0.6870712593894688
0.5462304333783723
0.4382819876246513
0.7818759461835891
-0.760374195232062
-0.9946996404179687
-0.25133613849741754
0.03789689942370256
-0.03495654942763404
0.65738323520911
0.12732132895938308
-0.8179465704482833
0.8173918555805868
-0.4583078525006117
-0.2852512700078067
-0.9023534763999159
0.5336287584564716
0.06346319187312632
-0.5806378353771784
-0.8756706114004531
-0.404088925364426
-0.2774775750504055
-0.9388317560681485
0.25611124407656294
-0.6111273822786196
0.4377470076264547
-0.10032147659880852
-0.6807383636059139
-0.38804683363338754
-0.2747993708563139
-0.5335525852982723
0.43399892286252206
-0.024783196187628587
-0.49145833056017074
-0.21464478537556642
0.3960290074466184
-0.2075520677754381
0.8760029595310685
0.3315537850797221
-0.7946156122848305
0.7177531007183078
0.33667312361916646
-0.893777008722187
0.9074776322200782
-0.1041270106717529
0.8493091263843595
-0.9312834281751761
-0.6460809189990786
0.3432449876722221
0.27833022379909567
0.8621619049250875
0.8262994816640348
0.6591301058949666
-0.9116217230682802
-0.3730677466847869
0.2136503018722824
0.8684927643695295
-0.7870949024818783
0.3402585526094293
-0.7469438267080217
0.7626013114292494
0.047133256238714116
0.6802593305587235
0.9133389678221522
-0.7711701179168926
-0.9490457848973164
-0.13165866107470148
0.23469804629675717
0.8577121961109133
0.6807990418783865
0.5735702868644468
-0.2949965982880356
0.6425692096515254
-0.9950839121086306
0.8865837304437398
-0.7859700462865489
0.5789939520630929
-0.9054877171496596
-0.7995345314881468
-0.8762714597354586
-0.47806412624819195
0.878123267444836
0.9005043281711147
0.9808885506459644
0.4684084068297847
0.8796328127880071
-0.6950156313961562
0.8197297314836147
0.14627883053378654
0.694075380830629
-0.2370114079291128
-0.18880850503548752
0.04229205211637099
-0.8193071230035964
-0.9255883029388117
-0.8319727961773906
0.4708275248870706
0.47287681046135677
-0.7312177219629339
0.19975542224085996
-0.33003151015197707
0.24616092729590822
0.393789256741653
-0.3573034741771288
0.9027964805007711
0.3019588115908056
-0.0031817444963981867
-0.572738147649337
-0.24142740169336396
-0.32522694145185826
-0.19530871319343257
-0.15162212923485496
0.3114380486770456
0.8399568996277611
0.017879910338321814
0.6823307458550203
0.1625367434574474
0.7548521253030047
-0.6771450932669747
0.24147252084277526
-0.1402528290728482
0.35272498320564316
0.498568869033444
0.6773634381241189
-0.5267864204689308
-0.6667096751638861
-0.04876544586956344
-0.04594523505764414
-0.7061749549180525
-0.886980173044722
0.5985262566346417
0.8127539521389207
-0.02290007345089906
0.4826486241032013
-0.44375625742042835
-0.8742436090095513
0.5494041659071092
-0.5406369072610637
0.11017522345352804
-0.6927310295767
0.899084730293487
-0.24771362555700827
-0.3082991050870709
0.7333757919805193
0.14915118032522723
0.07112545408830373
0.46013008047892767
-0.06048418418098089
0.7576117981203128
0.9721575133081339
-0.7841873453810748
0.11609542520062521
0.9330917282200708
-0.3074497104249956
-0.17755234963244315
-0.34734063799902914
-0.5478959666501739
-0.6834878744142712
-0.12979432477276043
0.5542072670244609
0.6982371275973873
0.3661959257861731
0.48511215285729614
0.0025804593560203593
0.7200952425635685
-0.6648596411504197
0.03275996912213164
0.35432278637171266
0.4836275699151029
-0.7948087996865023
0.3325195224241795
-0.41784345451284155
-0.09117338506030692
-0.4349184895495557
-0.953007240697594
-0.5769866734324416
0.25536939844883433
-0.7831951591676021
0.3881349066658615
0.800011598824597
-0.032630424507960054
0.520638657111532
0.35986730064637595
-0.9584900499499169
0.27107283404841587
0.18264415708217863
-0.9880218016667952
0.6831069864941137
-0.08259383112710061
-0.08307908617699966
-0.11991232940779373
-0.6936600328016342
-0.6190076837132148
-0.9755834978702413
-0.5117697880517711
0.11612795764144157
-0.4725916745377814
-0.30107721243112784
-0.5151858790324124
-0.3822213885664254
0.9978195949169057
-0.05129933734351222
0.03880339609089822
0.6691964763961953
-0.5275708607488834
-0.7295637475882342
-0.5854811677962448
-0.04962524084692976
-0.048462673857197824
0.593751268675049
0.7467976264231193
0.824939154801948
-0.08504174068382842
-0.689653716128759
0.5063480603806625
0.8905233826256798
-0.7817146903318151
0.3363725520488239
0.35036849656736013
0.6754124852423853
0.2734478693144551
-0.471824572734296
0.9871384089164925
-0.1596875691559283
-0.544354327969373
-0.6547451775455211
-0.9626776052040651
0.041910942128585926
-0.7371111989689498
0.03804259867882176
0.3032481737394064
0.5072091952110398
0.09467467419172526
-0.48885248347451915
0.7609183136086699
-0.17795266775775875
-0.3555362884632718
0.5333899815479248
0.5531719441412659
0.2769683588550176
-0.8593137299206812
0.8870494141057181
-0.1633397307384925
-0.2232602395825356
0.7887114997007003
-0.1513452840520375
0.989759018927389
0.6118682916309515
0.5159638788834899
-0.18906816048224528
-0.8340451029353391
-0.7832822113876379
0.1915640790930313
0.7977931625515153
-0.5058495749871323
0.11988156469596611
-0.8286672274143523
-0.7257077591151091
-0.5168500547589858
0.8871734372897169
-0.2545566514558095
0.961953948937674
-0.5466289669265703
0.2821171909805724
-0.4234536522651804
0.8354194379733271
0.05915483864420845
0.021558760776921426
0.5811355265566764
0.3066748157698429
-0.8570308808131626
-0.7407213609511702
-0.7884093831981183
-0.6081437472750295
0.049507354795064185
0.6975005287654323
-0.7602459165827136
0.697923585287695
-0.7694560200742477
-0.23179489550885157
-0.11837600823952865
0.17634059922299472
0.7877014337499872
0.9655734037433779
0.06199688132876768
0.175889557424024
0.44274645592902817
0.6977409476913499
0.9645873588803515
0.7596014304088841
0.2048543184304541
0.6896563249203402
0.36278931378538526
0.7294925657473441
-0.5567594165235235
0.9733769335287403
0.12810162927007296
-0.6301180025324062
0.938120892021274
-0.029725265371504772
0.9985762973415382
-0.7676276314635784
0.2813415354874913
-0.48363362561650347
0.8262889857258018
0.5476559986090592
-0.5095292915148084
-0.6654853002090655
-0.5592109586537253
0.062181790326591324
-0.7823827918094637
0.2729655542142517
-0.24128652533507733
-0.4638474035612268
-0.01595150651771715
0.2027403248336932
-0.07582406607139536
0.20403532673854707
0.6398744812357211
0.29417320768769417
0.08500900102040454
0.14333361422862856
0.07270734810056023
0.30985040659821994
0.6470408716094476
-0.7927879977180332
0.9208602169758096
-0.9045051256047032
0.3608651194333081
-0.4731330273985641
0.7507544258189205
-0.7111511324871935
-0.7724417536573756
-0.9539891343377185
-0.4882688079954465
0.41357114513753124
-0.9391587931293706
-0.07871623137720563
0.25355560708482794
-0.19028349262248967
-0.5175168394177829
-0.8802858447260791
0.195904510350009
0.1443981102079126
0.9609913096774341
0.5741360003689346
-0.858394306225799
-0.5610551882572479
-0.7203986369078936
-0.3518932679849238
-0.13982644948949696
0.3531071367200431
-0.658714171253131
-0.8227850039467568
-0.383947414705591
-0.6447421022164646
0.7934371136193865
0.5910907020814871
-0.3662922119648542
0.8539042697269781
-0.5427351629377806
-0.70585473610369
-0.7639019823267057
-0.12498214246542316
0.09494755597135218
0.5075462092437153
-0.8728570923948344
0.04772143040140331
0.14904223007084405
0.9619570210533375
-0.8563190132607768
-0.3461537215542254
0.1707716637155794
0.9202083323800059
0.7552844735882531
-0.040915013931747124
-0.03857458357339083
0.9963305560407729
0.5333426091675995
0.0047219274168968095
-0.20756211568619198
-0.6038233101153039
-0.5715010765123538
-0.6911352083781552
-0.2745855342404695
0.2472025469776229
0.7841908774681428
-0.6521067090099926
-0.7432716143861406
-0.9932414622002952
0.3858858287488154
-0.7658349755687426
-0.5316563127373202
-0.7997714202469077
0.6982403384953504
-0.8998791727917348
-0.13317843527719408
-0.9131575700073478
0.3342926232165686
0.9107099360055182
0.015550710633744247
0.6296573018193026
0.7839712412205504
0.7718586945638055
-0.05306993825521755
-0.7744564209228622
0.7745010079964754
0.43137625735718155
0.5823533457504513
-0.9594314541094446
-0.2417586802844245
-0.6977529256390329
-0.6378559764709602
0.8028090681379889
-0.02116432342906993
0.9204368941073371
-0.9166152280916924
-0.11943414932854513
-0.6382570799133649
0.17621644366403455
-0.7995757152192415
-0.4781690491572945
0.4657920331831813
-0.09313148526728376
-0.6186038991350189
0.5736250245447929
0.3447555405757239
0.21761928005691122
0.15528829665917088
-0.9149094445666361
0.44250455069277184
0.9941072665500519
-0.22244996363443814
-0.28751682610428375
0.04729714394631657
0.2905920818906169
0.9234632484137733
-0.6308837118253068
-0.3600595966049045
0.6028300810207048
-0.987626815698252
0.05313299074505062
0.6938696667194808
0.1337198873498402
0.7373856800737106
-0.5094908322019658
0.500583309316571
-0.4624512245112238
0.7267114025766859
-0.50455498579864
-0.5727817688788825
-0.6807326275872148
-0.7852324141335922
-0.4228884960888184
-0.7660992336052876
-0.4030141944071801
0.42187612234294014
0.2494075194574541
0.27432849419191374
0.43475077800996775
-0.8666385863530541
-0.160033762615164
0.19816244526787896
-0.8953678107574286
0.3162134510070802
0.4435866922191749
0.9033171418390085
-0.9252188023579213
-0.7320089545459165
0.3734626571316402
0.43869738449985385
-0.830445819245786
0.3435412621422944
-0.2111267537801238
-0.3998600497058846
0.5424820601490636
0.3091108183944047
0.5367981297372324
0.27707597777291415
-0.7259399782427409
0.266060380922833
-0.19929043233143773
-0.2759588895530385
-0.2098698090987181
-0.7297988057742022
0.7226509666497352
-0.38909862305233744
-0.7322607472768758
0.81408074573157
-0.6773065618763838
0.05982343448006677
0.8911948148154434
-0.12007493003057434
-0.20247558418612344
-0.22885581000249466
0.2895375891089138
-0.4734113113965661
0.9192978611674352
-0.5169908034820629
0.3315511116436225
-0.461146326598882
0.6199382492167811
-0.5940822980154556
0.7276974051219822
0.6665951318721219
-0.2801529755314698
-0.41171499526411015
0.344166292374094
-0.570950385328993
-0.2709150401515035
0.5126318881276941
0.3475778296921077
0.8659499314689678
0.28136651534944357
0.44651839455587217
0.31014346964182327
0.9009142725542778
-0.013229438558409967
-0.7072567696512055
-0.8538242493783144
-0.5225130160363332
-0.5052709732975134
-0.041313889314799956
0.7827483281196499
0.18374772019785568
0.1610416809926951
-0.20174007042475206
-0.7767660716273335
-0.6013015316164927
0.17176393362933084
-0.004353024459123445
-0.8763885475019588
0.33993079756782874
0.9215450682868005
0.18020531110947458
0.7623902337394652
0.6945376400615504
-0.2963313903224618
-0.12052231881338926
-0.35943782683404324
-0.6310007730931475
0.7796204315429192
0.3749654195627008
0.7373110553052344
-0.9991566937607221
0.6091987455467176
0.42822297403294973
-0.4743734758850342
-0.44736217219200736
0.09315821185570661
0.13308740137520414
-0.4975808752694897
0.4258816109146759
0.6605046878585052
-0.3888305555695968
-0.6090554859978183
0.11117271366498227
0.12024835184524396
-0.9108622915389459
-0.5774146979642258
-0.4093747148005713
0.8403044578147578
0.1682675205370776
-0.6865956038752452
0.20083482047734047
0.14028646466092098
0.6682474065080073
-0.6207139485183151
0.4111774039979066
0.11908004671926187
0.5455532002538876
-0.8974171890156357
-0.5364637879310312
-0.037773670330898845
0.8733780810706073
0.1281033511447882
-0.7294839913113329
0.9854052570233347
-0.582566117054752
-0.12989038712262402
-0.13443294726737975
-0.06248477480689263
-0.19654497635348345
0.21937013226655955
0.24391298712661502
-0.6585555137360588
-0.3559879583328831
-0.3664462487948874
-0.014620819406605756
-0.38978182909841785
-0.7299198750543225
0.1757212608818659
-0.6651676226511007
0.25323916429480375
0.9527486272280277
0.7897145478301362
0.47076331044594855
-0.4015129266345243
0.0170045415224489
-0.5098545415922986
-0.5281690990038466
0.44941611407959337
-0.3121360759436398
0.8105227532538237
-0.9549727333220679
0.6484050208714922
0.2623818779608691
0.3093682258011583
0.6789900598379259
0.5803162855575779
-0.04255612547422727
-0.6958329502028264
-0.5218046380689028
-0.5640338977442629
-0.11916684293885327
0.13697922677487018
0.7572030401577281
-0.19712610260365993
-0.20253226198210128
-0.15908515639471155
-0.051271235567356355
-0.03579112110170435
-0.1734913381252301
-0.3548200990472845
0.8710844166159497
-0.37936137029323835
-0.4391785557831718
-0.5535990254827448
-0.20235263651281632
0.40328158563208527
0.19498864009527828
-0.7139209911626421
-0.22611763765008353
-0.7205662038515981
-0.7613290459676088
0.19233766075715475
-0.782216603404996
0.5650054584744639
-0.35967505505862274
-0.575880923774649
0.37481884673640575
0.5769236670346436
0.20806529246575445
0.37429977666247827
-0.7006223369229463
-0.10747989156499149
-0.16171299714227305
-0.9956290064638262
0.5948083012058829
0.7886016447216324
-0.3047503111975367
0.9630559521752284
-0.923799087175825
-0.794420797716437
-0.06476400095973722
-0.48367523380359456
-0.49040861093567045
0.9608083998639945
-0.8253532834041593
-0.2993241800017996
0.19057859421278445
0.27794675721075235
-0.07228232037646709
-0.5309920185840777
-0.024913228649400265
0.8848980712564565
0.49670447208086355
0.5439828922862695
0.8902209726572436
-0.6543077565050424
-0.9765527544226842
-0.0483290165169199
0.9645067953349333
0.35805846570734823
-0.43947195889747936
0.595824918937006
0.45316959883484453
-0.6447263366073863
0.5915534781193637
0.27981174331081626
-0.5061177806394315
0.4825792219276419
-0.5168128244784882
0.8094633223037819
0.024048459116720045
-0.6335859987139143
-0.8352639537898185
0.07850090843412105
0.49914164070898503
-0.04081067473469524
-0.2140830672530405
0.21005429109563734
0.11330884924909568
0.7256328763518773
0.38109272725110444
0.269731986269204
0.11135205080736643
-0.5847050252965393
-0.9698569587567376
0.7737932397827325
-0.534037559447875
-0.16624875153577445
-0.5429102978359226
0.5203816806957069
0.8239219641648232
0.3189494459265365
-0.1670724643698156
0.5211682561294058
0.15663140766988426
0.015784023211500076
0.7188237794565209
-0.29480820435516186
-0.36872191488383965
0.9245628108982411
0.17532796516532256
