0.9990045757938941
-0.9270236272888397
-0.06244487523133646
-0.5088693521250318
-0.08490673226685308
0.3007512251967841
0.24498412864639407
0.4198948947362089
0.7660882963527769
-0.2228715673801922
-0.20885848906721893
0.5205930750933234
-0.3078245800504551
-0.3213240252001732
-0.5595688470590752
0.08226717789325289
0.17696536477011304
0.6127371485622963
0.36168321936797376
-0.9728068698478962
0.9604419450626593
0.9665104245511733
-0.9064210501103878
0.8917626016255873
0.6735385112428098
0.8651533846213162
0.9141822343817483
-0.7604218974788188
0.6057407290401151
-0.3935774614830696
-0.6000710654645469
0.6642478893369468
-0.8422335590612857
-0.039143920862551695
-0.11701434847036096
-0.50573110135038
0.01976336613349794
-0.586597218369824
0.042595513333359314
0.1654706180448453
-0.573791602512586
-0.23048272666659053
0.5678913803205943
0.8522231142735601
-0.2603101705305384
0.5184636043955326
-0.41534738690279727
0.6520350612847798
0.7803677473110329
0.05952448459569881
-0.2401529373870166
0.1455584154501155
0.3744147640334783
-0.08914044570213053
-0.8906357724378124
0.5073961194861396
-0.4334664096161085
0.6184099046268341
0.3428302701047359
0.17160493563688495
-0.4507246099905833
0.4898850752484598
0.7127974189209443
-0.5877853977740795
-0.3049332589387235
0.8737515126161013
-0.3504793882431987
0.9311256636844873
0.7649963294721156
0.1795682522820583
-0.9034836718574955
-0.2713043600452254
-0.8123128110340183
0.3258237888180884
-0.06555606972955585
0.3741640343520085
-0.34239292280341904
0.9988692911747108
-0.5902615115811749
0.16011095523169794
-0.5540097767064789
-0.8131639959448855
0.6770599275445821
-0.7144675842495363
-0.8624696947372206
0.6794781252693065
-0.8533758938469582
0.6993803385231101
-0.32573008769771317
-0.5002737003931235
-0.9417677878694608
0.07023454341790125
-0.9112929796875604
0.5119861768811647
0.3971804408347619
-0.3030844429555122
0.5069053208889556
0.3101878028438412
-0.7547046560738431
-0.34610172333843936
-0.23054368410402581
-0.4909160950749203
-0.5963248200058868
0.08484698609005292
0.6083948125202228
0.8046552867476879
0.6404042293702865
0.5801643720612479
0.7830852442899776
-0.9139533759069709
0.40941120328114744
0.31152271817269805
-0.8687258252887919
-0.4158917670963984
0.9507282887410826
0.6893213168214587
0.6983815138624827
0.441744974142684
-0.326685803603598
-0.5391926320074569
-0.5098006383655476
-0.8243101444816789
-0.613076349693257
-0.45497757320318066
0.6061214014366878
0.39181486137462374
-0.6737439132747722
0.5842060451835227
0.88119137369371
0.6777729556306444
0.9186397083518123
0.40508391765327634
-0.9452026018522379
-0.024657905604420716
-0.5851733388372902
0.9254221529799156
0.1621575715341721
-0.3950872038702158
-0.25000904852063477
-0.17245903640777005
-0.5208445683114293
0.24587443078126303
0.11525437453224163
0.09419011265896615
-0.7389081427310442
0.4391592139606739
-0.7039219964704464
-0.6527093418274146
-0.915152872002529
-0.9679980274374487
0.4592708996122987
-0.34645674568312756
-0.3877475278778668
-0.22850254255763525
0.32931551677642124
-0.23576025092760777
-0.7628149185786959
0.9573885411390681
-0.7361141708579106
0.9576012547849198
0.8065294587839535
-0.530463166423119
0.07471557683192032
-0.9951841099604792
-0.7845236691509394
0.4913555056632799
-0.23101730436105927
0.21599604675413975
-0.4598058720028013
0.08840401819982846
-0.8280590063616322
0.48842121835663344
-0.7892174708380046
-0.1059450433745388
0.09625486350193158
0.3229280551515974
-0.784572474334633
-0.22357962068731396
-0.3044252050352101
0.6444111736597762
0.27426659503123063
0.061543297120969065
0.2406495196172478
-0.6955181234523264
-0.9991545291493065
0.3964835347299196
-0.4612401247671094
-0.25096015569593866
-0.5429840055383817
0.32310679634269124
0.6341471380616595
-0.37436701651186777
0.5091398811365029
0.12365427371582483
-0.3277102364623621
-0.9767743325259963
-0.9018548367286252
0.08171448675535053
-0.06714082914753106
0.9658219442162763
0.7634559514772572
-0.4121766925882062
-0.729934921620613
0.8472300607126884
0.9404933650301504
-0.3838261791085731
0.27023547570420736
0.8145917379988628
-0.9788090643759155
0.9089439186909773
-0.2754662027812391
0.59009714666524
-0.9196650601181704
0.12683962951682104
0.1808613527505294
-0.5606034482063957
0.7763231438379028
0.6018753455325048
-0.6319296299029058
-0.2348728177570596
0.45463363255006706
-0.3778707347657697
0.6988579509164963
-0.7226465051131112
-0.9743527790214332
0.4598418471342163
-0.6691735833014629
-0.41488680608348294
0.6371194880670268
-0.55990322849616
-0.08745645883291564
-0.3044964255869598
0.4091783979043262
-0.31215249911156384
-0.5021729656848251
-0.13269959387607577
-0.35641824300998315
0.1929261892066847
0.8410374278955117
0.7633599634710864
0.9602757600108205
0.989366264662223
0.07909607805256935
0.7206539568470172
-0.7288232754781419
-0.2666303743192664
0.41813537161319525
-0.1792077236311651
0.7231620395201925
-0.8485273213174191
0.5523461894729034
-0.743953346199989
0.06767703630313515
-0.09043437459953618
-0.07459035665651803
-0.424237223995775
-0.7925478777995676
0.2945277287277337
-0.7854390772943656
0.33905939373105376
-0.5200028014139537
0.08831275484339973
-0.622534611900589
-0.1253144169784688
-0.8214952440574108
0.46671751343484935
0.9502115989219866
0.628285187757808
-0.6152738247762288
-0.893649941850382
-0.7193949149906851
0.12473730187993115
-0.27241949304985114
-0.7231732935511119
0.3720891709126384
-0.9971956243364402
-0.8966090477416988
0.11348571168518617
-0.3371799257508139
0.11774672545651721
-0.42428644651462233
0.7457332790534981
-0.3373477988427753
-0.39701648556435476
-0.6289667248972051
-0.5600138832169108
0.07181080382288685
-0.2728351444683206
0.702981423379496
0.5999699490696078
-0.6178097228549864
0.6911864006214072
-0.5052551078917737
0.891604976712042
0.9184216623773809
0.9097853686083832
-0.7360635108865525
-0.35551388572271847
0.2666312847283747
0.8838233982655768
0.9215295677215898
0.020853657604273934
-0.11737930466814595
0.014718342196514467
0.12314492095049889
0.6143325060044338
0.31095012729934224
0.03034691040331028
0.004538139441390587
-0.7753120330668586
-0.0013486195453928929
0.10409458661655391
-0.9715285256762798
-0.1396314424055114
0.9773576286511478
-0.42668384262627357
-0.42783606905845595
0.13550695198958063
-0.886049575759569
-0.4431807800900214
-0.7111314975180785
0.5394761936256736
-0.606084122945374
-0.820943747534282
0.29697110502995994
0.034811943123615574
-0.6859224899885754
-0.7733014773116103
0.37772249865840757
-0.833990503505472
-0.012062809303660993
0.1462800628417522
0.44123187382942386
0.26291801355068456
-0.8450923017405059
0.6508047751854042
0.7581191608784459
-0.4944391577596443
0.4619720279446802
0.23776179885683746
-0.3595073514247804
0.9610181765055703
-0.2747858936711167
0.6934329710257763
-0.25355965534067604
0.0549227349602035
-0.34360574338575023
0.7597534507328194
0.6105892712963426
-0.16367584566092286
-0.6790987995681759
-0.9603902920239167
0.4002486273941188
0.5487378522108874
0.8069218410672121
-0.26653966885359104
0.5566977927688515
-0.18489389735881478
-0.14356881017606526
-0.9783197252497102
-0.815163061662467
-0.8529568477937841
0.7830887845426244
-0.9185174400505147
-0.03437994372924713
0.781646686739262
0.5158835129862154
0.19709714655978616
-0.9853952440258056
0.2840763284818544
0.6862382923850938
0.6083378110590161
0.6200328142049127
0.9169317202611169
-0.03144524382808167
-0.9887436047400124
-0.33925566647242844
-0.28884784494244253
0.7907155756443691
-0.45387838854961426
0.03630767375817445
0.09087343138592696
-0.8331754765625914
0.048094755875765616
-0.332703480843505
0.3529015585874147
0.6476280357045956
-0.592163625956651
-0.5285606813118306
0.09005995452322924
-0.8358299623922536
-0.7110628771447856
-0.7267281278101043
-0.3235326120360287
0.42906517599843164
-0.25082370367685103
-0.2131072053730354
-0.5310571283167791
-0.6534874506479758
-0.3523162550229819
-0.3522977467306898
0.15301369722572944
-0.672564377065161
-0.40219624482872507
0.10329981497743845
0.05813664727356449
0.587349436921442
0.2820771284143859
-0.2509133016931073
-0.30153858820337254
0.6963494375349368
-0.0991478899924676
0.676167625731678
0.007587423321078868
-0.7985981345158224
0.350697885288503
-0.6573689724525817
-0.7878783736181736
-0.7606212848037182
-0.7561639000178055
0.7408438988429304
0.9493084869038744
0.8062458232037204
-0.6113494645454178
-0.5774270937856896
-0.024090569503073977
-0.4446117845917379
0.8731816881024195
-0.43451097667672567
-0.558320723694411
0.9703435072584368
-0.2360411584898232
-0.9009729327652392
0.20815893403279406
-0.5977172161676132
-0.24188028973846554
0.8020323270981273
0.9286835087037963
0.7211649534782409
0.10980122957775018
-0.6526120155653872
0.2533526980645264
-0.23244785343600616
-0.18780835690163933
-0.3272451358441424
-0.1195015080739672
0.3268652675191084
-0.9789863215404839
0.5625330571944909
-0.34634896854536756
0.09759966770131756
0.031236632128093245
-0.9065900838274417
-0.6813171474838722
0.9528988197792834
-0.49680674950826686
-0.6078472781367408
0.7645411021540429
0.473387933858576
-0.6966999013948225
0.09435152923481227
0.11365907708108636
0.8517705532712698
-0.7874883371472661
-0.1429290342497389
0.48142390151039427
0.2135915180858654
0.7001570780816058
0.9030350866634118
-0.11505889633495037
0.05295104090884295
0.6710975791034601
0.6487098019995094
0.13892235165026823
-0.8267279629611395
0.30693335891736595
0.21346923520625594
-0.07615160918488173
-0.9088741774441527
0.22313528753632728
0.8046233149769317
-0.7359550852532455
-0.25398747971900715
-0.2349786762662991
-0.7817783841762438
0.6379710697889642
0.21971034827306402
0.2674945858062707
0.7843935931216619
0.4780702105001886
-0.7013578888211489
-0.6159174710922863
0.41879833071458394
-0.4729287488996372
-0.9548567429062769
0.9197802046247907
-0.4473173805154167
0.5401973287235218
-0.1736754757765604
-0.5340201376342371
-0.33100034647328913
0.14689585776698766
-0.03793844702207738
-0.7847949943106711
0.48877111830300257
0.9825001297250344
0.6763274937437478
0.7788907477591474
-0.6469379396474042
-0.09818376462972767
0.19767524893246557
0.6990367051541977
-0.3544625069944507
0.12262363433966894
-0.22913257763940575
-0.6448794312398829
-0.7942439011917659
-0.5134189079965918
-0.023993201058688296
-0.2656014567884042
-0.23526438245981263
-0.8877097752923797
0.42067522488005227
0.7045210235070967
0.6108903154612122
0.5814451958288323
-0.24005817632455884
0.24097369214469078
0.029799775014920815
-0.9782987628683679
0.7532914206962749
-0.7263226908396763
0.4725821322355179
-0.2603659479421956
-0.07523458695310903
0.26528103673896974
-0.3742931413859323
0.2503137104917892
-0.32393821899216624
-0.6143484538070483
0.2400540776078266
-0.22529127534097837
-0.42476770923736584
0.5330631936774493
-0.3135271972810818
-0.730838525921695
0.5250232332150491
0.18970232269224518
0.27456715256038344
0.9737502324201472
0.16656733693719028
-0.5128782787253812
0.5289322578874263
-0.3431372620802031
-0.4167389935021242
0.39373171929000916
0.3701907246058942
0.8373682308873696
-0.7181246083494202
-0.323408835475103
0.8292396737396999
0.3672223606573666
-0.8967863958651618
0.2886907839574415
-0.9469208765277088
0.9291848976249011
-0.7032522635904492
-0.6182967514711226
-0.5758801961324282
-0.7183734428249404
0.9430425513423166
-0.858909102777994
-0.48934327703382663
0.318042286369816
-0.2349510591901034
-0.10311538322887892
-0.3815388414206653
0.32089680837402335
0.11504914612297701
-0.4886178022877383
0.9642313465454557
-0.07008394190480005
0.9551249408455389
-0.3506558854864179
0.7596629800118944
-0.2837175275146484
0.34177355822843314
-0.8401030801991505
-0.12095575478205056
-0.6680093418955566
-0.34305120930562083
-0.33929524848098613
-0.8320577460965182
-0.2750369667905679
-0.810057064345731
-0.3763007103228009
-0.1080082007904879
-0.10419283009624203
0.7920297455540131
-0.7667076810565567
-0.4961938891585238
0.4581886253224159
-0.8193149731745575
0.7418672903578221
-0.41116844459844804
0.16413538420980056
-0.9165693103823973
0.21581049580605027
-0.6638019801254524
0.7385015931618837
-0.6180091420463969
-0.6123407874388567
-0.8503148043793904
0.10415007288686629
0.244063695815951
0.047441398620370556
0.2651626251917192
-0.09265337244162541
-0.652070180598066
0.03807963770609302
-0.42147678584118986
-0.19806825046781973
-0.3897534804056564
0.7056294142559527
0.0821269461483094
-0.9806220053327834
0.23833959197299492
-0.8042830471450277
0.9327905220073525
-0.12344270719949169
0.5081462171360491
-0.8025421871817824
-0.3848111381815402
0.6293747174298467
0.40032002892333796
0.9622786068870459
-0.4373066441302995
0.03326058699761725
-0.07683762420497953
0.21678940484726184
-0.7462721318141339
-0.041285156092776054
-0.548382140421918
-0.3006982815385377
-0.7900468910781127
-0.9562788565220199
-0.9444850861424516
-0.436937964616249
-0.5412581560794472
0.21646026567344778
0.647146527234177
-0.5754042463828632
-0.9955501029391469
0.5140679658862437
-0.7924997560430995
0.05325192761876041
0.94334507839578
-0.9405990889561766
-0.24459875650435992
0.09091694361596381
0.48418961710124253
0.8999793774250231
-0.5858803321153565
0.47874750811510713
0.8871429309131409
0.5997725506277864
-0.4143406170076058
0.5702463623014034
0.8812343064630712
0.6327050775085723
-0.3509510142633441
-0.41535164347457565
-0.44043066887890747
-0.9522951694032575
-0.8643269727886826
-0.45780887006018345
-0.5899568635710257
-0.4052992844653258
-0.2810907171607835
0.8928067245019338
0.2694537970343087
0.49826459507418774
0.698899486827774
-0.24838626334018632
0.606216758506688
0.9123491989001191
0.8779359565208571
-0.3660621216703033
0.031498794537049735
0.8953812763205209
-0.7490596487682708
0.10581852178159501
-0.01673909766706938
0.8808919901822276
-0.7744400264000926
-0.32925322374398314
-0.6878761783851042
0.7013777294260621
0.9662775932401797
-0.5818984106938121
0.5862892275298974
-0.8083936040272517
-0.1064416445315266
0.199629717653935
0.4122804575203989
-0.31144149100969964
0.4308542471875134
-0.30725302993065573
0.618732040657157
-0.7460180458857444
-0.5061903097878664
0.22294924227800195
0.8036365903769833
-0.7059824831658863
0.21106750111295658
0.6689830482612473
-0.7030198453537337
0.9803822871179373
-0.5344335458775578
-0.5211629513034357
-0.5296304787757282
0.2009159189590919
-0.4215145776059186
0.7725321531460287
0.6651770894897941
0.21836420625247066
0.9179112792089594
-0.04632710999423417
-0.2517483101101925
-0.7374498025331748
-0.8448828916821742
-0.49462321518743435
0.6018195524006236
0.10414257716432918
-0.5333666432700095
-0.5195739232704784
-0.9470068418887818
0.7736497862979854
-0.2659197834229079
0.6391575672860828
-0.5075200621702192
-0.5306587335129858
-0.4896325746210606
0.13755663637008664
-0.7024455387051225
-0.7775759520008072
-0.39620167098022874
0.2688278551835366
-0.8391502187686413
0.14670748132431632
0.23656160064959653
0.8875524229052636
-0.6927578494417077
0.9109839954659462
-0.6616750522180084
-0.6871342757678434
0.5989494841025218
0.967959910960827
-0.5929681270394083
-0.7620438077390181
0.9532782265343533
-0.682521866759783
0.7942304070556132
-0.7592521432530488
0.5039894024769422
-0.022483434183995676
-0.4983210175336146
-0.4090576688918566
0.6336167798343977
0.2323496540128973
0.45766361037587244
-0.14158572984458684
0.013564515573256664
0.7941576479847061
-0.6609155500262054
-0.4848866142178867
0.3268520890048121
-0.9929526981856811
-0.08988444895940151
-0.7406007611341092
-0.17789663047527116
0.31303373081802044
-0.9906975830043134
0.22520892776758172
0.7241526435771688
-0.10069598172684957
-0.023019757449438405
-0.8111007632058693
-0.025690348129187246
-0.5803198969123371
0.9216208210842283
-0.9141671145903645
-0.38310754455142826
0.7064348440054078
0.6960342732689409
0.8523497671500038
0.6077695948465336
0.04599251166973439
-0.41272831650301334
0.6795436732129438
-0.4677945894301805
0.27051721093813086
-0.07301785229318836
-0.2125258007946571
-0.9193503870908784
-0.05789948560615876
0.261768098407255
-0.9227705397184274
0.23163357273452223
0.1259242015919919
0.8922710098231905
0.5302892077241288
0.11114190403701052
0.1420768446024434
-0.6336979144347623
0.3143349960916735
0.6309484705441883
-0.061437908919245166
-0.6463419077679826
0.9602917822436234
-0.20913054830481714
0.47964008805910985
0.40911303481457106
-0.9983985687837127
-0.3677248260313517
-0.07620986220749537
-0.8856017975215051
0.9222194804968071
-0.8993872556808451
-0.38566674349707575
0.3652415702473122
-0.5936192843638222
-0.10460323016373696
-0.5841907869607104
-0.8134348608253923
0.3185255036428629
0.009443806042486402
0.2570716803284836
-0.825080222749129
-0.3895015865698179
-0.8338394780518952
-0.009567790935204767
0.357418204682143
0.3828149921344852
0.5689212351340773
-0.5145375808927763
0.5669497598409556
-0.12554111571496196
0.07043684233739378
0.7769171443437226
0.8077366996883526
-0.1519752091182276
0.07512858959136093
0.13197858409447827
0.22485017657360706
-0.25671416447624096
0.34866245622054315
-0.5724802270354565
-0.5323498888418208
-0.7371393933194328
-0.8651789875072429
-0.7627227184627683
0.5797593808243917
-0.1301615871986641
-0.785113159328851
-0.31433865790060267
-0.02741326271604616
0.5995304565427109
-0.7805133285448955
-0.848341090489118
0.7885482890670197
0.07294924840950534
-0.3273657748498848
0.7053951419401365
-0.4351615333120653
0.05371371517497914
0.2593707735223183
-0.04102638079889864
-0.483634809136789
-0.27494417691799256
0.8984184906012878
-0.21127371227210978
0.8280769746814194
0.4398493479042167
0.039785348583023517
-0.48097635236893765
-0.2206886043022378
0.5431494083273938
0.5581007027423805
0.7316471891841154
0.38265966234361914
0.21093872852397366
-0.656850298240075
0.19826272059743966
-0.8570971260733018
-0.8337268926274342
0.8790343401215366
-0.5022448950736762
-0.9745363905421782
0.020087827847288464
-0.06666993468777216
-0.4061374913789495
0.15068481493448993
-0.13559880883621855
0.904625504949762
0.08803498286296074
0.9921046580883961
0.8202257989463777
-0.8297573523549431
0.361955279058112
0.1915339375172067
0.7668000725101869
0.8270008536966746
0.6264906749550068
0.9989893342652993
-0.24909425781249883
-0.11678646140562665
0.6923006119188742
-0.5739934833595755
0.4964583402341445
0.1953042354067025
-0.2975463695486782
0.6004330372653623
-0.46464425271588605
-0.12680023390578743
-0.5304904207796299
-0.3465789440702123
0.8196271796880812
-0.3430142657093924
0.6835222933029959
0.5754376049142418
-0.7085241315819586
0.893436761085938
0.8574466655277833
0.2788290224330132
-0.5492608883150087
0.49132475389776586
0.8943177748086357
0.6676972772872272
-0.6324292331087191
-0.018635071878518206
0.9041205403066293
-0.7560068785622513
-0.27233796570680635
0.8132736495983026
0.986768156998497
0.6162249516130596
0.9324088297058117
-0.5913812299681438
0.5179523887084676
-0.2037992292819506
-0.38050880044517377
-0.6351450912577805
-0.5857888914561653
-0.4878270243640046
0.6253588888541453
0.70209046255663
-0.017136098089271412
-0.002799117235706916
-0.3726801863933218
-0.3250751997413297
-0.4235596685566412
-0.6438294388795864
-0.49181763042952453
0.6746836256333242
0.776780120953749
0.34249533066052096
-0.3284674386377524
-0.29340502780003797
-0.6386330147575949
-0.5196538828036754
0.5221045885223954
-0.08807756299774838
-0.2056169134102559
0.9578952950553186
0.5352130322907411
0.614871140529208
-0.4761416281475759
-0.4905950928160554
-0.4120769935052435
-0.780632570386758
0.20486954014822034
0.42254876894892934
0.04874550743789374
-0.5223999978779885
0.9349576578514494
-0.0942749734004702
-0.7369871674042454
-0.9241211054953209
0.5935472788351164
-0.3965418136443606
-0.09939742000348661
-0.6814203431700323
-0.3075118667877641
0.05533642055663779
-0.9129904500455934
-0.9042323443620159
-0.699259836123181
0.7276022614560658
0.9755979162001425
0.5693185984401274
0.08644838231281526
-0.7726068365165297
-0.3878829986604493
0.32489681176985963
-0.7316200752767148
-0.6862550185333469
-0.21929927674245375
-0.3837455661029936
-0.9446003587858993
0.6907385005272573
-0.6394377405287004
-0.9156578977270551
0.5554781268207181
-0.9140781728289389
0.20328362018751434
0.8168919661842
-0.868133764627804
-0.5306443296538856
-0.13256186618910637
-0.52552485825951
0.2643232379663807
0.447764337748753
-0.3032256261559809
0.35407239542258817
-0.17787954149962948
-0.7348522064235257
-0.47877668985370647
0.1779133932203456
0.6839945955889692
0.753542806475809
-0.36609762522036005
0.661393968900281
0.9782081407293035
-0.4617854299179689
-0.46303146006341156
-0.47967306772566487
-0.39920102650512224
-0.991300806876793
-0.03015875642712529
0.19218095153606884
0.41393238452207304
-0.7501878448183179
0.501313096373313
-0.9151340165102728
-0.4074255480890041
0.06817195845385116
-0.7203118019960817
-0.23013116197594297
0.8353954013192808
-0.6479441652811289
0.2245630201757982
-0.22708990766868054
0.8228739389359196
-0.5496994486430491
-0.6696223788332927
-0.723106298372947
-0.3229429976215772
0.22080912341665626
-0.5030137163121413
-0.15279504021531842
0.22741326745613355
-0.8974540645421387
0.5720045740552393
-0.3340030896285826
0.9983948441608441
0.08666384265790139
0.527378244035331
0.5576341916470842
0.23654535400386312
0.020939720387332494
0.33588048015773864
-0.26626514323630124
0.2822741328182943
-0.3759332283560737
-0.9739434081843186
-0.30114565662746773
0.20823731279357727
-0.6548090234526118
-0.7177900777485804
0.3625548849393787
0.7264668568298149
0.8021619690667514
0.16570419909171985
0.4313062069358877
-0.5889954420503558
-0.8916514425311595
-0.9836608185000013
-0.1502360115989838
-0.20008735871720007
0.3689831247902764
-0.721617096445365
-0.572397542806145
0.7524045922443146
0.6858766495092343
-0.4124051570259224
0.28528310511127364
0.26593220339116463
-0.5312427708706844
0.9853896063488687
-0.5619668167338068
0.24352534440493878
-0.8346998501458527
-0.5962107141512454
-0.4622140238238359
-0.5840988138045111
-0.5034136347021623
0.6076850693540212
0.8784190694722716
-0.49506250726798706
-0.38622706587373457
0.9969530719424533
0.5183388891417777
-0.27108501511538385
-0.04381772708115528
0.28096281861233585
-0.421837541866126
-0.4022358620658255
0.7707215811938957
-0.851638591735957
0.7348153640509698
-0.5581158285613288
0.9377077681260384
-0.824213833037883
0.6475761145602978
0.9169220333481807
0.5725126295048293
-0.188253942111839
-0.3842306489714282
0.7244650062546933
-0.9340274945979856
-0.46007756421830437
0.16648897166171928
0.6209747108079846
-0.8050886127355048
-0.9587435603738517
-0.2549084524968501
-0.28169569258249516
-0.9323869020796745
-0.9715792697953538
0.3868415270650871
-0.30173513944660635
-0.169857869711999
0.4168441101159839
-0.4174312637065858
0.302465835528716
0.7800535986546047
-0.6321442040265015
-0.8055533548272718
-0.6864639755428452
0.48232857829761033
-0.4070653593472242
0.4784400767397876
0.8517092865902918
0.7076263272341734
-0.8878035153883468
-0.343809226949632
0.7163854744543507
-0.6136969088847399
0.19667586445426744
0.01594560232851605
0.8428711036750474
-0.27212917150932747
-0.33145602129390883
-0.37185441942551334
-0.43241458844444325
0.15487308689054546
0.45394578140452224
0.06327423224715067
-0.11873593223569467
-0.6483281846559623
-0.6484153912096307
-0.9439629850314601
-0.8794778461194859
0.9860140380473501
0.13034694535666902
-0.4625786938652716
-0.15355065915468824
-0.8021921654165558
-0.30662170272472067
0.6146875041143851
-0.2526328445616539
-0.21084243440350936
0.14448544190011425
-0.6300145727458408
-0.13341180706868672
-0.03379342183159695
0.6207764507600271
0.9401408527764221
0.04660656071915059
0.41594751797533625
-0.3560386573059575
0.06358424863241452
0.09794861909667096
0.9395749572640903
0.6313179399708639
-0.19625443021529354
-0.24808619054268366
-0.21164153923909357
-0.6201882786560811
-0.11157624224435558
0.6883435704060201
-0.056057329500787345
-0.4013189548167915
-0.10264502403181708
-0.9774617470827582
0.09308175299358612
0.24942490629206215
0.2285046610800312
-0.054751355694826476
-0.26154098759500477
0.43822143199667796
0.2090455769332702
0.7686845066804866
0.15372301638212083
-0.8861180855022077
-0.3580300941310084
0.31924427848194203
0.8859511833270606
0.16724204156524158
-0.05982785020780268
-0.8178943455485563
0.5854235920064843
0.4641527407252668
0.3455949254456516
-0.3913156095639947
-0.49061122683422353
0.7658338960012869
0.6176909226167495
-0.9412516234577799
-0.462586845313135
0.9166504750967361
-0.7779833543705734
-0.4879201605174788
0.7308961668643787
0.4363615245033903
-0.3625425467757173
0.9020794021387071
-0.13946394650861227
-0.19598935161843856
0.4134098747720676
0.18774385715148845
-0.9196936686078994
0.4302866374677694
0.04281449193884912
-0.1408944509549439
0.1423142367515171
0.12828524396157448
0.3246290488066075
0.39987140409566146
-0.07425993444079015
0.6568609625455297
0.40992280060603625
0.11642639120758314
0.3148196848848517
-0.7588013487277327
0.12637320660360585
-0.12182537594944587
-0.1532892652393858
0.7095752899277965
-0.8416290527838266
0.08144740838614828
0.9389245116958389
0.2706285941574844
-0.44615265722823283
-0.32373093461387503
0.8244249476910743
-0.22740951414329036
-0.0028154713176336
-0.3462797341464916
-0.19116230490893682
-0.4726893891944248
-0.6960805385245823
0.6408296893783076
0.4276399900911625
0.5130320701065045
-0.2547614894393919
-0.07667728502885196
0.1760653909579737
0.2915159757246826
0.6566209962132894
-0.8609212017746883
0.7732140776435361
-0.7943193780073035
-0.09018185122050171
0.10539363610044705
0.9234454090507982
0.8795927763419795
-0.1681814406319715
-0.8372342714394467
-0.5410774168561334
0.49463003009578
0.4386262378918935
0.10906360434867679
-0.8848526503280381
-0.41319719050560066
-0.3616979380899892
0.031358915609872584
0.23812332191228847
-0.20684550556200598
-0.09348439934691344
0.5667677441567396
0.9706940252236951
-0.6461237813379808
0.6690689780890924
0.021061764912935654
-0.9996396753885433
-0.6887316496764109
0.23555420688093354
0.23866218825936936
-0.658880655298621
0.8213971803167073
-0.09162307701502859
-0.18027527446243607
-0.49055059245267163
0.26958328685772925
0.03304193856155324
0.9753073599466653
-0.7379509353664893
-0.8162659324277717
0.3473718733856903
0.9376133605056871
0.5292046307518861
-0.775779907545743
-0.9054563751951994
0.5732271980022154
-0.6928544764423379
0.6974693912682661
0.06580052822347082
-0.8866042186138345
-0.8510774879886209
0.3676060631525717
-0.5607188233233684
0.32061818350074933
0.19473750973192505
-0.29492721658954957
-0.6265468371282679
0.10326179384025669
-0.28063791429692464
0.6089245382550661
-0.4170680214858853
0.4675195178651399
-0.739766512308734
-0.15763316946416883
0.7839599380423601
0.5615587549261252
-0.6301710188604306
0.9361659848086565
0.6669567690177931
0.5469144937695722
-0.35072789361538637
0.08574475136002513
-0.7756258343994262
-0.053601216392707984
-0.030529895137548335
0.32509426396548524
0.7478478417427166
0.39994091346481997
-0.2572934894037029
0.4450853810837343
-0.2773207232643722
0.08101569387031082
0.028755032600441988
-0.4253444381812306
0.2574389060607991
-0.7750109939504024
-0.8068358186517612
-0.25744069422068194
-0.9942197266246686
0.33524842709323277
0.22140546122833404
0.9869556789842049
0.36051016600842933
-0.644222829540807
-0.5911063598381563
-0.8781877233320543
0.6141616295853582
-0.20057561407680913
0.85911149910933
-0.3871633598990136
0.4451604817238717
-0.027299817049885045
-0.8857736296446401
-0.8735710116368822
-0.7021663769839581
-0.37529153375263746
-0.9447201172436863
0.08388446415560447
0.827863156008918
-0.8321679180648194
0.6802171778205517
-0.8309995383055935
0.5203235284859489
-0.958582384832936
-0.1637684163820965
0.4179707074907353
0.9322009801055258
-0.8618608354513848
-0.2593543812449719
-0.9275599147810303
-0.8184823590805905
-0.24257973246565956
0.19544574626597067
-0.46589415801762946
0.6256877654130286
-0.3852234120497804
-0.3882697894507148
-0.14798274294584535
0.9909061137964499
0.4932741829746512
0.7760271555591702
-0.5782027537774739
0.1910625040696985
-0.5098943049423501
0.6199263796819106
-0.7166541825596691
-0.45810398889595283
0.2808658548943517
-0.8613687556601872
0.0445744212737591
-0.33317008253388725
-0.8332830273461211
0.35796590439121334
0.6051138065367827
0.23407876832613872
0.1745391085284087
-0.6312482041253007
-0.9750860628098548
0.8113961963503509
-0.31955084256477373
-0.28961272155962847
-0.995162562675737
0.42210985154834346
-0.41046775234939514
-0.6193638193395641
-0.826714054430981
0.43577209985715637
0.5720695216262293
-0.03983249040743697
0.5645436407518274
-0.0240160537576406
-0.7160206753100007
0.5054855009356758
0.2935455065736092
0.9816670338831124
-0.4604257432248251
-0.33002222017797544
0.4761318606781044
0.9177295669882781
0.17934682114151967
0.8038035451327683
-0.2904763481104651
-0.5390393443441341
-0.3747430387637247
0.06260252140576927
-0.4542898676450875
-0.05556925974134641
-0.7982954903074624
-0.7853735839349496
0.953564417808755
0.9424091744752534
0.07247157930003434
-0.13254850298061505
-0.3440907948691274
-0.5797656908678117
-0.72829617986456
0.43881976171771475
0.06299166029501113
0.7806483214155304
-0.9136773743626314
-0.7459311653238199
0.9312049051584337
0.7673984553043105
-0.31200185534823177
-0.09588569309604522
0.926339721746918
0.9317645294559773
-0.8653776196909029
0.562750583268461
0.1958136173245475
-0.9615772177431996
-0.8801236882849099
-0.9100790949569675
-0.7951386685846786
-0.7901433987413371
0.004808474354348391
0.5667036319835019
-0.2911234460996299
0.09198516448681104
0.7118226323272805
0.5937263697694921
0.8800137696889907
-0.6449489975672724
-0.800980418296682
0.19818496077668124
0.3990295217671289
-0.3899651396872108
-0.1751535541245881
0.32733375969172696
0.366658538307
-0.7179132818804594
0.2802713489008759
0.9538930316299568
-0.47059964328167503
-0.3246365214346012
0.7200627627660088
0.9122556057763067
0.8405719638516866
0.297886450317564
-0.18466632912022507
-0.5788936843816828
-0.7948145146928327
0.24290916577807242
0.6416583940183156
0.5117177697790665
0.5873707048557832
-0.6626674691622123
0.9182182382359358
0.03547767276889302
-0.8809806751972882
-0.3496334711337661
-0.8680212374454337
0.44524805831268455
0.9585907936014986
-0.38586915315042614
-0.9243162378236152
0.6295705148971715
-0.2111265504911859
0.9273196692244092
0.40890966201551593
0.7144895036693588
0.45408581875629705
-0.7028994293014692
-0.772915129724282
0.34471597449787383
-0.3050124384152304
0.9087709238361992
0.4988667839585659
-0.5342545711591491
0.10076915138535925
-0.936119748217372
0.2766294016979314
-0.36447444520664485
-0.9915492093289051
0.6535896640230119
0.015694261879052096
-0.4092192757972142
0.24618205853601194
0.1720047066418382
-0.7529216372150298
0.738445590356797
-0.6003087937766751
-0.39665858991557323
0.6590277129691271
0.7369613126303072
0.292045275637308
-0.6642719893508113
-0.9896085477309657
-0.968661603139757
-0.6223318968004863
0.05800918336801453
0.5319512828798307
0.34981016124861397
-0.6238465555812227
-0.9816647263642484
-0.39575187237349985
0.8218964503189665
0.33226431489840746
-0.5349178876759215
-0.90664510121204
-0.0438651225916169
0.17903068993079874
-0.3348963733485577
-0.1277502655320537
-0.3074224439287947
0.6494949868667834
0.053633385466238526
-0.029147876773823578
0.9429783294435541
0.8533246846335665
-0.8998096677125491
-0.7917073815949043
-0.12086483858620478
0.09643605545835188
0.128494144559554
0.182375559929564
-0.7588298939542153
0.2033887039855813
0.20936048523466022
0.7840836772096336
-0.0747019655510206
-0.03888582418920139
-0.25599051130932726
-0.31682671898078096
0.13946105619556382
-0.5993408172230155
0.5991502041317991
-0.05919263065042557
-0.45590775897832647
0.46512272226288154
-0.8546318018906485
0.4827226390845085
-0.7627527646229981
-0.11783718382273656
0.6620771970798056
-0.5477694967043707
-0.4705817380635313
0.9476468508140272
0.848355943836326
-0.3547969143021106
-0.5834471851399168
-0.8272507936589557
0.493692139543463
-0.6992451689096573
-0.47576381643472376
-0.9776195379466215
-0.1946029244967733
0.12403914236218161
0.41927278528062706
0.0978050313389025
0.29465866904256854
0.15315568512098676
-0.4738550070885261
-0.9304815573685046
0.8710745109445783
-0.8804355475792327
0.9864869941418837
-0.39783046965394075
-0.6014213454526005
-0.032293561501272716
-0.42305633986809665
-0.12757190940956153
0.9319173085177177
0.9379438722057081
-0.7854277195057255
0.16345765763116304
0.033805326072266384
-0.7653359975125933
0.8953175631880155
0.7325467564569645
-0.06716171469877286
0.6222629872228769
0.7306848023608918
-0.5004524528282823
-0.8859079609952871
0.6860142586268119
-0.0940670323999151
0.3583773749720267
-0.42196221051905547
0.14416628605406379
0.19308533820085994
0.8728407354779166
0.2740817611760762
0.5775347874272638
0.16892161679204998
0.13548094243539444
0.7028938269381408
0.1852449566549892
0.995151685830354
0.8700230516531968
0.6251018268304311
0.9001777347251092
0.6772742083912537
0.6591994988986789
0.6019098580040645
0.1194780361087806
0.3232718747254404
-0.816559022938592
-0.8547691395528245
-0.6955959979567128
-0.9987645315270262
-0.7049883416781471
-0.9429839786693763
0.15120358086298813
-0.8268794378065869
-0.33853432586772847
-0.012046586902121348
0.5922340321911113
-0.7484049878977299
0.20299440655086953
-0.5413960688323425
-0.4825369041865002
-0.667073371378542
-0.6942955600814951
0.12728580178426885
-0.868768170714648
-0.8834140116259577
0.6689338354856071
-0.7065718989775334
-0.2314494682356829
0.8798044909088194
0.14989242152028548
0.6377747801639979
-0.3857165821334645
-0.07733294217620679
-0.5199620987795814
0.6053639636679065
0.8383864443226159
0.6796278511008012
-0.5840338701276453
-0.7233000114859482
0.40832462952882587
-0.06437973261849583
-0.2837767255012331
0.5331221140474895
-0.9733256976586857
0.19099474166736718
-0.2585499370344868
-0.878497412257681
-0.9671776242285981
0.5567203726957299
-0.21231623939894662
-0.23614254389398237
-0.2419297367743547
0.04158194766153267
0.1731655028519905
0.6288501547891783
0.36883880969665617
-0.03260207757547362
-0.754529335205621
0.0961629626366598
-0.09103703860658086
-0.20866281804871734
-0.13160604009731025
0.3658330330197106
0.09503577071144331
0.7362635272329032
-0.2691966881382768
0.5234503333141571
-0.2396979522896685
0.3870897669726101
-0.6151015915227813
-0.7890457332791194
-0.9928914778394329
0.5752524618647248
0.9500129367211891
-0.3057096599388949
-0.38918696496548155
-0.5265508386145139
-0.04026495165785948
-0.7572626119944086
0.5914219089133073
-0.5911127167365089
0.24219064966361703
0.8675569861323893
0.729573809781209
-0.9056748331476345
0.8124280298291757
-0.49068958041675925
-0.7197173676038122
-0.1481277075051035
0.39559436310763973
0.1301310247732239
0.7740227149002858
-0.4983483015076582
-0.904963349356287
0.7474969808345218
-0.6949551393367785
0.9231198263228806
0.13693455216577277
0.10426304640085426
0.5630819602272508
-0.007901635895605219
-0.9125326678348709
0.4142136882923477
-0.8925085144683886
0.47611254394810887
-0.03018118694425498
0.12123365178946033
0.4368355624103746
-0.5010899516733189
-0.4211098959488464
-0.3330205416155041
0.28109697220466834
-0.553519947570325
-0.749204428640813
0.8736511605111104
-0.3741189494187813
-0.01611076958485147
0.28720017419713173
0.9934373142640807
-0.8586012883035872
-0.4605891185196518
-0.27956834368739214
-0.28619220790555633
0.9420394668885324
0.5281213130820237
-0.661440444937418
-0.8827621557317489
0.8970093340446255
0.08891600260836241
-0.6202144156043743
-0.9902765811155538
-0.6832383084721378
-0.10999673494644302
-0.840297900138014
0.35506229281904633
-0.01271056196923781
0.5720872137179147
-0.7094943770680608
0.3974624007211358
0.7557648266065238
-0.7368506591745045
0.4148159434872478
-0.40612697151492205
0.5064562042480654
-0.35923715891492747
-0.6422451407679797
-0.597244019561189
0.5551866905965717
-0.28041540159985945
0.7924523822302649
0.5210209296968771
-0.2220430244825884
0.74130977293079
-0.45132422471794653
0.5103897574728893
-0.6623455773477276
-0.2849865495607171
0.5908436615392172
0.5263941546174149
0.8813392634033617
-0.4902580365518645
-0.0038085313623541506
-0.9777279730660722
-0.1374564054153138
-0.3637394592437644
0.7303965359229563
-0.36429285475987117
0.42893773020818293
-0.5825821140862213
-0.658821907022584
0.9320739387606412
0.201957561411362
-0.027522554422910073
-0.8364994485626174
0.2881838501759548
-0.8963221486843886
-0.803639324106991
-0.5090733786721009
-0.5670755719461587
-0.5758337788360339
-0.06232171473621695
-0.49875229903206497
-0.5987480742187936
-0.5254725074922455
0.42809140197650475
0.279758474451574
-0.4649357023376024
-0.600033068711123
-0.5965085687842655
0.6810685096316811
-0.3992011341742021
0.8566394420453449
0.7219984355233195
0.504108273038016
-0.9634641253806562
-0.11216355686138413
-0.10723716181665943
0.19287110745098524
-0.8029176077560012
0.2567188237254019
0.556557364553544
0.5434073489140359
0.613553971479472
-0.6258857125404749
0.9713574999525716
-0.742095374048525
-0.8078875290909437
-0.06566695981053727
0.09372626261333195
0.3460073403852928
0.9377738368061574
0.29598583168021797
0.03810937313227036
0.5260087513465814
0.7133063970344653
-0.10353974213976413
-0.8231125376117283
0.9505206809580651
-0.6643370466274205
-0.9232769433083532
0.3090882227643925
-0.047118955104314963
0.4532662297285739
0.6436311517732209
0.9534991613217545
-0.7381153050859679
-0.4916754299234549
0.16243320444903442
-0.3672609929848194
-0.34049289818664663
0.0957722393897642
-0.6720815670066671
-0.3895566516346063
0.46278973401875856
-0.9924220318991774
-0.9059210950980028
0.18300236931058889
-0.14880604981750967
-0.8151242674066617
-0.4507364160064673
0.9325116909340205
-0.010848326123682472
-0.08536857581082202
-0.7695466870408267
-0.8978133605114522
-0.13246384123239685
0.8244378731830819
0.5861493557444295
-0.31040115282573266
-0.38066846401723575
-0.42987668848674754
-0.649576885674735
-0.29924204925566134
0.47567930440730555
0.5485789747183403
0.2557727984082867
0.7669794141470536
0.26272467493071416
-0.10089246310129019
0.7984914422315827
0.7416629209242631
0.38542646704329564
-0.027672341750359486
-0.6789242990835767
0.506306638267773
0.4723667869114172
0.020605980255307577
0.13090924794411607
0.03652001690700679
-0.8234760692809313
0.12453220484805594
-0.7043202538622313
0.8070908544283242
0.5275085333157714
-0.5541859662239137
-0.4135351856687226
0.06929200535925273
-0.7086192086464373
-0.877600834211802
-0.008826203954320322
-0.9892034582762153
-0.11422043601993215
0.8972242095652911
0.5042332804411465
-0.5466210787894326
0.10772902855156397
-0.7268436850976283
0.5405673099989601
-0.8742843254382167
0.6768435623981928
0.4887198999174982
0.6238055758665537
0.16421270582305847
-0.4225072167587953
0.3367513389700958
-0.053174321592434515
0.1857783139623903
0.16551147467843053
-0.5750781161143037
-0.7849354987027102
-0.9199688566631783
-0.029749274368843892
0.46559149683801704
0.16774810036934995
0.3215960932959445
0.9553315024492446
0.4665973274911126
0.515830189380099
-0.08087158524442573
-0.050579432363612176
-0.5134773841354128
0.5244258205933325
-0.652042079465242
0.10783958291128304
-0.10064913943406495
0.7291156603225568
-0.9680318438181317
-0.8218222238954112
-0.45266619094325944
0.4146087993537395
0.9999832455540381
0.8506807933231268
-0.5326742549610008
-0.8060872552928406
0.5751449199226268
0.13955178531218237
0.39010987181112466
0.15333679150939683
0.3572575008761376
0.222501236411071
0.3840995936632219
-0.22351227467979373
0.5022127760623512
0.9468562154935236
0.10197305509405519
-0.6916519483324857
0.19598597564603515
0.8266481633934255
0.48616249647879806
0.5886736629558245
0.01064010864672138
0.4345190066232687
-0.44216907479647394
0.21561776739282812
0.48912137619208473
0.3385904393532979
-0.2761118355615544
0.6613846341507099
0.8484814015970807
-0.4139017520419024
0.33449752980644387
0.8094833518610192
0.077999879445807
-0.40993277182596777
0.5853249099060227
-0.0011942214553601893
0.04732966087963364
0.9843279367789883
-0.9494627184049431
-0.54604528388815
0.25953772549523557
0.5235844004508248
-0.9531380288805318
-0.8994865799980272
-0.18274791865873175
-0.29119626505103846
-0.5873971117061096
0.6262826027351482
0.025714097449554663
0.97412690218067
-0.4616520670621733
-0.04679176678238828
-0.9348169712146388
0.5830031462533365
-0.03435150438524226
0.28066465184263056
0.8981843496157484
-0.6461942922000552
0.7362729673971478
0.15312316422483208
0.7384681402643185
0.5678265575907229
-0.6110494739148418
-0.39854505169067544
0.6243441455014631
0.4899900694112782
-0.8029837452554585
-0.34339256156012565
-0.7958025012095493
-0.7533111816683105
-0.4972995153080326
0.939556480868728
0.8671737992048127
0.3435073854959154
-0.9685706376001348
-0.6877862866484159
-0.874108609979432
-0.8778605347419395
-0.6389107234209799
-0.16109304301594007
0.40826726093090904
-0.9885914571917958
0.08060281891222121
-0.34766578358311784
-0.7383420205235545
-0.13345178299254967
-0.39865149826423907
-0.016581588419350535
-0.6542642560123315
0.8471853957218498
0.8706923761525462
-0.8100859240223042
-0.8860474912966239
0.6866809673272976
0.013454678263825404
-0.8435728309446238
-0.057052265192911955
0.5433596684168993
-0.6696777682639559
-0.5007277879135814
-0.17667609906239412
-0.6185591895941924
-0.3978306237002007
-0.4274077336393467
-0.5127792266391928
0.6205236100313534
-0.6161317578194108
-0.9979951035402403
-0.4627701287420778
-0.3688858761289904
-0.19156321768784945
-0.6935645060998432
0.7130842225305534
-0.22899872634642726
-0.3806181263860229
-0.21623143967984393
-0.42202385458258185
-0.264753885068743
0.30277412931855086
-0.0663945026995647
-0.4886047182357962
-0.3683650473548341
0.6852374010576703
0.10124126129648059
0.13630131507394716
-0.058868715539459826
0.8897037708151765
-0.8023454628055386
0.39987936322691264
-0.6976766211238936
0.45575123751013513
0.9485425921530435
-0.28591460432594107
0.144583593924428
0.5761050192500672
0.49348214319041483
-0.5988098459150026
0.24843329546328374
0.7465793878986653
-0.3858534559597169
0.3461395335833435
-0.3190349684253957
-0.8077497684463646
0.4072196184865149
-0.10121236445878679
0.9927865503845408
-0.24567382747103617
0.2941490159909037
0.04949212993918417
0.5946283679505662
0.8644224535841758
-0.9633025614534605
-0.32849850170844697
0.6887973377029442
0.12746659326633947
0.591210571872155
-0.4020020350958111
-0.0037025167514939117
0.5259858217570825
-0.14781732996539954
0.987497485778186
-0.7644044240803121
0.9274248136250405
0.6521155236753367
0.4865941069910735
0.34388717670692337
-0.22884090662022682
0.847007539482227
-0.6476446458573268
-0.7110606143438143
-0.5979044798415465
0.13317551500009328
0.044780122578405024
-0.18646992209968527
0.026602432085828243
0.31012230116258155
0.7386540187712811
0.09672588229444523
0.5010014404348875
0.9622392138950409
-0.9655218639817578
0.5383006609004388
-0.337261100643484
0.8436413786854868
-0.15141955363967408
-0.979518072641421
-0.8118661514088485
-0.03453867780087805
-0.4770577382784056
-0.6589107341121443
-0.5730179699055311
-0.6815309322149412
0.9568897582165727
0.3741195044509995
0.2839755320324455
-0.2663618175030673
0.5545336888471413
-0.8869132637208783
0.3475999745210052
0.42882745483199325
0.09746442050177273
-0.13893449865465013
-0.47546544271288904
-0.9600719163847968
0.5931789582546965
0.38309551513913664
0.9611470479514541
0.6528604258605448
0.9150080167741859
0.49528189690660507
0.7789028780562832
-0.1216429397707599
-0.997476165403365
-0.6893833941537555
0.9218392077568358
0.11997274436367089
0.21918524710098053
-0.5625756539063105
-0.6735919275280764
0.14269052295392504
-0.3736990612397859
0.6255593099932044
0.43579086729239935
-0.5284002488518904
-0.8681610016302381
0.29707856054772397
-0.8921791458552311
-0.011928401932807198
-0.42743327752260774
0.05185422342166235
-0.480520331461747
0.7702415752833194
-0.32202015523491356
0.5848460597072966
-0.5296188173755763
0.23404639468959965
-0.43126016883538076
0.8426214554633042
-0.6164205140880661
0.07673277957232671
0.5795394156458511
-0.20839613623367903
-0.307660892117676
-0.3503510840572852
0.9743793831020291
0.024825135860041758
-0.06784372842450681
0.1571306466456166
-0.22261120376994303
0.5005494226627532
-0.35898624775633836
-0.27134376781610414
0.13485097479086772
-0.15944313460186632
-0.6172746448595992
0.12610009568070235
0.8334260631912245
-0.3971358605780104
-0.3564550441200547
0.7966083546889458
-0.5526125699352382
-0.7144843573175266
-0.2523053534790669
0.29023337064123345
0.7479481304041589
0.7233773690776688
-0.07809190975500635
0.01779495350502014
0.8592882994387838
-0.08763897371456464
-0.10290618580361088
-0.7050495006446884
0.8128904522351206
-0.3619345165672043
0.6590422714962405
0.87620043517772
-0.6575915580674501
0.644625278216244
0.006388838000263686
0.209127478418752
-0.4307046345809715
-0.5095207678822995
0.4519144558448789
-0.5357205490811607
0.15060146042407974
0.3985309053012167
-0.5840248271530151
0.9015497457197605
-0.5521555027662397
-0.6948246683214485
-0.9102743109118283
-0.9147453204562528
0.23340554484966125
-0.2577121649165459
-0.47143291367828066
-0.6086608835389273
-0.5549810919510321
0.20317278435095765
-0.5222004973304295
-0.6318293338640075
0.9313798274435194
0.3782755266324598
-0.6273767603474927
-0.3045696049282507
-0.3188042538596434
0.877145468812359
0.5516014334664132
0.0988680752584934
0.5561981537295411
0.9367526106759909
0.9082937050821063
0.4426537153768506
-0.38419421334867887
-0.9250595229870759
-0.3469375411779241
0.3564992562987115
0.4055843342565437
0.49903886163765443
-0.16795749330547283
0.5253382000786146
0.31515879107982214
0.8946249301607294
-0.0023922732932475377
-0.2917165698953015
0.803528330762709
-0.24752691030723284
-0.44043100836099724
-0.5909684903246166
-0.16196629752496272
0.1318308996652331
0.06811459309792411
0.9388729151245856
0.26457173566480297
0.8541722933471763
-0.049260981433219664
0.608738720378831
-0.5687656552058555
-0.6762714801914949
-0.3358059487927605
0.8826405306398222
0.8889871628959438
0.8751064790306857
0.0917926110259486
0.6786865333232386
-0.6309565026308497
0.4979053549280781
0.8589950458699092
-0.52821880737287
0.14037018885416574
0.5398670437583291
-0.36773755634694427
0.07762586160276297
0.9590670823236374
0.562067417224644
0.21380043924392877
-0.8631592623478912
0.9747518858047302
-0.6209121553457131
0.9043215259262103
-0.7360754891860932
0.0001617387876249321
0.44711509256190785
0.6663764735920683
0.1787690480995483
0.24012012171046226
0.2815950854920255
0.46246098525227275
0.8402476537189298
0.8067940945132068
-0.2009159266252809
0.6179270432466215
-0.8775741912077779
-0.7210308947920148
-0.3209241086642598
-0.748636613277097
0.7907299561114369
-0.004776359244006878
0.38257636216235924
-0.45337301367769256
-0.30395052968640157
-0.33564440664137396
0.7032870698189002
0.7568183998058053
0.3661748995910312
0.7596826391049885
-0.3726981877509239
0.7817110256171731
-0.14902334132163664
0.8648045077147979
-0.3291652879482512
0.5382241836341257
-0.5489854048974079
0.4347401549137282
-0.3489730753177165
-0.6624286499200347
0.6299458959050488
-0.8092301038038314
0.1483024022243713
0.9312673540695464
-0.09155710625055935
0.4376259635719746
0.05405076812448684
0.3743472868524065
0.05603453098263467
-0.36817975156103366
-0.8273080474299788
0.9344447648870746
-0.6600461617112465
0.1463243672465635
0.15491918139398675
-0.9718907027588322
-0.18428759191391153
-0.2465388616636104
0.4278130937836675
0.38363300240344644
-0.14429394933421502
-0.029637170994951223
-0.5881897548224646
-0.5171745328206514
0.7421902145128196
-0.28032013761109864
0.9223465710843208
0.9050262021380087
0.8111947556232753
-0.732179175808054
0.28429364541619284
-0.40322556113419594
0.1564081831845039
-0.6885274477994285
-0.6768536797218045
0.8533536874256757
0.07166953932752751
-0.2890297862902931
-0.1579873539658132
0.24489908664839044
0.06917678205502087
