-0.3884601017831386
-0.7770702207984073
-0.4475122747040374
-0.6753186227880514
-0.05361637186083201
-0.8450712563394307
0.7807472930968802
-0.05714732897922503
-0.40325412454830833
-0.8685054047594909
-0.261479120672669
-0.7236680464285634
-0.04151354892544479
0.6816879944036436
0.005760079942044305
-0.30983380757456147
-0.11368414155700624
-0.5124202217798142
0.22358718717213888
0.3975468322927289
0.49997804650823485
0.19045152705522939
-0.5204739884447824
-0.2138367027629413
0.08345870243307596
-0.6177433491652768
-0.8428944870817137
-0.48549496387046376
0.1740004184628572
0.4478885594815605
0.5011361449485487
-0.6020228740480178
0.38620083468126665
-0.8709444742348564
0.1472306214432748
-0.39128879270486405
0.0671877514278556
-0.6439382386163572
0.43478813385225723
0.8829026466661412
-0.3904681455478336
-0.6231813165010436
0.22584142111753258
0.28228215421156855
-0.6731538406943371
-0.38508292761538376
-0.12563546281924065
0.14241798194953903
-0.15033802078690228
0.6791366116527724
0.20662169359738836
0.31566897535327687
-0.9452065211840859
0.08092989811008189
-0.3078000883216312
0.21168357343018718
-0.09015807226534989
0.8115754184836903
0.9669859016708164
0.8220823662803001
0.7457312084026935
-0.34620880130143106
0.5608062736612422
0.6141116367830857
0.22607560757744505
0.11840270833261624
0.7650279877232642
-0.7208272664169026
0.862746861337051
-0.14183794344423384
-0.44453202188434804
0.5076955758774153
-0.9764242105978171
0.45119853134729104
-0.4008218584249761
-0.19879080412887395
0.5840703485333072
-0.23453355162539724
-0.025024945162644308
-0.935927459579126
0.6518879846950687
0.05003381370147064
0.03925279023967643
-0.24825045424065673
-0.8553620891122362
-0.47297024687543043
0.2882030895358334
0.5924231125037906
-0.0399672558800066
-0.833316892454373
0.4447182612242562
0.7212121548548434
-0.7297586526236488
0.9622602676552874
-0.2421969916251825
0.42644519660030955
-0.8586351363197755
-0.5832345973380937
0.6917273539870747
-0.028779024415944487
-0.16730028523771545
0.32937468189442143
0.29552637620247424
0.4967682074893154
-0.1455239574182241
-0.6243249709363765
0.7033656988910628
0.4547385067110812
-0.19996258640728914
-0.06043807123973277
-0.4595974492984338
0.13778890758138052
0.6511930326023454
0.7974316406328439
-0.26074067219637986
-0.5070962497359901
0.6878494043598762
-0.7820651118402215
0.2517207961604466
0.15082558089689857
-0.44084624236237224
-0.05704584583605676
0.6248063327673488
0.7910224465676607
-0.46645227596493877
0.11255616146593339
-0.06742983362463661
0.6583869603473183
0.020276591152787793
0.06264041656705954
0.587442640294692
0.24516803748871285
-0.4750430537149526
-0.18699135264439493
-0.05272786424689646
-0.025016147812383815
-0.20986403056713376
0.48231608170008244
-0.2699951547288073
-0.6699508584729572
0.8173742329227804
0.9563953701353656
0.6936130704958112
0.09003362913004853
0.3629526498033513
0.36460628763546743
-0.9155475738520154
-0.5652650300266862
0.2846354779606739
0.7268001854737132
0.6051398956870657
0.4043730812662307
0.14282375582756646
0.05207921931695658
0.9772438156116572
0.41333676004573316
-0.1130260430433474
-0.8146809413245608
0.9103573426724825
-0.157922675659522
-0.5286060402809956
0.8342752913157174
-0.9040665855357433
0.7051051907665349
0.971882193105809
0.8456929161255422
0.4067129290444369
-0.1045538131701762
0.7042509750556871
0.32953605451521595
0.019839500977672397
-0.33107286661992363
0.8524598065574727
0.9834119560965897
-0.051960901547335236
-0.6270922084554527
0.6928001380512263
0.46856910081817915
-0.1181753837772872
0.1031878571763154
-0.09800630405595778
0.6345422501214106
-0.5706096832690304
0.42495666248078434
-0.4652740620233422
-0.6611743878734728
-0.866211357958955
0.5044254218808146
0.5886297234967033
-0.9559136870563714
-0.6429288325366744
-0.06408350787416173
-0.16515287942258516
-0.6684355240579476
-0.8569868257999229
-0.7861034854086428
-0.8821417380799779
0.6812133857537739
0.014117868149019941
-0.8602677348961509
0.7447508707506882
-0.05051113269166341
0.9823479583120245
-0.8101920734215469
0.08581020170796938
-0.6412579835498637
-0.6600047509291935
0.6208364414703154
0.4860188968864303
-0.4425507214832076
0.7504143505214489
0.7016168607506903
-0.4939605894682222
0.08590440899846552
-0.8502422611279372
-0.988144892737779
-0.43819028382690073
0.03783954735002215
-0.3695525820344323
0.316970053313425
-0.2563250840518103
0.13182490800740787
0.3502956995477282
0.5228854581809015
0.6082423181818084
0.9060022393096396
0.8766466731307374
-0.374233857969164
-0.528460035617514
-0.09464118837287216
0.4218141901567871
-0.6920720360574584
0.04353126393562201
0.22535332829024957
0.2987515582971547
-0.5903473773122951
0.5055916145813193
-0.8400205745422047
0.642791305401069
-0.47553793181069426
-0.755211314999134
0.2696761099711176
0.12346596897702322
-0.7068003004589192
0.13847940872092135
-0.46512435221557547
-0.3391298686975275
-0.35487628285476314
-0.5610020563484401
0.6981036067266413
-0.1921451265741314
0.36709426385610944
-0.23966874475432287
0.6706592023895761
0.9557452847759065
0.9294377804247727
-0.6212314816728755
0.6552351636099205
0.6119283127795057
-0.3073849456796487
0.7753138181361436
-0.22058540831328455
0.6054889816141469
0.6881788878515827
0.9331901559236999
0.6506325843048888
-0.5238868281083142
-0.854882601703935
0.7322495952196972
-0.8225383985499448
0.09080934251671668
0.33428642267507924
0.24630459531733928
0.42644879029182703
0.46675800854323257
-0.9242547864085635
0.2885563178040016
0.774610503074451
0.6026427770665426
0.41977585899721004
-0.6943655178256418
-0.9351511382648137
0.5124095269567339
-0.04229760478937106
0.3584683269064135
-0.29794266884118836
-0.783798730716641
0.8079232722174694
0.05146559449301513
0.7269898436726097
-0.4154852622155918
0.33742031050744603
0.7309491111308684
0.7453428249893779
-0.20998335963721426
-0.04171999409021554
0.5150470027172247
-0.0010727377064978505
-0.95808275696761
-0.6315741672377311
0.853274134615756
0.5827604132521258
0.8112346234126468
0.2018279818995814
0.03143087609979145
-0.10061648569649484
-0.22052308901198048
0.1541267926657237
0.16730045315677256
-0.5035526041625542
-0.8539217593510604
0.7909692031470106
-0.8242010742554806
0.16701790616947076
0.4881061099089381
-0.6843106394845706
-0.1332187636306006
0.15550255568130478
0.3152898645027238
-0.260874160917407
0.07727000973608766
-0.8630469473719804
0.7791580817836248
-0.9566350416067093
0.39753634522723225
0.6357093210322586
-0.8517262349121397
0.957017758217457
0.12941165578104186
0.8389660337572507
0.36269799863461727
-0.8954238855463152
-0.32522868130202753
0.1724096767539398
-0.32470272576783676
0.49945336676950824
0.49586632476362014
-0.8852081640126004
0.5314444935968663
-0.32633727094454534
0.3355731211412136
0.015464074149609708
0.15941362135719728
-0.037726006088901975
-0.4058297023090114
0.5595493484850325
-0.2863099647207572
-0.9333901233239739
0.8195810284295642
-0.9062793031725238
-0.7070800334276153
-0.03205652975670792
0.7517095415584352
0.0011795849127662628
0.941390827703595
-0.5312141596677407
-0.7131493760366676
-0.6548602553247838
0.07606364144147704
0.9818155796855497
-0.6157479259247571
-0.7565118552229846
0.9155657540456512
0.8692056816074414
-0.9218144766906147
-0.6131504104278629
-0.8525918835930846
-0.15940667428188426
0.5926214111562669
-0.7198267360583379
-0.0854703050501242
0.7273634653774974
0.44715500197208047
0.14575414391728758
0.5541271907894261
-0.14566314170439454
-0.008810769825224662
-0.7947242713631721
0.10892709588594718
0.07745291890334238
0.6990875664853553
-0.3319723099442329
0.5782047922581228
-0.7893043744106865
-0.9660223725416004
-0.22895646294058403
-0.7822153895945241
-0.1611196454838777
-0.49122067460707974
0.11819977313615349
-0.727327220761224
0.31642410574113744
0.6836125681485543
0.6105624435298675
-0.46977077642244525
0.10614078959616746
0.8250765144589736
-0.6652352324443216
0.0920259085209787
-0.03501629446906773
-0.13087247514703249
0.5434244591337276
0.5937118943711663
-0.520264710570268
0.1874149281417996
0.7069394441697892
-0.4302969335677358
-0.33050977105873836
0.6989809212255962
0.39732121557853284
-0.5437435160640254
0.17663265263100936
0.9532099719052687
0.6304168663817518
0.11406089549399767
-0.41527131731791855
-0.7736134369483056
-0.3187778077343608
0.6785246509455138
0.05519847984818638
0.6891037463136267
0.403767486619272
0.7611758251063292
-0.9944389120271839
0.6795265307206313
-0.3383476529534357
-0.8363471275329328
-0.9353715570372123
0.8498907207622084
-0.38254889187055374
-0.29505890048715977
0.7327501726582695
-0.7253660402784559
-0.8718849968989115
0.7687225681714729
-0.49706851639087435
-0.6550834836116748
-0.12921613169043256
-0.15526311871251597
-0.31454130430431326
-0.2633784608530503
-0.12701757315125684
-0.5524255722269826
-0.8438733594091492
0.3262475852764728
0.18490593390491772
-0.16108412482243462
-0.3260450379588786
-0.7072152356286125
0.7295745491864094
-0.04161422090597977
0.09277323337375187
-0.4987683382149546
0.514022372158905
-0.006964780613926358
0.7736843722553208
0.4199042890835947
0.7385813583388339
-0.9157446752712723
0.1273697946625194
0.09031912956822752
-0.6958023069699701
-0.5930174830167891
-0.1204428641891695
0.4732512457950011
-0.8924624436215638
-0.5159079707202785
0.3544770817849143
0.8099954661989
-0.7985385557316218
0.5891613508169422
0.7823953920741977
-0.5453617452372419
-0.4814661406817369
-0.6791520229274903
0.6701186122388039
-0.6607041651460714
0.7923588693091201
-0.3296588527819546
-0.9104068043606361
0.047447505465817885
0.8874653516564908
-0.46431989675855
0.3720929234423631
0.08667012151004205
0.2627695425240142
0.7976866298612322
-0.7409306571129215
-0.3704931497970503
-0.42494602847159446
-0.21933407122340443
0.7252429008175485
-0.6645757940680797
0.2631344061225416
-0.6027283945804989
-0.6403660394064425
0.3053319666544265
0.7299298001449712
-0.37923002513831827
0.7271371489582039
-0.9157201296226845
-0.7106038186632899
0.4100147108005332
0.6322120559470179
0.5873207267259748
0.1493993014482653
0.9366151778858012
-0.7825272533540901
0.2936506508782031
-0.7808367994687473
-0.4594081577785172
0.18452621999305174
-0.9340641968405119
0.2987935029649058
-0.21256009306782575
-0.5504091519362284
0.2719946835159026
0.25893751746379956
0.9277272025617589
0.7864377720797397
0.29635813210191486
0.10944875533061782
0.5265803625461454
0.19825498268678365
0.2152797174766512
0.3472621047716855
-0.22078578134692095
-0.2846841059181848
0.7171185881772155
0.22166081545599914
-0.5141065812620462
0.17109860640388042
-0.21784194861429396
-0.22644142778456788
-0.40573356118467396
0.6126827093923626
0.6647730370138085
-0.3619241390665817
-0.18949427670753183
-0.39175752732582225
0.48418596626673116
-0.26443575709067146
0.2564914398482818
-0.532632559037167
0.6966735145867313
0.038816413153998086
0.15442706925896377
-0.939489975833226
0.030724408317925
-0.6383324207059362
-0.4501493198010318
-0.5107713146322734
0.9340217604317085
0.11780492238301443
0.8372195329891041
0.907633819832592
-0.07251492627414113
0.3814708784674061
0.818225731050237
0.3451711456740558
0.6439444720910807
-0.8363701575910822
0.07386613996121372
-0.34853486056841243
-0.524422514852174
0.645700254281175
-0.895009851161052
0.06938638890515447
-0.4542508996813486
0.05797846099924864
-0.393156725409483
0.17401024734297343
0.8900474283382658
0.8601778514177612
0.02316616209895117
0.15630904653174182
-0.9119382656340913
-0.36186387986147817
0.7360970527693718
0.4795150871100724
0.27801584327676987
-0.9653092400390646
-0.5205032877377314
-0.5330255922302818
0.15962758486295048
0.16688156836823276
-0.729729303177769
-0.4839085954276596
0.09340940513565643
0.8589982977361523
0.7833084307155171
0.6980279946938552
0.31857739703737487
0.7049386317299875
0.4199078230112341
-0.29028528536229614
0.8084679604786396
0.18022967412440938
-0.5536712336853145
0.15491794927738267
-0.2706665331474156
-0.5503737339109529
0.8581917268281556
-0.459367583057392
0.7179366411966899
0.8011073074630295
-0.6909605265868042
-0.18208401919878847
0.4515866483211328
0.9661515398243108
0.06650392429155572
0.5818417688253452
-0.03171782439067106
0.6126511438333697
-0.5757166465147736
0.990960301166828
0.03777704983565666
0.7083707248006543
-0.5310637346913094
-0.0602109349422395
-0.8714926625303749
0.5760749267530305
0.5644237923194995
-0.2864507577064772
-0.38380796756610613
0.1453463354753073
-0.646840574924141
0.7170546576949177
0.6971380257176065
-0.5466069715054536
-0.026651556468837212
-0.9316398689362586
-0.2340103874976971
0.4526219453660405
-0.38815473466619066
0.28868202702688217
0.893510588255356
0.3476951430891515
0.935179632447422
0.05187789607787696
0.6772279294554131
0.8737836134025851
0.16267867443107864
-0.6772858449814829
-0.6934513931084305
0.4784159192120987
-0.9023760006117609
-0.17982226188469386
-0.020060365323824936
-0.5148695448455658
0.7485078962109335
0.94729688530649
-0.1771436061377316
0.5654905556685399
-0.0284320599086052
-0.9726067409927537
-0.6257244944617051
0.3629454529795615
0.2091373176814515
-0.7392549704322977
0.3637069755569826
-0.81749267018284
0.3139428075631099
-0.4971779409073278
0.3846230224089604
-0.1813851652503744
-0.7429147711116146
-0.6260033430860297
-0.26776085441267505
0.6818746750912503
-0.2917316905737839
-0.513138859915939
-0.7836695505222098
-0.243492877361158
-0.09305379920560819
0.07061179057114186
-0.523242836420317
-0.047471780536045616
0.38615898799695114
-0.053254638331545756
-0.18258045516665833
-0.5752561111570562
-0.4472792686677922
0.18884140542626593
0.34416237148751283
-0.6995398581550698
0.13515943501937944
-0.002543478513340025
0.6694311727895605
-0.31602924352926154
-0.7427762731448171
0.9466841686876408
-0.5651774121501412
0.3563663504328851
-0.32808741656553075
-0.9966693028598095
0.2747868429420419
0.4457657566688682
-0.6831667234619734
-0.8058701017066554
0.6448008129102425
0.9011009053133914
0.9173893784686074
-0.36765196573292136
0.2628088185831048
-0.007126049739067497
0.9176329720915759
0.40131598435782867
0.17732304662032927
0.04833058723405492
0.8734312794278203
-0.9564768219320234
-0.7621098669575632
-0.625188970623278
0.058836885729416366
0.8288445067218984
0.49049005639715215
0.6337664184043008
0.4051403449967321
0.7925512150107816
0.7528334313023262
0.30253786609957056
0.46340098486361425
-0.5286244134498559
-0.28825378369807253
0.8625335437186725
-0.4904712404373166
0.769677892732203
-0.9427143302004755
-0.12048085086549642
-0.8847487555617541
-0.3492810983487389
0.021901769345983313
0.31989741041219344
-0.78816410920337
0.9482885121359979
-0.8779354307188401
0.9254367543303659
-0.9832325861229332
-0.8754417648857227
-0.12435485578199779
0.2564462207405991
-0.16698621910910738
-0.7557516074379891
-0.5823278280138546
-0.23360918711226186
0.8654617121280814
0.9676779376775129
0.5419615390813366
0.8834209909766675
0.5912549041751669
-0.7851268598103525
-0.2699040697509629
-0.5076363555510268
0.11860291414851676
-0.835148992585329
0.3103043865623434
-0.4961904297627311
-0.10386732250902275
0.5030439929558432
-0.6785045356039663
-0.1349939016964734
0.9429133733462549
0.8279951835544448
-0.3274412703341094
-0.32661467276272704
-0.53443523182071
0.6938345643912445
0.3130969170361766
0.5637803923409905
0.6144883538007546
-0.3917818822268264
-0.665665446487065
0.6226296020321846
-0.12393694722549231
0.6300295010551542
0.8923292402768952
0.7462354028229348
0.5396391735288653
0.32531996121553997
0.9422538096770849
-0.08651421597611764
-0.8960607044018507
0.9518988006824507
0.33687995898623946
-0.2882517506095259
-0.25370467720846546
0.5637893426004985
0.1489138298688355
-0.48934893644682775
-0.38265631952995616
-0.9813000701911478
0.5290099191513944
0.8170697588641671
0.024158670429508255
0.5218239039811132
0.26237674808607037
-0.6921217617340538
-0.771190772536857
0.16825494455297552
0.28980607259362534
0.2109297557386749
0.7541934497450282
0.47737226681280553
0.10739757297814223
0.45542722608249386
-0.016921063859635987
-0.8026173519808573
-0.6456570337212066
0.1401820735403192
0.32456598143226345
-0.5400531776362947
-0.5951775216145709
0.7154205859894658
-0.39920757411865093
0.5676735263277422
0.11164463775325606
-0.08853840175311345
-0.3840292730213102
-0.6483922018295787
0.5848983435217256
-0.9273506811890759
0.7006968294271527
0.4700098678978535
0.62463944109556
-0.5946364566153137
0.9001842904355577
-0.27659757514893046
0.2523768915124236
-0.780953736396832
-0.3943832057876049
-0.4675265634794701
0.38025616585041266
-0.5957969629266113
-0.2934259926205305
0.4912763472641346
-0.034987261242181766
0.3203718036136045
0.4499823102890097
-0.5424271527882945
0.25346192733662387
-0.013181666432522166
0.007364192237127032
-0.43643539216202454
-0.7484774824900549
-0.1081606202541796
0.7230153885990798
0.7268966876925842
0.3775078980396178
0.6551789889599899
0.9615768011046724
0.2228702634870381
-0.3812803953549906
0.8437572649326366
-0.3346998214282624
-0.3280496096822567
0.9649554347057385
-0.322297809124096
-0.39980885522350573
-0.6942987572277282
-0.13040175682334154
0.8651182613746449
-0.24946284916413686
-0.1967039212553625
0.30611216963509036
-0.27826742008182004
0.9109986392754608
-0.03616347186558433
-0.38782607951628467
-0.7218914146864988
0.2869139747407232
0.6761050563749338
0.2804328870449977
0.09789746071710437
0.9273235842746503
-0.1439430746903747
-0.4095888364969513
-0.20884694703778606
-0.7001855130534071
-0.5613015152341816
-0.06870542869296492
0.2933815283651464
0.8337793604388855
-0.2500500750645702
0.2011895657361915
0.7652199919963623
0.27061109064800104
-0.11484863128624889
0.13740990816215648
0.5410402076618632
0.8559045810431454
-0.3176652527326067
0.7363343158918856
-0.3347990726153518
0.44255951620909784
-0.38993287945794175
0.7740952431184567
0.8068800305533812
-0.45086848290749515
-0.2976796949456222
0.32793774470862735
0.39709375171511696
0.3505654484911642
0.8571778734059408
-0.29292220133671276
0.37616004835944383
0.6238387347130507
-0.3839952896048038
-0.01811203864904054
0.5426540487736442
0.9301047656540542
-0.17178692241155402
-0.6850979231757683
-0.24006275574920766
-0.5538381579712586
0.5936752108567638
-0.2973528824761906
-0.155787490055719
0.2361400087623311
0.11508159913407612
-0.8431797483684658
-0.8161538655364835
0.5038798454619002
0.34114510414803
0.3254988578045639
-0.6866190844116709
0.19487116369989432
-0.4838914245028083
-0.6032102792429779
-0.8223320525478919
-0.011267786961874027
-0.4997149039859179
-0.010641571759626212
-0.8644056858195681
0.6318544453455477
-0.11447647832551255
0.07583144629723626
0.002961693783352537
-0.10820581703322829
-0.9237502028283282
-0.8443164349849015
0.31460515578715587
-0.4094680624561069
-0.1793754488937771
-0.9662772558829638
-0.09928741544561359
-0.09583986294465596
-0.333740926330909
0.393140813519989
-0.7758641946206135
-0.7325372824639012
0.2570894730500699
-0.002264497607965099
-0.7398880073426743
-0.40178507330886104
-0.6265304156118896
0.6714250287755898
-0.5755004491132905
-0.3733568773553386
-0.8883212432552678
0.22941379262500505
0.029374917102259257
-0.8721909711324576
0.22479118709932222
0.6935532119782208
-0.08673019677319793
0.23340879941526627
-0.49512994952052436
0.5133037072791788
0.2780698150154777
-0.30760367775599584
-0.11703159087550641
-0.10182858144178741
0.135038367943211
0.21191887032281453
-0.15570667257034687
-0.1296116812383208
-0.15149471584023022
0.6797821713387555
-0.18708283695385464
0.9096087006153215
-0.5009689119853238
-0.1596663397339615
-0.9201445122522167
0.9522649616475138
0.1933477828597301
0.6045434879940379
-0.6286652763164933
-0.8758070459232772
0.5548171328328659
-0.7345455471171756
-0.5427569056118486
0.5355738621163499
0.9691631483191476
-0.11851864789780375
0.4623288743904024
-0.3666195348092498
-0.8242686515942133
-0.934215271346122
-0.3887731131982073
-0.6663213170663711
-0.341354023315839
0.499622495334336
0.2721163839866658
0.7888565333371713
0.044587487003913795
-0.3498236903759824
0.37543783574329925
0.4932201281847002
0.48354595264586453
-0.6876712368805653
0.42794891134436863
-0.8032225669164277
-0.22120053845365018
-0.7448502388212737
0.27962951789419477
0.6440449617519777
-0.9312311874748678
0.817021139722057
-0.5440993155249048
0.7452575648061124
-0.0920648988981756
-0.8361522408077218
-0.12368769493380039
-0.07898786107707978
-0.649034957824675
-0.9794956665591785
0.4485637166015495
0.020822893341168935
0.10320969640151145
0.38517548399340695
-0.30399019958797013
0.049895747288424275
-0.9126540291100298
-0.02298129946862093
0.5516311272932999
0.12965305014832706
-0.1665135946303773
0.47620307021285435
-0.005640988941913561
0.6457823674490342
0.20810777174490247
0.27146543413666224
0.7565201232751588
-0.7548780043982513
0.5485611677791431
-0.9717942301845386
-0.9154301359794164
0.9972353974837727
0.9556125785463625
0.6688512203416648
-0.7693222724420339
0.8000792201108013
0.9350968341615626
-0.613784690278266
0.813873161062284
0.029269452245099137
0.9663485491351589
-0.4008164629769535
-0.24063607520649088
-0.44202386939133365
-0.477973178476055
-0.2432381771502483
-0.8111968160302359
0.30671256936563385
-0.29097034043757053
0.3570067417722891
0.1962172324573206
0.349541244373478
-0.6159729820524753
-0.6106212713541135
0.3298186280466877
-0.2882168788782531
-0.1722143277344892
-0.2700886047816311
0.29776658708742243
0.039801162846859306
-0.045466693360449284
0.9868321421213118
0.24541090686602107
0.1783705710446306
0.9656636097711162
0.5373050470188556
0.09479848890727105
0.5373504796908077
0.487645742654105
-0.07751488600492684
0.4036644896944115
-0.37097380370896405
-0.6368283574052989
-0.3248364619078885
-0.4728707104501162
-0.4314664547617426
-0.6279199038025185
-0.3123304727882399
-0.7967113336053522
-0.5123797118300149
-0.5081469593949248
-0.13503354788872346
0.11164532042310427
-0.6576132232984844
0.1697059360049762
-0.7030894068167395
0.39173188496037725
0.43980916128234515
0.1319632131130528
-0.8240993451988492
0.7268025998707333
-0.8653417787631394
0.781202155787474
0.808585773719326
0.6259460316983978
-0.7386979441195782
-0.7129136946653349
0.76859187415001
-0.6100224976317656
-0.42360699723803297
-0.2036954477163242
-0.24006031370065517
-0.17821369676312582
0.5682218408714608
-0.9867819597094756
0.6487478898908656
-0.904201714531486
-0.963185586707906
-0.44148627897559267
-0.9574605879771931
0.29798942850822474
0.6068652895768882
0.9295352884965611
-0.540078817562551
-0.08289992433336768
-0.35507176751650915
0.1893916769604198
-0.6593979744286884
-0.19448194347709968
-0.2392211746839712
-0.010386742036265773
-0.792064146185447
0.8289559438209853
-0.8507018163334921
0.45059260914496213
0.9437682377914753
-0.46899217873925436
0.2596306369372776
-0.7085563257925613
-0.3739544958010095
0.24425002684614072
-0.25640540011507595
0.16429684549861845
0.40107591363945994
-0.8940542903875088
0.4259077480550051
0.5723474093561491
-0.9133460976792933
-0.3083202740883568
-0.3762848747302765
0.6708333923305356
-0.8928569144598348
0.02602774936563157
-0.9097682716471784
-0.9583496662077764
0.9854238077136483
0.7286288810518002
0.2934316048850538
0.41202558712691073
0.03845249866342315
0.9569834922593259
0.4148745251088841
-0.5334995026623306
0.503835385749624
-0.8322866471741721
-0.6707292847167652
0.4668600290855689
0.429269588911642
-0.2727794264268071
-0.8837901015896146
-0.4114097321501087
-0.39997967606067264
0.4117608556561343
-0.3695371088360029
-0.47503913617797666
0.16147617387178337
0.18515410464693804
-0.0005509229054805331
0.06235135525971036
0.9760441910389719
-0.5536898277608835
0.920318737027894
-0.05542378688695648
0.7024330308379707
0.3157437047056866
-0.2989671412945263
-0.3285392474948303
-0.04866900168715449
-0.14793872962378907
0.8407248513690724
-0.18130030630172
-0.5423670908907747
0.8803711116541015
-0.5760029362891868
-0.6698367009316077
0.3390054450718596
-0.506860548436644
0.9025452609367743
-0.8055043742395724
-0.6768795951456568
0.3464394837169338
0.2083117466347777
0.8645543080504927
0.17489976360837267
0.36135673353632614
0.28595507908065265
-0.7312533161081141
-0.424534322812143
-0.623718096464249
-0.6951808188933126
0.5111835180876096
0.22860534687996692
0.8577659599210623
0.10165321060110255
-0.8628922274386313
-0.912104550684224
-0.48643712794117144
0.8154199339584489
-0.4898327063448775
0.019884436325862564
-0.724389521502721
0.7414040068735386
0.5572510301098925
0.9490725131303617
-0.9356506089043111
-0.45695987622851875
0.12253639573418829
-0.5306895842299113
-0.46762624486425963
0.2603539860193007
-0.22347824761505874
-0.9716922856706776
0.8679598971490503
-0.5567986789078776
0.35660800425146877
0.5853020445213648
-0.4198731501827282
-0.8314192240824461
-0.03530853178489268
-0.6033535696599432
-0.7889882357041487
0.11756038007467118
-0.6359746812146336
0.18407948812926755
0.8563766188488549
0.4597588727846813
-0.2754489733536627
0.7003131694246822
-0.6618726427067079
-0.6294637124275282
0.033447714426377395
0.5840240915179657
0.8226497717823067
0.2865008561972098
-0.9173167074964832
-0.16567195450816752
-0.11144107055905716
0.34747488203280597
-0.5021780399742342
-0.29203513037312523
-0.1256597351939852
-0.8877834705164194
-0.7346676406392187
-0.8513880405199747
0.6968143526480897
0.9329832133413796
-0.7102356451921921
-0.549669309907125
0.1807445904188707
-0.9459502531829305
0.5245106357382572
-0.5390097171363637
0.597709395571562
0.1660197791387512
-0.1237851428986767
-0.8791790688224834
0.5313463112018872
0.10443216070522077
0.6860558608768148
0.9071730522603179
0.632735501762338
0.6846891026921611
0.9998611126293235
0.749857360787167
0.9745441833545208
-0.2896462279195282
0.4458478473958247
-0.16987477148956298
-0.8829929863184389
-0.3705049411958128
0.592750513152559
0.8690904171507905
-0.4234943327700669
-0.67761529913046
0.6487477413146878
0.373924341659148
-0.861859519030461
0.01707648048757271
-0.3464119601317519
0.7584596821295571
-0.6848211800128425
0.24068612970957526
-0.4575506555920861
0.6515267427414022
0.7000606606288495
0.9187584376488689
-0.4829857881860937
-0.2277889429224227
0.13255578966693182
0.4601628969539555
-0.6139721028961946
0.8993308286931119
0.9382790341950509
-0.10988704902040647
0.8161185504602113
-0.5092922138546949
0.14219726966208523
-0.2491679802021054
0.32762285430524907
0.31562046929961074
0.054313774789498837
-0.9171592827481927
-0.24906805996770687
0.9827902983576782
0.9916936291180394
-0.978366204134508
-0.890546656928537
0.6549630593219251
-0.6234090923719255
-0.10155559728101538
-0.4445273470554807
-0.9359823045206572
-0.7011010249746215
-0.07727929854692861
0.6213542266054743
-0.7691317854193813
0.7748323314732781
0.16655976313695198
0.43356145801967383
-0.5743626218680744
-0.7611042452944103
-0.8581413101569981
-0.631978715575993
0.44108007084615797
0.9505671033581355
-0.5277864895857023
0.6276070990456877
0.7085102934102872
-0.9834816543015357
0.7963488597748436
-0.1070207485244219
-0.785103177522158
-0.6535042603482581
-0.4796854293422652
-0.35414034065341826
0.07641249558741348
0.5526378461997463
0.5108659203255019
-0.80617640686216
-0.14867736917305185
0.9969510033347331
-0.0924081583720564
-0.3190987173705615
-0.4024843964879141
0.35302507811789074
-0.36064479618572376
-0.2232267402782817
-0.8013218462000817
0.33314706744166744
-0.8723084034546631
-0.979748223616959
0.8294740775805063
-0.18619233015145964
-0.6384996297109637
-0.873131184909651
0.97894742227036
0.20442079581854822
0.040174456550372106
0.597896806888081
0.5188622157396767
-0.7753163854413656
0.1451771636447663
-0.9969521249706932
0.21913447849283796
0.40300967786294817
0.45940245905223076
-0.3259274697950383
0.09850748025909528
0.39983459332611315
-0.010871703145987066
0.6262285950687647
0.06351896240955135
0.10513317568849834
0.08799546082514587
0.6126463562464532
-0.538604003435514
0.41377108911865923
0.28184827063697604
-0.23361116220649358
0.6913352397866435
-0.9791134659868841
0.5046383850983973
0.9318659368224087
-0.9689318183686151
-0.25733034450127956
-0.4532826567967181
-0.8243484672250279
-0.5703177397388921
-0.29905445190249824
-0.5540412479331602
-0.49948561680329506
-0.6764701299952498
0.1394269781179147
-0.9585337799567024
0.2585356103045158
-0.75818454874842
0.43035153440659824
0.3025558393565613
-0.30634423344467043
0.6397238357438035
0.5671841916963472
-0.7541418201500245
0.5631852800394002
0.30206841945737994
-0.5610463702876005
-0.8014074915743048
-0.9915906704721877
0.1896997925844799
-0.657584674604675
-0.9533548961010934
-0.8030763075901286
-0.12666633106426017
0.4503471642839654
0.09083832364679445
-0.08009015858527913
0.09578373680923424
-0.5110734885878239
-0.8240283571529214
0.822730522730293
0.7617582068899151
-0.3225444241438262
-0.03772453929563335
0.8141796876477292
-0.2957764927141622
0.08611439677703414
0.10048604201504441
-0.6940655479819375
-0.8601476600711766
-0.745929211188634
-0.10226401544745634
0.8986251555232143
0.418799625123208
0.914705616680809
0.7175573889404014
-0.1572087666524451
0.33300886429748755
-0.41220342802778354
-0.3292683774851177
-0.17841837866929366
0.2389822543282094
0.7583713752236654
0.4655744511130351
0.4619142194463659
0.4295225288231723
-0.414471185101581
-0.6238584845691815
0.7035301301216312
-0.15099681934568188
0.6916625815881352
-0.9019638005739286
-0.23433948159060058
0.7893292031855288
0.7151730644228216
0.8189178507956512
-0.4533347479381067
-0.8086595551249098
-0.7785931724485093
-0.10281523992203434
0.5266916264249795
0.8670511271645576
-0.6831418865593744
-0.8918859102084868
0.28424400756003476
-0.0857033430672196
0.4261540548608711
0.3361990386948033
-0.18132247896422315
-0.44633945119602303
-0.12427388729602296
0.019117570288473384
0.1705161403577813
0.7771827048513609
0.6505144697894891
-0.2968819153640725
-0.24289799616071228
-0.5133489765067194
0.2615011760593564
0.5675753967786623
0.04010072675077381
0.5077189041572026
-0.04613703679801273
0.8303767186406441
0.2956231703170915
-0.30341560952894087
0.31414592004866915
-0.5891295406280981
-0.6239817940733103
0.9217554391771652
-0.10406191849133206
-0.48043685136477987
-0.5854024796014059
0.6893302966625667
0.7854849532195691
-0.9651559312985043
0.6333181051960397
0.15039160596137835
0.7836307608936242
-0.9407588361968604
-0.8380823766679115
-0.006889639744668941
-0.6874821245165459
0.9166991157857167
-0.22538734304569985
-0.7429721933187463
-0.01945988750153993
-0.8472296936587307
-0.8648853667252823
0.8014004247482203
-0.43266784054117036
0.980733624524903
-0.6955590905497469
0.7590692114926734
-0.6786994979864898
0.09125378735353329
0.42940585071021475
0.599660414407355
-0.2455718675702696
-0.35419156587771883
0.998147824238562
-0.4050410987778348
0.5047890466009473
-0.3158912767881281
-0.8797712388487575
0.6776733376472499
-0.34933141041459814
0.989416528060924
-0.6922887861448019
-0.8293005825126969
-0.050305533146401515
0.9013337545865474
-0.38429214108218046
0.7871749136395665
0.8031076244398245
0.7269708455244159
-0.46278622296738736
0.9505662292332993
-0.30991443174650857
0.7389877820813844
-0.43826287080979487
0.5153084273887405
0.2956622084562972
-0.9161597805886104
0.8031936968582634
-0.545917393623873
0.9586796444928349
0.7200843618697383
-0.354146683287925
-0.5496629528057866
0.8154573676368828
0.06781403280759912
-0.01217657451654941
0.5021850564256676
0.6416963035358572
-0.12499139947252913
-0.534364693399848
0.5133107390130429
-0.26997411233587965
-0.45602932360472526
-0.6434341078127626
0.9793753939702874
-0.4254864536503431
-0.05955163237348815
0.6697204840555526
-0.9835115694240848
-0.8612561830597811
0.9252601588962144
-0.04505172467752905
-0.7924826519254737
-0.6905603353599379
-0.15555766870249932
0.4703920887475799
0.4016591893776018
0.1709132363300998
0.8712649637975813
-0.08132146262396533
-0.09160386778167728
-0.981020389481164
-0.17213273342098168
0.6729659106203765
0.38075282865010185
-0.8561167256344555
0.9522985863727349
-0.9787551918007216
0.3037976203827606
0.07224286622961529
0.3817975954866939
-0.21425692491744153
0.6645036982427113
-0.5281857534632304
-0.26637541918515595
0.5205622997375539
-0.7283230632707889
0.8073674703586196
-0.16908115342180108
0.18195542341465742
0.8038755021518373
0.30944267528158287
-0.7488708397715094
-0.24703297999187734
-0.7484708162372986
0.8096691727028655
-0.9562364600591191
0.9100671452062765
0.6651903413829146
-0.022711778176127684
-0.7504669149514929
-0.11851374552773453
-0.9296058281613531
0.6831120796996737
-0.40294820696437306
-0.7409826542579632
0.14754658627042394
-0.29165357181851936
-0.7422207119637771
-0.013844275054444743
-0.9643279982375905
-0.6032328256550681
0.3929508971354856
0.7483051849638065
0.43201401891676916
-0.2703124032495856
0.5610106797837733
-0.6980689968981784
0.11985494988987777
-0.11352238194409958
0.7112479861948142
0.16670905363794675
-0.2330186622368713
0.44598655850380964
-0.6836299284933529
-0.16858156910355926
0.45241355644362535
0.9475862803650938
-0.011805701334690832
0.1621190195296589
-0.9506212450465541
-0.3545419187276475
-0.3889840280124168
-0.5660956916668907
-0.9390745139682808
-0.7733388625002393
-0.6018877602098309
0.18790382455666665
0.2872092138954707
-0.3954088612231741
-0.38585147909467654
0.9203470108196807
-0.8837142697590776
0.13914617811620844
-0.64908075647619
-0.19287673265722183
0.8482627880632139
-0.3436870872780706
0.5981040954630745
0.6999845804126819
0.08932969105390409
-0.3140640658972531
0.2569766842893104
-0.27468211560128997
0.046522962054217576
0.7128969581361637
-0.33898892266980685
0.7156914654131479
-0.33678872233011337
0.32575396614582663
0.6200671092989443
-0.6639229104545947
0.5875477187699456
0.8336820452104441
-0.31991990366742673
0.21410142799245513
-0.6825220186323557
-0.47928183261489865
-0.6141146071147612
-0.16036981720734111
-0.8005232170552201
-0.06662615787700155
0.9526281789353424
0.8485014375590563
-0.7328445028956854
0.3259250516075711
-0.6498119062679335
0.8412270327961513
0.7713239277798574
-0.2229362354272051
-0.9315452846534993
0.012968474444916556
-0.9495955761250829
-0.23037632326190205
0.306458966180573
-0.10139248002758672
-0.5917786846420467
-0.24869752738226936
0.7503533709373567
-0.6013310861544827
-0.38345058520996145
0.7362118136062099
-0.8283036971186888
0.45677644184301913
0.06110672755353863
0.43988179668773153
0.28625550394232846
0.7654139898123287
0.9312423708860527
-0.7120057125630177
-0.4474568594885908
-0.6217121750268089
-0.9880570494405805
0.7541083513822475
-0.1623449827744028
-0.7029037543681997
-0.4266972118181802
-0.67740677935835
0.6084345613389464
0.8403527563948976
-0.23550801874093508
-0.7678068919399839
0.6153256798003859
-0.6902906624420666
-0.7551195700109212
0.9560838304142683
-0.7603942088962825
0.8068610063685946
-0.1479622439856949
0.662795806171796
-0.752380946019731
0.008663357651083947
-0.4260663389923862
0.2209617335252161
0.2843867562404798
0.31662345977258144
-0.3388669453943125
0.9302073525313126
-0.16388362432441927
-0.092908568712611
0.7700787805085314
-0.3294593505938215
0.16924465509897924
-0.282026451687281
-0.1637098429007493
0.43197167373372514
0.4182150455542719
0.9485147132869367
-0.48550585413723346
-0.7137369627899479
0.9497035618391536
0.8689614822144582
0.3103339646543879
-0.4753767396630184
0.953138618697394
-0.44756268845370917
-0.29438228027605584
-0.2723328600457189
0.8503072225363528
0.869514215729303
0.29933397178460086
-0.16867117857338942
-0.26051679085810586
0.5544879502538045
-0.438034214538213
0.05869979543454229
0.9581151826017742
0.0161435512439565
-0.36262648540998343
-0.92348497437588
-0.36649781740384046
-0.315750662094886
0.348019205236038
-0.6156478379639578
0.955324369558961
-0.3388860561942282
0.5916726844033264
0.9389512971314176
-0.4430109303778227
0.9254168455046179
-0.1070333662107319
0.08528570342561537
-0.5267999810317345
0.7392208570262058
-0.3996153046907789
0.34611641474491694
0.8475833041324456
0.675048050362604
-0.9332331691676738
-0.7870174692605607
0.9488442753425064
-0.9801311399972736
-0.081568291582796
-0.21618623168797013
-0.7615725582641053
-0.17784095527739874
-0.4639476466997223
-0.8266319604760803
-0.6115836682370233
0.6389083277896899
0.4340246475852325
0.8332893236916266
0.01936155522662042
-0.5891235039193417
-0.44545605059252247
0.036429423773992387
-0.35691472644237754
0.6107466281920799
-0.9805703111972288
0.03917196456078664
0.4981245941459196
0.29942700365934893
0.0027936820367000514
0.18933087394591408
0.05711510872101733
-0.07105195026093258
-0.6571838493756981
0.8569868074859441
0.7791220296005297
-0.8589199784926937
-0.5798834965624775
-0.15595927057783432
-0.5748715683280134
-0.9568463469611219
-0.5261647231689401
-0.8796784777500195
-0.23623012913038144
0.01579380270487163
0.916481899746187
-0.8671416960817455
0.5469703429919808
0.7903950495193317
0.4083967343895998
-0.27313806400988505
-0.06122668740489212
-0.5478179816247268
-0.4939841443088937
0.2515492536891366
0.792058916349506
-0.30829492685197235
-0.554745185224621
0.2873684732580952
-0.47310944593338333
0.2430301342415151
0.4077253807950474
-0.7732190585703433
-0.16579103689004526
-0.4006074051626356
-0.9094305731784835
0.3708641333038505
0.04990316191372002
0.8057051493677327
0.8279085247698617
0.07443713551510722
-0.7832980425170357
0.8299107947030213
-0.14565652836901477
-0.3140282556698424
0.10958514076567871
-0.6370790598568268
0.25559872874402845
0.12977459133003943
0.1589992528056543
0.7379038447255486
0.48703381933757584
-0.8121528333936703
0.09211540472996083
0.8122874415525418
-0.07989296155890369
0.26273119500693354
-0.63958004896266
-0.5808481264266807
-0.9303439813730352
-0.16728452000150495
-0.9202660001423717
-0.7974170384941399
0.2808592804741177
0.6348657082867464
0.3580062575593592
0.33949191294242587
-0.6612695877468604
-0.05929112460359698
-0.18947159843900852
-0.4023502899531375
0.8161820538700677
0.5919239856460834
-0.5558611647013492
-0.6632002860894199
-0.27266126062139096
0.8130103117406853
0.6795980853138313
0.7112722362620871
0.7323687786697521
0.6755535581398386
-0.6243025891961995
-0.8827225988069056
-0.6369581775982869
-0.1900573440709079
-0.6812097020907677
0.227623014046884
-0.8436334336063278
0.6738224336344574
0.946392835447982
0.18943914310862353
-0.43812243913553406
0.5935726483813621
0.3337715069089038
-0.40934051116336434
0.03926194403984873
-0.8469091277269329
0.26989259981915326
-0.8136546273477279
0.19789379890638936
0.05350309818632426
0.49747115513356377
-0.49091425390954857
0.2111144540471912
0.20280467798154
0.5647494967258122
-0.8564175607919193
-0.4874658929110993
-0.1151813262948167
0.20323949724527424
0.7455398533460631
-0.6682941755962903
-0.6316324911343933
-0.3556991368751281
-0.07302576098864111
-0.9556761962518425
-0.7779507316478054
-0.39996356961221236
-0.22632630664031583
-0.7027105214175058
-0.6622989224267741
-0.2101631404573714
0.5386817373353308
-0.14753237832402522
-0.8687607816339955
-0.6575916336550729
0.24678862690694658
-0.47862359871809623
-0.19539709892282753
0.30490846548711326
-0.3103437386558723
-0.29309597915621954
0.16287335469243502
0.3784358410327364
0.08488996727318687
-0.29917577014948726
0.9088512923312575
0.3913923481712942
-0.6889521197487785
-0.44134422496407066
-0.8395473386204189
0.5355421405341756
0.16112501634861842
-0.02802933985180278
-0.46205536939201175
0.8346551638942339
-0.3504380898471542
-0.656680481317159
0.3493025102488798
0.6782886789121629
0.23894040557068208
0.777851390538139
0.5869517054683457
-0.8372322050494097
0.6140346362130142
-0.8299018980288952
0.10275119228976881
0.2557383732272307
-0.4815337694065229
0.8360416343769925
-0.03556864371965984
0.2099596286661789
-0.7964574904172683
-0.9418723680037195
-0.5319511767769087
0.7569208135575998
-0.027719176927901268
-0.3702414309407225
-0.5490054092677135
0.6473459570912954
-0.9454679138644044
-0.8419272435329881
-0.24691109179325665
0.41109068379057145
-0.9185273969387444
-0.8510148467593512
-0.03766652189866648
-0.3744076585073608
-0.33266942034950486
-0.5428316441536709
0.7390212714453062
-0.27881610128742884
0.5970119533286551
-0.7911817830400647
0.8927864176109135
-0.5203722938099689
-0.39216292087666504
0.03495289891533071
0.40192773475871824
-0.5957602501031765
-0.8186771068447851
0.6217218812943854
0.5329512540227386
0.8118241981647838
0.032553239938398315
-0.7837218187724055
0.8996833430591782
0.43620364401103995
-0.5671775680517719
0.7383998290530174
-0.4004426517930266
0.5709020063448254
0.430718597343021
0.23569019702742344
-0.7052759735007381
0.1011000848015764
-0.8112669570313216
0.16563593333418924
0.37316401458035653
-0.8704233786944244
0.21708077842197016
0.6350629887872383
-0.5962638681937535
0.8821812172014982
0.2106100220944247
0.35683307431391453
0.8833599149364537
-0.4360409125466751
-0.034339361320362416
0.5243712579244766
0.9166626161175107
0.5794636291312818
0.9389123613596548
-0.20534826777261528
-0.542832067928614
-0.6587356572954999
0.8040188493982825
0.11547360217663072
0.8018559098528188
0.5967189305800888
-0.503682496814146
-0.03687960466920748
-0.04564037583628333
0.022036787833165317
0.13055594884101973
0.10647878517795184
0.8156241471962316
-0.7249488864638371
-0.7065342325764914
0.17448815654426242
-0.7339451331351068
0.5214061127862131
-0.4822063852737313
-0.1782344791909476
0.5007196754094059
-0.6591325494208811
-0.812175718931555
-0.7475873066398016
-0.36174697953145096
0.18281766955606527
0.011583101997870271
-0.44870477059792835
-0.7234579247206558
-0.8210227402489774
-0.24306500803997766
-0.5018992932744184
0.7854516560634648
0.6844645533071108
-0.8819805342815419
-0.37682213308516554
-0.032248585558141585
0.8279683965483329
-0.22484235333115676
-0.4356441647358038
-0.12103739657611023
-0.41392812432471904
-0.2084521125277814
-0.09607990510408815
0.6421993765811282
0.2271754639809047
0.18676450593820215
0.28448577992857627
0.7086870270220353
0.8550161883908578
0.39285415500012144
0.14100232912447308
0.7129052499980453
0.5646100796089388
-0.2325936113582101
0.6526977910000806
-0.9674302239745953
-0.06501808372050233
-0.4359025374383936
0.24627858476349007
0.3712348840918158
0.12296286346232455
-0.9249941819409058
0.8153326297388592
-0.6673578564080034
-0.6712621834730628
0.29107940553443257
0.3769433364658006
-0.14179646813035807
0.8871357045784927
0.6929336574270444
-0.645861807943447
0.26510441229692017
0.39992547843590853
0.23909912617203255
-0.03618816663341673
-0.7987351178962241
0.32337875352809564
-0.7091849015809399
-0.21894586165626073
-0.947456860350274
0.8339183629990807
-0.7639514407588601
0.9144871581095086
0.11142338986779698
-0.520298964738954
0.3423335805905239
-0.5939051010440091
0.6667292015273751
-0.012265624355104254
-0.3974199448077589
-0.8622478790740613
-0.30403624516665073
-0.9848154296716647
0.6114409397785843
0.76843701202326
0.7332967174873013
-0.7124274203916241
-0.8499552583414565
0.9433906784775916
0.9079710313324345
-0.8020835691587276
-0.759338446234278
0.9122810982287934
0.0007604278484520943
0.132743256642321
0.8383398205074777
0.9087539379731817
-0.6483336896392196
-0.7416389619118589
0.25680449805539696
-0.6828447213874367
0.17564089322675813
0.7966735115341363
-0.7697019185721821
-0.5484274257455195
-0.11203091041317048
-0.723988010906935
0.6219339766048939
-0.586452351456177
0.010923093079027835
0.8116750503195871
-0.4177377208226458
-0.19083875784256454
0.9022347690470107
0.7613471848261808
0.10458699470801092
-0.06806767123810298
0.2156595007655333
-0.7225202695111392
0.22198925862023167
0.21747043946840638
0.17218444376302622
-0.5859223088097409
-0.3971323609824444
-0.07286980015706401
0.32467335289326615
-0.4692814665256255
0.9602816194276884
0.5710850493153143
0.6697815713894746
-0.3437392501800076
0.8501623348143748
0.2892010676557628
0.2809112498548745
0.11691417694094852
-0.6500607615041514
-0.3091583135817366
-0.20104460788963796
-0.2779572231870091
-0.5879466012011703
0.10597524020470561
0.049302106919430155
0.9653884705023843
-0.543684821953248
-0.9807095189750528
-0.7864254447908823
0.6895389491395649
-0.030398206275571216
-0.29635096261880145
0.7087913978960076
0.19314879399838558
-0.27550068891621793
-0.09948884181784123
-0.7197954570356058
0.9570035822945202
0.6781548000952613
-0.3094508148269386
-0.6472535480429464
0.37009258423930746
-0.7893880647101557
0.8956190925583263
0.5549578960535273
-0.5527138511587149
-0.26865869459672775
0.3416608385070261
0.9269307500582427
0.6978089478111971
0.9404322276258437
0.2864237468479618
-0.2567237063010428
-0.5246447626775026
-0.1467297482026675
0.12968599005249937
0.16043273972746164
0.4216377698405034
-0.7993367701389682
-0.9140007022119747
-0.12819825790213435
0.4036141095016088
0.9307811209386339
0.8562248963345147
0.7110613631613127
-0.43937607189944416
0.42020963547089263
0.4908524740680489
-0.2687361131181485
0.9563398004550099
-0.44091316356789845
0.46045929025433097
-0.647233755522479
0.313699421768487
-0.26124180219421134
-0.17031841314227458
0.53285665300783
-0.3645420124766958
0.8187530118909649
0.7795309227462952
0.3823788029650914
0.8103189504746502
0.10718053349646306
0.6153724807735863
-0.3216809582528788
-0.6922595503030937
-0.7815073021651351
0.8777640678028933
0.6901876267688354
0.5274622133942279
0.45489940765521686
-0.700164272854563
-0.8782226698155835
-0.7153181059537745
-0.8096146280672187
-0.37740478349345974
0.11503605524331029
-0.5474343690686727
0.9484279197799592
0.27686597320186457
0.9516175447571458
-0.09504000387452383
0.07915001064135452
-0.9568251240119559
-0.361276763919294
-0.5387945198191759
0.44407580789312306
0.3381278876399261
0.8786255298178756
-0.11868281930708369
0.4545613337619101
-0.8932172254767452
-0.9349845522315854
-0.33585676833759925
0.2157380475580124
0.7880988635469199
0.4228166511829383
-0.5227416052991818
0.10373404588988366
0.9777891478804432
-0.9783804276520676
-0.6305634981347166
0.7763962540468463
-0.39209498709627133
0.6449749350708065
0.9275856280157704
0.37762155532343744
-0.48754310730210837
-0.9133073406990664
-0.4543954031766495
-0.21980475040056446
-0.6897474297818951
0.5447980020775167
0.8619565125153636
-0.32970317579885156
-0.33642877732149046
-0.06775618200619649
0.2883269006859741
-0.14258328329740233
0.4924734745130317
-0.9692811790883162
-0.13682210032111208
0.6911091881651648
0.4213697246386867
0.2584657262247334
0.09974594261889735
-0.4048670911274854
-0.5457755600574388
-0.8610908295206652
0.699132218879168
-0.028753742010755978
0.9103232854919978
0.9566233681242204
-0.8057033977311661
-0.9914542869368155
-0.36851424729432636
-0.5367577359552949
0.6538179771597072
-0.27012195223116353
-0.9835304473431901
-0.928808655567841
-0.22899938603892345
-0.3648466429401864
0.6143685251326363
-0.6472537432828951
-0.24653681702120922
0.6769492583182697
-0.12786457833597642
-0.9830047833595097
0.3188167699675324
-0.6692381136414975
0.17826407301649105
0.7628035984618253
-0.17283131383660089
0.08358753579808642
0.13489043609364537
0.9739683484250186
0.4238474775591552
0.8210715567692972
0.5095518507389305
-0.8640056917474446
0.07812604988626948
0.2244309694813682
0.4645364767213642
-0.5292583456752895
-0.41100433730048547
0.9645974532397641
0.1203992850213873
0.9224266555143867
-0.9408285668201986
0.9144997489764086
-0.6828678063687212
-0.11813484752633951
-0.6292104033157047
0.9031262940017302
0.0958528281490787
-0.3372406129564578
0.8222644206575558
0.5430666446617436
0.7013156505946003
0.6913071270769953
0.2544839635661953
-0.8129121830500408
0.05503884624898103
-0.81159827829159
0.3463248910555048
0.5998362935064114
0.286439781767573
0.6797241881557399
-0.8708856197532582
0.3509044529271703
-0.647196098434387
0.4027094505592501
0.5558100388903016
-0.5592559409111153
-0.8515574352479702
0.26282718001951055
-0.057510746282112724
-0.08316583899537222
0.09675123257541562
-0.6564837555732828
0.047706525582416504
-0.011557951390166687
0.9788883922720031
0.7436965970028633
0.11634720461899684
-0.22336979099667986
-0.8541915595464098
0.37102909815567653
-0.40407491504935256
0.4273527505170156
