0.8380828952034405
-0.19244409757633818
0.1511961762961056
0.9711126299495982
0.6902477925998716
-0.6439030795926568
-0.7624164996954743
-0.6781922510328129
0.45270102416167424
-0.3243829814574317
-0.5015784999153197
0.7795682285296734
0.21646744324116618
-0.20330983355164634
0.8421420618288575
-0.10394197806216732
0.6090743040421298
-0.8254945626270334
-0.12046963424281776
0.7307441816920608
-0.0472356326965484
-0.3823475967190575
-0.2584669853976118
0.316335025866169
0.9026832513760916
-0.15938285329241575
0.6216302995724226
-0.8962745595411763
-0.6501272178168835
-0.7329433837332735
0.037720916960766626
-0.7339662478612303
0.6637138833117886
0.5753368759974804
0.21377132412250588
-0.40835874027718266
-0.4626097689960451
-0.29120487430163955
-0.33776808005230974
0.08617208432210277
0.8549451567371269
0.4013939921961278
0.15352179332876958
0.33729064913513773
0.04026341531355637
0.058571150552672924
-0.4184984064418664
-0.15113266729957742
0.41968249500326293
0.10095104150554368
-0.3601548580201339
-0.9578128850829053
-0.998723256012491
0.8044234231178022
0.9290359302041948
0.23275604445146314
-0.7553925568861244
0.6224418740023534
0.8638960832377063
0.6019053212283398
0.8164841616450886
0.1799062940206222
0.10550399989367842
0.23016203275268898
0.30409020496801653
-0.6853915181648762
-0.6086489383157425
-0.991471514103961
-0.7185186447223726
-0.28353681286172616
-0.3909840114854477
0.8880901548620102
-0.48994658012056536
-0.7184900595798096
-0.6735500698074226
0.7975760203878397
-0.14462937536629705
-0.13268155257570458
-0.8682665815478796
-0.47062734848318843
-0.021019301993430828
0.744547882906117
-0.08779771605472408
-0.640046906574627
0.9425511492255185
0.047086053715159615
0.02490582143125364
-0.28972260451096465
-0.4183485384373673
-0.3295896026059375
-0.4160894141765854
0.2710029167304826
-0.3093229822217738
-0.509646182205346
-0.5142380102743342
0.33231923703827415
-0.10175289716975278
0.7142867388307961
-0.65329341724617
0.5795478209003921
0.4046205578747841
-0.17321117749039283
0.19311009786798916
0.636371770210427
-0.8075898252845402
0.9430092193771018
-0.6285061276121586
-0.39420243799791543
-0.878431640453136
-0.20577002865390326
0.6446442435174169
0.7177484013786162
-0.6423861579030514
-0.7423327878212129
0.4151762460862449
0.45910174031121365
-0.8534064580713914
0.1349044766395069
0.1769267715946916
-0.02706030848722163
0.4569558596495944
-0.9671979441540115
-0.7821561856148302
0.6638600592784922
-0.537073784537097
0.8612188301637742
0.5956926647969916
0.4066207650296618
-0.31701918204716106
-0.8190704855890494
0.6356683572585151
-0.7354747513526718
-0.5898841914178174
0.5177976874719519
-0.38304948015897256
-0.00884411579931177
0.5770464053888891
0.690241892887486
-0.22821309408341972
-0.04107438547956366
-0.015587203842571062
-0.6814791497663002
-0.7210214665576566
0.2155426805648899
0.6046113569742029
-0.676199594372495
-0.7261210112165355
0.7557472044254101
0.07762633140550057
0.4088499925419433
-0.8917137896747374
-0.10396958610180707
0.9644871275236928
-0.9991323399849943
-0.86196170454597
-0.986123676297874
0.8993646770947086
0.24274205315297825
-0.07380461137197747
-0.9443245534766744
0.2586689331255574
-0.583668475730448
0.23857556382571143
-0.6282582567646786
0.06572732523438729
0.44341042022201194
-0.35585677412096217
-0.7629064273030957
0.7196274874478725
-0.3018822365075775
0.5510162306998965
0.7415385486285526
0.6459310050072231
0.4279176134188334
0.7204425214917725
0.15245332092360098
-0.2259001830350964
0.2212442253370024
0.7350886786073143
-0.8425131933257544
-0.7780752227503296
-0.737332065191391
-0.9520186621793789
0.5707573635964587
-0.8503402045689232
-0.8686038959788327
-0.02299629888032495
-0.6104026963476439
0.3741569977594206
0.4732142181766923
0.9538650124484209
-0.691988995118084
-0.48997906257333534
0.24197601655050827
0.6972400651630073
-0.5150778256211197
0.056651786014957795
-0.9881642112455795
0.4146707487858201
0.350156383110219
-0.2645180703916803
-0.01273921130743072
-0.9282707959020449
0.21229975773921828
0.1311803468339654
-0.16566497157227622
0.017308537935139645
-0.38858458385430783
0.37735747641699513
-0.056697852462914256
-0.23088244612706155
0.9197967383078733
0.46306605215280827
-0.6156635611223649
-0.5474737064810309
-0.32074271000715204
-0.5932834742842126
-0.24566011417063383
0.22824203238116025
-0.5019304608233546
0.02377543397406634
-0.9299262999850595
-0.4906275967059677
-0.322186378691951
0.5904950927674382
0.3038957138628178
0.8593749401645445
-0.26142407430721115
0.5612775675057378
0.18496965861392511
-0.4135032162741996
-0.10434213163735162
0.5449670016119621
-0.01700671519317476
-0.22138409020690908
0.1106602930151872
-0.38813869969191606
0.5909881957921397
0.5724481555230689
-0.4965829808865443
-0.5399036458812756
0.7909714902759493
0.09090466583375978
-0.1567473042451668
0.6379265840866721
0.6313428427813601
0.9458675567278483
0.09336797559885013
-0.1445804944570972
-0.19399055136551868
0.12787828522851563
0.3345863800205271
0.8961706405759133
0.7787271664591209
-0.1310267813196211
-0.23728610216114987
-0.06984740696834568
-0.24724440522617797
0.008009080693640591
-0.8389927863092945
0.3874177858485117
-0.003608589303953691
-0.5217912946140129
0.0012602105882637549
0.8641115116415155
-0.12568177950211523
-0.8706226439729905
0.625743634617999
-0.6867413276762244
0.056879362626377716
0.8663328601696059
0.14164842755743723
0.013188754297655203
-0.18970066140624775
0.6122542540747518
0.5216240122123257
-0.1422260940585336
-0.6587752252313506
-0.4544447848348412
-0.6321983453302111
-0.09150755419288381
0.950037412051207
0.4809302761681007
-0.39437721665730474
0.044790506806066555
-0.754017874539975
0.39594874362924837
-0.5893477739468498
0.5731541760042096
0.03002919157104067
-0.4283420482451954
-0.8599321883935593
0.029014583809725325
-0.9707180710181009
0.31698880403235763
-0.5974279731491732
-0.6396125753489612
0.33187939959778623
0.06741301679340017
-0.22741478751509936
0.4034917910030573
-0.6991232853191076
-0.4557410575362624
-0.13678467839287234
0.25556544970085704
-0.05354594986926409
0.30785286252213995
-0.18927671495775278
-0.5634683466387778
-0.6455764099756949
0.8819778572725576
0.6424417020457209
0.7655639549552775
-0.19782350771585522
-0.145426228630392
-0.8833437976105765
0.07005582657146481
0.45465631654553107
-0.36328702335972207
-0.2172940428503476
-0.8791956091019537
0.9439959116856433
-0.4061075842299815
0.06803652429567708
-0.6498131054913963
0.21082274145224855
0.8503840522943609
0.6914412887512522
-0.7511030252468951
-0.7037431817866899
-0.01936772282169641
-0.1651174959424675
0.44797375161219266
0.947122872477753
-0.003942312258680802
-0.026588662283105968
-0.33309562291500816
0.019750226214921174
-0.6420520617584704
-0.44091484762145594
-0.7541143772820453
-0.35055447759163383
-0.6920293630306351
0.7035307525645604
-0.7752745660870428
0.4764184038257808
-0.9179667489382093
0.3546004552915263
0.025164478863920703
0.6128752874512184
0.23036610980243055
0.324016904715257
-0.8198001405315334
0.3968025424482675
0.7307676535292518
0.38388839029196875
0.8759352316247677
0.23741977849156903
-0.046596964620212455
0.894968155186951
-0.4595771471488239
-0.3794026595841531
-0.6364824340352051
0.02184862240128438
-0.02781366566312693
-0.16622367599877363
-0.7306759338313789
0.8696753178535617
-0.2839637455956008
-0.30383764560379056
0.8874061653439584
0.8563097668824453
-0.33091218684255486
0.2861576239048782
0.8097882423073637
0.14597014097695804
-0.60681183101967
0.2503406568817059
-0.31504449217825425
0.8698487848053094
0.6908592209975286
0.13069561810280006
-0.7859170938175946
0.6867087104400433
0.5588422338186287
0.3700400998676503
0.5818512757689038
0.8030589701019426
-0.5999825326453079
0.27086073935020694
0.48792477051594507
-0.8188237941266097
-0.9415089488898358
0.18321096781871526
-0.0370576892984289
0.9439669780494797
0.2580262183928701
-0.4655105925008265
-0.5804016358386808
0.5372951824732628
-0.940119141905629
0.9023219734089043
-0.6854243520102588
-0.12426899257254642
-0.4823313175776296
-0.8461803187306776
-0.6700406721251186
-0.2385985612150019
-0.5162159651090268
0.5111663733283605
0.18644194346892373
-0.9535150484691552
0.4665980476594169
-0.466186061898181
0.7095686236750456
0.3341059590694697
-0.40298475980294124
0.021113962014560617
0.9179171720946855
0.26569371607601777
-0.7344635138305042
-0.1887024261634409
-0.8971046910885712
0.07432435485312094
0.5008671545703096
0.5839053261485498
0.5723651156514185
0.959902813599476
0.5593474735532942
-0.9174204333399842
0.534901715567744
0.7578608734139964
-0.2623651310307036
0.5091158585833857
-0.49911232692452523
0.9699641317556844
-0.35464336344360636
-0.9296849090611397
0.0984892529014143
-0.37891807382557174
-0.011282496200672565
-0.1667075224888992
0.8018585944725374
-0.41392288699638513
-0.10211437625399955
-0.39612653045069446
-0.16880751868434185
-0.3900487873794807
-0.9887043007833043
-0.8119706476230839
0.8807890930285214
0.12863827784701587
-0.6004456432944378
-0.04252653031486053
-0.386548991623203
-0.10565374938107319
-0.06942372669681163
-0.29801541391193065
0.10057540302676848
-0.19076959695738305
0.21991910322902108
0.5177695488073164
-0.9937340707609246
-0.8403764701664629
0.02071284097867232
-0.49410555112583654
0.11905537138653521
0.347161048997247
0.4111854095966485
-0.5266407502620265
-0.9444875955618874
0.6684700937682742
-0.3100010752943234
-0.8230156989300115
-0.8878891739644221
0.4579571856128086
-0.5815003580294038
-0.6219021885495433
0.19645529027240904
-0.13407444845395133
-0.3441880561851134
0.7642916340796868
-0.1215757005898066
0.1855768608158701
0.911043826439397
0.5747170439151961
-0.7597593756412151
0.49818361511819265
0.1284299337080521
0.7027332207364925
0.5392515634151827
-0.3707920064808998
-0.8573661854265049
0.563750115508705
0.31669500419192254
-0.8701628059471556
-0.7253770012473086
-0.14667960871704566
-0.14652502323500283
0.036093774178484805
0.607448625244642
0.11505718402616627
0.7087793641939923
0.8891769441047066
-0.5873714284608171
-0.32393264263526245
0.3858584515785488
-0.7459419969848768
0.8856318909823935
0.2720682738135436
-0.25231375383546384
0.7598789364685088
0.5812591070932149
-0.935313423618712
0.8557267070388046
0.057510645563185525
-0.42899360207547277
0.6401263808979194
-0.7103237652885552
0.7957641868933427
-0.5072279176940855
-0.06864431645796909
0.03110469416823336
-0.9750435458397151
-0.8407003317869723
-0.801997394551341
-0.1261148645196728
-0.5003691616769861
-0.8631683083822939
0.8200548474722147
0.6397885793421891
-0.617186922422392
0.9381976818743407
0.5656758042889949
0.02999595844350944
-0.7293478894592804
-0.17623278406816612
0.21852115489457447
0.9684272724187808
0.17488596632992537
0.8140383701253024
0.17027863301682067
0.8215811678938572
0.17556400392944105
-0.13363582994003043
-0.5557112626800906
-0.5619157854001979
0.6104904049097548
0.6462509705715551
-0.10369557734190882
0.5618522895706191
0.9416727951863773
0.11666244423717043
0.9576944084188401
-0.0775344718671731
-0.31479434618978686
0.7512206678179079
-0.22763271302478238
0.5638105012049597
0.17186875835724935
-0.43004806728996314
0.7273914687366028
-0.3509479434276419
-0.28915835400986034
-0.12416372821405375
-0.7600053057522096
-0.07942236554833282
-0.2697866549640513
0.04849509463941715
-0.26743970494100977
-0.6092055715628024
0.6528662360430224
-0.5470650581732308
-0.5075532815054622
0.9080282566643505
0.6942197258370677
0.7306447533860183
-0.5420153302806221
0.4783635282979326
-0.853956866541858
0.011556484350941476
-0.2334320407132502
-0.1842150160899516
0.8868930583012706
0.3862196360820267
-0.21417027935202348
0.9472088019901115
-0.9661806171780634
-0.09422583477860025
0.8204965277232825
-0.9421599492112642
-0.17815855422561966
0.6681121462574156
0.28761160975360567
0.34748273853876643
0.19092344278775975
-0.7108457077140902
0.6918765335167829
-0.49097357779394923
0.17331079929154192
0.6894168851709226
-0.5682072608655566
-0.4140341956920992
0.13270933343596214
-0.06339473047547739
-0.00010248406110280328
-0.8550534876725844
0.6911728777402628
0.20279286500616744
0.9593363421949457
-0.8517132190803529
0.6292347265198845
0.11384933900346783
-0.8212941036828447
-0.08003158769869012
-0.23638943440290605
-0.19369113286254236
-0.2574879441773317
0.6617106741388732
-0.837383401388369
-0.5946055273267572
0.9817106863881331
0.4250932466899682
0.8145704850177142
-0.9698621232909792
0.060440313051324024
-0.6823293163219908
0.21067897357750054
-0.7852917615378268
0.8538111091764204
0.7304649561564067
0.9710236808079633
0.2652828115095087
0.5655272845765942
-0.9528994980181449
0.07036814705477323
-0.00772380618477797
0.7441272020568972
-0.8444449313685283
0.4980129453122992
0.08148666375124969
0.706327707970315
0.27429882770229286
-0.955073888381518
0.8778620069632628
0.8351201950105545
-0.040754476182912835
-0.9469510134542156
0.7891053049078933
-0.17834396029269395
0.05439172677986304
-0.4182166855654239
-0.6666430846404396
-0.761508262810606
-0.06264077515297806
0.859752406211703
-0.5060558128845107
0.6026858187181314
0.12795919407316747
-0.5388076375018773
0.7793510980513159
-0.04067756648341447
-0.7895562420036544
-0.551867099593311
0.55474858827876
0.461582954756772
-0.8105366836533632
0.12428104328190104
0.7006195513849791
-0.8929642364349886
-0.591388475706335
-0.501688095603116
0.2831309598072478
0.4809104192798943
-0.7300375660992511
-0.38737357183281707
0.12250960843300596
0.6951710795406105
0.7151602300357776
0.1883964562384013
0.3964623069678366
-0.5274089246367386
0.6084982255158269
-0.8639619286300149
0.3377696014727509
0.3452873260169407
0.4651190480050953
-0.8191852174283794
0.5931261106884065
0.20714160583391972
0.18266078201490443
0.9727173532634206
0.9976662386768809
-0.09648094378066929
0.8388043963979244
0.393956605594455
-0.7685506277905214
-0.334486102147292
-0.6254005045714726
-0.7870240489413687
0.0900055972854652
-0.011112531614022814
-0.44003581937769454
-0.23195256187716096
-0.17600697236508522
0.7657971992337091
0.0018287341346363561
0.6555022805714135
-0.928573113381721
0.9069459693473778
-0.028754147345330106
0.8351173711157516
0.8997653027319947
-0.18021042482146932
-0.3021766034410671
-0.45227682203291253
0.7167981237610483
0.9561149537519351
0.015154055258034704
-0.7636352900761738
-0.9561490973937308
-0.5953089719141846
-0.9155439799657572
-0.0428322661258147
-0.05140447207141641
-0.005889016840361139
-0.7575032944836624
-0.5940247794684455
0.26416041402393464
0.7976175035169082
-0.1008956143536004
0.4671786120789092
0.821321709222683
0.32973942333871076
-0.5498310718793533
0.3188535682064704
0.7388150592522413
0.1374320731915475
0.7228949177903556
-0.6776360624177507
-0.9388855752609364
-0.9982153787102888
0.4682949166228536
0.8469053618685556
-0.3648317681375717
-0.06780980102521572
0.5505242324217277
0.22968380179772407
-0.7785973592016122
-0.6562427834618341
-0.29609474089053056
-0.718451562862159
0.22633868894786113
-0.5681985243990133
0.8815365695436248
0.5370552640834143
-0.9989484632599415
-0.21638000722710116
0.9052249663844909
0.20394696239399956
-0.8925140544783745
-0.5619824800734619
0.6825675584599498
-0.23838230364804414
-0.7103759042282605
0.0368136945573887
-0.5839615094782729
0.6320759390341808
-0.6904573123210189
-0.9732594899231575
-0.42913539308304904
-0.6863871406262481
0.12426850903330178
-0.3002345946355294
-0.412562886683044
-0.5799647838517159
0.8722744959034072
0.6950531772358652
0.7374899540007105
0.4538046829658613
-0.7440462026770682
-0.8939846583446827
0.5087256627647729
-0.835097876972591
0.3699733263968159
-0.2393819646152766
0.4240954895019957
0.20965999213547248
-0.48764095160173127
-0.8797474479847314
0.7513654679856872
-0.3134956936891873
-0.09548155657391111
0.5755512348868963
-0.7502877747673682
0.4815651614689973
0.24410686492573652
0.08942265027931873
-0.36444483825553053
-0.522423476216995
0.7013681357043591
-0.158946525433578
0.40529715579597103
-0.2508698600554733
-0.48648114681290955
-0.6023413952968346
0.0967900329741227
-0.22109681145236637
-0.6491306034087496
0.400789479365645
-0.39526339064730354
-0.5379383106492077
-0.4636731832658494
0.13739695909162264
0.6602931276803279
0.6757441307437768
0.3787694704657758
-0.11035125103629495
-0.5775763123753637
0.9734009106262023
-0.5310899394728092
0.9739956640944039
-0.9887576592891514
0.8977349665145942
0.4389742424525198
0.017752614253719434
-0.2993005288815713
0.4780546746931502
-0.8187951282419927
-0.9350845973060014
-0.028892490586930997
-0.3303310474071004
0.08697797915137517
-0.16696042468221695
-0.5958768611795964
0.5084498059752383
0.2766390721489036
0.4794584957769523
-0.049835101405335314
-0.40804613793904987
-0.02843271106733969
-0.6457490165062243
0.9927804158593216
-0.026210195921842372
-0.9109120359185918
0.9247050848686114
-0.47576950598710344
0.02279956030033725
0.13880088277771985
-0.4825293179673926
0.7538520025575592
0.8827851991329916
-0.6499509504504781
0.5755190852793497
0.7790983051328915
0.8638193126902447
0.9784394539939418
-0.11563894414605902
0.5114762153657288
-0.6531390934668149
0.9305814730516095
0.8089674472894361
0.7929444100334289
-0.23099592573321148
0.5552573139071282
0.2363194309807477
-0.7178890894045067
0.5037547814932437
-0.787746282450251
0.013076642284292284
0.7418237106575163
-0.45167757712461687
-0.5110755208805922
-0.02239123176662683
0.39998682543610875
-0.3138147974897685
-0.48685938514051363
-0.6644667440219632
-0.1636405689572762
0.24779677044427562
0.6671448627558767
-0.2763459569646989
0.5194770604110939
0.18162876840376918
0.2212593464264221
0.8186365392892221
0.41201572460258573
-0.5015286224642621
-0.7007627977555708
0.07240241644709489
0.16446100072598102
0.9672159910457037
0.32471567370998744
-0.7812990058253546
-0.8113050273004818
-0.2055473939377701
-0.9275006005170017
0.01869224085066401
-0.2071117301376877
0.815287892915397
0.3076235225982198
0.7038035496660779
0.023647837272363192
-0.26591894065956145
-0.9148552415034776
0.6437640372132025
-0.1247841851176883
0.20941143674583507
0.38778424486532725
-0.13597331611560337
-0.07621851887570275
0.6322568302871543
0.2456438368278775
-0.3137537103142407
-0.722615928746827
0.945495242530795
0.030867323996627283
-0.22986541616123124
0.7912399119983407
0.504725481150506
-0.7553917167006272
0.44593264298385016
-0.51032019671494
0.3115526756274707
0.4487043089418532
-0.5995664032275374
0.8290793709209949
-0.8640223026806932
-0.7896101942690725
-0.7306569705244395
0.8461422571567354
-0.6871108647472566
-0.6638369513110483
-0.06054903590823524
-0.5414354284928389
0.202640223009513
0.08168585983795662
-0.8685091869060146
-0.3223527718869108
-0.3493005633195032
0.8870002008788438
-0.11879956072408038
-0.8348044503642684
-0.3507897316743678
0.6544056267855498
-0.9994036976007714
0.8932192642075973
0.5551517147631186
0.6063697928396148
-0.7861482442987664
0.4983523956788125
0.4416135108025325
0.33315360906668
-0.9401788174295369
-0.2939488394161187
-0.5315410529545548
0.9037029525130134
0.783389238713293
0.3573875891318794
0.422539298792024
0.5023102754144322
0.6095693366442785
-0.8247138184214156
-0.6110275790537263
-0.6196010693221006
0.1900299112462951
-0.1333258198581735
0.23542792735492113
0.8897892289773517
0.6738776900457732
0.08104117742342187
0.5227627721278758
-0.6391690881398617
0.5573256974827598
-0.8642063529321995
0.08645582915580019
-0.22426772751512924
0.6801406612057141
-0.4395892065488256
0.7742633847583742
0.2579501511749085
0.05969034644353988
0.13011043701160574
0.7488001619343598
-0.12469369188666812
-0.7522458557572003
0.233393030515183
0.4519136883680408
0.9089749231690973
0.05394197206931217
-0.6407137951237876
0.5467999262540257
-0.36957438600506465
-0.37981225086893367
0.6577353361607707
-0.8586156017918127
0.20846208107125008
-0.5204145835202814
-0.17056440617193624
-0.7458635998311589
-0.0717176923224887
-0.6506627255621471
-0.18760120203915842
-0.7586810100975725
-0.45782365632398214
-0.012377439596503503
0.3888429185215778
-0.9790464234567249
-0.7074292114229139
0.15982552090568358
0.8800894293790995
0.21240171893203375
0.10706738548714023
-0.6795749906743829
0.8629488284008122
-0.9443633926347512
-0.12116561717895658
-0.3266457137799006
-0.6379939008606705
-0.18437657901350768
-0.0024711660544529668
0.8624873053214839
0.4293501649983278
0.4480725763418605
0.7536915794890329
-0.6209550329666811
-0.10811518424749367
-0.4652573131017268
0.7152658794142124
0.048502448858563474
0.9705559629890637
-0.4599073666071438
0.747594721861019
-0.4136980729804729
-0.8487590974660539
-0.6884068415691325
0.7165224373323473
0.2662785278457245
-0.9035285916136033
-0.42408193138575845
-0.8935339994409413
-0.47605843725932506
-0.10321398494927392
-0.6092872115037402
0.8759411066401515
-0.3623874507791107
0.0662225566012622
0.12219597714815
-0.811041321234587
0.8136837987860535
-0.4935289848356219
0.21832738994198508
0.1777827856042744
-0.864990262325265
-0.10458525251857931
0.18795609519903356
-0.018116597518926802
-0.6611225098019227
-0.2274772674613017
0.774004047118908
-0.6205566959311766
0.4068291021021495
0.44572029524431045
0.9233670732174222
-0.5249909454222013
-0.2722378755029229
-0.910766508610626
-0.6018692570976087
-0.6159778359840762
0.3539666686776979
0.7703458599583002
0.6123440484875222
-0.23965435310679717
0.8021994034767244
-0.07781315742814865
-0.6016090538246424
-0.26993863274624075
-0.6676053345871606
-0.2865513539660307
-0.17315040957983752
-0.812551240417628
0.9789760552043487
0.9531406992824027
0.7465984063149702
-0.4405752724922962
0.7314720030832262
-0.16383171362529914
-0.28089673035409923
0.579017049341525
0.3664608836003267
-0.02817935064252164
-0.3708726988520952
0.22213367669377693
0.726715868653302
0.8646638648944689
0.5772748279505484
0.11298213513361355
0.2666236303402869
-0.05520149358744142
-0.2181515389122597
-0.17397417490644584
-0.4186057568354471
0.012135410219535903
0.3040037207987789
-0.5036222540962019
-0.186813090842312
-0.1082123781379114
0.15232384449943548
-0.2356263673587864
0.037666311047678036
0.1543692197003652
-0.9310958721987179
0.8104409314069458
-0.6035278159489219
0.5318800633534746
-0.44710417992313967
-0.29958500889290485
-0.37030794924812716
0.5636993221259317
-0.9119948706150336
-0.027265435388114545
0.13005508417601774
0.045854390230781306
-0.8033039092558591
-0.17816315546557737
-0.3135144138386321
0.07236116632854972
-0.8607099280036583
-0.2776690043365657
0.7673376846953761
0.22973762127346098
-0.8436566671039094
-0.4235873798317218
-0.7048633700058915
-0.17706494676675555
0.25495448577947966
-0.8638123418199948
-0.08357497506603884
0.6761971486400513
-0.18367744816078857
-0.5319796446179659
0.3063165097543765
-0.5520874853648527
-0.41837067025360297
-0.6526832259068494
0.7676931901057538
-0.5544279435129502
-0.8507412903681084
-0.8307521456913078
-0.964430694261246
-0.8892243894424425
-0.42731603928337614
-0.3430696958430828
-0.13483943145726118
-0.6392082990645334
-0.2490159392115241
-0.6193132266505672
-0.37208721895154717
0.06635353423981871
-0.24674474237733612
0.2998122542330497
0.20335712497054725
0.7648433979414828
0.7403554758346718
-0.004406545683816709
-0.7000162064860456
-0.06309019252060777
-0.515287802208422
0.5397496424687909
-0.37654376235904863
-0.5016659265143524
0.8060553721790447
-0.944982442226745
-0.21720639249297258
0.5134370552303202
0.7666615938480412
-0.27328164998216686
-0.9938539301238083
0.9069718127479083
-0.21850467926907013
-0.4396103276635308
-0.6821271033018117
-0.2727262323698043
-0.875351715076025
-0.775439774397719
0.023602259498958222
-0.25766580786386406
0.13823604120716904
0.685426804205473
0.6783361440755569
0.12911285090239333
-0.3756643994505646
0.5607012337079496
0.5896118707838056
0.45059989125791033
-0.40106638852459864
0.4905956039578374
-0.8428891801340315
0.035186539238182934
0.15035760702339318
0.3809104524550073
-0.4060464166157214
0.8219795166934067
-0.8850851585901494
0.11070228266062587
-0.9900754264273688
0.5382907229332627
-0.9582355155932958
0.8961558413953135
-0.5163189689096792
-0.5236890026056285
0.466030673863276
0.5542791877600106
-0.6188218307432896
0.26647263072900174
0.43978817374078694
0.8676006968487846
-0.18790949574895088
-0.08012423308484906
-0.31922542235391616
0.2328240484935955
0.9864913391998957
-0.6374056344075489
0.22567185884416308
-0.8357167845314266
-0.8675600809597288
0.22249963951742258
-0.7629088553873637
-0.5416134011165656
-0.03180417627880083
0.47467666612470616
0.20394606333302945
-0.07507891565846148
-0.7408170140566701
0.1880203124755493
-0.5939540576043889
0.49734013707459845
-0.882361261669794
0.4471457936575969
-0.49065198452753966
0.7887312926595988
-0.46955749394592794
-0.5901820127695263
0.8554504434449113
0.22141112305926458
0.7492376123097912
0.8761685019845598
0.6153496536593808
-0.6393598938402933
-0.7865888080572059
-0.6543351301866736
0.0377604441998205
-0.8304240678822619
0.8368685768279986
-0.9771633289917878
0.9654828511497309
-0.8351608655329579
0.9394281907006516
0.48809342791360133
-0.09710137623775106
0.5604016840010619
-0.22002994724432123
-0.227724584730866
0.9655034513548901
0.03217548457424568
0.9658841478507507
0.268747356906589
0.8658192643994356
0.8738595949302583
0.015349584531733074
0.6902017475483668
0.14854674045724714
0.6181230795809276
0.4724801220036614
-0.13955674451262334
-0.121093122991079
0.4195985851430244
-0.36615410993932773
0.034895971249635505
0.6019424534994393
0.3444590456088541
0.9060180132557238
0.22239536806995663
-0.5756845407300937
0.5482217016855144
-0.2912549809864964
-0.43459550786227585
-0.2975828418349238
0.8735392765451493
0.9795853390248115
-0.9397401010955635
0.19677104103902887
-0.3127502934524784
-0.9451109463855656
-0.231938254797192
-0.81673311866667
-0.3394707042868901
0.772686461080585
0.12109856268570662
-0.5406914726518219
0.07179927458421376
0.5877177433005099
-0.9245250563967897
0.9718326406985671
0.032566169771859554
-0.338399934931531
-0.6575844701929365
0.4663144035910576
0.716525348459349
0.5229286217983371
0.4339662613692261
0.13732542792981506
0.366217498489823
-0.8052342831254269
0.13403729586229995
-0.48092026744055016
0.08655619065439768
-0.5424746741281081
0.03886634109977516
0.2830869258470794
-0.2229125565472414
0.14961762656574318
-0.9708178996619798
0.06308480658992144
-0.5976814241331594
0.13371152004038755
-0.8691093105235692
0.29569962030147035
-0.6962578690013606
0.7055998072763519
-0.7963287836751141
-0.3943191357178233
-0.6551673834054894
-0.331248252802006
-0.9770605891548862
-0.25791812659700786
-0.02195752460717637
-0.4511112544924747
-0.9706433935565004
-0.005814285166797717
0.24012255742605682
0.4651286327612263
0.9712881489543288
0.11831641996958164
-0.7699938881256323
0.9931983793178472
0.0434002215671514
0.9888090170142743
-0.7848333550919018
0.9466580917443888
0.2136015042055579
0.9660956645669845
0.9530927605196935
0.8328346937341906
-0.9579930730603399
-0.7386373881328223
-0.7903886078503091
0.4298256559451714
-0.02146716296359097
0.4314729071826515
0.3348979456008563
-0.8299780634012146
-0.4107220578316122
0.3619472542375268
-0.8554174794749363
-0.8714500733936963
-0.2910125508128232
0.18331004078346624
-0.18198240930362197
0.42903062795848745
0.25229418359264066
0.22121961071759433
-0.3766423447664824
0.4971938891132359
-0.6671583843544415
-0.7871973130497412
-0.39643653534520373
0.001277505317284211
-0.7622685868743355
-0.5223285717199728
-0.10748331892394392
-0.37467216112290935
0.1079623568630641
0.6334976776746568
-0.05490017962395766
0.6557171038442766
-0.4728303166383552
-0.40481230395216383
-0.743646040328922
-0.5298698341846715
0.3556402674459087
-0.029364652353289333
0.001105029843877059
0.1079333465256187
-0.7085095676943398
0.9554398112481144
-0.521331048113892
-0.24727954581278144
0.015386033967616175
0.5765004066998243
-0.8654815815462809
-0.8014069934102213
-0.7423228795106107
0.31819066566356136
-0.5150901525166454
-0.313884496188364
-0.14757827666871015
0.3761274313672811
-0.7218415171583947
0.2287482694747165
0.6131299138517583
0.2475885878915154
0.3592278339206165
-0.31503415267179014
-0.9955275388890492
-0.8906969359184418
0.020394135824128856
0.2777901806966965
-0.7611441773682279
0.7009256781164093
-0.6729719332804582
0.5565087365560222
0.3968489609310297
-0.8294313863846952
-0.7137447473415839
0.24527981171818247
-0.8714350726529316
0.8109847661886544
0.07904189300650954
0.9606452338716946
-0.38658111488115976
-0.08386878645080698
0.8903160050259198
0.11210252336542581
-0.6787298276519236
0.937063951048601
-0.21400115531352015
0.6054359935096887
-0.7121737960795131
0.304831967884061
0.7740039650897821
-0.39392849055104895
0.07489413672801248
0.19685365691735557
0.8680667238367314
-0.7211101526619947
0.05926067776863886
0.5215439953969785
0.42253682821283034
-0.8293960874095316
0.532370488538334
-0.9036398980916691
-0.2682945154085248
0.7623169944413053
-0.43806704469984425
-0.913905598829649
0.4391290884576573
-0.5246190563027497
0.5245908336972407
-0.30634612633315794
0.12018289060797982
0.7266111773796449
0.7250362166954223
-0.6302726210283554
0.8976349586169781
-0.4935159499374797
-0.17425983702231562
0.5243341694112376
-0.021281256815254945
0.2494240267436103
0.9154567085966709
0.4946656063569925
0.15283222452235767
-0.8715469275195102
0.48896872685994963
0.10118189415030376
0.8514360933268663
0.11919742944183453
0.6951674136065631
0.050023766053309826
-0.7484736558521641
-0.42797750028231607
0.5223033322001165
0.23408830740523756
-0.9582814479314896
0.4600473978707298
-0.7748389545089132
0.2384417542505628
-0.5065309845102555
0.5346250392875875
0.07908159982117713
-0.2474987395545205
0.9740007636974377
-0.9301180625131689
-0.21356194711378929
0.5655635413983386
-0.4382240494203953
0.21973804646977046
-0.6981340225336328
-0.6574495096765385
-0.2810381650039062
-0.060708073163146414
-0.8330002664373772
-0.5909006865603215
0.8249003088572042
0.5260057481111204
-0.5927898654988619
-0.32707054555277115
0.9667703735038133
0.6925360142288282
-0.28774833681952905
-0.05063619075080861
-0.9917016516922759
-0.6109322142190197
-0.2597975410409825
-0.6552241259178895
-0.9571014506192594
0.010290591886865874
-0.06172100211753673
-0.722757473839811
0.9154772137951739
0.6078914945584879
0.9092985857708027
-0.5552216150002076
-0.21649773881444312
-0.675647072772148
0.5572265405661116
-0.014020707393431087
-0.17116196911218262
-0.6101076853616063
0.7537430832481891
0.6870283090007303
0.9166253171245919
-0.2161456497465848
0.5820255610623382
0.6759874477052723
-0.3300008282415552
-0.0301705570352917
-0.09833049623684142
-0.20822685717786893
-0.7601094858582857
0.005574085763020653
-0.15896479754645831
-0.8958077919874208
0.5667123053088632
-0.16728924411163493
0.6427245804279857
0.06807652156812316
-0.035033154695603974
0.3601706495089074
0.597291653266693
0.1926811910115689
-0.25606041704478444
0.8797453545868539
0.9683609919589338
-0.7509728880155462
0.9197122566587264
-0.6376221297914071
0.7153182347430038
0.837302710040394
0.353697756036673
-0.6603882248201047
-0.7686131998866934
-0.9795095202108755
0.14452432284019445
-0.2184618816240791
0.7373147896331687
-0.886890994262628
0.06375796459733785
-0.2335019904705653
0.8062866739564036
-0.5618377908672236
-0.35352498711651714
0.7681104926832008
-0.9789169497139227
-0.9336489452550181
-0.11920217557136392
-0.24086407612011795
-0.9459154181521048
-0.6365843375837117
-0.7583087530241273
0.774383460111604
0.6341864312066949
-0.16735182592143727
0.6987615900344104
-0.42746841075374054
-0.4472109044496222
-0.2749048151975597
0.8959123032476006
0.42997092161341577
-0.8472286945841183
0.40129626429335663
-0.31131163412404406
-0.9697420227081224
-0.23933695149834033
0.7386338554386995
-0.44610266264783927
-0.4596436889945421
-0.9646075832492231
0.13867278120334037
0.5733867247404301
0.5088827414172308
-0.686355300082599
-0.45008198265231036
-0.907276961930177
-0.21531714455911066
-0.42474476652725546
-0.7579886620831127
-0.01860254734984701
0.9510068402810419
0.17391846486765217
0.9885139826202289
-0.04923996046528156
0.5760489972980753
0.952410159227385
-0.9709614205425807
0.4502672605844449
0.30820858722606537
-0.9508599403420681
0.9500594845704011
-0.7376632996896395
0.47280179328698013
0.9889977809721882
-0.1848175966158354
-0.3060171300806682
0.20979321071966295
0.044888136255720745
-0.8862702079257849
-0.24864371856155287
0.8974796785742452
0.329911569021768
0.7838989678489785
0.17159504852807594
-0.46025612934157567
0.8060085363223828
0.521149122086793
-0.23594323741494838
-0.563583758813935
-0.44498087601676106
-0.5134814867825848
-0.9027337823968062
-0.5729596936626256
-0.33115504242013727
-0.6367571950045057
-0.7149294367677976
-0.5004919944441577
0.18054198337085725
0.783714348820755
-0.827118611206884
0.3004038909952782
-0.9049612290157911
-0.6199204559351454
0.5415426755130692
-0.953802825801138
0.728392212269372
0.26588491603397135
0.7561505806842557
0.41777138503703126
0.6570034713185495
-0.9604283521683346
0.06661712742702086
0.22439955639605325
0.9129588936249946
-0.8624678522539924
0.9820576142016357
0.2667902119418033
-0.4246379194099301
-0.7891305043180044
0.8280461328594748
-0.5051137020350405
0.1486538703718292
0.7669192392234121
0.35729862147282176
0.7517861114436475
-0.039417862218777744
-0.7189514235773877
-0.3702940021597616
-0.9379198104953825
-0.5395003072821387
0.1709961162944036
0.6644463636361193
-0.3797541646140634
-0.9628200552443595
-0.2788951653503131
-0.11165193463879275
0.21520485236117315
-0.33650919435741966
0.459807748930662
0.9148497451985886
0.09695118972583971
-0.6037200121213011
0.5457642584687714
-0.031354407823969144
0.8705550825610628
-0.9953594861036847
-0.42215346142168975
-0.11018026182048701
-0.8990369192559879
0.16679061963835418
0.4482936961169448
-0.7382472660998929
0.043115781732260716
-0.9495016310406061
-0.37074471777366425
-0.6072409411434376
-0.5575746159264627
-0.042099086626565585
0.34596983672019
0.9300497966641683
-0.23434295065100463
-0.7059674807227383
-0.31448127574447615
-0.3028741592403499
-0.8826694527841705
0.715121691857806
0.6286141659427393
-0.3638941355392722
0.06044995663484776
-0.12450478811446719
0.21596905228026553
0.8545421089556973
-0.019111039486590542
0.6544530070100858
0.7287034047143734
-0.8625839012006571
0.8523425130653222
-0.6794869277906774
-0.7409158531017261
0.612576500777074
-0.34989993886283055
-0.7238001480912759
-0.8187081438963562
0.6352978659388684
0.902208114111982
0.19596459556267876
0.8584615376934663
0.02067354181871006
0.5506012297080658
0.3262778254322065
0.08470958173016174
-0.24604701355071223
-0.7640009761518152
0.4331837957321598
-0.9693734212460052
0.16681089357713996
-0.13684234593145117
0.26459066685625277
-0.42672561535280873
-0.5889361488371596
-0.5836836918668249
0.2527470983591491
-0.41131267855956866
0.15644987925491916
0.8681912541266334
0.9840362738359771
0.6750672375234914
0.034035718171557594
-0.7300293308154668
0.21189458003437833
-0.2595023069473503
-0.7963711036614134
-0.6271946732680203
0.5155216684003623
-0.48772067555567844
-0.4618057488806677
-0.20807757254218417
-0.29675343875659
0.2849618853222311
0.018724133573512214
0.755212818999436
-0.5150643098085383
0.7181383503262728
0.6867915618727778
-0.9053239388457177
0.8562551078162008
-0.1323369918951096
0.7327996346967627
0.2634051627663121
0.822160735026461
-0.20328773211503015
-0.6098020926597747
0.5837038394555987
0.3320090316673996
-0.9497284147911889
0.7170095930080407
-0.3639463609713349
0.6212781298358097
-0.7773456600103421
-0.7278737575015704
-0.9545167880110943
0.7254289183200722
0.7442836453892838
0.8848455537238498
-0.5451770624462176
0.31764314825348294
-0.0743716037380675
0.38086966354831286
0.7829478275895527
0.25078295614979473
-0.4955686491780833
-0.1873438119378954
-0.6469139000347195
-0.3121725142577305
-0.4159083223325615
-0.5727350269997511
-0.34240964011039066
0.09890828376145877
0.278199607536302
-0.40686739616113266
0.1902146633504802
0.8736187500259027
0.41146128827724815
0.6126313946987301
-0.06332721257373541
-0.8061629195837019
-0.8398322989394162
0.3417284861529202
0.9138224968353177
0.21818108809607661
0.9763079038299287
0.7925130339616155
-0.9091401248115363
0.07848818021317117
0.30850993125439485
0.8839397591507316
-0.1669049758794383
0.8749684699763316
0.893340717114619
-0.22243588051548757
-0.9710267524232654
-0.6261670174893206
0.5774061055895281
-0.3375181255229336
-0.5490872581187078
-0.8694052937304608
0.9289855185957545
-0.9341985348624939
0.5133468512243813
-0.004189064321712621
0.6267036356990989
0.621490623997949
0.15149820220454546
-0.41577235245198163
0.16014185136695502
0.47923245836325923
0.24325824381403804
0.1103112217847344
-0.510547213339666
-0.03292027135370246
-0.3239606344806687
-0.8810824113004312
0.9671664605716939
0.6205120545523057
-0.02269524186748595
-0.08792004509020646
0.3075026675796504
-0.6123930916352374
0.020899131140008187
-0.45767249122858145
0.3976589117710505
0.49715471882299966
-0.701608085710568
0.8094813191889814
0.8895923965190737
0.7703070710792088
-0.213358192128019
0.7910777134305294
0.9538601359573875
0.6800576936519904
0.1494167475783763
0.20199447786398816
-0.8525350822065791
0.9052525516900631
-0.37800122988945084
0.9227099263338736
-0.4645653078807517
-0.6920720287751942
0.7587595804407512
-0.8362110079127556
-0.011521446799531265
0.6383172435292657
-0.6241251379544386
0.6862824234893625
-0.9967985912367259
-0.8608730773351208
0.32002342909917103
0.32609330937643
-0.5299578010831918
0.3373597161209063
0.310616947395157
0.14573177081039024
0.10174286099293162
-0.3707889648859837
0.7004136152495786
-0.30896894244879003
-0.1624789566791942
-0.2995256545411191
-0.2355662743964173
-0.5350339337319179
-0.18765854313188135
0.599761831174348
-0.6082982734173701
-0.8740498529115912
-0.33783983467753
-0.6300831287478141
-0.7495227194212735
0.689766482785737
-0.5877931138917105
-0.049462243419874374
-0.5884766060515685
0.3095545740015395
-0.5003164773341087
0.4016805869846898
-0.8002703195423313
-0.6882732803670282
0.893269149284623
0.10192133779131196
-0.06630145272532229
0.09379000129268289
-0.9616072985910722
0.2530387369668041
0.9129228400946254
-0.6557976583709173
0.5579481826274635
0.0625728751835326
0.24053859636372743
-0.872894153383049
-0.275654333094959
0.14866128011182078
-0.8098864769493481
-0.9302597884821386
-0.48523836574056434
0.6462874298723378
-0.31252542409378226
0.7525275351547396
-0.3934034689482151
-0.0702253430053279
-0.7558744017042485
-0.5406390431139532
-0.9309648485258666
0.32295290530581333
0.963871964018316
-0.2812719303345099
0.8007550359573765
0.9497065310487125
-0.960411153133842
-0.5165519086485004
0.4209271979359146
-0.48145720356601784
-0.974238366106116
0.011838427564208942
0.2513407948441808
-0.8069844452453991
0.5981008037126376
-0.5641529668466545
0.5768342356731002
-0.13179524053747027
-0.7032934443448808
0.1343186899757265
0.5786709612298966
0.6204215737711714
-0.8514922479875859
0.47260381079748504
0.17032565289076884
-0.32409769915555153
-0.5828140033760454
0.21649611706702832
-0.050186816719322236
0.4653094262959421
0.7326846618304808
-0.06140829603223974
0.6772529228871198
0.6816206712248414
0.668674016368318
0.8949027133565535
0.2805523989142287
0.5628505290666845
-0.24122875495323726
0.6049409366467506
-0.34919626145242266
-0.517731920722073
0.12236810603213466
-0.46024926720477355
0.1673963598103847
-0.7078328400868277
0.16611574930724982
0.7904542795642633
0.6070273189096378
-0.17722208188950495
0.20900188589152013
0.04863880621120065
-0.33603992545588346
0.9065665549577757
-0.40957669588428436
0.7072100211280101
0.5451073194651961
0.5811023923582326
0.46916335339208337
-0.07746573160870596
0.29894646770128697
-0.516641399439143
0.6769624634474742
-0.6584314327887677
-0.3462225889193744
-0.9945599601881241
0.5653958582027729
0.1363156584378471
0.35444274348776683
0.019994162063998955
-0.707705220367522
-0.4637798310106571
0.7832835057228775
-0.34514682035351596
0.0529165455647036
-0.4166027344612526
-0.7645946542274349
-0.3685138291874208
-0.33500381489696585
-0.38396483791622593
0.2260603663813776
-0.756518065070021
-0.7694196947600844
-0.37309167732056636
0.6911050868974149
-0.22491378026985065
-0.2719057612126714
0.6248500078123118
-0.7457146100899519
-0.617049147288643
-0.8453536408897229
0.5797217294870392
-0.09150310827249819
0.19120709034351724
-0.26560357959365444
-0.7789423277786849
-0.9937789398655261
0.06398906624553335
0.6622870597397599
-0.7940036707756442
0.11668213085117518
-0.03679588235280029
-0.5171351581848307
-0.17884703946736003
0.010470937188436169
0.1822468563637718
-0.0767567759185197
0.5558446128450099
-0.5511094015011182
-0.9740950245131994
0.799647915526815
0.09076142074622062
0.10514039094741556
0.7676750508773114
-0.4241875046777772
0.7853168287843051
0.17953245674190654
0.9057782620846218
0.5408991115526647
-0.7011212970458733
0.49352817267334936
-0.6616135098803126
-0.9452796242711423
-0.9169111446943414
0.3492631619210489
-0.25375025370386806
-0.5760742631924394
-0.4671287911925768
-0.8803694220283036
-0.8449612865244172
0.801708673003791
-0.7405976836931669
0.9417726111760529
0.4924124877627962
0.4144619201247417
-0.9687628505892893
-0.7792749371272032
-0.60491741394056
0.6710910088676254
0.3701501656506925
0.499816741970855
0.48161129478441467
-0.6307993842950967
-0.019236940149083503
-0.31661686683618906
-0.38302276149749925
-0.47337097474742595
0.8692930305205055
-0.25227271290859354
-0.8458198092074407
-0.5653142109272271
-0.39607920823762677
0.8269349170927727
0.7772164356127171
0.17757868748453243
-0.9594579623210517
0.9164774043126491
-0.30869398633266765
-0.2034306729197053
0.9892168743611682
0.1645019054981116
0.7863514503834899
0.6863883429711615
-0.5747959291764086
-0.08817627839002729
-0.5171060335269939
0.21310531247823672
-0.6802106173555207
-0.3014652695728268
-0.579909892423448
0.9808991007726027
-0.4084104117974161
0.8556362573765373
0.9269923548423016
0.10718959959362873
-0.7420733789584324
-0.051166447831597184
-0.6391054575945212
-0.5545741758365972
0.9611474591207383
-0.541229571585568
0.8302835801507134
0.22951941552820854
0.9990435045673518
-0.5396492604831862
-0.8793847143939704
0.5625120637003738
0.14851955276884454
0.1397830983611994
-0.45474146715484154
-0.8365417529861092
0.23000044117297103
0.07469325759519418
-0.18363462283932397
-0.7445085724993066
0.27885073651448944
0.3786148100216451
0.746140038352259
-0.5800808467623786
0.15325092270250273
0.17315442129585712
0.3773579779600531
0.6995817098063739
-0.21847801904388242
0.8384423849594806
-0.9479929263831341
-0.6779688821653287
0.1669001314125913
0.037001133961555466
-0.32515569367520825
0.7936074491880374
-0.8881891147535244
0.3998626235401219
0.8078335458371619
-0.8104656625301534
-0.3667560232549223
0.04159967257664188
-0.8568209963921016
-0.5754208462791959
-0.8840620412552207
0.7877939497187902
0.8277987110204807
-0.10934357075633927
-0.8162437951973209
0.515039437983686
-0.6320047100992969
-0.6301496266761542
-0.07097639367948405
0.5394524638406935
0.7066475346720547
0.15370239216183945
0.39838675967237713
-0.3950110435208569
-0.3679613626719289
0.566750943829109
-0.003108730634410639
0.15485171581512147
0.9632743453623291
0.2907148115664948
0.3289014691162804
-0.5094701421874421
0.870033540050855
-0.1868383117036998
-0.1374998232587974
-0.6110774552356968
-0.675163968152467
-0.003617926290907958
-0.22053475689965052
0.9541582008497438
-0.3546745444532029
0.9268371610093351
0.09049963770834601
0.7688533853146602
0.9404455206513993
-0.13724493663765713
0.3382021146724472
-0.8359522829197561
-0.2836771683850994
-0.7237778286297878
0.6087385889305512
0.32961864574948274
0.6378047135562437
-0.576032519575084
-0.4726704833195814
0.14042008553397367
-0.8551373014454473
0.605548951313021
-0.6945688625538384
0.8811819178965656
0.6665950733998613
-0.1697801038515956
-0.5916246613480742
-0.12884875227576997
-0.31211979613637353
-0.9173365635407462
-0.5504451095582252
-0.22412271285168917
0.9245836868016775
-0.8610323437582641
-0.3110390830535583
-0.05866265708288321
-0.9685776197575862
-0.7415124022461819
-0.20701748324878566
0.011631416336260081
-0.11162822876381462
-0.43386174483433027
-0.00424482488782818
0.9389893572950079
0.8124671058621953
-0.15667038199456007
-0.8929913060861459
0.3819332225066854
-0.3999502130828847
0.0996360874288107
-0.12446629113952534
-0.08510893963415977
0.2901269752692863
0.6996344693633703
-0.21865312477421472
-0.3618699906668277
0.17643364848476084
-0.18507166518495155
-0.33860298120800136
-0.8211883963481215
0.31180629781568814
0.4282313511680289
-0.7137725219831923
-0.594119140215561
0.3186150115383364
0.12688817176912104
-0.8728349811767733
0.0837245805218032
-0.6345736814887417
-0.35684186246110916
0.44068836360041974
0.15462581112309537
0.6427390591148661
-0.15307887653313457
0.26682568790897254
-0.2820083979034316
-0.559670765086701
-0.5487017100731328
-0.07814700616414205
-0.8822276958059891
-0.6424638047296798
-0.7660856801960225
-0.35819528158240743
0.5578902421240499
0.09353906161011705
-0.96377708280372
0.6547065627628452
0.7129491944795536
0.7692420474604333
-0.43909984284182624
0.7367495838050993
-0.017486225981718784
0.017453692122241904
-0.06626555492973574
0.7299503951380288
-0.2483085825060074
0.5852185385601754
0.0062013671356655475
0.7357871107832561
0.04948261481451888
-0.45130679714894373
0.28389474779016055
0.10386895885263203
-0.8912597522232082
-0.1706748179753066
0.4913644242634294
0.6389860498936044
0.9989128859317575
-0.7397391326642362
0.6879859783757636
0.31388059889550357
-0.4075331320171707
0.9946400246000575
-0.9772005581378014
-0.056931693405993355
-0.36937908777249073
0.604181298680343
-0.03752213388017367
-0.26420942695094674
-0.4416459965274737
-0.020595074279347036
-0.7626816458066168
-0.14653405097649275
-0.6703853010324332
0.08119844197487813
-0.5445044315865604
0.8238161814398619
0.35384658912075784
-0.8801735247534566
0.8521488237897574
-0.6331639204240862
0.12473112159668998
0.6423031309675928
-0.6648781292656758
0.9074468661992223
0.2875951964612049
0.5464628817612189
0.11751698557196333
0.2731877400973697
0.13174453697259958
-0.4580978249459171
-0.3589940689323923
0.5966097634142689
-0.7162175660974242
-0.04991983856958537
0.6938085830531231
-0.7330988848117084
-0.05706585003812226
-0.5470064830306904
0.849381157570652
0.9934078481650197
-0.8811914327580941
-0.08520444206802602
-0.022805697307448414
-0.42149825452729495
0.9330914463340751
-0.9647691757818175
0.46111516633283123
0.8751509287213826
0.09123428786406018
-0.4674821658842241
0.9407802292427951
0.2588003359910547
0.17044269972500614
0.8318130056703439
-0.6537665889641697
-0.18587722984523114
-0.026368088788432997
0.49436572881166696
0.5971258081666853
0.7164387716213587
-0.18202159592564415
0.0025766993323832477
-0.6940199510795719
0.08276748384802457
0.33375912796722473
0.5424983896779842
-0.8011442947879528
-0.28997845034512926
0.45078900483215545
0.04767961458107273
-0.6513910144242729
0.18178780704047326
0.7944287490054405
0.12925960543510828
0.2297769395795073
0.8749474372697246
0.5124262454967028
0.9303013368556676
-0.17915015481831054
-0.28184330173522776
-0.7056743658359659
0.3241995930861752
0.7020501252484228
0.2223089070300257
0.22144456748027563
0.5770527510555923
-0.9212906942479477
0.13046339303846
0.7307648809364491
0.6369456953513644
0.5033128533729065
0.19946072179311614
0.432057532559208
-0.8156699703875063
-0.9638300300548819
0.709218412440086
0.9073995584303998
0.10575482418320958
-0.14314349055706654
-0.2717431799351937
-0.6103471201218553
-0.19421529182087705
0.7380647997410061
0.6850586506483025
-0.516795229928938
-0.2381843078440673
0.4256324801191447
0.22056122100308717
0.48309339294391007
0.3807989409967365
0.5468595924469055
-0.2682826917267269
-0.5180276071246406
-0.27974100926665146
0.771388647683269
0.9946806347564912
0.3178354266785204
0.2750952793374537
0.48291382196652877
0.39056204759687785
-0.9367927180709299
-0.6541507478190736
0.22393900260230515
