-0.014449858534902882
0.9308345440213861
-0.9193665416704955
0.9252795968974503
-0.21587058775956436
0.9873754390819534
-0.45099270160852956
0.5057986781145674
-0.19527697933685806
-0.022245880546680308
0.9557961860348099
-0.6511760981814043
0.8211844463750078
0.4269347537837953
-0.36942565867114574
-0.21766732091248464
0.5311110694767731
-0.13038140640844742
-0.38311649838368345
0.9143356140332923
0.07857553873625434
0.2726665074868526
0.12229492424781108
0.5997599733637591
-0.5298895787576787
0.7456538739306691
-0.3199258803502649
0.8882231702254231
0.12024253476444646
0.39807749783505386
0.6215921345908542
-0.34008644683138
-0.5424194445287822
-0.31165466315045864
0.44326389470293837
-0.5546775609329384
-0.7001139114415265
-0.5989823816172202
-0.19338696968946412
0.2776808419070591
0.07441902082857998
-0.6717608243692419
-0.6530295589883794
0.32865023484808065
-0.28000325640031787
0.4191894027467764
0.8263111487080452
0.006270803293093152
-0.38392424814213744
-0.5776511476764581
0.5637274482872745
0.00802317407748454
0.6725217349385739
0.2509165383401921
-0.21290741175874195
-0.5267054663310391
-0.5570688508960644
0.4955393608614411
-0.6593637493041955
0.4914709358838365
0.0329886363850902
0.09167211185604618
-0.8519156258994605
0.6785905711011597
0.025187409822472473
-0.5073982565090898
0.47159536868233287
-0.23446228710926098
-0.2559291035364881
-0.2964103483152978
-0.6290569521660958
0.9792149278571949
-0.428474597500194
0.11239224788011004
0.04804560237186606
-0.793004118125777
-0.5216121466310466
0.15290916309159797
0.8378812569004175
-0.15127993518342353
0.39228576156352446
-0.3647484755256676
-0.5804287048260726
-0.42367832929648563
-0.04111956618964907
-0.4157934428838408
0.23762527556558832
-0.8794021674604333
-0.39311922616605943
0.09804054909117665
0.3321305909846828
0.1565870208601785
0.9999912495143446
-0.8630840672334648
-0.6161626406039256
0.05457330350146039
-0.27038540517588516
0.8999650127059302
0.9010324391927518
0.8679009555375314
-0.1877174313631904
0.8711247813953849
-0.9695545611269794
-0.7087771434546453
-0.7642410623233369
-0.9401513696190684
-0.01916336034395738
0.9587181238781406
-0.6943730364498957
0.17254869958627284
-0.28285174355249687
-0.3515805645880765
-0.7476273063346752
-0.4629237006854281
0.7999724106430515
-0.1831885409704146
0.5571776036977909
-0.6380502962329788
0.6984468067774452
0.25050979397237927
0.15771467117563676
-0.8551765520410657
-0.6029804569676158
0.21764734106460693
-0.8218282292751202
-0.3358950341255391
-0.8629552933339744
-0.59588154673694
0.057695117371242555
-0.14509485695185598
0.9846638155427163
0.009385828297096
-0.2277840718792894
0.45033148979477633
0.9238885647608357
0.5178108774444863
0.993414219733024
-0.763700719542054
-0.017530178356130355
0.14843216367291068
0.40543698633493563
0.5533127534042921
-0.44119697391452073
0.5708894155728619
0.004391122269774561
-0.36782397109521203
-0.8036608861274044
0.33140362637264675
-0.4758626788580531
0.9826642325745449
-0.9463655947760581
0.9158264134659253
0.6357802816217872
-0.9793739115536308
0.22103778522490258
-0.04917876889181172
0.9526715231501386
0.5691969896778528
0.7449395456568912
0.8496742486179258
0.9957723239712406
0.43471236373918765
-0.26987616411863624
-0.6339205828072716
0.524812320244634
-0.19850944218041744
-0.49489227118895496
-0.2053859774299298
0.8965707026140537
0.9388771727197256
0.883336838257208
-0.0695595707446428
0.39024153363654923
0.8436529999027758
0.1962712744969879
-0.2584199104472309
0.37728372688070766
0.17718744386570284
0.33012617227904206
0.32958336616275563
-0.7669873352375582
-0.5016422111847443
0.2603293080447442
0.04097790396455614
-0.12900258505274986
-0.570707969828288
-0.6932950705579222
-0.04600201519717073
-0.7872045993954397
0.6107222161654586
0.38209591588759206
-0.7213650310631075
0.8528579808627714
0.5063863611862545
-0.15646908597921927
-0.34116631189223945
-0.8745597723230965
0.6369894812223689
-0.46557277547475695
0.7240620702027019
-0.5915353789689197
-0.33430230317016507
-0.17985957311954137
0.5859940500280527
0.419829012171425
-0.83805705453295
0.7941764256889372
0.7832557499329853
0.99214879228121
-0.6770511729285269
0.7061785119146204
-0.8699545365932153
0.27984647025679465
0.18872309033749524
0.21768548646248465
-0.0813661788327551
0.40098086157858326
-0.3249774482297316
-0.6854688754966165
0.15085059077383822
0.813483535741196
0.49252315033613403
-0.8378874783760477
0.5804499189379329
0.8726319364571875
0.7455577149144423
0.5686256984446687
0.22282488550274016
0.15458057239643508
-0.9415445254101948
-0.05515447695257869
0.15503624735323673
0.6990297814447644
-0.6443725027013498
-0.8136065338029563
-0.21540836815330455
0.93098731185705
0.5234484748469799
-0.41381313987425017
-0.02672529212406549
0.5088940214291273
-0.8797364314749885
-0.9947814658606311
-0.22888589442570195
-0.7432031995985695
-0.17867123656854345
0.45349431519542716
-0.805142571892195
-0.4656655646003265
-0.272314397924049
-0.3930237410708153
-0.18415201629407907
-0.33040838956943097
-0.06423928461150252
-0.7707176244548666
0.8598124050410929
-0.563878677710717
-0.28092539164643493
0.03697059554650961
0.8204957127826824
0.4539760241804156
0.33797314784764065
-0.9344848729044208
-0.3402393554525256
-0.42103758419367066
-0.14665652788018035
-0.9703829332919034
-0.25561296716017723
-0.5786575887821255
0.21532155155821298
-0.7888384492768221
0.30830369677296754
-0.7088362020092389
0.10866720159024679
0.8872143193951514
0.23668534050471468
-0.317694773301354
0.11969617327986648
0.5872407758439295
0.6124151396900628
-0.1569647488336412
0.737808641230578
-0.3434614896763557
-0.8765357657995794
-0.8696585402277883
0.5317462835580791
0.4586321782539342
0.6913851275180911
0.9519565100980394
0.7782768325759086
0.8222721593202014
0.27550428752036615
-0.7693815110142244
-0.4368631235778213
-0.047886904512321804
-0.7019376172743337
0.8551203129663629
-0.5376056077397264
0.709862953514621
0.865648396872643
-0.6081946709160002
0.9664371530961751
0.745599138158354
0.0899762832499631
-0.7661931508496398
-0.0971125951699221
-0.2247266612378218
-0.6397380233680647
0.19277626283649862
-0.5643352920342575
-0.9444912096993627
-0.7528339098199406
-0.2645578931882058
-0.9881275139443209
0.6290161091860051
-0.5782151342673152
-0.5538713819603072
-0.24973283680236968
0.8561589140609864
-0.3535248615131028
0.6499038233225172
0.23252362057813158
-0.9189955788210911
0.8832334817331162
0.5576702831119662
0.8968172534410461
0.4949202041848517
-0.6721394798707192
-0.4458596327515352
-0.17615085380851836
0.05376294691871131
0.7258864338133186
-0.4714397273995381
0.20644819410903992
0.9754062768662068
-0.5951558599393043
0.12757793768430936
-0.33665526414531644
0.8172827391127551
0.6136035326263933
0.9290246996150371
0.10402034281835082
0.2775436509854903
-0.9077299409836554
-0.5817490938947056
-0.8120083547798806
0.7432333081966247
0.1714482242162625
-0.8756783980530265
-0.6008906650844072
0.296532937020739
-0.7378483480654572
-0.8908946767222059
-0.16341578967824288
0.7832687788893571
0.9772382502454058
-0.8728587395601408
0.0012946158304014688
0.13355893292867127
0.469942998365231
-0.06353670475037299
-0.853473364736189
-0.8529282051247153
0.9562884151155091
-0.9630395955517996
0.6210230808596175
0.2921770119565126
-0.923295026454368
0.02725312019984627
-0.43523296904516773
-0.40579073815097333
0.8644560068022429
0.6566508482106488
-0.05740554386435326
-0.31456063149193625
-0.525667430567625
-0.4561223784527657
0.7938353387604067
-0.1376819991904652
-0.544646412185896
-0.4065706256464867
0.4853465264333896
-0.5792230731147507
-0.8178554535976699
-0.2615159333371697
0.6453381735247892
0.8524426890723864
-0.31847882758727275
0.6363673454213117
0.21804088964530965
-0.863643147817243
-0.4629711587017735
-0.3822141307638305
0.3829860722776135
0.982329887471243
0.07301552604391248
-0.681780714665216
-0.5441684445099002
-0.5975259637167023
-0.927777927130407
0.5632977298798749
-0.9891953030026894
-0.15378568178772167
0.49112895387602684
0.7966366704398624
0.2664147156864103
-0.6310244208283031
0.1427542873187393
-0.8673817365358145
0.15287203957751716
0.38067620232650645
0.48383109108387257
-0.7085595558459477
-0.6672088081171297
0.49424877339262485
-0.5968671351958466
0.9005891325506048
-0.39070358552867224
-0.9685701555248101
0.4096653458857129
0.1455993533006834
-0.6202246890628289
-0.14835912800990814
-0.9742860382742544
-0.5736970318846495
-0.53749869389408
-0.9400110173723597
0.1879801635395415
0.8369286519562753
0.3827260211905903
-0.5784415905085167
0.8433546760959947
-0.45408717441273727
-0.6699049527367873
0.1655567925757946
-0.01978175215087208
0.028209206887331195
-0.5035662610119112
0.6574329051177894
-0.14564791820799727
-0.893670669000538
-0.20132306972408864
-0.3255935582355809
0.07477616864580816
-0.4558521086296754
0.6363587479432056
0.36075323382717794
-0.32036805214182684
-0.48548534451674263
0.3846865120940477
0.3541621545930871
-0.517516946018872
-0.044367352515106706
0.4549013646035531
0.014638125811727853
0.7923581950274217
0.10395833669601684
0.07454134114129762
0.1344192436968037
0.3023717501805754
0.27100825511634596
-0.28025369285211066
-0.22787455254828703
0.3187725714031433
0.48818230358576176
-0.6572945185939001
-0.84194923508942
0.297718878463906
-0.8373541894992098
-0.2133336278113911
0.30715437949764257
0.8460364026218095
-0.5785692807966101
0.017570733686637974
0.638827353919637
-0.3182356055118696
-0.5825055470476594
-0.48758351964087865
-0.9197842663593925
0.4323016625773384
-0.07158525464231325
-0.055026545919112824
-0.38999576132897795
0.740345981783336
0.6262599564963185
-0.8904721944634924
-0.9446132087833559
0.6518450616225862
-0.2661201053966342
0.6463653149250388
-0.6142382277487395
0.0509072886618982
0.4368708692219594
-0.8157501484121079
-0.10049097590050415
-0.6514341830560655
0.6651501584846606
0.530414748316032
-0.64422847909181
-0.24242392142337787
0.6976160730851153
-0.1466415570010109
0.43233130960457533
0.5121140485063829
-0.16508238060079572
-0.4323508793182065
-0.5527892012664521
-0.6412198105206368
0.5797430885121968
-0.6440814130322015
0.9077547249562323
-0.8187481323443022
-0.4401975880142619
0.0903562855417459
0.2880540500280242
-0.07326068600119151
0.507850391185636
0.06394681525071633
-0.9090639422490565
-0.36488665863775793
0.18594742393102393
0.5606025063494411
-0.22093245059109612
0.5027397596695111
0.2627940326342757
-0.6032116887937116
-0.19253957206476713
0.38141371463219786
-0.1341156883167287
-0.2014322724953146
-0.4521974889136824
0.40910063345523295
0.8444455608590344
0.07897490036322719
-0.08480367131695798
0.2050513672567158
-0.9227290116669564
-0.6742372174732509
0.375234893914983
0.5483073649419044
-0.22640225801743008
-0.636584969522316
-0.8822439980727199
-0.9800147599702598
0.9405155283338245
-0.6564056441910879
-0.006902623493678428
0.24193377919897663
-0.9649027607190697
0.11028363478565573
-0.13257151422986935
-0.9805579541760987
-0.4212334589635849
0.20164385508103666
0.44961361836514424
0.9314777154479805
-0.46407125849086506
0.8062491010943496
-0.9453775011214505
0.1260675304540968
0.7705798623079532
0.9999413997980304
-0.12188735979581922
0.17148358130195662
0.3401335937484262
0.8988436788123955
0.8715289566384805
-0.45507758481783434
0.6176485534848943
-0.25500551198316423
0.9703947584612889
0.7728161303435825
-0.23973157317245808
-0.20527421247290834
0.3026146639062406
0.5482160535761096
-0.7236761764272008
0.34839776286471147
-0.830479149674342
-0.3821631741022944
-0.7201998001679306
-0.668784405662205
-0.08007098975620108
-0.2670498076043295
0.5070996559611105
-0.05272814420615135
-0.4266166579540367
0.7954229655970619
-0.860000305455191
-0.0909351729030543
0.892120985083559
-0.7424344863720205
0.563637168972694
0.6339051105909279
-0.6199972669507781
-0.96495485934212
-0.4908543844163826
0.17942045228575743
0.7930904769774747
-0.3926400005745365
-0.8106617876056372
0.4462038738807119
-0.07378006500638534
0.4602854726989227
-0.0043135563882306105
-0.3919833496403573
-0.9619043412316639
0.4419566701831801
-0.13143419797363398
-0.23914057184450788
0.015356820092063295
-0.7386851163698385
0.36098953396784816
-0.18370934410998796
-0.0642947455991314
0.17107645594873633
-0.9832891507153572
-0.10926907929218399
0.0985100029250281
-0.14035268563350245
-0.2079669085476319
0.7721274946360235
-0.7017465491551889
-0.7987652126278584
-0.37864593923956336
-0.39470351748056
0.14234403762784087
-0.16268588272314322
0.8499032475368484
0.6417784036485907
0.09370515963276627
-0.7719085996033697
0.3956278445987329
0.48473450217444713
0.368647273205297
-0.483945764904941
0.7805758542507237
-0.9217910891459289
-0.091518499414867
0.36867539311571584
0.4874106712363102
0.8157440652123009
0.9861759586397614
0.5491479219887763
-0.7642113462774867
-0.37919133611930866
-0.15653397343110576
-0.7720982829722907
-0.2508691475978344
0.796585940763544
-0.12869045170300963
-0.8720972693054276
-0.28782121522647275
0.8180178848638644
-0.17956394272938114
0.5712237330876058
-0.005470436801664258
-0.3532092398712474
-0.3683185004929048
0.5115407353678643
0.9023845107255877
-0.24385741494162594
0.6162682874188712
-0.2977180762332934
0.3753481137354122
0.22186236268733572
-0.37058613672019725
0.012999200357414198
0.1923539729558048
-0.7650749326337232
0.20875641123654676
0.3040750476925813
0.5619055044988426
-0.41385304815668844
-0.35588004711056653
0.456081652892681
0.9988302174039776
0.724998105268654
-0.9997265329707985
-0.08400722013121786
0.24240395080125166
-0.7193017170957194
-0.13456079536392473
0.5183713234196696
-0.1306356368287509
-0.7887031634670534
-0.4217867365257366
0.2674083303934953
0.6465066314049441
-0.5141133422199973
-0.8193159089287032
0.8208133568694704
-0.9259072094172112
-0.11006921666104819
0.5640523741812482
-0.5466027700305409
0.1687600026952183
-0.8025756098988905
0.17542505881960668
0.47130540262253784
-0.5184625564705962
-0.7939138643097843
-0.7050893446132682
-0.47217641752380857
-0.6528937174869076
0.7845488117626409
-0.5387123536744782
-0.306131629533017
-0.1899896237980674
0.30681142645668813
0.4679731308821593
-0.8299596907364424
-0.9581079686156071
-0.2940395852999782
0.1459784185439732
0.7777743650865176
0.307193242378073
0.5622228163235932
-0.7844682090449675
-0.1180173124868451
0.19209415124100793
0.09110167573323125
0.2622216577606675
0.9884050525620593
-0.8881977034856261
0.7889914504640061
-0.5059533968004573
-0.8556404511228282
-0.9337578870529781
0.3258963661039762
-0.3246917418731976
-0.4874049682032018
0.47388818378997
-0.3562219837715017
0.15906484590722791
-0.030806485574851106
-0.770454193175371
0.3299445694595373
-0.6023461375946753
0.5179553425881382
0.32168590959362886
-0.8805468234434497
-0.8550855350738318
0.815109429500118
-0.08224766253672722
-0.8859713584085029
-0.16740388072859447
0.47065479067798877
-0.4401868347935718
0.976879605143075
0.05213980321552558
0.7689995385451542
-0.7587711907743893
0.5952221711654133
0.8124263729898267
-0.027047908454437275
0.9480367108863768
0.6634034912344926
-0.08023851660042736
0.36233070369419673
0.32296067740633694
-0.0734398870660884
0.6439586782549431
0.07600036011552369
-0.4045948869753089
-0.48713722921615865
-0.513908740065155
0.9370065730307289
-0.3766264551090315
0.5147593921983731
0.7683979644635515
0.7869335193904126
-0.053603836210791345
-0.31156560719516024
-0.3128063690049727
-0.4963451449652305
-0.029714797653976666
0.9091634097558279
0.4008744749793769
-0.6433319621781979
-0.329549267361799
0.24903701293812608
0.24481132290327423
-0.33072574078301575
-0.9083278304452589
-0.1796501311146328
-0.21138915770127475
-0.9338182954341667
-0.9372062252579649
-0.22746312678490077
0.9814077648155803
-0.6049964518299535
-0.7404331640522224
0.09033427424564833
0.42433332164623216
-0.15527434575242682
0.6996284196842923
-0.33953509173861973
0.7705372694101291
0.01173870359718121
-0.812505174714254
0.8193043307737935
0.43137386958471424
-0.934089135659117
-0.45129740995870105
-0.29407417818323545
-0.11770136917226415
0.8088225357164378
-0.06538787131199508
-0.5242397855015299
0.8156206503349268
-0.849304284016738
0.7684428819465667
-0.7078312853035245
0.10525432405769419
0.3281753696349179
-0.4235924022055877
-0.8763415487388062
0.9418257140760256
0.23934477882668204
0.13386243732383996
0.22608547333412088
-0.7876713298025195
0.556228428644145
-0.16206479088354886
0.6560656338500703
-0.729217072056854
-0.32258565724659904
-0.5952855769147103
0.39226618094453225
0.459800754395844
0.9690232240690679
0.9838804038821238
0.789067322314684
0.39779881741582823
-0.8878193385164646
-0.3088603049500951
0.38727337656774763
-0.5352414746147129
0.8864953180580042
-0.13218886803160945
0.25373059625710215
-0.11181722299375285
-0.22006962059014
-0.6725688409292547
0.7104764098869236
-0.4185887767435885
-0.4639272101635614
0.4208545919939355
0.23129709138270216
0.7248491215011628
-0.02028602291743553
-0.20781399280922708
-0.6338937918474328
-0.8095366438302036
0.6481557988747928
-0.7859683909057824
-0.788360302128855
0.9965494880602233
-0.5329057274891715
-0.054444073326071596
0.07747023742059111
-0.7879016651757724
0.10316276517657053
-0.6392275758407127
-0.9860838231241109
-0.2416455018582253
-0.9683874243558566
-0.4833847914930982
-0.4397288991402002
-0.6497247950859077
0.65326616204914
-0.5727819168549371
0.30009057049054144
-0.8210351977171795
-0.8283353283709214
0.49372111083708914
0.11271444348481885
0.2744963648580969
0.10629905591085254
0.3395218405318505
0.18412450932176094
-0.4652870261352453
-0.5235200883415982
0.9246541098596464
-0.5533267120400698
-0.2484959969319025
0.9823259977621361
0.41197126208376744
-0.5553104214839035
0.8422213363406554
-0.21320632549490415
0.8438128666776905
-0.158870404353064
-0.10094851833488416
-0.3401705261736292
0.6407194553646605
-0.9649160654988158
0.1071244867416794
-0.7389807903168786
0.7537583633393594
-0.13340005958720247
-0.7916880768044889
-0.9873752621290754
0.5201874992749089
0.7533585450844777
0.8449812854596519
0.24416526318707987
-0.6302420016357959
-0.5501744329543752
-0.9284125138465962
0.7301729672124304
0.2253970243372192
0.13770428350428277
-0.8889272477168608
0.46464821303445847
-0.09623194691843806
-0.5320491243237115
0.5655165262777968
0.8585299060409468
0.9334961182492219
-0.780461636866014
0.2609099425274155
-0.36691508930579264
-0.5293508015479209
0.9003190112551496
-0.4927726187484154
-0.15221051516528328
0.5450697847164119
0.5671949574783453
-0.14231454809300814
0.6878246514618114
-0.9740905130296511
0.7171303545970154
-0.5255981270927514
0.2834084920334452
0.3648333337905638
0.4228019919465513
-0.11359507209766995
-0.27062823984855733
-0.5161721724937571
0.43875193664544176
-0.6311708094156083
0.2239151778917583
-0.386471539741436
-0.9626525402304751
-0.6026096608664144
-0.18901505321603396
-0.8929786672580955
0.3608403359987826
-0.5147722129751131
0.7143522306361307
-0.7271518137388229
-0.3336939937825689
-0.6394914444955078
0.8018879637487766
-0.07478362004488814
0.5916574990827685
-0.8001235558116249
-0.05262955393065161
-0.5284234712873128
-0.5459220150989028
0.37758192795905576
0.9569225529070489
0.7429334744229865
-0.5328071104228767
0.41522627510611754
-0.10817057884147663
0.3432019460280642
0.08179880365420922
-0.7184691061818202
-0.6490217408557122
-0.16688701845905163
0.16098105956601394
0.8292048696409762
0.43578630051217715
0.04504886751035686
-0.3844161510174531
0.23253249764877548
0.3992061369525617
0.819061241165095
0.05954913600605605
-0.4684372906618497
-0.356904887495755
0.4347364771308808
0.25088732112927636
-0.4249491183431908
-0.08659705314116017
-0.6432837237596098
0.9818633068357698
0.6430051213091006
0.5688964439866404
-0.34156890511660487
-0.3337104390303438
0.6452560781772545
-0.7218808518788262
0.8421799881121526
-0.8065650339823418
-0.7407705881103321
0.46583156453449726
0.6763057745582914
0.7430884122701538
0.018918205023498613
0.028388564463826427
0.1846014724210534
0.5620283051940667
0.21699078471965705
-0.42050945458530853
0.27330413004791665
-0.7544714493216069
0.1922827641908167
-0.4066391386242203
-0.8999692001787065
-0.38627907134740425
0.29005644073118697
-0.0006013148887495934
-0.49248138046919454
-0.5908652917195729
-0.769872582179483
-0.5936438509881115
-0.4050365471870725
-0.4066654881184897
-0.5847756976958891
0.4195923617283812
0.2765785759718944
0.42366959339570864
-0.9286927465580694
0.6407293312976541
-0.14801286894673993
0.5589183097962869
0.7886513752598379
-0.9623943402724362
0.30982079667134954
-0.8380955409949917
-0.38247356883253314
-0.6668423496372429
0.6169203359266349
-0.5700266262880573
-0.8264736435894202
0.2893569514110781
0.16703424255064858
-0.738840923110248
0.32320724707636606
0.5582925944777228
0.6327936756030288
-0.9033367049950134
-0.4079341771771414
-0.6056648699706848
0.9709637559846778
-0.4448185539532037
-0.6510199640164576
-0.27091486360042216
-0.8524147425346635
0.634301747345112
0.05287863715291241
0.47357981126714543
0.16736481354094646
-0.10824484215921837
0.7429153994097524
-0.506602608768465
0.9710359930468311
-0.16249071041827445
0.06213496424150988
-0.932637111727735
0.915426182934852
0.9751401655005454
-0.7217009299587325
-0.2852996606169713
-0.7168641189069844
-0.8185811232851214
-0.6872550231478842
-0.9097775909963228
0.890171535310059
0.16436916129232904
0.3504560476634955
-0.620928901749948
0.6763227119970459
0.0622307900865795
-0.6869666624405948
-0.3947929068461056
-0.1769573341990458
0.5782498879002202
0.9094699065763148
-0.6477055043432765
0.8306053831828353
0.3908755361767946
-0.1991319717895943
0.0739792979809557
0.525474354389533
0.8624410692721587
0.4690719667294858
0.5987802135590974
0.548574559705199
-0.17901887218288914
-0.8632853742633342
0.3696169481087124
0.7032287189574233
0.456694046333056
-0.9342463319725518
-0.6256455114058834
-0.2775408776593169
-0.2524274992882207
-0.11013256255152104
-0.6636153257701578
-0.19816099070209403
0.5314747820009862
-0.9083423214929964
-0.3710521789631369
0.41474052217457036
-0.8304487984677442
-0.3719502912473718
-0.8896240140625333
0.278952934784952
-0.5839179842794673
-0.28528623522780383
-0.4393383053217095
-0.6234325934399154
0.9308452136062793
-0.018896028164369527
-0.7966889338683107
-0.9129068689461759
0.08851792849264473
-0.5317041998144316
-0.33379640141799727
-0.1740556074063142
0.7149559339319522
0.63600242350239
-0.5789362973512369
0.7651963367631731
0.14751764264487544
0.15059400173248738
-0.7219934943215347
-0.2239455193993678
0.07885817645580429
-0.14445093241825613
-0.6644104209942787
0.9673230596828704
0.42502973832141366
0.019443482140328205
0.8669086881553612
-0.7085836440782975
-0.3161990582594829
0.6358600264098293
0.42707098069795735
-0.681549898109294
0.6228212562997772
-0.1402720675877278
-0.876421099842903
0.8510235746521446
0.1298084115217566
-0.47301769066566113
0.7919570331032295
-0.6826236165910664
-0.27089335959682503
0.5759782820892112
0.658153764748916
0.5070567245569655
-0.08085135887709316
0.8993969780890185
-0.05228347868029459
0.6779882233576342
0.9592114927139337
-0.00715082503556097
-0.2101238587064762
0.6691355071371241
0.8389577452538786
-0.6167919598419003
-0.988116146059282
0.8642116763781198
-0.8185971252401829
0.37022329204755833
-0.8032749661418015
0.6527582336831548
-0.9770875882367185
0.20191582787386575
0.8986005742180503
0.7369947466148088
-0.3834133773992854
0.9742899122231015
0.5875729170187807
-0.9126334198175092
-0.8684121817695951
0.9391173138357829
0.5726580749111279
0.35841879394645115
0.11277856641664186
0.2887972826487366
-0.009391480051325063
0.2868743959711786
-0.33743526145914404
0.8737155056268449
-0.43084625416745737
0.9405436761171013
-0.6886244816633318
-0.3496318856353591
-0.037302691501434504
-0.9135764330591993
-0.26426988875777546
0.42868361558079715
-0.388945547673877
0.3070153569285463
-0.9639990817792099
-0.07119301351954177
0.005726211341321452
-0.4794864823167937
-0.8426221433570591
0.8981077005073177
-0.36383152274112285
-0.34235633180371905
-0.8746544387653157
-0.910258474837488
-0.6761814801217763
0.5548204209195258
-0.12405942370541068
0.8556884094521449
0.6569230134866029
0.3979579946473977
-0.22800620224709567
-0.6121296857269709
-0.9487438371407342
-0.37809803433617883
0.9190584536835409
-0.13169832530811476
-0.3304861203680838
-0.7348964813875949
0.6088826118517074
0.3425345592621316
0.23610972918741324
-0.6819553829452722
-0.6469236523880468
-0.6669276836800535
0.3866656469871461
-0.07392699348655207
0.04159088875733463
-0.7009474609809916
0.9664389194688154
0.6370867436808791
0.09769966086615933
-0.3002080182958462
-0.7219639489283791
-0.34848925533777253
-0.643042769268823
0.3461917577816964
0.6671429863313199
0.32673610333216074
-0.27049029262722524
-0.9336935653607659
0.7073060917840006
-0.5933539446364355
0.2532730023541503
-0.7953307163028307
-0.6214619815200737
-0.12682003856759572
0.4218100153684621
0.640828908372411
0.2816977209266116
0.2259005822394482
-0.35032502200317484
0.36278201122177833
-0.18533355533680207
0.9351582996148684
-0.2842935966881255
0.00030415511189363365
-0.2142788270136009
0.8381721333812207
0.41124589217746466
0.9240699443067271
-0.8020703982606061
-0.4509111249697113
-0.6483821625971435
0.536110015472469
0.7812132193320629
0.7617024111786177
-0.19974359033240874
-0.5426375665841865
0.7821111371764069
-0.6650759378539781
-0.6778808747518026
-0.7900441108590599
0.5064331448914212
-0.39025166768268504
-0.7670671918726129
0.5888170038771381
0.5752298024501421
-0.3732115424994005
0.6508477881475341
0.40595261943243766
-0.3678031667820174
-0.9663326830243237
0.635725131430458
-0.016802427159386735
0.45780089458970563
0.005095580902281238
0.3921845164572828
-0.439586408314357
0.14021521523739766
-0.6005987637124643
0.39730406380539973
-0.3298781035388041
0.6848335135589112
-0.07811469026404749
0.811005527381429
0.2454837042926845
0.37777523900904764
-0.09818438083306025
-0.5182006033431612
0.8247827202591496
-0.588992277150385
0.8835968598602026
0.4918725146812306
0.3526641013603893
-0.9339665607867489
0.7413507138246069
0.4141089864517753
0.7346401246103109
-0.3749547586284341
0.33972123482130323
0.016515274392080226
-0.7301683754535682
-0.8245200436634439
0.28733080689651946
-0.27046626136911467
0.8377520512430003
0.6959454981343824
0.7475810186366711
0.6196326621900603
-0.4816234028026165
-0.42632590121884295
-0.713998039602733
-0.44547295174506796
0.8721504293517701
0.8594767491620741
-0.7597407049360314
0.08138835808389788
0.19987772028298578
0.5585056957997219
0.748489686810073
0.8761002938337075
0.6249978988516629
0.29613362870706905
-0.7894735199608547
0.5934823598757266
0.8091544870470802
-0.030848926307955438
-0.569097942226289
-0.8427790694435864
-0.5090622939316605
0.6095686708262045
-0.6286443578863863
-0.5860230474612185
-0.9210602035761757
-0.7353087384239814
-0.7512529645128367
0.022916706165903467
0.13705427457810848
0.376065421625825
0.17415072707856494
-0.46776275443204063
-0.7234033067080856
0.8672292229535656
0.22014261015783876
0.8631135145234996
0.24956276139157252
0.7191892161692341
0.7679152208078506
-0.3101617387352955
-0.745222337078729
-0.2111175263238625
-0.22535388913907162
0.9564589198368583
0.44673504585432755
-0.11549190845571355
-0.5094178073339903
0.431635777190037
-0.7616316404769423
-0.6963193380082402
-0.007655749909962983
-0.8917595789641404
-0.5739737318911116
0.7741595445295326
0.5521996970054874
0.07923331764294561
-0.9637787139412981
0.5180677454853022
-0.61433206103229
-0.6596873693251959
0.47792797173604495
0.15249086317423233
-0.18025933616975132
0.757798252446054
-0.5394190965115657
0.8270133749280344
0.040904623315455746
0.8734780647783775
-0.8585152246885519
0.45730631032369184
0.18615523810072943
0.09211022036248262
-0.9789972137271794
-0.7444104899698358
0.87847898667535
-0.09889480727703348
0.05363748960341175
-0.24212664687884522
0.583487193787098
0.05771515653047077
0.035359018185322055
-0.5126039298752862
-0.506148406211749
0.2626475569073572
0.10964038593546199
-0.7821361976927876
0.583720083620185
0.29726104821845767
0.8551537286161919
-0.12621675496091744
0.2941237144956097
-0.9780217634245187
-0.6277719485645294
-0.32370448596012547
0.19829152655631188
-0.18671600950216471
-0.6160949136236957
0.13861820099266065
0.9480032881935165
0.5333747340011499
0.408524446796114
0.8668408745318581
-0.3450695394616097
-0.9484571438233427
0.5082543863834068
0.29459504288937177
0.2434989685463238
-0.5550149783731311
-0.12515796867049844
-0.6277487783723914
-0.5309777589702556
-0.17197047888645822
0.144072238613278
0.35832067230402176
0.8826498477518196
-0.0385296284366734
-0.9321342193693307
-0.1293958445614285
-0.6126194525771893
-0.42601553280441284
0.6475065343142434
0.4324811074985475
0.3170401398821183
0.5264953842705462
0.4188902877866565
-0.5122737379895881
0.3677184639178843
-0.19561291273083103
-0.5542730371501117
0.7966448948611164
0.008650585619205176
-0.8541148287434732
0.3963380903814686
-0.43666828032405336
-0.851413021920695
-0.9592645098692894
-0.7829421272782806
0.9544473336964743
-0.7314192152726113
-0.6256341827981553
0.05870777189869747
0.7217214607937197
-0.949921661698135
-0.4751332843566449
-0.43921554104938587
0.7168212847553939
0.12217427586967067
0.0994176605916206
0.3307681370979849
-0.6833364523489351
-0.6763262858572738
0.0858371043818078
-0.3757678220472285
0.18759857225905496
-0.43965342009799113
-0.28492099118248215
0.4795321417325984
0.3936430342012758
-0.9008729454438482
-0.5573773916661624
-0.24414935756200906
-0.16415330830531016
-0.3453285672381303
-0.1917426461028784
0.19065175771020892
-0.39893250902831756
-0.6514923759424716
0.6454487003378351
0.8329997484806462
-0.18411154213820313
-0.8620117723946294
-0.5477090266253797
0.5889531977295004
-0.01584410958417104
0.9585178446426981
-0.5927216187622459
0.6192832791069178
-0.5015455921409973
-0.5247895195298047
-0.10634579151057344
0.6664000110386268
-0.605103306247792
0.9263603040110009
-0.1656596695720718
-0.938151803919846
-0.6332603625680953
-0.20040418163030527
-0.49702320854535786
-0.23344674808172505
0.7151048261948607
0.819045926687691
-0.3666700221978638
0.9393431557447316
-0.9383968509768683
0.849964935191396
-0.14727815685341916
0.9348556302847562
0.3698388325823705
-0.6535786047603902
0.875262174802288
0.3259947720063241
0.9842484951673534
0.6288929807171559
0.30572841327145417
-0.26443640427151416
0.9698508505760022
0.621667919344409
-0.3317202383536162
-0.3431937626641881
-0.8013181099263196
0.5012584531405266
-0.8121228050986673
0.6471822023111498
-0.8180216609577906
-0.4984510308971537
-0.6223314932193371
-0.17068628272244712
-0.5047623865530722
0.6450908526896628
-0.8185017194600646
0.27733331441622555
-0.25285341037493714
-0.12496952526768434
0.5788067452252315
-0.2584213468687466
-0.5078508781237703
0.005324398131791641
0.12469889252357813
0.7150773831603245
0.8713491530073192
-0.037984611581802996
0.8570930954239877
-0.722195286888724
0.6410529574983022
0.4420302854603637
-0.8826187025060099
0.8547753178405062
0.7157606547901361
-0.7385487459631381
0.988451361998415
-0.920406566264925
0.8038476933798897
0.9531196395587762
0.6601602107050608
-0.823108471556574
-0.7030819485203663
0.20499991105327076
-0.05942682687751821
-0.7451307184294049
-0.9381883227862213
0.16756145918821108
-0.6687624004903943
0.40319946526430783
0.07914114636647773
-0.029569205549943245
-0.5003619566930475
0.06870932953230713
-0.4660323504775603
0.29263186741256364
-0.7798417484316653
0.6043114261727527
0.101697802725087
-0.7955917999773736
0.05035989741202318
-0.030606325690605507
0.8856770936081759
-0.051701022369586624
0.23235178503820042
0.2806785085318404
0.753582410465673
-0.43410195234363735
0.47133220467174564
0.10823248359990911
0.28092967906039745
0.26612170894707154
-0.2685091915696258
-0.6892063854401247
0.9006558073283928
-0.27953222464917427
-0.30218478998399
0.6008608193866058
-0.7162901328114555
-0.3828893131271123
-0.23605523990246557
0.9487855639602514
-0.5402391273074838
0.2872700913864601
0.4877276011584397
-0.45367895257435076
-0.7112034186073508
0.48570103202426895
-0.03441768953591384
0.10369186808637276
0.8106518116003167
0.5912288760037248
0.6989004107992318
-0.8202061953842548
0.17260407907503472
0.6945316320580732
0.05336614353924385
-0.6609227206048942
0.15096707413010368
0.0015022016443897446
-0.9476244924596835
-0.03152230613402174
0.09257698743885556
0.47360964993578913
-0.5643730106047944
-0.2759589022339015
-0.6270400158890421
-0.29674345789178913
-0.707011737141684
0.8068173250155157
0.8173005454451101
0.9235924379204556
-0.18280113670619236
-0.32539514400365843
0.23096333412136727
0.6665659626319602
-0.8383952827243095
0.21154694999010126
0.6274182565709663
-0.4217879761508403
0.8629949268520971
-0.2295274673092973
-0.298449425251049
-0.5041264165780932
-0.4385742197682574
-0.6188123944431043
0.2678642782647487
-0.8797939994568098
0.993795926676752
0.8358072966941463
-0.3075477752567317
-0.09611229522185272
0.9409456929162945
-0.5166543273102322
0.1434410927921541
-0.6423569136612841
-0.11210941934042107
0.1808589597833068
0.46715440985221957
-0.4489930858982456
0.5055195502273002
0.016113214452524005
0.44235767860311936
-0.7500673893461989
-0.918590994209576
-0.24029160147687478
0.5916842533687026
0.10306153073892954
0.4593279629746274
0.18932881952982394
0.3857701077947413
-0.43100784391481217
0.0028229878238983375
-0.6407046774774481
-0.35829265051298087
-0.7230466557897781
0.32461466781969195
0.38900509025068875
-0.25365241544189976
0.43919971804585645
0.8602655951421092
0.22019471073917174
0.6165885713862009
-0.939589147979355
0.2275915962156474
0.20249488897349388
0.543788389756904
-0.8474034787277649
0.8588582667005014
0.3749564452428451
-0.2527484425815514
-0.6485505672881868
-0.7376797985775785
0.6607843714993393
0.7226522501826929
0.43186636329436423
-0.8494657111245798
0.6361709392523476
0.6448696289807141
-0.5167267307654926
0.7612058309171836
0.0828222466393802
0.5692282165066342
-0.14769621496109364
-0.7971251376719986
-0.347588042971791
0.2845156641334281
-0.060690069998652785
0.8911499776137113
-0.2504434944555989
0.3909167911552769
0.2922416742100644
-0.9311453328281316
0.4480626356648143
0.6791644030434909
-0.43122959996806665
-0.9674261023729722
-0.540667499713007
-0.1182880705795668
-0.6790257885831159
0.9323500580280415
0.17345335271615703
-0.7451355966500965
0.43164255147455255
0.9200046157816006
-0.583615975985798
-0.7715638772720579
-0.39062547283766924
0.28953310380956787
-0.2620246950733438
-0.6742893416874955
-0.3488256722685057
-0.2332608043589015
-0.226687261167428
-0.32510665851229104
0.4561590710545764
0.9786800360200558
-0.30306114709641885
0.9270336585750134
-0.4406641639111786
0.3349343344508442
-0.11641681062635834
-0.7421963361905126
0.06513002634163989
-0.7775804205685255
0.9414714805358335
-0.6071740200220446
-0.8752144666939128
0.8533755560112017
-0.9576250143100535
-0.010459921804787164
-0.3603830832128714
0.3383723527858058
-0.2147351918479372
0.18506428741876912
-0.8627727406300361
0.8587644539468529
0.9730372603716879
-0.6869989910875542
-0.358404500199881
-0.3296805114142145
-0.39736229787829314
-0.12735100288306378
0.9370741452472755
0.9126940160123598
0.7805784509342326
0.9376809278794234
-0.5351800680584085
0.5931946617252655
0.5049770620411616
-0.9369809943034784
0.751917875401144
0.5041552779932932
-0.6865889333194659
-0.5035595904072978
-0.5762015454801965
-0.7827306278331025
0.5621910176395406
0.4429535175100463
0.8096624058802442
0.3789811276518227
-0.5480731180584926
-0.5521410651602465
-0.23359127119002587
0.6195592517135571
-0.5819590004263471
0.6751907650868303
-0.4861462437904671
0.22314534056815005
0.6173260901310915
-0.6302221194623092
0.9642902295014337
-0.9290178887640972
-0.04787990991279467
0.5746784538731113
0.8941472395270911
0.33200067167864145
-0.7928353394234264
0.5202186780984608
0.9034565802401249
0.7933388972505102
0.8199384996126691
0.7709121326020352
-0.8527509946183476
-0.0939599713477397
0.048725989718226614
-0.7766899694638161
0.558712842631476
0.9017709922505757
0.6291469777345873
-0.8177446371297121
-0.27054313837297284
-0.5439257646369502
0.1746433470472084
0.00013490299130936023
0.43494177425171787
0.43253624828126647
-0.5723930094143963
-0.6561584961203395
-0.8912783008296317
-0.3073870706543531
0.20198149280786581
0.4625410778869472
0.8801802038602693
0.3024872639958691
-0.7738506530852567
-0.40255069793670906
0.36469775512927916
0.8617259879996984
0.7911388207212109
-0.9827903271576028
-0.6576429578974785
0.07448957129606448
-0.9652975954535798
0.9943610411665738
-0.6976433055695301
0.5410991431193799
-0.5915315887322641
-0.04596930723716852
-0.8630267681458741
0.8711430915970653
0.4815474167986924
-0.8280594068223706
0.04310166632334278
-0.32097833410546195
0.6913586937596632
0.08941774501154343
-0.4215051949937181
0.41749986493971725
0.988611303755166
-0.6200084679200284
-0.08482738209131946
0.7827722705479154
0.6878253094473112
0.03395146639551938
0.22878240879570866
-0.5417720677234541
0.5570673829076223
0.32314435451417123
-0.5323614451644036
0.44953739849404983
-0.13816474181996385
0.939323189233483
0.35666265515644735
-0.31057344943233045
-0.8993837144017394
0.9065064691319222
-0.11373558328023448
0.27019688092453853
0.31725168882966837
-0.26386179616037064
-0.479830663398052
0.2615369889315575
0.5891901895367302
0.04705816124530249
0.8443893719386661
-0.8698839124492348
0.7448989785733626
0.7234237525073346
0.10669843470969442
0.6499334797029395
0.8574369284362036
-0.35297921427929224
0.26365503300171156
0.06787509981930007
-0.09166024227297664
-0.5308016627027392
0.3241407917138792
0.5456848526596387
-0.6706522744758083
-0.5124233724566762
0.4269938958887656
-0.9758101968117492
0.540472351590795
0.9970497598123176
0.5273412219644278
0.8086470015229248
0.7757638070118611
0.7299867204873867
0.8459903535665023
-0.025134789938532576
0.49596095935290374
-0.6966180354501315
0.9638974328049024
0.5841899547828997
-0.8434886460555193
-0.41925278432978086
0.43631680965951714
-0.11153170945427959
-0.20641008640568503
0.16797749013545538
-0.9309091990864065
0.1811734554614164
0.4067750859221997
0.32649166262270257
-0.7146544074964769
0.13910952972085822
0.9025919412261731
0.5239502668941804
0.24593313234388003
-0.12471140450732632
0.37878991241422555
0.7909559076005872
0.6806153749631341
0.44542076791267604
0.7301464888628977
-0.8212322039723494
0.37880979967808703
0.8750553092553037
-0.25707041579277434
-0.37015780204370397
0.35222529046682016
0.3646306515946567
0.9898918219736614
0.24534527341621648
-0.5928093680667093
-0.8915665674841307
-0.9172864279922501
-0.6457225138826803
0.6340749776804071
-0.6623936796090775
-0.7030487061013211
-0.6808300552605895
-0.30196932770762297
0.017057313903257265
0.6670009151813661
-0.8650937125817801
0.612353025128697
-0.41946752130994147
-0.570612896567462
-0.2990382748239446
0.6123776382852706
0.865978052538104
0.20316979429244197
0.0708063428951764
-0.6527689409363557
0.36817368927967076
0.5604501346062318
-0.18402526816767262
-0.349488489271806
-0.07590595637080755
0.08375619708277826
-0.28245619177070624
0.28147020003842815
-0.3319962371975944
0.5697803745689096
0.3025081051810363
-0.988778298137605
-0.3084136188690747
0.6476885909072565
-0.07612006117722947
-0.994784273430706
-0.8619498100111049
-0.6432493548916811
0.09959333671302284
-0.028880774901449024
-0.4103711891329276
-0.7317147936524737
-0.09042623180587328
-0.32370720478505044
0.8519700614416179
-0.024640425120357357
-0.2660871534551146
0.24212555811692527
-0.848254199642666
0.04265342184678089
-0.7815313004854525
0.061121889418878306
0.9610361249274295
0.4581619831932373
0.2290274681415454
0.9305583839229246
0.18442940926642626
-0.09562103513846232
0.5788133509577249
-0.6323627439810702
-0.4074325511985393
-0.588422285905716
0.2676074804113726
0.22997237245407898
-0.6878666622854892
-0.1803010703394452
0.7881161224357178
0.5982857199476967
-0.14267521105305714
-0.22404569090145965
-0.30962501945819154
-0.26225910099070093
0.4346633044572268
-0.24516635748726467
0.7919917385494528
0.34204038811868887
0.3760269994397718
0.5772297706859566
0.20625798428319952
-0.6996624741306099
0.7044733721170902
0.6976518831196776
-0.10983966499590792
-0.03443443255421075
-0.7590104469619703
-0.11301270876123626
0.6991604668216937
0.5406483884456912
0.890243616189833
0.5406562462444349
-0.9357444366414487
-0.26160041405001766
0.17670665441379851
0.33808556312213023
-0.2736673693134717
-0.17555013959609123
0.1320772856258634
0.9142733260452196
-0.7853562267422551
0.5744946137674729
0.1935960126998022
-0.4473275822213183
0.3675045684344551
-0.9570910661790721
0.3119746062993476
0.34981599695857213
0.8542269574078731
-0.29674406569663914
-0.3382629057795741
-0.7972946791866258
-0.8578596156715044
0.03843495510770678
-0.20248050410425122
0.3765394171629124
0.9453746470318747
-0.2206806034106481
0.9318383608412026
-0.33504505267459517
0.007907662607411936
-0.7486661143762032
0.9033500592082611
0.3290694209682379
-0.2691278939934132
-0.31227963817942483
0.45617014793835553
-0.9174280010152998
-0.044237642296397484
0.7177646572439027
0.5143927008984763
0.1716070718892695
0.252721028729747
0.1770126128123093
0.11800236405899178
-0.27978829333250066
-0.20202772607505337
-0.17697995432456604
-0.2256847398227213
0.6002683948518672
0.6658352517014046
-0.42837060756951906
-0.35683285666917364
0.0783963305912716
0.21141480515687738
0.6149058524945412
-0.7414501795094501
-0.3388980948841469
0.45639861075386756
0.4768810876684173
-0.6596167846310452
-0.6524501129190332
0.5859355238525727
-0.8875897583035535
-0.8579039185137889
0.7189171758725221
0.3228913649838725
-0.4626204963187732
-0.28495461786177856
-0.0002897107499999496
-0.8213344380866328
-0.847767191026392
0.3723504430892366
-0.6724578172937761
0.02882544794353037
-0.6447276378404045
0.22040295192823733
-0.5882293757693615
-0.3571771605932532
-0.8412462112820973
0.20204267528579378
-0.8288444648862754
0.3985807629616889
0.19337807042223387
0.9422256426430231
0.789226552834202
0.8723234962878841
0.5625710911465025
0.9164176037451393
-0.46545798419238804
-0.2229025123879962
0.5003032456467331
-0.12552120019633617
-0.524673591153239
-0.4756565919650493
0.8591879195360546
-0.7763692691473876
0.9445944171359919
0.6337897281182387
-0.23678746027646258
-0.641709460738646
-0.0337718118660717
-0.5371224606135416
-0.713202116345206
0.49739633932251026
-0.5474297215149673
0.834684659865375
0.9621894816557772
0.8315102245475621
-0.35508538919757915
-0.549225280375133
0.9539049090605765
0.7418711095693946
-0.5912463415186762
-0.9766154565753769
-0.8651754609729596
0.6467866456930988
0.45488195111120744
-0.9439670367102684
0.18983765972242694
-0.7400522389042079
0.7458752819550405
0.3464894542108057
-0.39686069909056143
0.8963224292273242
0.6152726067454384
-0.6337630939346937
0.7374067953750332
-0.6466021943713176
-0.41830292816908066
0.15792538562829983
0.30559628865350796
-0.9561037969126436
-0.4646446387400325
0.01893325398898482
-0.9010751453457899
-0.24160722996741657
0.02240565450849341
-0.7055762754364012
-0.5516832238588871
0.8751871337371484
-0.6295751821892015
-0.7057364381790945
-0.3831798889922644
-0.9682984390852778
-0.959409688139192
0.6068395327950267
0.1975522974554662
0.6471943625942713
0.86286154007075
-0.5453750435088156
-0.18223110182988966
0.9978571889773011
0.18678909760290074
0.06622011857587284
-0.7024515611161817
-0.09396918455156955
-0.25742279205880836
0.07338248414786253
0.8302770325420714
0.5950701273005872
-0.89430650191418
0.8030256050092259
-0.9273421883028572
0.7169112845868815
0.26599453484858193
-0.04214821280952297
-0.8380852267606167
-0.2960208562834845
0.5734575388509562
-0.3430366486926337
0.5991833278423668
-0.33555577083459
-0.8534734248513551
0.7006498209302405
-0.6091928082310094
0.9427104269501487
0.5925028686493796
-0.06953788922240367
0.4356689953836177
-0.6090709433498491
-0.6679421878639389
0.8641529217385899
-0.05937631888132633
-0.5526040999019104
-0.0045847588038192555
-0.3237442137021014
0.5581421466786631
0.2506952900905539
-0.5556209619287626
-0.3251581398121448
-0.9128930067939278
0.8287616289569593
0.7268971957563897
-0.4091592052820323
-0.3369825194029601
-0.9180547258302221
-0.24439202488446798
0.27113681827425795
-0.8795180654444912
-0.40801600938915716
-0.4424273930908258
-0.2999241991784629
0.15945293344596956
0.6590617950174957
0.8912489883007129
0.030158561525544414
0.9709974970460356
-0.14348308900552476
-0.20355508570856284
-0.5417619042731339
0.05711186627992948
0.2509031043695906
-0.1804663435841316
-0.7209011435904398
0.5392164759921805
-0.8131972847445563
-0.6610114159508627
-0.1694739759848245
0.9276320297983038
0.17510031386183056
-0.6123158344338995
-0.6676340302799988
-0.311178736055687
0.8841598116307237
-0.8508338713255124
-0.8853292277898301
-0.12712834972455167
-0.7992572066239125
-0.19666796705997536
0.9116086777736496
0.4381013796512836
-0.838903807981636
-0.59255477120267
-0.5873328257084907
-0.7195409534494686
-0.35600642145667516
-0.28652263866628
0.4473400546958948
0.2087935981500335
-0.8754324253396708
-0.6412012657076414
0.29990459526033275
-0.8569756632561263
-0.196196424478986
0.7886998013015065
0.6077066956600918
0.5313503522282859
0.7005529118540361
0.6638291603555264
0.36165980751946414
-0.3841971174813599
0.20756518100851373
-0.3805879375625614
0.27805609553633315
0.005727610585559928
0.5370726399735446
0.04678122730100087
-0.6020895717707699
0.8648095077660032
-0.45196838979533127
-0.8309815718818725
0.5046374987351745
-0.1744994905785462
0.17756780769340885
0.8060008462665049
-0.5197279382851134
-0.9918630283614229
0.8759700238485104
0.8415151151542268
-0.6199160875604004
-0.02172863987510465
0.03846866184579989
0.41331633451267535
-0.8255487573758837
0.6912768953872033
0.18952912649318843
0.9632968828754869
0.8650101028423318
-0.7379149288078874
0.4243689215363402
0.8331738474534187
-0.2736472482468306
0.6285323176037145
-0.9145605643800496
0.48550238284042635
0.010504296389146406
0.5949791592345854
0.5184813189494082
-0.24506676246686565
0.07499146416279512
0.9260930239561476
0.9187570477327229
0.8708540631311548
0.7917015114946826
0.7346512970070029
0.33647564979259603
0.34964562062209215
0.19584892503502394
0.4203382383948504
0.8399259293299746
-0.9090380444024835
0.535069389896071
-0.9260209046372228
-0.27224184598020673
0.6885112620257829
0.7543862695500259
0.09586620384044964
-0.22260575946636596
0.49151631557252196
0.2542963613709599
0.8968992921607766
-0.05051193261715503
-0.9040416534362188
-0.704331306020124
0.2008948493899907
0.28964042743479657
-0.40535412903131385
-0.17057132496500715
0.9092126205480231
0.3238813267131724
0.9568343347316051
0.6689411330395261
-0.7280247789239833
-0.9291683507574398
0.8728747573967777
-0.6025913236319291
0.6753556515849788
0.3275179923729741
-0.8006615099126302
0.29952302492168625
0.17982812845425822
0.07491583397742918
-0.2803052473100478
0.14845294615128468
-0.5501842856520041
-0.4170447424769732
0.1666261607703381
-0.4076157026848706
-0.591924960110241
-0.23988743396208068
0.20095271862409625
-0.9480926593696628
-0.19399958172231613
0.21825529481133144
0.9972598020368353
-0.0005012679429281519
-0.44743539209311667
-0.048162109902888606
-0.18990622913136046
-0.619048812069001
-0.9703221679438347
-0.834593920210035
-0.3022682034858908
-0.002577205679202166
-0.1577453082125233
-0.8314262186301355
-0.1563770110156848
0.4746463211376215
0.8536483770759056
0.8938792771095372
0.4808843947894743
0.38772579531674634
0.8228582486251483
0.10806530421902671
-0.3487819983592557
0.15925759664309536
-0.9007504669214506
0.2691188194727463
-0.44313891776592906
-0.46435292124268335
-0.8271144574304732
-0.6567341081514448
-0.5751722959966135
-0.25238539686023964
0.5165964573618913
0.07589857323210647
0.9467362692640762
-0.12077560871172954
0.6923857574094112
0.770099507211861
0.9448056735938264
0.7176604579568875
-0.1992196381793292
-0.9252372785066518
