0.36774746909151035
-0.10943490655706767
-0.4471562336151742
-0.9063922121108741
-0.1348082067485621
-0.5708432698016017
0.11277077246911538
0.9105156198902524
0.9423039795925234
0.7424961542093176
-0.31016477143997356
0.16640720462138225
0.05273187587104777
-0.19782413974421864
-0.26982183946931904
-0.36738561361606936
-0.24162910890384137
-0.882448238543651
0.706290388772137
0.8925687565062288
0.9982336934009479
0.8141397184230454
0.7283273633196103
0.4366942969080789
0.1738045964189674
0.9939054625253643
0.37998307309334
-0.08290273660894076
-0.4776938750820947
-0.2909118763175724
-0.17944821418592127
-0.8058731763907714
-0.5483459824886352
-0.49610602716184893
0.652639196943386
0.3093236975668434
0.29638580740187104
-0.13944670979421359
-0.6904051629735686
0.3762901489659418
-0.6916337814812816
-0.1910092678629931
-0.9846216356666426
-0.7088726830424485
0.44501302060353076
-0.7656224407478744
-0.22374482395720174
-0.7667429040662879
-0.3323222895195974
-0.007025528406585657
0.5540645282236913
0.08693766583566509
-0.2660298338494991
-0.9028481647417557
-0.6200251475734793
0.8357381049651909
-0.7290647562929531
-0.658102169499744
-0.508555822435365
-0.7266252298098546
-0.3983747831341087
0.12623383789032583
0.9044520227263428
-0.5261569652674192
0.9906567950904657
-0.37420432255729086
-0.28662760561119227
0.14436025699703614
0.4223774340968498
0.37480254036873073
-0.6216455127619527
0.8041544081046046
-0.3211197695936827
-0.31119667602585777
-0.5995697411510781
-0.2525317621393439
0.4705982020018107
-0.7365582184304287
-0.379603241093865
-0.5310884220525229
-0.0994310436549588
0.8673874494044655
0.40171849057992604
-0.3433498638793535
-0.22144081598499898
0.5501376052445739
0.5702375640030601
-0.7721107174273225
0.3386183495916071
0.4296738488201255
-0.32779746014798294
0.6557831987110345
-0.17377608558016822
-0.43278736983536636
-0.21931397868660918
0.6618785734951782
-0.2781523470774019
0.5343247715139328
0.9274955415802755
-0.349994652417674
-0.6204153182461454
-0.2158079286217509
0.39892501090863686
0.5494420048968789
-0.17962754577592532
0.554269735525311
0.7833522922970337
0.9791401988253003
-0.13006874407084323
-0.9755251976687223
0.19279120221511548
-0.0338399614004552
-0.8940517106704844
0.1371955405679428
0.9865567466397485
-0.9860982814089503
-0.728179723277987
-0.26627747657916134
0.8632124704523712
0.25214696081929255
0.3784876949891174
-0.7956499879819283
0.8908296321679696
-0.8664551580827018
-0.5420837522948057
0.33089589245659523
-0.729308695878943
0.321092390306557
-0.5359676633202637
0.10081920253577614
-0.763789926935589
0.6304020514680901
0.4721333195295261
0.13207318462390294
-0.8028909106907918
-0.8074865961223487
-0.9275699701485765
0.14910729626996488
-0.8024195739412194
0.30482331489414505
0.7955246528200388
0.43391218306153867
0.4877931650849645
0.8495061183339225
0.9319128628949025
0.20207268173744097
-0.6919707200984437
0.5240473520074498
-0.5560148025467038
0.1389049977208039
0.7338819839527997
-0.7849926327853463
0.5013708058407362
0.5289242319503014
0.009252775671907854
0.9941543411673985
-0.47157483085904617
-0.24448153078935242
0.7061860126259918
0.041976228733053844
-0.7121372579237262
-0.6274974232832369
-0.7233849858705754
0.8031627578808584
-0.17451503565935922
-0.3719042842708038
0.7173251732155566
-0.4334694172536395
-0.4809544554974119
-0.9091105834046287
-0.9218057825937065
-0.6235738610237491
0.6920938480384919
0.18261240916546018
0.6475064821900223
-0.2939235709837087
0.9612889941483529
-0.20000964323819215
0.9201203796649291
0.5160674539096446
0.7029240361299591
-0.2787131084817265
0.8947948766637006
-0.634264111785634
-0.9027941340368759
0.5780503557738699
0.5501195167720823
-0.11685779775406702
-0.8002459242127855
0.21638125281874654
-0.375602606556134
0.07093496988903625
0.8059178421286035
0.4616232783138683
0.8645359628128186
0.400343560948903
0.5279484097574125
-0.44345413904758857
-0.31064206043692133
0.066203835183964
-0.2208642969994199
-0.9285055500408279
0.2553204691766444
-0.03387501152872274
-0.060644878277196446
-0.3724640949499374
-0.6167999155082295
0.8323357203222266
-0.79355114978255
-0.9336870477181962
0.761376235988092
-0.40552026123186247
-0.01597807973954235
0.8292343674866671
-0.16665954885800272
0.8367220642597457
0.8258580979946664
-0.8827703577903712
0.9727995199619222
-0.683410520419109
-0.9074437484075022
-0.19700228552833043
0.3845572394401642
0.0503865471243401
0.5265994941595835
0.393586579425802
0.041703399138897534
0.6251459159564101
-0.9716552385051702
-0.894711588736993
-0.10458773721439862
-0.31376576873741313
-0.7320643887675402
0.12162761490232388
0.7758706441721324
-0.3090711067067182
0.7897226616189141
-0.015798431659469925
0.39215029410240865
-0.2927972643929708
0.231900074206014
0.8391220524595657
-0.4654183080289933
-0.9534499845565723
-0.9458219146791418
-0.7733799850089225
-0.13670371063435494
-0.030541651973976736
-0.41559148085188813
-0.8292785685410462
0.3416878635653837
0.11234903874013069
-0.5851289129815627
0.7070119572004925
-0.05063969931650614
0.06460132567915666
-0.10089909844086309
-0.4932811833704418
-0.399770264712038
-0.6631501528675321
-0.1826276620040912
0.6960670951247669
0.6622525287322545
-0.5436549246463025
0.448740106172665
0.11243243834349737
-0.04612321118640961
0.6761402059318606
-0.7191930967763944
0.8408287654237245
-0.5262712267946541
0.7607479733813736
0.6536934679755935
0.5590240746531265
0.9797843709394203
-0.868177747087229
-0.03389919536735464
-0.5280617852877045
0.05490399504885235
0.8862622571796206
0.8539712470143079
-0.5539083221427064
-0.07951673922384006
0.7710353355527682
-0.9084107053116632
0.801698769401495
-0.8547523050420887
-0.5223169446399438
-0.25233603950491257
-0.9701138214131328
-0.40012738403280945
-0.7060538339723523
-0.6582407962245818
-0.3534500402969851
-0.13536288450506895
0.3396196746715956
-0.4885659213196789
0.3784053622521375
0.4431623892102974
-0.027269693240788984
0.3777555034216131
-0.9921988394532495
-0.06207743438740754
0.09745493534626792
0.6665549263890591
0.2622097075035503
-0.2927729118775333
0.24972612607700984
-0.09735305422126728
0.37601487326615635
0.09005011228802862
0.29620205229803265
-0.1808670577234095
-0.6611366992800156
-0.9232919113566684
0.9994435867041147
0.044782384541292464
0.723519652823468
0.25508374687966495
-0.8072204729853463
-0.5513151200296311
0.1100594433192228
0.8821737167645167
0.27380199126125304
0.9834922569258049
-0.6105515771275731
-0.28671732661694094
-0.8830578996742351
0.4925055581819757
0.4209263641112011
-0.4725126019461938
-0.20883418579826873
-0.9691933210510397
-0.5112052522389721
-0.5630496636496469
-0.5779919418014179
-0.6044395709548169
0.9152684307124397
0.35628966993126876
0.26151210928962176
0.797777311134849
-0.34759285286226804
0.09318449132300044
-0.6156510257167362
0.8129514682839711
0.7242531612354477
0.15449256204276973
-0.6393928850099626
0.5037688447704478
-0.3453576778876535
0.7411200749781364
-0.31008781289762166
0.6134309349414582
-0.7346393058582488
-0.42327900508168637
0.8566497199009451
-0.9411656064420764
0.15389876211647247
0.35020279792439357
0.783913419544847
-0.3803964613519024
0.2936360535483209
-0.05098257471742906
0.4577344292294119
0.5932829076140484
-0.7930501317407421
-0.8260147469729189
0.040386129770417556
-0.4615152983805402
-0.1461098875709408
-0.8154053734131801
0.8392423053894333
-0.4198729164335866
-0.12194601029804297
0.5023627332195402
0.34358859988144186
0.8222520235727835
-0.1681580413103556
-0.49497720790724076
-0.8275606756458216
-0.6250448387809311
0.162556832954597
0.5656873388805685
-0.7329094155676239
0.6110743491938175
-0.7177826931916369
0.39912413173530137
-0.2972990714660897
0.16725881513643026
-0.06497440321356107
-0.6745725874091135
0.20065559589956394
-0.6450022287343555
-0.8183955561052727
-0.4026347825180363
-0.9623947285351715
-0.345319313493891
-0.21285190617088223
0.4394634010030545
0.2271818148204987
0.2669994211902631
-0.2858719713524709
-0.17774617443814922
-0.6443100046215755
0.4976099642039846
0.9994412333920986
0.5637335511092145
-0.1639572841370449
-0.7779946665596029
0.9010968490547857
0.9808082595732426
-0.556658917050048
0.45004031579021
-0.8170005406634779
-0.6043611468879708
0.7490118405116304
0.28003838078385157
0.6503511727807947
-0.85157498876496
0.58785595644009
-0.831657624539849
-0.5369853814095136
0.5627196487718094
-0.298297815226656
0.6838223210330658
-0.03104439211919785
0.5815758584119561
-0.4737515459275006
0.43816447654445234
0.05937810536503396
-0.9925260469468542
0.9655783522585628
-0.42656246499410266
0.45187237457507545
-0.11821855649783974
-0.2539544012327355
-0.39636537684353357
0.710607113260106
0.37925769929968767
-0.22215878616451
-0.7366498463485682
0.754267673551217
0.05906614079863326
-0.799302933472045
-0.5216864288162855
0.9851045054927412
-0.5062953636009451
-0.34840625023863137
0.434399286385897
0.0007384066642679432
-0.9836514501338609
0.317917517665006
-0.45400325135803077
-0.4866153725645903
-0.1143808804718578
-0.4227065147612856
0.0031853465947082604
-0.1350164832336942
0.13323450161962835
-0.64385926154903
0.7351705425299173
-0.161416876917712
0.9100092988816759
0.15125256461965875
0.7716338595705488
0.5212160906362964
0.24235157321535583
-0.300497273008836
-0.0758014432734031
0.10278077011237174
0.6834988258799228
-0.11237452118780444
0.48584089024638666
-0.8778196766414164
-0.9229772916348431
-0.934769341395485
-0.6314328155827433
-0.9144459811908701
0.21636624479162858
-0.9059511647265748
-0.51038023129989
-0.9651235776115792
-0.7620618107206514
0.02767597051048165
0.7063167629897755
-0.3027211310977913
-0.6731551346010165
-0.048229698368548846
-0.8898990223945644
0.32125572819409554
0.30957142301355556
-0.5463803615555387
-0.5286521929073533
-0.6971817849760831
-0.0925097592617572
0.42474999208574404
0.800628868165941
0.6770217413459512
0.9480150089678798
-0.3281607829390998
0.7782285017136388
-0.17264668024558283
-0.7906496917517853
0.8382002916898417
0.8758277573909257
-0.8931508579250487
-0.7940067179698531
-0.8868001050037762
-0.3921153492072569
-0.40155358118871054
0.06967474780297178
-0.1003230981931329
-0.9045519753662521
0.9663598802117859
0.5062073334993631
-0.6803201209578684
0.9207747165060602
0.9106944868998026
-0.3157636119743197
0.9233676293986095
-0.74328949975793
-0.9838032876262035
-0.23018870858077545
0.13107566679232718
-0.3716987409217125
0.0010887502741603328
0.8987273178032009
0.9141713264038756
-0.9574583364445026
0.8931829224175218
-0.06028760414277223
-0.5177011899886237
0.7334077684419531
-0.3870156816130774
0.6372630080824928
-0.42561080261177264
0.5150095783433848
-0.6124757112986254
0.34272956783393127
0.33391772796361563
-0.6999752274889763
0.01140599638470996
0.4916960486446227
0.5156305876421192
0.33216479212360794
0.10462315559550328
-0.6406054705686524
0.5635652477521689
-0.862111718724812
0.7099323131709894
0.9892156899763862
-0.23430022776226367
0.7643979412489619
0.2582774095961613
-0.019532010756969198
0.782732813061447
0.989813246911152
-0.37895319754693
0.4420949791687936
0.9813246834369465
0.31329244439765147
-0.9292230069340617
0.06226213355038679
-0.5280443572771185
0.7174394340227073
0.6150504712052167
0.4417752896073268
-0.8077666759448665
0.369981914870666
-0.7421996966506175
0.36333063895054707
-0.681796709591076
-0.010272444057886077
-0.03461605095461007
-0.07995471643311536
0.4450516918271217
0.9062314926365784
0.35326135221651755
-0.7622865982338922
-0.7743062640171199
0.5035584597133731
-0.15114385099788907
0.32839813758480263
-0.9352907714159664
-0.8512542344513994
0.5518164198099114
-0.10855146209946853
-0.3442583494276379
-0.40850971506668987
0.810738934472083
0.5772162494806785
0.7150997516255493
-0.8879708555393353
0.08907122204820284
0.732975335824861
-0.6635648550337365
-0.7365580184080716
0.41947808691027744
-0.008450990730765717
0.6481175366551664
0.14992049048404033
0.026512065046253808
-0.17425413145406554
-0.5527706775135206
0.13385454751616077
0.5212465092825351
0.431154743589365
-0.8415330607399751
-0.7384743049476168
0.8677033411310078
-0.0085175962461983
0.345883402425158
-0.7344102052959927
0.2651869222641323
-0.5332299716469913
0.9276255970405165
-0.11255478769479832
-0.0898230851400803
-0.19405817915591372
-0.32091308708087785
-0.2095817008442713
0.2613040331252321
-0.1408981260627553
-0.8166496920745865
0.17725812526098883
0.21423189085235217
0.7979535760741441
-0.8401694410569807
-0.5071883550401146
-0.47415003395353916
-0.643856661653984
0.7062723170037786
0.7181897478574548
-0.07624894507783009
0.13065782454058472
-0.151899964188154
-0.7097725725210884
0.3645472261096767
0.27978494122212094
-0.7987591513249461
0.4585909241769588
0.2098787326231375
0.1861718356054396
-0.8542789211634148
-0.642871114712195
-0.3815086362811717
0.028972647446873223
0.48004488687970603
-0.41816596217239677
-0.7388969004664472
-0.17442445721256505
-0.1171823030146193
0.993220685206677
-0.8895333036531756
0.9435333514188255
0.6483751380632745
-0.560165756416112
-0.23378425372694944
-0.6964568166486709
-0.4802697317276432
0.5822851545985699
0.2969586728063345
-0.7435026396352238
-0.9327617032581461
0.659710680993423
-0.8405148282875372
0.6197907155596771
0.9240510732055194
-0.8878961938484702
0.3044108667176395
0.07862363977108022
-0.239230936648005
-0.3145989823788229
-0.24299560404397313
0.13786270997675354
-0.964998246869998
-0.9058044321000169
0.7920153106852095
0.3292955247994702
-0.10356517187748038
-0.5749329687291909
-0.02280224061287628
-0.9977270526261786
-0.017682539370458494
0.6663805740918096
0.5957894083027813
-0.4789307243254446
0.9060112978692685
-0.3736527472784208
0.46998975292170986
-0.8549191960663087
0.2228458317367863
-0.45092336946957867
-0.5433679641266713
-0.8761252697582953
0.1089076415385628
-0.997132509920847
-0.5324009996046832
-0.16655844252096474
-0.13825808723646427
-0.17880192139065598
-0.7097107498625295
0.30841072953589665
-0.7814013620251687
0.5957919140347769
-0.07924189550901461
0.5317908107486979
-0.9281639089568239
0.22877570819731652
0.40182077050902554
0.8908974555791589
0.9180669091185434
0.6478037864025965
-0.896615478309492
-0.582832727100322
-0.664568928489317
0.32285859083201474
0.12689738951178242
-0.12004251992373716
0.08493287914020131
0.6713621821257161
0.8361769586876036
0.8468627483907061
0.9277807286848785
-0.08624974056051293
0.6172604394422467
-0.6155138390620158
-0.009180284864491961
0.19870311980126187
-0.7571931719579452
-0.7368302823553052
0.172926463926228
0.6039482396691391
-0.08095671856248887
0.3418623523299973
-0.35369865990076366
-0.5817547984802132
0.7351261526838835
0.7186152828970889
0.09767228209592083
0.058795566107469055
0.3176229922728564
0.5945425538796447
0.9957563228678759
0.25082909612540316
0.4861771296940862
0.12886220079808441
-0.05678352574027934
0.730465309037541
-0.47210258175115216
0.5997297437033653
0.11465485780241735
-0.32791191784552365
0.6445387450058055
-0.1692160089963215
0.8965560025699046
0.4904704016678738
0.25083146356995
-0.7952293138198328
-0.7800616007094257
-0.2706080149080463
-0.6737925468421881
-0.682059774754538
-0.31006335956257614
0.003959818727873543
0.11752502534805953
0.26534916538080844
-0.8072020439214382
0.29678738048851594
0.2349191694796211
-0.41910798508378133
-0.43695282733995167
-0.4398015277312004
-0.990720300664365
-0.2444821419333909
-0.25296359162757787
-0.7457486553079546
-0.8099834879384777
-0.5312284623263459
0.9080984808589145
0.5327691879982948
0.6788890931813965
-0.7946581670089801
0.6163360469099781
0.09418754314796396
0.6926674953862417
0.9418365599897058
-0.4630508162701652
-0.8035767857072946
-0.0467119771536193
0.39901484596508374
0.885173337514692
-0.6023479327678654
0.7383764543525582
0.08327568563266907
-0.4400215273264818
0.9642422428317308
-0.623530518876195
0.6112350512252158
0.8868992380666281
-0.42157018983484407
-0.7633912175888191
0.4785153168547338
0.25447570491868565
0.5749708480847442
-0.7352034064532487
0.9391300700217295
-0.7857916038390764
0.34668234457835845
-0.27499848835343865
-0.776388413818458
-0.9996518742075555
0.9743921326718963
0.18310897710041707
-0.6112658207843189
0.9418287106719201
-0.8902160010290447
-0.5927702823041971
-0.10439967812863293
0.3667799434316208
-0.296625809641333
-0.9635721039819869
0.28042443395413197
-0.41515774422698937
-0.37581949053489994
0.6031560537904306
0.054969020309614924
-0.4716032720466403
-0.8737483868133946
0.7181630823325731
0.15905317195445168
-0.26877964785257125
0.9149345110291067
0.026510586703535566
0.8803445817456013
0.5808343477534079
0.5172265684036483
-0.6456435935085438
0.4732913383670443
-0.040138801640484445
-0.020209665719569614
-0.647995497296316
-0.3021893092360737
-0.16388737982128632
-0.5765602901382341
-0.13271088913632223
0.8161144500139801
-0.34433670171064934
-0.5858195864569251
-0.17783538074079575
-0.185099282961678
0.6616309007764516
-0.8549560602779165
0.41987328933751966
0.09089015457557514
0.36177475920380586
0.5877527417025177
-0.3234202705999498
-0.038009493759568524
0.190248918915505
-0.5680395683254409
0.8249130553226138
0.2384592421259113
0.9986629660070336
-0.6515881258510299
-0.3719481154114488
0.9070428217969799
-0.32026818084796327
-0.20170514827986796
0.7875211239133311
-0.5349534788644017
0.22141671078756375
0.1648026269681997
0.34354340833558816
0.6602285452552255
0.23165801532587316
0.08579789175357644
0.4382057323086066
0.2446507921191221
0.6485582884409324
0.5601862322824045
-0.9746235719811425
-0.06601754599153464
0.7903973003505433
-0.4457653375760753
0.023432189514189572
0.7092539609770017
-0.6890498199596824
-0.9004269168138297
0.7578500029016215
-0.5790203017506779
-0.046010954817362615
-0.007506793107745713
0.1852119869993205
0.9147523332090182
0.1923677281083458
-0.22798641050034196
-0.6019663098200396
-0.5072607151604611
0.44909768692852703
0.454481689607956
-0.5679983497104064
-0.7096436550088481
0.45765253360176184
-0.22958101752290538
-0.17514169581660943
0.04219367466322388
0.2992373107907944
-0.4760258160537938
-0.26572745450060653
0.8372607928749107
-0.6338569198139006
-0.629868047924468
0.9057675707210329
0.4142046973798197
-0.8458765435856155
-0.5260340424119283
-0.9482252316984634
0.9899600638432886
-0.40348708144408185
0.6306137531161451
-0.20516120962330753
-0.48059557237123096
0.6586016056026471
-0.7738282056750587
-0.6791967168893762
-0.9525947573567579
-0.8397387648314862
0.45632946823805476
-0.4936403673929288
-0.17970819127528692
0.6553580442644262
0.5634100226341143
-0.4961722636790309
-0.8304662836015875
0.8968200968464268
0.786055073863837
0.5393240686954373
0.4630510524254001
0.8987326331425973
-0.8345433069531236
0.2829348510293517
-0.08226617428546246
-0.7771933005585603
-0.3643923644856435
-0.7181266358044784
0.9474535505945496
0.3954001962244007
0.27467640830391327
0.2275475553961681
0.43578817662330827
0.8118410567479184
0.7438523672935584
0.6986319962799246
-0.3915991940674166
0.21318117513251078
0.34970439278729315
0.8924206532606411
-0.22404142420188866
0.7736519948173517
-0.4029516208223778
-0.32774634867624997
-0.017804602488689758
0.9060849782776739
0.36967512881491604
-0.6553376566386544
0.9125396209784724
-0.27982075922771044
-0.20639174160367846
0.26212911137381756
0.6295917413865535
-0.9139916947336062
-0.9443158248203101
0.7671061782015496
-0.08973681636100861
0.8632052220021025
-0.021731796378533952
0.1284491170109503
-0.0994010990595533
-0.47749274106671624
-0.27074587915693193
0.6767458386144951
-0.4207945170166343
-0.6528526108201307
0.27738979282731213
0.48443646029246445
0.21850009306616447
-0.10997706671406604
-0.22760068344166173
0.951870861483538
-0.22294269089568375
-0.6779189290476884
0.061548765168498054
0.03707362204589315
0.8348352934738854
-0.6718555670225754
0.22898886844994948
-0.07314463569754226
-0.03603142125312475
-0.35211181703551864
-0.6750435482054906
0.16954901190122085
-0.5168335249322218
0.24719515715670104
-0.7008489352519203
-0.6733494209347834
-0.8463770877257262
0.42840314226223075
0.7723762994861991
0.5129246840998061
-0.5850615684891929
-0.8148723225382841
-0.17330112495453331
0.997070120740531
0.733738564002695
-0.09655592236561117
0.3814787527968895
-0.6774335769133162
0.5568931008915248
-0.5441368511610984
0.266886449775265
-0.8582102796979887
-0.01981768964447994
-0.416017997735054
-0.4303119136074285
0.18119128298807974
0.47692530931504273
0.34844715400804693
-0.20292650652352195
-0.9004123297211204
-0.464575847661973
-0.04145109388133483
0.2603426861551912
-0.4378858982229774
0.36814887929271767
-0.02645732391843314
0.3814115915657186
-0.46877223371527244
0.9290058538904797
0.5602241188476396
-0.8176183123645684
-0.026788280479770554
-0.9603490138860866
0.3398666951014544
0.7415894708693613
-0.9348192621491109
0.591694326383631
-0.14939185975802705
0.10166795891285152
-0.8329998024814447
-0.9559537857329086
0.3190212422456822
-0.13414358923784442
-0.596405510395716
0.4824334303449651
0.6977810524620134
-0.5453623956574187
-0.7077891559158684
-0.199756076792158
0.5842782803736326
0.3375701171228993
-0.22214878584477948
0.4736507566673762
-0.14169151862541507
-0.6852820512175581
0.5472650899010933
0.26115786057269075
-0.8339835770175683
0.03822798160759411
0.6296558783689075
0.6813446416394249
-0.5352296481403505
-0.3935469750146341
-0.8899845881931674
-0.6364993077381111
-0.21167730254456352
-0.4927952448187731
-0.8974877069208509
0.7257587252969995
0.8567634518586105
-0.10044184521560573
-0.034070940384746784
-0.5985023660515412
0.8208909944823892
0.9075999262988537
-0.648459333501088
-0.4918913788697479
0.8517892597415004
-0.8491394060332982
0.48536723332065024
0.2245832795779652
-0.6107392968810912
-0.8434767221583539
0.7905816749210708
-0.5685714625703062
0.45730524852051957
0.6556878895455718
0.8062489197857392
-0.6321911042525572
0.46341304246547343
0.3761111278077538
-0.2943571741317983
0.6793624090179169
-0.688510156950572
0.5021368178372752
-0.2581874641250306
-0.09842149822236124
0.23730548095821336
-0.103949988690059
0.8575229159907571
0.681453405638214
0.4224135609437081
0.9685744902199498
-0.3307747862725092
0.4335439116085389
-0.25253070052743576
0.6431378626346937
0.885335677145141
-0.8885769334828708
-0.31344341782908614
0.2792498009108606
-0.11184508497886902
0.5858352604075219
-0.35400694532655397
0.9357462662698275
-0.0011835251495264654
0.99237431750879
-0.27669178942003425
-0.5963108618617114
-0.19616646843880736
0.6035012822102432
-0.5298828925175112
-0.14771810146392683
0.009799085975561894
0.6657364592487987
-0.5534535827134535
-0.31391733794451127
-0.8684547771293156
-0.1851849078712906
-0.5682649222957841
0.10311247394026601
0.7695353152785445
-0.8348875175750721
0.97833808914967
-0.23631357505226602
0.9166063206346495
-0.3325319072333308
-0.013348254258169323
-0.5349428085825016
-0.2757230906830457
-0.9876993059569152
-0.6769958365110804
-0.3264032989944703
0.8041443154974084
-0.34198708053111226
0.7384501615338586
-0.12220765265242606
0.7008526263268005
-0.6951279595881499
0.2561848526855899
-0.5933027746837078
-0.5062808462971695
-0.7858468075920035
0.017981031083126986
-0.5336279088312439
-0.1562641872876862
-0.8060683259750667
0.059382598830698186
0.40515652208168573
-0.8414626465394996
0.22659942485588314
0.9059981274208944
0.22265870306979774
0.4164524274904695
0.5682573384885852
0.5562106750245688
0.32127657088661055
0.7110539071209561
0.3653494820374328
-0.2407093303467045
0.7305793460491279
-0.3290335860306721
0.7235428389753813
0.4280005317127795
-0.9077929850257522
-0.40322755017293543
0.9739409716216771
-0.18155548160377655
0.16336510732019982
0.21596190577645902
0.7740493373006494
-0.5625599483239101
-0.9305461223544871
0.27129017442615533
-0.44620068739018026
-0.3979435177491415
0.8178034373203453
0.1350244670038201
-0.5365968455450545
0.03669313381346706
0.7070308666813652
0.8603130909398198
-0.08058550624733796
-0.760114068949983
-0.009209807028913719
-0.1616687938930692
0.42607661015504483
0.07810981587250376
0.478962370938788
-0.8492346539585132
0.11240860600604163
0.5140216855946371
0.07018338044426242
-0.6891185733042282
-0.13097099983091898
-0.581524303798002
-0.5780967490380953
-0.9334318382247799
-0.453430899204164
0.7537938872803363
-0.4589158584979016
-0.18214854357950072
0.7060746763791317
0.9760428810992008
-0.14594970497998272
-0.6731539454351816
-0.28664220894179704
-0.5566813503133936
-0.4362352131485705
-0.3837674253237402
0.30921682310099907
0.9691337866412046
0.09723379825066569
-0.3940581692241958
0.8821583567723312
-0.3210917176339274
-0.4058890949338312
0.3446143279452014
-0.9468376539918937
-0.6864720912206497
0.6975886039698518
0.4461487574910117
0.2592664051763185
-0.3512350290150319
-0.21773360654973928
0.7063531002038717
0.12732898905446222
-0.20501927035585843
0.8388576243033612
0.7475473450575973
-0.9248378978539049
0.7497756045435755
-0.6086136730633633
-0.5167994432986298
-0.46957225099984923
-0.8760555378697128
0.7633561090730832
0.19914903424470864
-0.26732453656494237
-0.9782479297079874
-0.7804715686489763
-0.2974770986099131
0.3799282926993923
-0.11587817451879268
0.5979139990481948
0.27648914173104666
0.2626504820428446
0.7640755157193166
-0.29409568673360065
0.2556913387486668
0.9548675888369746
0.3091055279089041
-0.9990649847077182
0.8076018822988849
0.820138846403972
-0.6855954845296683
0.4839047194913815
0.4824551924127469
0.35019162888580957
-0.8013267436547427
0.7025547881247929
0.8717905432602593
-0.3821804244752607
0.17716110472591562
-0.3023668638103352
0.9805797837316763
-0.26916939500466386
-0.28337086686018753
-0.8127291198700768
0.678444477403567
-0.7090196151109596
0.3796105249115034
-0.09793830317918584
-0.2391144147099329
-0.537966818385627
-0.9936949364619034
-0.13013954268088357
0.5272252726295237
-0.8141738820675786
0.8480458082220759
-0.02514530830652051
-0.27964971902696667
-0.062025265334767266
0.21006878645222016
-0.9484211238241174
0.06116279472577957
-0.5130092842063314
0.9879438986597195
-0.2724339175204529
-0.01406490580104136
-0.20452787873953726
0.45100330384270015
0.24814054722195156
-0.9381869863271646
-0.1344056692513289
0.7105514353634432
0.42999211957842465
0.41817173022883347
0.9146427590253252
-0.08068764615087187
0.8600697417895202
-0.05210622441724988
-0.40653344959708027
0.019473747480126757
0.3209344243119241
-0.2002401055734948
0.3355258666235468
-0.04795918548410527
0.48926373174501525
-0.8480874725841985
0.4865838518867782
-0.6769940420240115
0.38846280053704385
0.16497661767341287
-0.15570175640469253
-0.8954830182505173
0.14706919677836106
-0.20480117411589327
0.9142747538732492
-0.0018063154652179225
0.327121172668017
0.4665791570478406
0.7299322752944688
0.13076226509109246
-0.00619602602741498
-0.745850070988963
-0.6510264771693222
0.898490924293246
-0.5609324762791741
0.5727333190750701
0.6382530485305657
-0.5796452910223422
-0.07611387887423016
0.6160937948235115
0.036262071201464297
-0.8445801483471176
-0.0261270308010344
0.6879214807615068
0.4658492898986435
0.8383604996459468
0.6053232866074951
0.22782040950701288
-0.8381469569495923
-0.9692251457275352
-0.17593900458557488
-0.01832732751457411
0.29666148614852994
0.3392976246570931
-0.5487955969313763
0.3315621200665464
-0.7529056715704971
-0.09918152804940439
-0.07431152118085782
-0.04898203869532525
-0.5279920698188159
-0.17255785613964236
-0.6991707728514318
-0.572788686555789
-0.8271738141341598
0.39012795529515354
0.991241152697192
-0.7792830100292838
-0.3525848123330275
0.9495683578060372
-0.13083783072470445
-0.5300341652888101
0.11598343686632817
0.7135214299478005
0.8619034688697258
-0.0510280178032807
-0.9577885958930508
0.08505144225720995
0.8886752386538281
-0.3447137933902584
-0.9787438824934327
-0.3527070386301243
0.15655838727095817
0.8133100788485921
0.724849310607778
-0.6467528686599622
-0.8030778368422176
0.8701276497538302
-0.4704374270662359
-0.6982259430515037
-0.7936065486842603
-0.1905965588998726
0.275003322268051
-0.5881904401367539
-0.3218849109263455
0.6223254056389984
0.9140964834900187
-0.19470977815720492
-0.2244861963295508
0.9687332874538941
0.30967611457222843
0.7753674664767247
0.3499876739592571
-0.4514900520713383
0.6038946629395716
-0.3492949834597945
-0.7458933537572308
-0.6310101525170466
-0.5783580925615455
-0.8692854324619017
0.5160488938165446
-0.18859265801645075
0.28053836222955675
0.9577877415878218
-0.5298489144901495
0.1802948921697234
-0.5579119245199693
0.14124446664339074
-0.6287455571164351
-0.5797792006061637
0.3465443783630566
-0.35022045308813055
-0.08453248228382648
-0.8554000628520535
-0.9795638232391792
0.5313340675168323
0.9572178296375995
-0.8605345925919057
0.30582594099267
-0.8524275498871339
-0.8186054280604584
0.5069643157212063
0.786698587587527
0.3848296667051123
-0.616521252646784
-0.9923829149859302
-0.6679339014030488
-0.44877322389562124
0.8189722313954828
0.7015098021945958
0.5827241576366016
-0.96637350960816
0.17569435269170497
0.17885250364806615
-0.7535980428738716
-0.9908048435755639
-0.46634257041924276
-0.4148853239118033
0.7516298235532155
-0.6207365613154252
-0.6356595898934745
0.4163311586398186
-0.7498843818535335
0.4336861516144632
-0.03391652157636749
-0.6597260732063892
0.23137492956251848
-0.9708805905425602
0.7570407472314948
0.03471998858566949
0.3531123196632493
-0.14847588156573988
0.8770031720769822
0.11683757206327061
-0.47174171821809363
0.48861731837055955
-0.7660811617811951
-0.5792249414276927
-0.7510536723234034
-0.8375694016254716
0.24725398000569765
-0.15319988753943536
0.03581053159021663
0.4263704387163607
-0.9080352082831642
-0.7681976218833595
-0.28640326985565023
-0.1654907639153722
0.9333687024980544
0.8337856029099051
-0.9567629652549963
0.5092522004258193
-0.1670755905520973
0.5828654746784478
-0.8431054308504087
-0.2314761609540823
-0.8335708111762121
-0.1111500263536449
-0.8336470249064905
0.5903806300876815
-0.8642783190714298
0.9983899107152681
-0.38230099426696884
0.21811070475762961
0.44421848671662567
0.18691127399093066
0.6115557455779881
0.6323655544124784
-0.6547750722259724
-0.3668160758202612
0.580091118303036
0.09053143149568399
-0.41081247137845844
-0.3525175416270607
0.7948738913682292
-0.5750639503901573
0.7006115026436905
0.530655403808157
0.4913846303402487
0.9926435479715501
0.8347086751542363
-0.14444857406031852
-0.509246902918808
-0.06313104611182419
0.425498547975518
0.14058255310540346
0.22030057291410232
-0.18535600621322224
0.557512460204995
0.45719183594669355
0.8883913965652586
4.640803341171562e-05
-0.015279670036045356
-0.7610562095243021
0.9346311276420731
0.6729801243364577
0.5030206893483296
0.6498159779563535
0.9006096547746947
-0.9392726226287753
-0.49321460113036575
0.3498049247569075
-0.623928993106627
0.5845143075786694
0.22408119840898033
-0.6820638279340474
0.909929627194906
0.6723773602599636
0.18237767913044545
0.14026742270806491
0.36782511236624305
-0.47410049463323833
0.44928592883439245
-0.4602032407890473
0.7848554569378026
-0.065398322525003
-0.7384123815604353
-0.5356860353644877
0.6575888961067764
0.9691341327139231
0.7327792065650294
-0.7257052366752699
0.06965850891660375
-0.10536773402458532
0.41493580566309896
-0.8650798166167597
-0.6837160256887955
-0.9427608033126538
0.6880127494003025
-0.16344847128906914
0.3756887732056917
0.46926215217832334
-0.4863328019160116
0.10768220943107765
-0.1818351762584285
-0.7517580933810131
-0.30328508812773225
-0.3598099443060305
0.14737620954353048
0.45822014302859393
-0.42186035228370944
0.3260349264376381
-0.3132879853255126
-0.06221037210196756
-0.7495368770275785
-0.3736692156877066
0.04581128560371539
0.33700147310732165
0.4555925013875304
-0.4755886988166673
0.19275965411643092
-0.3037070599756504
0.9484180113794416
0.027452772701732853
0.879589073235661
-0.6371346488960656
-0.7205138464370835
0.955805591302969
0.6211738479680069
0.6940053774055681
0.7487107822893091
0.1667735234900185
0.896092585017884
-0.2511475842085118
0.3247993307415733
-0.9159177872194055
-0.6428282034862693
0.25412421845521616
0.4075702958421712
-0.3286095619331437
0.00863924032291763
-0.7104796475870314
0.13612281095652
0.4756532334265089
0.8453175010322809
-0.4725033302179582
-0.4737197392315242
0.3881264022388171
0.7091444608261004
0.35268011147699285
-0.24660440887991686
0.7716330565155338
-0.8219545699648776
0.7180785190626988
0.8368430090219348
-0.07895487707969684
0.3072983674366827
0.36402818596208486
0.43749343606113267
0.0897213137820847
0.27243374614452587
-0.5418342450782638
-0.6621769359048537
0.7638106098636694
-0.2972983648401295
0.6513568031551036
-0.5312370614314323
0.4634769375503529
0.8658915612617437
-0.15929834972700907
0.1665920114317514
-0.42903420822509597
-0.6650945494834826
0.20781249172246663
0.719259733910599
0.0838958633689082
0.5353095670770622
-0.19661152884647537
0.21026684373074955
0.18359623023636495
-0.7383270178395656
-0.27670888493792334
0.9352030162822478
0.8827311693484452
0.898836271270175
-0.5257863970980248
0.971577059812162
0.02612821702826129
-0.7371471057161512
0.19992686243080082
-0.8126895019464684
0.19368195164581858
0.06242864559111805
0.6934389315934713
-0.6698326508731156
0.19220468838946325
0.11920606930997524
-0.9254103492334569
-0.17712879820379124
0.04096523282222564
0.33035078000906615
0.17230869856198194
-0.22419141494421946
-0.2476990018870524
0.14883464697000726
0.9091010454519286
0.09623886715301633
-0.6335122775902018
0.5550024062121128
0.9458588386015481
0.8263036600121627
-0.10837925316617913
0.7416889107402405
0.1202006170236043
0.39727911740894095
0.4706655209742201
-0.2600715759702701
0.6234489798548313
0.1961738421621282
0.04332482370014645
0.13158105851331636
0.510307214095743
0.7788494111798825
0.3539348666122366
-0.8078447505419286
0.08663595958524861
0.7148573245785452
0.8968926027194206
0.25544148841287284
0.9428349968447853
-0.9375955865736045
0.5799289375143097
0.7861456337661281
-0.6619920935705084
-0.5246889137478754
0.5070554861343681
-0.734441388722689
-0.04366317926492291
0.5081709387210473
0.13757960344572684
-0.12381181737718383
0.08028464419194004
-0.9860728222499795
0.2968071711063409
0.17658857977279663
0.6609896879995514
0.14624607740724138
-0.6918561857831436
-0.07344501902664557
0.3804605345890846
0.04591233246423698
0.5791760460686357
0.5596430407697512
0.7832944710348715
-0.3097021294266413
-0.6142661732336923
-0.33770360656680376
-0.4480996223690725
-0.16730288490557954
0.7627965642469294
0.20780874041795672
-0.404217302698334
-0.0333400068106926
-0.6408528767189672
0.05364387227727363
0.6245402442686674
-0.592155365392228
-0.27601369940608
0.2503298671252152
0.4297976250144939
0.8420138423936325
0.1676575799710347
-0.5238676570116707
0.22908076692319645
-0.4824850140233221
-0.316990954003437
-0.7473525240516734
0.4834870010871646
-0.3394244252391967
0.3257183774267667
0.9474184527034
0.5578082501261448
-0.9117157419898045
-0.363943808470766
-0.36323544606059976
0.351775157329691
-0.10962803833951229
0.9281155302826167
0.02111233467769713
-0.711184099815309
-0.45712425124341216
0.25711526381281646
0.8519411961083174
0.9895974274534494
0.7567291108047076
-0.15671694415446558
-0.33604067201623766
-0.7726520352937309
-0.4332637403838091
-0.2501720018098528
-0.9915181006426312
-0.29263732099156137
-0.033107407695640356
0.9475222128611611
-0.8834694016850091
-0.4772408245590909
0.8093469478482487
0.746189356100275
-0.30969176594284975
-0.17325029616078225
0.0856904008281878
0.8548707391348735
0.3630055926904685
0.5529969853892616
-0.3358058420658203
0.11420216489770096
0.6058941242512943
-0.14075982873428527
0.35874268313808555
-0.7693972092965675
0.019433014216722277
0.2644581063556908
0.9845573438722899
-0.7028943084157164
-0.07071265900948887
-0.3295361550575169
-0.7881708410812476
-0.3580770346141018
-0.004740806523538588
0.45734666589146755
-0.5804450688139111
-0.1748723008584392
-0.8599915050109608
-0.5484469693776253
0.9603447890561583
-0.7272402616288702
-0.31627129560010236
-0.011254697495964416
-0.9547417204347008
-0.0347700852553785
-0.7971514917349161
0.4921795778620204
-0.004411569005365212
0.13922191292274633
-0.6421969773268839
-0.2644173013869304
0.0436327622251782
0.872779257717708
0.45414055932980446
0.16105377907034235
0.7025731936922686
0.12272229142841473
0.6881734630970624
-0.9351912536143399
-0.055346056728823756
0.19911644431781905
0.4842759626633024
0.0034844262943622972
-0.48457522628020744
0.22659727129558327
0.153453614538819
-0.06726016860764195
-0.06336821512908064
-0.5781602830959562
0.10390831510504417
-0.5222165969825308
-0.1994853022658678
-0.6826157749936053
0.024030053707077892
0.9213543871291385
-0.7303539072433154
-0.9053778589150221
-0.368631548916984
-0.806049922215516
-0.33235558847598345
-0.7492275806602866
-0.46645946787494186
0.620833081024077
0.6968527292758928
-0.8025013829082137
-0.13205817949484588
0.6494337541192026
-0.5711322137842292
0.9900269506684962
-0.37534806885357797
0.3844112898258385
-0.7374611572754821
0.1895373927134114
-0.1868190339108471
0.11022551914532652
0.18874704852442914
0.7547664641971439
-0.37060016652972316
0.5788748880572063
-0.8199324027542829
-0.6400331269791297
-0.6723939483907002
-0.7599054511112802
-5.00971582824139e-05
-0.7816615222382985
0.5296845087405675
-0.5871007240327906
-0.2344193342108536
-0.21147330641772388
-0.7092312507388854
-0.8748471279800523
0.03647564758722832
0.6233652489785622
0.24108422338408575
-0.6094698836467569
0.08737524717080891
-0.8139376028227383
0.004542577884303789
-0.6654808651071185
-0.08102624744092624
0.09615039009502602
-0.7856596077588414
0.08038116256997285
0.27932184685560957
-0.6332233024985734
-0.7460917288503415
0.6806550499793727
0.4119992426846417
0.5050398039184185
0.7421042364920374
0.8206942332802762
-0.3229710163628008
-0.6376998243577681
0.9403424306714958
0.006989662858491563
-0.6345517983942202
0.6564168468578371
0.3993354197008454
0.9635418522136436
-0.6338356266066616
0.3622947575334954
-0.14560707144204144
-0.15978477356299692
-0.8153333100681308
-0.12810828609977554
-0.6043217399704939
0.0431264072541524
-0.914570929561481
-0.9485595813162349
0.837059465810388
-0.7132973045112201
-0.10048614614107954
-0.08805572340294443
0.9355724450709417
-0.6082559660362812
-0.3489278472006625
0.6786200203077746
0.5071108030532618
0.9688244945130386
0.27548642086319397
-0.4222455518672499
0.28333178471454623
0.44372709934848653
0.7821884574021902
-0.8379784143647544
0.16034635139234643
-0.5255359035343312
0.8897595313866751
-0.934044705065574
0.8596650935994543
0.6590221891806984
0.49868135653780943
0.6937367876075133
0.03907264496263685
-0.9039267367519752
0.4093698818292508
0.525140056009461
0.3311118517643761
-0.1672174985051329
-0.9420276519044324
-0.655680222355771
-0.24889342789830815
-0.008717876206557396
-0.17065014484190444
0.09797615774229373
0.9590757737682385
0.7983659318771879
-0.06252205414500067
0.27134516353382154
0.0809981068257688
-0.04035635150942407
-0.04346841887367758
-0.5834141875417866
-0.963762785323202
-0.4613018069769377
-0.42174115267835854
0.6095694327309258
-0.6912949575319642
0.7027055675095866
-0.8679052209399158
0.14019373813564062
0.1463679704264076
0.07406197720906338
0.9934939492946153
-0.18663842681075993
0.15783210673716908
-0.9310744193221447
-0.4288480974398239
0.24736460125741955
0.7315545376084489
0.3564576903999437
0.8966618477679449
-0.8416412531078552
-0.7516957816059873
-0.7888875257850161
0.024703439274314398
0.28727889660891703
0.036130136115809286
-0.2999623947315808
-0.5214360213936824
0.14577661006377185
-0.29821887920764945
-0.2499558277640035
0.1610050705331738
0.5270409091458732
-0.5673505000488241
0.5599313784581044
-0.53679306512266
-0.528801716078946
-0.857571091413837
0.030359406744936646
-0.41872643143854926
0.9068018475047694
0.9995355808791733
0.995838780610036
-0.7997098003484828
-0.4721039979923942
0.4651535409039309
-0.12797057446765625
0.5459538383829772
-0.6603118531462016
-0.3898832697454828
0.576304778377521
-0.08492321575615036
0.9890120918021275
-0.1368322137202378
-0.138279795532952
-0.5410529090769087
0.10090825185075936
0.04719430363095478
-0.3339866815911834
-0.006171483482534601
0.2050911684115866
0.04307932466192832
-0.5485171057649172
0.8665210751809627
0.6714988188775399
-0.5150779893905189
0.20657716241685953
0.6405883628908526
0.8462907025884896
0.027642209526207218
-0.9779364703219215
-0.17107250184558054
-0.43510972669528214
-0.42776886086543153
-0.0634710681862587
0.6743513340585088
0.08909122065008135
0.16517885472357952
0.8970091930341051
0.6492762337279865
-0.666414936388656
-0.039085144855505405
0.6883374623222547
-0.0858032843468548
0.5293751631831456
-0.22488363006558365
-0.3623119621241708
-0.36083930175050205
-0.6770986223374773
0.7303349229690996
-0.7343390675989625
0.08874449430168485
0.9448194405051233
-0.05737534588060811
0.9498774142338873
0.1699090440768043
-0.38830190204272474
-0.39036071132881345
0.6070572650484853
-0.23972065549306643
-0.8268479001508093
-0.8544425110459648
0.03174246570906525
0.029203104132278446
-0.7382211796044311
-0.8154688284448546
0.3731421703781852
-0.9042736476767634
0.4055791882773576
-0.45899089485760447
0.5928756587400863
0.16144856250861017
-0.26580332843968435
-0.29603884572803696
-0.9919557203472444
0.5572964492039449
0.8290797372460619
-0.570076135670339
0.7055884662288292
-0.13276471644780052
0.11716797724358363
0.7138276829172046
0.5531045510314312
-0.5414876079905653
0.9293355714354568
0.2776114385695694
-0.005275103330022901
0.5031442819862422
0.17342592008714908
-0.7162654633586962
0.5766724032949753
-0.9536507800061615
-0.2327180144060157
-0.968615058691932
0.6924957458380017
0.7951949209262359
0.8955227310731992
-0.0330044114517154
0.7023775410794812
-0.9459858602268094
-0.7046457294807398
0.5294139233350594
0.028911633482394006
0.43874158951001996
0.3369982608003068
-0.7903986686193107
0.22151882719909644
0.060716707284024896
-0.9131502339653632
0.06501090083306682
0.964917858085331
0.876698579868018
0.0063731119363630295
-0.8626758587305623
0.8823361521035054
0.7650440738151818
0.2664343070432891
0.8635541529193529
-0.7984241164893171
-0.008979182892416837
0.5616130349254878
0.3452702491574777
-0.685085057570634
0.39424974028194626
0.9870467991628338
-0.6843309148034629
-0.289508808142783
-0.3568550602244507
0.8581405782950287
-0.02262372439962168
-0.3591761285508659
0.08264298719708929
-0.48447378795914675
-0.9379884194033554
0.9922030159539406
0.9470559133466587
0.6050505987756747
0.3786895471088825
0.3901064878738669
0.07100604025326707
-0.698339042139108
-0.2393568108152051
-0.06261021545114165
-0.34682521873258954
0.04523900713758655
0.11792516735819181
-0.07145236463459614
0.2294411138268555
-0.5366665468008958
0.8311944163154517
-0.6219433894272779
-0.7506915018529259
-0.8738540752178641
-0.7592231833353027
-0.46570841263788076
-0.14028036238203634
0.3597117768099285
0.5513437008040256
-0.13714075770380996
0.3903154567622209
-0.8892142093712023
-0.41414850798756664
0.4321086123762452
-0.6760571330175675
-0.7696772477133147
-0.9603423391390211
0.8601611331013095
0.5148857615920959
-0.8953034854772872
0.05543035239597782
-0.677126183133764
-0.9381350564452862
-0.6320036308714423
-0.002346380263192005
-0.047996753997414654
0.4319092885538156
-0.8585440340166464
0.6265050849573415
-0.8491835079371748
0.2072748831431448
0.8774377734365459
-0.04726602442259642
0.05190302436111627
-0.7065742454067894
-0.6693978093101971
-0.04350572958976584
-0.3527063832837276
0.5498990036220812
-0.8133084844331429
-0.4152357628871055
0.2707589259162413
0.8779173093025507
-0.6489395870329022
-0.17019418382783402
0.2106221597273572
-0.17710963739864116
-0.8868051337050749
0.28974678512781726
0.46781075376274583
0.6208567104412375
0.6236790721683267
-0.1348011415083865
-0.6167323136100153
0.6608389242798682
0.48473472209795054
-0.508248459709232
-0.284485866410932
-0.5969328305166377
-0.14222874159224386
-0.7658011353860084
0.9825277973078028
0.16902093611310187
-0.447437954395943
0.7506267102216491
0.07117518741158202
0.3669265966923525
-0.014031114153589819
-0.7451052978818566
-0.24398423144297876
-0.02979950949999255
-0.04096863293214548
-0.6385762366717511
-0.7942627812891738
0.361745316920282
-0.04444191635007155
-0.5013816988414874
0.7031688075004423
0.9799393125727669
-0.4264305703184048
0.5356258384280359
-0.006858125316079544
-0.21999259479876687
0.9831402186198097
0.9345259870458797
-0.5735278614159822
0.9949807448907451
-0.30581576781807684
-0.7232307767858652
-0.1396672535174568
-0.16015560153325215
0.6559875145868126
-0.6240807399297874
-0.7460311504120203
0.09070150985693415
-0.8130379458946884
0.5856904111966927
-0.16595212152795802
-0.3927785192803823
0.5865877329281541
0.003585276475471799
-0.40164448429548205
-0.8387173462125717
-0.8147397433770835
0.2306327707656881
0.7775566890179779
-0.08159507913603892
0.7623838309237849
-0.969528669409162
0.867510955648674
0.7893398557535141
-0.6079556594700994
0.20178074663328216
-0.49079585234601253
-0.6913916587049755
-0.12868300246710485
-0.4589822752433512
0.6541143427745644
0.7108937774212394
0.6336125770215435
0.8473380565815709
0.9764402320394563
-0.016868910177088692
-0.06883807034942069
-0.019001661279200555
0.3003067154444934
0.32588608792152085
0.8304263834725367
-0.53916562756591
-0.8776726437359093
0.9441940756709748
-0.8002885234797086
0.8711965728457063
-0.16056493017340534
0.1924868677641267
-0.8761391786720714
0.7969986861715816
0.14506573639307008
-0.7649083747597873
0.9082528058624073
-0.9118145104939219
-0.8021722232273396
-0.595614812895005
0.1455034614162556
0.8935267952903359
-0.6177246109562093
0.9200688177939664
-0.9084565285736852
0.6533079896434932
0.9787114088111124
0.8196717509794944
-0.6662318599247097
0.2732997042945118
-0.3862317457863267
-0.19179896698768029
-0.6988178915582672
-0.22285521840623357
0.6910319442084734
-0.5172174828099565
-0.45401962063688917
0.9403546903947324
0.8185258589662652
-0.5738297471264033
0.5024092832193379
-0.23124963748625338
0.12100453552987389
0.362423563470212
-0.09595879878626024
0.5633109002520813
0.8025175431394185
-0.3270428880424334
-0.5826455273085818
0.6133370223893455
-0.3581288428594922
0.7171548223229474
-0.15344949564410926
0.35837301385317555
-0.6216021683190842
0.6595267015149959
-0.298731768670645
-0.28826371134177897
0.6465615599346535
0.786937636371315
-0.9323113946337842
-0.13943300149525228
0.3771877818442546
-0.8501992825302231
-0.8352729385390019
0.8448193351914415
-0.4156153466792303
0.058988554029279605
0.957419633246207
0.6432620045004913
-0.8821313521259129
-0.7391062713461785
-0.6694147409277864
-0.8580078503828044
0.03837983146592827
0.08863469642830601
-0.8286768835943348
0.4491948662101861
0.7955372522631055
-0.6628996021395748
-0.5300194885625673
-0.8769985147008674
0.9605267160211945
-0.37649684290994023
0.2400295951070357
-0.5884812886375246
-0.48073973242303736
0.6339574467918299
0.21439989614821808
-0.6580853622732425
-0.3380560572732749
0.2550395649561079
-0.30597247729400867
-0.3934924305763323
0.27048404495777456
-0.09322644638365318
-0.14765994673803862
-0.43411148015864476
-0.9464608008001074
-0.28929332455566814
0.13643649432582605
-0.31736556751083955
0.2578416692870231
-0.2068371917473768
0.7988524907666914
-0.691287293370576
0.8981707650903521
0.31791544832254925
0.6681909402719457
0.1541415968590858
-0.676783166314904
0.44295631139681446
0.8045054209590881
-0.5636356241567575
0.8922026225216146
-0.5884176006850492
-0.6560858580435318
0.3442244813271431
-0.8145014132434953
0.8934080346158375
-0.3026157550020816
-0.797942540823726
-0.9278401280633217
-0.5703158468483451
-0.7937998363028287
0.15357040169081881
0.49226717825186816
0.5161430693466242
0.9921702721673662
0.6098986906321371
-0.8340499220739581
0.1783315252744302
0.2285390078693379
-0.17552913086966337
0.8344514425286691
0.4156926060688577
0.3129259848368995
-0.6120509511020351
0.2391218838300846
0.09921460271097393
-0.4414952523287283
0.7450060908198168
0.9456894673374865
-0.9075754085286794
0.24392213251272943
