-0.8468944494123172
-0.04589491314318184
0.04312961435701346
-0.04490018391627992
-0.8804870330439241
0.541144694104511
-0.5009010777147545
-0.1349034512716949
-0.4768545323698956
0.3892812288511158
0.7767840395609205
-0.6980341692910008
-0.7261054515617875
0.9676528915779241
0.21530200935440869
-0.3627657751995401
-0.86668689391679
-0.6326003100157904
-0.05127688071317671
0.3306677922855108
-0.8194928621169446
0.4266972326203229
-0.6506883870642104
0.1573400104842435
0.6880691439683884
0.4747283261375832
0.6035864992174167
0.2916377408851889
0.7661873307007836
0.375167608510812
-0.5414027493205478
-0.036309990741347775
0.2570130630270473
0.9712885111307912
0.8005864485563741
0.5970818150092487
-0.7978821995886791
-0.9023766076747568
0.8502041862823546
-0.45565688890100975
-0.07409696276083877
0.7406791785916167
-0.4895635102499962
0.21353897195756888
0.02706667278267738
0.3225146871447926
-0.7960417161173341
-0.1463002215726219
0.8675945517501507
-0.8569466660120022
-0.9305585629156361
0.6118140113098611
0.8905382924474872
0.4537022365961363
0.5371044166212429
-0.8763403073075098
0.11752440622473892
0.2721276965088961
-0.9757261930774888
0.7269946607788573
-0.11672612354133927
-0.36136907037522215
-0.022172910263754675
-0.34215499874128796
-0.10646996447886825
-0.3540481279050385
0.8592337919279003
0.6226516305060783
0.1465905865403334
-0.2436705244717916
-0.9648005107503557
0.10648813145884262
0.33071158322578564
0.5543256088688631
-0.5687467370664498
-0.5629188201504007
-0.2503687076540113
-0.008022230556034238
0.3397608199831199
-0.8756834064936487
-0.5264558831626445
-0.9884521751464763
0.9030219263855157
-0.38467775150283856
0.6073854472587363
0.7165408417102102
0.42564997402016935
-0.49253474228427296
-0.29109236561298135
-0.5653053850791288
-0.5959655795469181
-0.22815382781790428
-0.45657454357300753
0.8334438415798293
-0.2623114126440542
-0.9526541537728312
0.4363405886928675
-0.4678694209646763
0.0013597885465237436
-0.10928301537332596
0.7450841193685496
-0.6224078260350399
-0.13321917721373167
-0.6103382788074798
0.05471788584961246
0.5486744416278775
0.8331426571731233
-0.5684518366344429
-0.6782643700142841
-0.9731405131843731
0.20593788529636003
0.07469043306730372
-0.04110911040949361
0.6927340436753118
0.7883718297641631
0.45819229421825414
0.7162552301305252
-0.07647409194800248
0.365887366286338
-0.04563986428185718
-0.33302936122740867
0.162274167851562
0.3850351725224501
-0.6531950281652084
0.8411077263436137
-0.2919512513163769
0.24286399539381587
-0.590735974254935
0.1259759351149461
0.9083130622816966
-0.5851040940646532
0.3075746644701154
-0.935794026377162
-0.9587856520791771
0.9516680819354038
-0.9801470522758795
0.23661014529770696
-0.8312014317252283
-0.23487006766998486
-0.3835232324975344
-0.6878136438002775
0.08626133464367536
0.6558078935414138
-0.8640446414300906
-0.6240285324600308
-0.7124685683174927
-0.6442128210364308
-0.23875735808338416
-0.3714368450459071
-0.5353000277439772
-0.9025534055380864
0.8954314993216725
0.8688080830288745
0.7005166727544692
-0.5309733727208263
-0.5080550375296913
0.4041661935398
0.38124687301082427
-0.7899277137256424
-0.7526253767912399
-0.6896664828030141
-0.41332866313911043
0.4630109806150631
0.8158590335412659
0.16193291934203957
0.901755378372636
-0.7509427683590046
0.4897924842646928
0.25561794361706025
0.6617128256271032
0.822146655381476
-0.5656125860694545
0.2654900215126781
0.8321878144467187
-0.6170485681069455
-0.1986014505544833
0.7595272826612813
-0.6175681822961463
0.38689058949520616
0.737573293272523
-0.12845991557280345
0.7440833190798504
0.1631006385266105
-0.7429850168067496
0.8065492774179224
0.5858347988505297
-0.6068274421426236
-0.5522880743302776
-0.8743802496211068
-0.15114936842418092
-0.5642249979770828
-0.6309963592783112
0.4288962448294169
-0.1395724249549415
-0.10462889891748639
0.6636559281048451
0.15663373894839316
-0.056939736446105726
-0.21919899485329308
-0.5669555967910962
0.9574081167586985
-0.20509074415774453
-0.7585533321769686
-0.7197541679961283
0.6982903912927789
-0.8566290767634208
-0.568527882393211
-0.30176762532362655
-0.5889367739371856
0.5572378269690554
-0.45409744709210176
0.05114495879205894
0.9967786812200834
0.8295745937977492
0.12684628849712665
-0.754896971976198
-0.7654232613572471
-0.09268612274805776
-0.09022835532226292
0.9002037974626786
-0.3679125781539263
-0.7309746803300605
-0.31254762598525443
0.9139775468642566
-0.9404298807847722
0.666759258628566
0.7470659356064793
0.13815257232684441
-0.6986019704240891
-0.753128860460996
-0.6852176214627226
-0.16456473695780316
0.6516230134895176
0.29044538928071995
-0.4675599195377813
0.8216174806396925
-0.152726209791743
0.6445503519662648
0.721174350262475
0.41627246566700027
-0.5046151559790022
0.8130983677261427
-0.03789676024178634
0.15433593492037279
-0.30717926481599767
-0.6490456501738224
-0.5098255450649385
0.8839991675492653
0.7541006052200341
0.316858154117569
-0.6551117769490182
0.8170730742961416
-0.9331231033039553
0.0009785522285135073
-0.02780018628687464
-0.03226597732046477
-0.8513296628219318
0.5177030125151694
0.691567504936287
0.9563279456227762
0.9728385688120735
-0.5163899986048044
-0.1297116838916943
0.9498221967090874
0.10313942246962493
0.861695994264285
0.2610830538189668
-0.3589306744101064
-0.31492479034802523
0.9662820771257601
0.6173073325613463
-0.9809720957720409
-0.3341179221942643
-0.6774175783653966
-0.029356721645557915
0.9301061919841696
-0.36282873197200005
0.5334709803420954
0.4812780778637815
-0.07068869285431001
-0.03449051244916057
-0.9472866909029454
0.8466176014719105
-0.05798648801186923
-0.036721083688679323
-0.19944359111181997
0.8172060957109524
0.0075375643295876316
0.8443669692871307
0.7513264783741496
-0.46280314661660027
-0.7539901037943404
-0.6374467661684229
-0.6880879374281965
-0.9343326669980183
-0.1592659269765302
0.46429371186563606
-0.11207826747389849
0.09907246869617659
-0.8695131583288069
-0.33379733521093113
0.5490331934178088
0.18700532457803676
-0.16464950068094164
0.2065144107256658
0.9748920783863317
0.10596478095643591
0.6851772981305666
0.018605471275281005
-0.28070451289251697
0.01877405873188187
-0.2507293127462151
-0.9378254068464404
0.6285676493498444
0.41171350939697215
0.23128478106702133
-0.127467355480668
0.36018007527842766
-0.4518891418650486
0.011688981321247516
0.652842939184654
0.24994890284542337
-0.9242686913836946
-0.12843593467839787
0.46898969034353155
-0.5681545085266926
0.21528911864609834
-0.4449566996664154
-0.36037612197380553
0.7386390023624647
0.1365191646908832
-0.4154442567341661
0.191734823378507
0.3858803722085733
-0.5911365519604108
-0.677072890620787
-0.8681144000417611
0.533618638778625
0.14824214569220628
-0.2225218483855138
0.3612606098885316
-0.7874203110662552
0.2964481724036867
-0.12056664063162192
-0.10687026060089555
0.13598931511970136
-0.7862228884273743
-0.7510727968129609
-0.9030006123864438
0.09793122771680585
0.339861724273649
0.7307499680163658
-0.3344923497512009
-0.6498000373928219
-0.9233247600515728
-0.6166622330694997
0.7196116514078552
-0.5623688632888104
0.616155710318183
0.4183315669331036
0.5743336346992918
-0.7730164671320143
-0.1957756128935979
-0.22681269980055707
-0.3246594900100339
0.9694832325872371
-0.22288342931422767
-0.008843020446604122
0.8761422219100017
0.3607961798517447
0.1727799792616027
-0.4513737243832949
0.20224798823788914
0.5872962841738354
0.8736408300469589
0.320982858737735
0.49080472650961005
-0.7614022860769163
-0.8806600303569119
-0.9126445219832244
-0.052831065173099656
-0.6635961574167155
0.6132099014445385
-0.07116048437755396
-0.708944693620168
-0.5657704873027356
0.9143657814220563
-0.3430283742158957
-0.5779371775148463
0.40458522517664686
-0.7680110154185886
0.14815279139401816
0.769631318212908
0.0892359092461299
0.46297455589814507
-0.47423429736792344
0.716157667619709
0.7461446208248967
-0.7458431305325441
-0.3081331366892093
0.8069219374993866
0.6110309850124529
-0.9201198572763416
-0.441727221594971
-0.6248542172420042
0.09069724264877
-0.6281151250922923
0.7608358755759199
-0.028214330196585813
-0.20184436228609104
0.11044718800882825
0.9678764372496369
0.07703001178825009
-0.22676603328681733
-0.6581023269855553
0.368785442845565
0.4881783061298939
0.8112059415888413
-0.31526381835047945
0.37088893564850434
0.7003248580364407
0.7164070574309991
0.1620614214720384
0.8012657380777142
0.9201024889839695
0.8778133258748573
0.5382525347903317
0.007762915358159095
0.3315000950262814
0.40386812028563623
-0.7965923325829971
0.8398035036414431
0.8597662354354916
0.13778901977652924
0.9568435906542414
0.11467680097060629
-0.03546127198833293
0.2569108730585081
-0.47283654106877115
-0.8055753160420784
-0.7321525585213864
0.05290768569200188
0.664215885056163
-0.7598196693876749
0.6417585080067079
0.6180942306641477
0.44293468906039535
0.20838474669815765
0.9079639408519056
-0.08351094711294649
0.20419972310010936
-0.789294802045533
-0.3875927797940133
-0.15385175773856408
0.5299809526037431
-0.3643357159552423
0.583920502034236
0.6924913646373474
0.32510833234432845
0.895008459041905
-0.2316355272848396
-0.16285658786087032
-0.887402095695236
0.6768591833077495
0.7276960952940519
-0.32972618574770407
0.44130794324594125
-0.07900744730457143
0.2745463300213018
0.31622869695679867
-0.959931872555007
0.29381512300391854
0.9802949063938373
0.8916304822267964
0.5630010257949725
0.990227988995857
0.021162836280033348
-0.1652786299598883
-0.9802728145250008
0.675459237178381
-0.7119929089139043
0.5569757219322142
-0.6970311962392057
-0.34677999279503346
-0.0943920285320703
0.19609371388206465
0.9812508084758051
0.6726055633745047
0.5605775683174727
0.008425366012918323
-0.11603665825440901
-0.3016573891291672
-0.4667431858384339
0.24561485631301694
0.894998800254575
0.11116931246939621
0.44636417395953565
-0.21687980275373575
-0.5874765620749516
-0.36059309467005596
0.33969268297868727
0.07961878421353585
0.24343753627245812
-0.43324278133890903
0.5107308957657877
0.35796822503218806
-0.5192156437137034
-0.24396304447674333
0.5241146768754892
-0.17507391821321017
0.09135789430603691
0.04371545121664866
-0.286136094268042
0.5622592856366242
-0.4901873898832334
-0.5505681076928448
-0.25356495936095413
0.8663261679265477
-0.48412577763103126
-0.4221115423602735
-0.736358911848574
0.44696345210396116
0.013527853192020434
0.8701625589551116
0.09212625287940801
-0.28008658682494936
-0.7431177808992555
-0.9837228709007722
0.22852287193101795
-0.8658847679212072
-0.9817592880198094
-0.22813385094973748
-0.012950571193777627
0.7251292534896754
-0.46084751553705217
-0.8792100174923634
-0.18704377253254556
-0.8243209618777112
0.6449045223161749
0.7893664490838299
-0.12473845415984286
0.762072551780264
-0.8053589930382077
0.5634605823648919
-0.20947624176694912
-0.46920760209069434
-0.48577247062473483
-0.13457985864113775
-0.6406035618479113
0.4370804266475259
0.5492489449029188
-0.5500285693660196
-0.1066488914624697
0.052145520953500446
-0.3694378333647357
-0.27477779797038204
0.9076595832597594
-0.7389210486528026
-0.44941368891567857
0.9174749387848
-0.9467815616522184
-0.3906754973013342
-0.997799935716349
-0.9977315737827064
0.23531472315090762
0.6884224321699899
0.9154341257780274
0.4670325033277958
0.2347112379725862
-0.6237376975003786
-0.13554786189139056
-0.07927126126738737
-0.457658591098685
-0.2720809548007279
-0.9424589613039358
0.735282404597253
-0.07586628649246308
-0.6584604311936131
0.41992241919058415
-0.13950771131287998
0.14431021186007564
-0.7087972358184627
0.6440213193551056
-0.8426584978937908
-0.6952389981362983
0.2975286413144651
-0.5452477751734144
-0.009566113772577323
0.6909752872352666
0.07156989172035733
-0.9803367807936645
0.10500767660676891
0.6040264049520219
-0.8544594559476397
0.41892938858108764
0.8231580817224051
0.8781862638434614
-0.30819598907796997
0.7082065581021804
-0.7854289056605657
0.5411684754954409
0.31545509394946847
-0.2297864645406711
0.9144978759765667
0.6751328716089897
-0.4289642466664292
-0.9162484990535849
0.148124103164486
0.3046157690084563
0.18775842786866148
0.5015042889373167
-0.9403109444262028
-0.5951154442017976
-0.9572494307175481
0.9955273395293822
-0.2580876858768715
-0.4390095651479027
0.2979338603330377
0.8533994545859729
-0.6948371495405836
0.2946050243795497
0.8580707085844299
-0.07001535716692153
-0.15818688655068858
-0.08769673319093041
-0.33173536831661044
-0.158342012189308
-0.5098724247563151
0.5916013808996985
-0.617620945794418
0.37900007426226856
0.8260566347613354
-0.41576402473330876
0.11929246249544856
-0.05624101690443983
0.07765900268754744
-0.8054151159493737
0.3734413806129733
-0.3167653477799506
0.5099211834741697
0.44293583183381746
0.4045735617878268
-0.4807468561261534
-0.42970556561294226
0.5245833852860786
-0.20705487552511004
0.357067506404773
-0.0262315314092203
-0.6640021971197496
0.8213317588789271
-0.7266438348244393
-0.3912881482316952
0.4695951577724504
-0.5242579971781207
0.5391074010073051
0.5738971821211603
0.03641303699324472
0.45305667930472704
0.1586520840294614
-0.3654605771241166
-0.26564012967696127
-0.8585460566276151
-0.6863827733180288
0.233485069603385
-0.1818121416145655
-0.16469759677091766
-0.8785556582028875
0.8161337956048513
-0.37549480893314424
0.2756735705544038
0.1383519515880427
-0.26649903135535324
-0.2844029108596142
-0.40947916957377184
-0.08525608804257767
-0.014714243642008906
-0.7490801631532222
-0.19957755020336942
-0.4233247138745855
0.41089476528715774
0.24081114823006677
0.22957584379080043
-0.19065911873424168
-0.6552165116241992
-0.20164981201769594
-0.5563109256358187
-0.07298754570074406
-0.8247567869278472
-0.9454578255324275
-0.8799101055542609
0.885821558068014
-0.7605413840577238
0.012557425269146494
0.87166942267711
0.522694783487957
0.5573109826469831
-0.49568577486814425
-0.9677753729531509
-0.9823454907176432
-0.5974180038964627
-0.7680879591498788
0.7412609641736263
0.810826145822777
0.8249406565679538
0.48727793358204674
-0.650315053751277
0.4913286996582107
0.7830351622309646
-0.9881451515305733
0.5018438343821277
-0.04972767769418107
-0.9550325942384679
-0.4070008362868438
0.6600188247317469
-0.47725723036667733
-0.3543055472214085
-0.21273339491769483
0.18845296390410016
0.8074542942230412
0.8682779966186316
-0.7157503041069315
-0.08167097068359297
-0.019249047879154713
-0.26423787347730676
0.001452698752583137
-0.6656364992094708
-0.8690605966709435
-0.6340758459791087
-0.3086722730850795
-0.10155227228872588
-0.8698200991309701
-0.24302129603916756
-0.9023493131971179
0.6897257093549902
0.04013679222274291
0.8417166624291124
0.24760113325127198
-0.7948492655363972
0.13480185462679684
0.13480612618541965
-0.10306860464742496
-0.658758567803599
-0.23524076165256336
-0.9913649531414341
-0.030037371724927153
0.6973797838337918
0.8438119765579566
0.32307047548752577
-0.4420187220117895
-0.6346137304038362
-0.7125871833405761
-0.38269792549222137
0.14567785910984732
0.862441761062245
-0.3048630145761586
-0.2122686567802976
-0.06790081919482005
0.6913008612270446
-0.2726478182083345
0.16347080869589758
-0.1391465207048721
0.23846405185600417
0.16417025129796348
0.2568811318175279
0.2367829857400936
-0.3783723111083179
-0.94384781490803
-0.4631607738778436
-0.17089568865806526
-0.22156130032349597
0.49730316870623126
-0.354445964492623
-0.8170922325453405
-0.6025794999067624
-0.5798251014376199
0.8329172992805927
0.4484232220521487
0.09008166445633958
0.04448762887371083
-0.9356940786470134
-0.371409065661088
0.4022998850795594
0.417084345888167
0.5999120359712533
-0.03172806201591638
0.9654020747533407
-0.24340326612025165
0.7226235551692879
-0.2041345155814931
0.4016996004252842
0.0074774862608033565
0.3539145381858828
-0.17783865393652332
-0.6500064539269235
0.7382496041423545
-0.9851895946053573
0.9521837202244925
-0.19092582179135342
0.22155267344270357
0.9062385462161573
0.8986629665102603
0.955910536982969
0.9811646547001032
-0.9197647830801923
-0.5663368135114477
0.07416906524757105
-0.859254117884515
-0.5729320871036141
-0.16898814139971052
-0.8110736011411559
-0.7432412870387775
0.5738096728541975
-0.8505318376616209
-0.3872889239045023
-0.8998222088231131
0.8301521570871826
-0.394590840368352
-0.4651597894633097
0.14305185657509
0.9792441303241326
0.8529940605141286
0.056868964829841495
-0.7976993357003077
0.31108089248604154
0.35130310525691577
-0.7723124841790059
-0.5376651716852596
-0.5867917876200763
-0.291891109784441
0.37926970707961805
-0.5111981237836263
-0.6844549130717761
-0.4800720150389768
-0.999836170082441
0.21684494493689077
0.09176331081725286
0.9617723789066577
-0.035899039112921916
0.575031669645343
-0.04839521980850958
0.9508376694530163
-0.786605623984213
-0.9110157165814683
-0.14858915182864663
0.4322648259289479
0.5000056924845702
-0.5456204682299968
-0.46135458773327365
0.4508928452534151
-0.6566224844828139
0.8157903797984047
-0.4081723365681258
0.42195141920027646
-0.5399444352651441
0.6047166346863897
0.28953880593860015
-0.0012269172982872778
0.33481507478157835
-0.8865388148542068
-0.5730599720858001
-0.14147373365269966
0.01073109510511494
-0.33248055065401316
0.5287605525732724
0.84652742652201
0.9006677985162834
0.07769229538054767
0.9382801398303975
0.3643605192835391
-0.8534559401401707
0.28771938315762813
0.8862558561696678
-0.025420171554484394
-0.9061634069185216
0.02292575307528688
0.26823693246965674
0.7536519102038661
-0.6790152545297499
0.03456492807972911
0.42024523233297706
0.637380196268235
-0.634136323146939
-0.9474805475112364
0.7094292034375591
0.021139663150610444
0.6861380582035146
0.14455678186658005
0.9782650247833402
0.5118504661926571
0.7707515845937929
-0.2557348459483899
-0.06734171621022855
0.9180397216982876
-0.032727139641141934
0.04105992305770889
-0.7179049911650486
-0.11275635453113253
-0.2922288760732392
0.6015577364607962
0.5642992045561201
0.4948718335373903
0.7001589979859921
0.12339906985022076
-0.8000836400856206
-0.43778399155017045
-0.1017199304088996
0.8592377460152394
-0.7394643326397414
-0.45861300038104535
0.17525841784502139
0.4591703115539081
0.40262512025560127
-0.41319013820625927
-0.2979368481630946
-0.6368863017655717
0.5866794591510558
-0.9361654287698644
0.9347891454575326
-0.8198546974599235
-0.9799903062529083
0.0726344483906125
0.2420494561883979
0.9236077364437698
0.4762105509825265
0.8334160351436861
0.09666706600068764
-0.5794000192181534
0.707495243918776
-0.2748251000285351
-0.6474988423319152
0.2570891996589779
-0.13129302667467413
0.23547938399205548
0.7656029132343893
-0.31446638738495736
0.28070971825575897
0.3125555056305722
-0.3109109883125616
-0.7512795619609254
0.697984255000111
0.3310542716557441
0.24366961534414133
-0.7280392290493671
0.32087996213175884
0.6420100796495387
0.22877594965126757
-0.6417679450998943
-0.7700905796401125
0.58721459229843
-0.32442950089859823
-0.08806531748676649
-0.9003910046430816
-0.8369746917273806
0.8069216927558807
-0.9346555581890255
0.5365674949229775
0.8982272643447091
0.9739726938431976
0.2294961881234543
0.18203939599895014
0.9829049398187928
0.17615824250111145
-0.9642804189488823
-0.4767470602846673
-0.21233838450978526
0.40687963348598166
-0.20261719614282403
-0.5307869580552731
0.5717687589163853
-0.5078436580920556
0.6895661987320283
-0.2587459793264866
0.34422746189847353
0.5226787846879275
0.5826118473875117
0.8710734602168266
-0.13609628699780285
-0.15671015402091126
-0.00014986223154322964
-0.8442562674271841
-0.788288175381628
0.23821552980177718
-0.7932047854763462
0.19029557250922946
-0.516972899660544
0.5223442275888439
-0.784781308253923
-0.41639568435744634
-0.29215696043044215
0.5444865168339059
-0.3535995265089704
0.7871236808892559
-0.609471693388733
0.3870527235936778
-0.024105031226933304
-0.5339559905881637
-0.5952963126950297
0.551855629387112
-0.5123006106900405
-0.4165509767783093
-0.3675316692535058
-0.6728780555485312
-0.6848024066577636
-0.3040163789958601
0.12160645799240943
-0.45809722091783933
-0.30948818546774515
0.8553796820811037
-0.40844445510682403
0.10397001079644053
-0.5921040117888801
-0.4050819072068452
0.4119874544380462
-0.9787957104736553
0.5176869832508373
-0.6251693111856227
0.03225691061312497
0.5324396209431121
0.05137925110127317
-0.032535613469441005
-0.41079233276798344
-0.19472248033580075
0.7137290603247217
0.18086819331455284
0.467318309016163
-0.6623890980379454
-0.78804959635512
0.18767898202205524
0.633809815920152
0.14155984486271023
-0.6977695888001731
0.9582816166941448
-0.14019566074739864
0.3549882547982859
0.05926847646226463
-0.46081305670190176
-0.2855761796385181
-0.5167732103933469
-0.8361383609631965
0.20520845765412932
0.6752111862603252
0.995813367579415
-0.8707651412728019
0.4780501960040995
0.6195624759285392
-0.1072578051760642
-0.7022529795889392
0.7281822537028522
-0.5735667411249588
0.5536222006789979
0.3082269333670309
0.6088680822938457
-0.3296150257264645
-0.2454884331663698
0.9826903486862335
-0.9134010450677477
0.4687242705831056
-0.8393276342780389
-0.9857959375947443
-0.42152068403150644
-0.22398781112800314
0.9106697754000419
-0.2939759645710611
-0.8226903889946535
0.826580195791583
0.9684806588942134
0.20037111776585825
0.399683874709315
0.2746148527147052
0.7670327327540443
-0.5895992832898247
0.5450266073231973
0.49735295659278433
0.03272069008399425
0.505605252805639
0.5069736945222019
0.7592803706282625
-0.16373003378057382
0.08521246126676885
-0.3828715922748489
0.2357496642554624
0.3747582472966491
-0.2094481657082552
0.1406104946386968
-0.12134725734518526
-0.3876184120890609
-0.1633388770636981
0.7958679840178309
0.642403272175843
-0.6141590483483197
0.9709754470809351
0.36351024976488944
0.7473993068756026
0.11479130127712
-0.036809433570488714
-0.15477290697908397
0.7396598821388105
0.021016984983032616
0.16229067355660032
0.16342770689102326
-0.5043712857097429
-0.3007887122327151
0.06744657697535117
0.4075594091463324
-0.11606205150714444
-0.6352668552642267
-0.6949599398623567
-0.6750124857376685
0.8289948929536917
-0.8650509936176425
-0.7945169988741998
0.2674620508933452
-0.2415419736866824
0.9758351269058503
0.5558559355065715
0.8000222940016197
0.706991594689339
0.2099147334975029
-0.4780742929503732
0.009348496675771534
-0.41515868301417047
-0.48770443464480984
-0.6442674182277406
0.8707744436750564
-0.8849097083173105
0.03046885800175536
-0.7145643273258258
-0.01272682265128533
-0.5622476166704784
0.8691123944432604
-0.5910272561375141
-0.0814621475534194
-0.7264235292222077
-0.5481153294066319
-0.043587583846582234
0.2924402883511461
-0.1467005417307985
-0.8176116328121468
-0.2151744098136712
0.3109492295015528
-0.21205042990455159
0.7158024881503511
0.04431205259024895
0.03442969288467612
0.33909339598257127
0.2314114497111186
0.9612301263079612
0.7071372655716237
-0.09718908186762665
-0.8541073746104708
0.6556130689211732
0.6924040190297045
-0.29905454209862303
-0.1886489804696081
0.6585422753932246
-0.6561137989735151
-0.2582819484075174
-0.5264185294908783
0.26772735015866145
0.7359876448296288
-0.08434236400025341
0.4188965857458913
0.2741770502911103
-0.5070112065346588
0.44076868753645515
0.5070602715593344
0.11590910482297834
0.8883668298244631
-0.34816228346339817
-0.023457114021358638
-0.17258777794160785
0.4032241300531556
-0.39469455478312865
0.561015997200772
-0.566276081086099
-0.11125497516417826
-0.17047294907710642
0.9994480733074267
-0.7254826319399021
0.2980799590983991
-0.11064567468287612
0.3191120369112044
-0.42538760225455463
0.38721259579321465
-0.04280472184785622
0.7474737595322478
0.8974618588892749
0.5494742552833938
-0.03237998104619777
-0.23421272389521874
0.20490886023320032
0.8165707592113693
0.6390826796198505
-0.3650438475077935
0.8901301570754623
0.342841372340547
0.7154340026693384
-0.5931585809215034
0.9640954654972691
-0.6298953111310346
0.7074664267679958
-0.5542252549603695
-0.9405488461143323
0.008923182106609806
0.4799045432636424
-0.8811706603945293
0.6439333224873827
-0.443395154776697
-0.7741485430932222
-0.95722608900416
0.33314346277395424
-0.4419504783364048
0.9502636975532788
-0.5958157617089124
-0.05500874600214978
0.6574953793845948
0.87682164914786
-0.7686531379111954
-0.15719453398432726
0.2590681217660771
0.2362564928765145
-0.9059108861270586
0.3245583755854804
0.26114491963483477
0.9543391345735677
0.6758892031446078
0.7027132605189563
0.6106248189337207
0.9833675149852095
0.22459781331865392
0.3327557059983255
0.9089479473834912
0.9603931013542488
-0.44257598702058676
-0.6690663030412451
-0.15002273509187347
0.4592925668789325
0.817123998961238
-0.3723152061555177
-0.45146775641511616
-0.9499685229248258
-0.23766539165114686
-0.6058793441044095
0.5419644424208536
-0.30659470060508043
0.008903061985174432
0.9951647106897694
0.7551582307890494
0.5251950811266728
-0.10258351595902337
-0.19477207814209474
0.9723018213841927
-0.9194647707654877
0.1868215614164579
0.7541888424004703
0.491917271934071
-0.42836063766307664
0.041620254035622084
-0.23537656092790726
-0.6628535878485287
0.2812395753177044
-0.7779492575964728
0.8726012825934164
-0.17770576475205946
-0.37040915351574166
0.19377538395313265
0.5696873604221968
-0.2913431832969986
0.04354409971161366
0.6452838988023666
0.7031552635175491
-0.45486297412873133
0.35653728711424404
0.24018076036107483
0.681916042552074
0.18834304721082407
-0.8286592730126021
0.41590813990124276
-0.12123022207026946
-0.2739203669014729
-0.14393811660374345
-0.8285578524045474
-0.9281819504544264
0.2680000360761401
0.8122029414715002
0.4438769593884715
0.2704101950157969
0.999763375119139
-0.2619883852536151
-0.4443222040229009
-0.19035800184703988
0.0027801419742681244
-0.8320817651153491
-0.2636182356851007
0.14952875523692621
-0.5926961093240903
-0.8523459778828617
-0.2839189753046718
0.6443420675817053
-0.11878564494738719
0.3706945151828329
-0.038831840097293346
-0.515496187761278
0.33206062511344037
-0.2326796486424174
0.14398727375353015
0.018242078634390646
-0.8859660567788195
-0.8674305406775389
-0.09163658090951854
-0.6831512712549133
-0.9680265797158418
-0.08903933932850294
0.4372226469559011
-0.9573798287744113
0.8894682191725705
-0.23745491178482858
-0.5921867875578852
-0.9002147903147264
-0.033130089245541505
0.6654756828831099
-0.26819038339311585
0.00832269374947181
0.18227018127429373
0.19745888848561277
-0.4913144440157622
-0.8786653225939669
0.9932370319806176
-0.23287072269447529
0.3878766070346973
-0.6655496408510264
-0.23413956990760165
0.8989302766743463
0.6993193845647818
-0.6883883630298049
-0.32898125746524665
-0.3677799732328797
0.4991605210356589
-0.8226207355230581
0.22142199039030008
0.19664560024891808
0.7595795571659967
-0.8962103465101052
0.012511434356680784
-0.42539383193356683
-0.8973554232441676
0.8672501178206691
0.28657030807530326
-0.26023151993481064
0.9155555997787157
-0.9343565018005229
0.5208562164571842
0.08923135647642177
0.01012083224443927
0.10459631898275346
0.21528887304706457
-0.06416898850773323
0.060318606110289386
0.45753501959486775
-0.5169042187722035
0.8749530483238388
0.6645543918520544
-0.6189865216693216
-0.5746606012192543
0.02940373704742627
0.20569415528984458
-0.6289600719419333
-0.25125335227859225
-0.42417264937110555
0.6444282118638984
0.8054393298534934
-0.2151125846812474
-0.05255306394929615
-0.4899653835527209
-0.6336393873665005
0.7498112612542172
-0.2936465931314809
-0.7216616520841896
0.291432115198309
0.5582928062010057
-0.6511094103788237
0.262768332985271
-0.057583899162261476
0.49123827025004485
0.8159214629026741
-0.2903690752279706
-0.7514895959696102
-0.8863082014089494
0.8075559879357168
0.22997346401759966
0.38770172737399444
0.45953660177333155
-0.040729952153368165
0.6550137619471976
0.5931213800056769
-0.8763468264412804
-0.03400703931892757
-0.29395421549936196
-0.7854797495329005
0.6076320760172276
-0.3368374217344998
-0.9153783465591989
-0.7135733558932498
0.09514600885496916
0.254235271243326
0.9453821623184395
-0.7177592582166352
0.7097839762670926
-0.8283918950075051
-0.7049897886604894
0.16494965886099844
0.7541768577500194
-0.29785449827136135
-0.5894242155157337
-0.6651518207996847
0.051543996370442935
0.4435581839952416
-0.5472601595985735
-0.2771727313182608
-0.1647686331700331
-0.40798584498921264
-0.9164469126265706
0.09630142569369982
0.5341130722436662
-0.7070273753955056
0.6171212044438346
0.6248831046628458
0.7155324484246155
0.49849985727952695
-0.5025811287423587
0.6097386552187534
-0.9382828142434176
-0.21159715011327007
-0.005811594582393775
0.915641965475543
0.19945437523621345
0.3578626310952364
0.4011773711961375
0.3567080751974736
0.8905148191571637
-0.5359431262756549
0.8859387825961527
-0.12435557061930536
0.5254680014865163
0.20091088641049248
-0.8518328758593525
-0.9059955338078869
-0.1313581028707742
0.4924782272394641
0.19309472142881523
0.7770288311412314
-0.4019485536887204
-0.6734140993972024
-0.8223909616085405
-0.7303644498404298
0.6119806958562981
-0.02758308809741883
-0.5295040712959105
-0.023425870338711796
-0.7524096628002224
0.023594167456813864
0.08680045799670899
-0.9908190311896594
-0.6789276113000335
-0.04135647085712324
-0.7316807772506362
0.8891043146095485
-0.6879503988782145
0.06853583657547602
0.06418245216413188
0.41187468880408495
-0.046169092884560614
-0.2995257557445632
-0.7588726861745203
0.7767105932039344
0.6420280712786366
0.6169801631018914
0.7464778819712274
0.35294387491587575
-0.03455124479959726
-0.11052830379512257
-0.6128051140661268
-0.9455207897302105
0.7922912865380389
0.6010640241535443
-0.022134422670408993
0.4235284522362075
-0.6290427520028232
-0.08261922967940727
-0.2981650585585358
-0.4567174549803876
-0.5790588143127706
-0.9120121938162797
-0.11117302456882383
-0.6230576615172758
-0.3087642378847648
0.386627806714408
0.20634198458047748
-0.23458872909527662
-0.8599846797334894
-0.30133793033710843
-0.5208886800123897
0.7838115167768362
-0.1612663889957937
-0.25026085684888644
0.7506267334535002
0.5463472649275349
0.9694482540270739
-0.18251795641382773
0.9676820115323856
0.062481741987695294
0.4155507246254393
-0.03803304361870241
-0.9374622500115242
-0.23646179164089953
0.8263865946036602
-0.3646145096381317
0.026830447651027267
-0.40669658354181215
-0.3736633023409084
0.4553730514394665
0.039288885594493284
0.6880145066512762
0.7751541872093348
0.2112843407918652
-0.4975279723794488
0.8456012342257335
-0.16941371272243266
-0.5826044820348442
-0.3143285652379084
-0.8791087346424158
0.5466384367235666
0.4004244039138203
-0.28824818569536226
0.7045369068964049
-0.28209820579113654
-0.10986856536190848
0.2050751951327674
-0.053637339909803794
-0.3588717961061034
0.9897689389325282
0.9434571398621172
-0.5727207903380993
-0.8223111681719588
0.11271076701138538
-0.3809141467961441
-0.8018221112170438
-0.3942580641504707
0.8759668839264647
0.22044950684263953
-0.5486514302588588
-0.5971272943914994
-0.1506610248935938
0.8524255851611535
-0.8715821699090307
0.1954709041616094
0.486662674458483
0.17372474936992788
0.5289342013412772
-0.9211440859394526
-0.8625976783303657
-0.699847365389751
-0.26789039596264175
0.008639122507896335
0.2475360607974697
0.2637361748427436
0.7612655469671126
0.147978574005305
-0.1519583585528994
-0.26576736836825754
0.8360608716265447
0.10185795339937531
0.6354160012221319
-0.3068715911094442
0.7205637546744483
0.28556906932569204
0.5121270679015837
-0.18419480691235313
0.43005905626255014
-0.7057708098330211
0.09013046803329305
0.42084986138251423
-0.24066351029677557
0.9109893248866878
-0.37660383760560867
-0.4869115072808652
0.18480757407383153
0.09316934597197024
0.5207329133075429
-0.788737178145019
0.8926528863939076
-0.8078453562291117
-0.38084715213828146
0.42722187917752796
-0.9520365690863868
-0.3470818023223654
-0.8121036853662544
-0.6175892730842139
0.0856055510765854
0.38606623104348015
0.038704708967687296
3.340102845950099e-05
0.747576146463484
0.3617318146232571
-0.33156637962782476
0.527706216877978
-0.8980967680784073
-0.3839175234745378
-0.3348136924781451
-0.07448488630628258
-0.961353167569589
0.8947588889670468
0.7553244037269304
0.8692795248606635
-0.7147293928233502
0.14772828354914402
-0.6005156523666948
-0.7247279033932017
0.2575627101926481
-0.3435719464546365
0.4789401060702687
0.3543783517709702
-0.8649672880018358
0.398132159377905
0.8448798993361595
-0.4156137777435862
0.3293245826755977
0.7914825283377316
-0.19118606649379855
-0.9452863531875428
0.03651289997405405
0.8368775839941807
0.6278656118960788
0.17670843811462333
0.5858064407777952
-0.08095959659938479
0.5924285464067238
0.9638802319437874
-0.16394239770817642
-0.11112195989856977
-0.860073394371585
0.638733676204895
-0.3802519194319389
-0.3805109242583
0.9194888623008981
-0.8073958693404768
0.47117927365178236
-0.5984240457007051
0.2723010631378122
0.5786397714909746
-0.2792017962220996
0.4891193755551573
0.8395439927362873
-0.3381847843239265
-0.7837822460974917
-0.28526641307735523
-0.24874260976521745
0.24930525354615463
0.2942475134921654
0.5440704980122701
0.7136955396948994
-0.08428426698962443
0.834999042135022
-0.1354963857131135
0.8559716249514959
0.7091340615587416
0.9940666264861711
-0.2840727290454943
0.8567105277807656
-0.4380513021028156
-0.896571421191017
-0.16362740183863655
-0.4521960062551529
0.5936367927647455
-0.5694916352607986
-0.33520536756236474
-0.5428380924891807
0.9549866467866635
-0.8033428233631548
-0.8820784869938534
-0.8817952463188965
-0.29695274311536113
-0.9597186697984443
0.31236422498315
0.4107583994789521
0.12040467495530294
0.5473620807101909
-0.08999500196768362
0.3624973479173752
-0.8347854865474995
-0.6016454412136576
-0.11527451028395941
-0.2923945486353021
0.09307783733070729
0.31939749371508697
0.2989505849001295
0.3829239254542969
0.4691132132489484
0.4624069881093691
-0.5771280853420508
0.07826379715565901
-0.6079363326546563
-0.6939156796073567
0.601078725218988
0.650446979148968
0.019924868929154238
0.4121258696594359
0.1883910951986254
-0.17596744954666055
0.5587221154322659
0.21039633959129644
-0.5593482746728857
0.059991487734254445
0.7816863491877855
0.3302030670030782
0.804744736539275
-0.965617806426307
-0.5861604419642972
-0.6659953050726928
0.7811820176688118
0.08385692703011638
-0.013463351896886522
0.6961303331943536
0.09247382757572153
-0.057435749730195385
0.4593666552485325
0.47177211192439805
-0.43838691972278676
-0.2604024325842451
0.13411937161862864
0.0008694295499236393
0.17158928327754763
0.6460810850023451
0.05681479571755155
-0.9535267091490576
-0.024420856542662683
0.895174323139331
0.9344022491850092
-0.18682998665962236
-0.11820048444568343
-0.4826986916562441
0.2554909730346484
-0.0563537839314332
-0.051757166916292174
0.48218595407312326
-0.7441876556547731
-0.9405250442047395
0.9787139393769129
0.49861526567762793
-0.4224113333097119
0.3096363135343341
-0.7352332090887188
0.4164027550369591
-0.2938828854218769
-0.47566805142950774
0.19453890297006393
0.32748916811656437
0.14609863706589876
0.6465778252297221
0.7297109185574782
-0.3297472051756525
0.9772681023869114
-0.5549248910732225
-0.17280598073315323
-0.6498622441722806
-0.948663315728163
-0.013528812563722736
0.348034275101182
0.07927119236070346
-0.8027668245171748
-0.3146881140849045
0.5558790822420794
-0.43821605065878044
0.43387696212963034
0.6879082062713542
-0.3175840311397018
0.2880010798871566
0.06007771952451635
0.9989994565054809
0.8364473132036192
-0.12420258247890437
0.372556267273102
-0.4522730979952072
-0.44911757300684196
0.43111559362371477
-0.6970911690745907
-0.7788331306769598
-0.14003089669998947
-0.35034250068616246
0.6928992178259725
0.2853478664316409
0.7652845364367677
-0.9944539236775929
0.20756009151653432
-0.5371943366521221
0.11621515279526795
0.9761628489716168
-0.6071405617328829
-0.41900353019077263
-0.7234476357599826
-0.09683797961311891
-0.5899860229607823
-0.3125004771904043
-0.09021626273271477
-0.4104934230073789
0.21834751606222902
-0.09674545495786968
-0.6321237381562435
-0.12764370835551753
0.4190230127786889
-0.18022506908149194
0.5511601805137591
0.23572754775052718
0.7826872382212247
0.9880719796550368
0.6128982120031616
-0.30737351053611417
0.33430780944887606
0.25366623899768026
0.3135242782777281
-0.8104315697208129
-0.5892191039576742
-0.12794874741252515
0.0006116629428811748
0.9781946407670234
0.7138444174743239
0.9898093285706426
-0.6506795701676895
0.24304882540846062
0.15753943834160333
-0.17546902855748647
0.7138271153806994
-0.8842705111902123
-0.720406643931512
-0.299008829455663
0.7802017422290823
0.8763798640141613
-0.41031197848012524
0.5916754170629888
0.03510562715052257
-0.25460688201850035
0.19560286715100594
-0.6542135026988694
0.41027357742326775
0.5603852539823513
-0.103508059576084
-0.13469491561869584
0.3465918977649953
-0.449119030012207
0.8268141345687914
0.5744724937239944
0.5394484003874658
0.33221421543509577
-0.7873728846325974
-0.8045910204933204
-0.23288773317457756
0.8503903146191534
-0.275062130336988
0.059448831141531544
-0.7832867219506157
0.2697758063566431
-0.975565561496236
0.19313485214808002
-0.262854051628608
-0.5877437494808282
-0.4349865230518086
-0.3728394212497852
-0.256021035506274
-0.9646206083676996
-0.47379689543374703
0.7232464583443847
-0.025975771998909547
-0.31730024989205274
0.9608805931730799
-0.5428157453373845
-0.1287354260002831
-0.34543299680198736
0.9399464309044931
0.04962063767939906
0.16353445136755518
0.6986856478974577
-0.6883369675967261
0.04855038994323224
-0.7714383377821104
0.6065664944681433
0.33312977879956707
0.44168668859265936
0.3327384364866406
0.22280509622985134
-0.17850757933827532
-0.4760349022274646
0.24203509724795014
-0.4453607394914234
0.106109271591591
-0.164922239114476
-0.24669494230649347
-0.9124917941126551
0.185592665085911
0.298432259058081
-0.08987651476205971
0.9196562533281931
0.25122036591018904
-0.5280636115528641
0.7467246482658287
0.10216236351399766
-0.1461068474914009
0.22116089397945493
0.3690249058703172
0.2422933824886968
0.5736064106827572
-0.879962322052668
-0.3768119854502183
-0.6454452511114372
0.45237520993586844
0.27136061647057974
0.16271338339916985
-0.5039641663729086
-0.8795274362102705
-0.6367621085946058
-0.8503555543890398
-0.5074311876037967
-0.4946187345998334
-0.4184848000062533
0.09280564232511335
0.32394609533165375
-0.4640096644567182
-0.6323761286779659
-0.15655911482765572
0.28170197379405226
0.9310717927326198
-0.08564089273054387
-0.062005609837511466
-0.890271831502855
-0.39641592543656134
-0.742874270927943
-0.8352052231602003
0.3127984747375798
0.35002787057263496
0.2581176443996982
-0.3713416136430434
-0.6165474033046459
0.2868940066449912
-0.20340369831765748
-0.3212310738304407
-0.9048680410918462
-0.2857736867983891
0.6581088824449934
0.5787901145467007
-0.5350599114868066
-0.17389412841488894
0.562544045411167
0.5567945831150516
0.24388531309106654
-0.11411466061369868
0.6137510585581161
0.6150299299209967
0.1835962645346727
0.28812562874671155
-0.8158506100496425
-0.34808207337637054
0.5812349018300764
-0.013462199434997046
-0.8612072352919349
-0.1037592797933633
-0.3129906292681002
-0.8890359810695778
-0.37346202307918075
-0.15424067753114157
0.4496958400797515
-0.6290312280378452
0.6448790936729807
-0.34659256335931543
0.3838940045494026
-0.5930577500741394
-0.025053582855572687
-0.7562428173621876
0.642333707691987
0.7531187633166923
0.673246851293748
-0.38937263695352975
-0.6346385761069888
-0.510059310270468
0.39373448110293596
0.8716094600256006
0.15800638877543083
-0.8788840049945059
-0.4440931577419158
0.16021115162294097
-0.49205272050699667
-0.9263419163248146
-0.14502678544176373
0.2960968312226524
-0.7987741788109908
0.7480214630632347
-0.5538452347508591
-0.7361873966369696
-0.6616097824493881
-0.3700200571422958
-0.8638752289111242
0.2254279304937612
0.7279805015629963
-0.5040913980145567
-0.9361834931864212
0.3384138004403352
-0.15064930304070345
-0.5134341343627216
0.046787223142521484
0.8356126817204625
-0.06358848386053784
-0.7655640678157538
-0.8889597525559361
-0.24262050252960288
0.5248761067118082
0.061625974684532014
0.6068578577180814
0.44950983535009104
0.552795318721208
-0.8869589286008213
0.8805155978786088
-0.1484575222104525
0.6273262699527786
0.9663322637988343
-0.3664434479941092
0.26967175252647757
-0.3357770824311408
0.9873450814454798
-0.10838436514818994
0.2381992681969105
0.86999202439148
-0.9497098151888439
0.18231916613491617
0.6577078585750025
-0.5366707371515542
0.7528667929520589
-0.6784594528395709
0.766281480675375
-0.18866391818293593
-0.13585192124958034
0.22651876266877058
-0.5062021356425819
0.03679697103268742
0.5923042021186704
-0.7228175754329993
0.1747919777253426
0.22777324086264183
-0.5385923743257655
0.46900119177525257
-0.31059182859481616
0.8275337554593087
-0.13808444230223405
0.35201770243447306
-0.756754976657052
-0.7868501263020777
-0.07678789647510831
-0.7705437754174715
-0.8882518102617298
-0.017278111715445466
-0.8629963760927923
0.4133693316059952
0.9496550352523774
0.9670313120918814
0.20137863013150503
0.18941371355759573
0.6355178874266065
-0.3341602182485037
0.14925764380805262
-0.3775171784217968
-0.2249125681885349
0.9304668238780258
0.06367700866511394
0.7743646031282008
-0.5654004801498296
0.7598429126350517
-0.2940916770643911
-0.9968611228701576
0.3685397381016222
0.7570463399067362
-0.3680509811086139
-0.9921031808941692
0.6653587248648309
-0.4965199932280926
0.879374714691441
0.5860009485007867
-0.7582474120020459
-0.24811292310722677
0.8854637149174553
-0.277216931061643
-0.706180746041829
-0.7081552123485408
0.9884631018554078
-0.6469796503455127
-0.21288551435611813
-0.45180293177516995
0.1668749313551805
-0.3943341773907787
-0.49674142541819655
-0.12019162264272731
-0.43517423225820373
0.9371210987903291
-0.11190947418941422
-0.5887381483271013
0.23337284864380692
-0.09275112689319465
-0.7462132549895835
-0.6668405998018037
0.8964453039454847
0.8785797045695556
-0.9321948618824387
-0.601748331686538
0.8850166950243892
-0.2696786321792852
0.006068670941439036
0.4305431251750478
0.3477975165832774
0.481755148728797
0.8733201094698424
0.5274606086530291
0.5382338193993592
0.9607656684805694
0.5817593819806801
-0.9122448365588176
0.8455365575121709
0.24995090006620346
-0.7420416278062858
0.47180142535267233
-0.5738370423864381
-0.9330278962100689
-0.30350544313376826
-0.0376972559774198
0.49739504477933183
-0.17940126913320253
-0.19163919345010516
0.11302169322682887
0.17725579105308387
-0.7045842883733848
-0.20672801094288618
-0.5183847736232157
-0.720089564090387
0.4695040255654408
0.36559223867414303
0.7277046700810803
0.489669542604076
-0.709433304106561
0.286705761208355
0.6386202030140715
-0.6826558314729487
0.9224821878651206
0.15021607738941345
-0.5980959742702421
0.05313426175750946
-0.6621464402622557
0.8565165629998486
-0.9749745288748761
0.16690005009279507
0.5760171585816569
0.30716193111864043
-0.8238351524890082
-0.39366448289492495
0.6557411425376067
0.9762583573535928
0.7936978683966158
0.12691539615427883
-0.7168808393492931
0.13611322792707314
0.8289533543980445
0.4642073885671276
0.6076186840646773
0.9785621808380871
-0.5077578802646208
-0.9099376807716133
-0.6809992937305909
-0.8842185126361488
-0.9679876497166144
-0.8947305364353797
0.6747158290504294
0.4606208221476349
0.23448588533543835
-0.7021567898522478
0.8208728610870053
-0.4118053612037209
-0.06536807518632282
-0.2306584305612831
0.7746727179374107
0.2581969423405106
0.8626351111517763
-0.15286892988877976
-0.1181776978629796
-0.3135740935254514
-0.7895102541761814
0.5301624359920554
0.6578980406130943
-0.5871654001617868
0.3649189726633617
0.9125306396881332
0.12646538795320317
-0.24149708063813025
-0.5579248566963912
-0.7960430687418705
-0.7779638324444738
0.5050547933713061
0.24702582023787722
0.7037560013175512
0.7682906363424287
-0.7286493981288886
0.11150779936913136
0.20031749270148724
0.1369060539022573
0.43769261687566186
-0.3793837601338659
-0.3602016495280629
0.44106661168111083
-0.7269706357992718
-0.771436021851394
-0.8902599763769481
0.6798834759831465
-0.33749400294001486
0.9606046398829149
0.7829983963503675
0.8976820303844988
-0.20035852609057114
-0.24455436233634797
-0.22146358168158642
0.6096606997322269
-0.17702990524541473
-0.08201841121255815
-0.9358521867726461
-0.5202881010775393
-0.5890009360197366
-0.13696127887643939
-0.25643968253485605
0.12841147150989873
0.35805107152097526
0.24307156826908205
-0.4865349390750817
-0.9236251311567465
-0.4664145301139748
0.8369057875088648
0.777039499384188
-0.15226887918365017
0.04483599286522155
0.971024219689141
-0.6900176761976238
0.6374120799862668
-0.149032641717171
0.5891890495906402
0.8585977935097062
0.1117570171886555
-0.04563092308887562
0.3405475667478586
0.004082131997811933
0.8603532334621249
-0.873336371092521
-0.6916557269901251
-0.6069363837472252
-0.2025353181031957
0.9862290322085419
0.13622339421380825
-0.8730713187083037
0.17085430148967018
0.689454316829913
-0.13914417766402365
-0.4858828310740535
-0.9704343328614198
0.6267510330875297
-0.7026403896257094
0.632115120333657
-0.14469660086297575
-0.06999636571977197
0.8869324732536665
0.5013850958883783
-0.9656197452179607
0.5023678416296438
0.3566575808642647
-0.9215374039733444
0.16288396710706143
-0.5150978495883904
-0.9831779872336102
-0.6611086360748264
0.8448724787562902
0.28355572957513275
-0.8365910213725789
0.33909654521745036
0.9897136506894302
0.8960090108478771
0.239592811308585
-0.44773335241559775
0.07700690704470858
-0.6988666586595911
-0.07256090439880225
-0.47074446580477014
-0.7454089783207329
0.5710209058967548
-0.9456599995199793
-0.031079732127197834
-0.4261679501662521
-0.8721484920143558
-0.850776795504929
-0.22058328245354542
-0.47734451955115675
-0.9345640105320079
-0.019363651316272712
0.7591075174117754
-0.9828216337600111
-0.36208133365564454
-0.7185075468676345
0.04149962835772314
0.7617047939255821
-0.910263151142561
0.7823515813054356
-0.09130020420687157
-0.9021839486530008
0.7349519418877783
0.07748646203097387
-0.2251850532242543
-0.044136119455743694
0.590918302052841
0.15210134181440282
0.2114528761934127
0.6483692351029644
0.3924737132521776
0.14303920422466376
-0.7457676775131659
-0.43057360402046063
0.08605489518341258
0.9337272295068935
-0.22845423290850397
-0.5845950831270312
0.7766107374917217
-0.8908266033363224
-0.49633433653450854
-0.6258387076085543
-0.5868222033745527
0.2703313408671897
0.5233766298938338
0.5537546795540629
0.537990701747757
0.047461419787585335
0.3539990823918435
-0.0928474696909376
0.5697073744560577
0.519708438055636
0.1738519476345053
0.35722670478865126
0.05698316327819519
-0.920773068980145
-0.5033251459898105
-0.85328265363914
-0.08404790687728547
-0.829512524831586
0.7760818491294894
-0.7222987379634873
0.27023956967771556
0.3698607810199859
-0.2185961714223792
-0.35091078916918006
-0.8198226613192352
-0.37209527205086856
0.1084865691746737
0.42499919762166405
0.3536423544624703
-0.03328137748093174
-0.10503202934131739
0.31936627104606985
-0.3607520594321414
-0.1289694462812292
0.24352171693905955
0.9257932598859624
0.7998329755286893
-0.9092559310920671
0.9944799013795833
0.7488957753393193
-0.31442996793823896
-0.389918668425842
-0.3707347692389411
0.7569797599319721
-0.20103509110496143
-0.10414249995045188
0.20573380169396294
0.16191534604151614
0.5836541424197785
-0.6676930426495669
-0.6217339870237315
-0.5044102877304328
-0.43924177198192127
0.8844760448170748
0.12671669485546966
0.21337349822743268
0.4585629705088208
0.5871430761600387
0.9871408871760625
0.6334301093229064
-0.8038890834662109
-0.8547832031491271
0.7584755403685535
0.8952415327502337
-0.8623456897934554
0.3230835381043151
-0.7620512525441356
-0.3218474945515635
-0.052751006542828494
-0.6061831924709034
0.5538276365860728
0.0706938887415034
-0.3417885203101292
0.5934494875660827
-0.17214036662052812
-0.5466191026946281
0.5830940045675164
-0.1368132482143567
0.02247542468978425
-0.9526321276953018
0.2753260135478355
-0.5347701956765409
-0.8443190185969214
-0.801109622104824
-0.4890688445141369
0.004494651714649356
-0.21147507099531415
