0.1520395090013711
0.6686619604888904
-0.2505391648070261
-0.4842581191954827
-0.9058737815835389
0.5521590400481853
-0.08361273813436809
0.5570950039143108
0.2923946610094532
-0.7557228442164761
0.42130010453842015
-0.5188492804709561
-0.54259903587543
0.8545321720660417
-0.6854210090764661
-0.425198908325205
-0.8201884605633212
-0.7260339166480627
-0.8305971688909979
-0.7038298644352545
-0.3362785910962225
-0.4491219399156705
0.187599752297541
-0.07429673884639731
0.16690588663127448
-0.005370594570493603
0.04377320363992432
0.34070906258668243
0.4784607458652377
-0.9538488710592479
0.7689859148626754
-0.18612354517557406
-0.173674007312421
0.041418976362256554
-0.7460464934413471
0.6258331766480172
0.8261573083690681
0.1302504351881082
-0.5156316419199349
-0.6940430170141894
0.4083296336292437
-0.558860025259275
0.46694367158449834
0.364554382976253
-0.5569886868839584
-0.9349815072450247
-0.7130694644300071
-0.6894215168444191
0.6913748941020801
-0.3790058663347047
0.9881829464134277
-0.46705219967700695
-0.8074693878109827
-0.21632224923538002
0.7952514852408283
-0.6217309819516752
-0.7070709875111736
0.7447765387608605
-0.7947499072535067
-0.6267999053768571
0.9740161164733576
-0.3601908103898528
-0.6410535804560007
-0.12674215252616072
0.8980863270504049
-0.9692841506562466
-0.12876304366082447
0.2946010073834029
0.27806546963483125
-0.814507713316744
0.3947304209679008
-0.3533141238787878
0.3524271622360975
-0.4079207305552357
-0.4770403081725454
0.990512746507406
-0.38379790445151674
0.09893408117819646
-0.7858378507492534
0.8464928665615039
0.516118681917423
-0.4608672447392672
-0.36862116850607296
-0.05283992283601768
-0.5788811756631569
0.06431189055984232
-0.10105515057010628
-0.7366383888103947
-0.36842898135508495
0.7468990804601447
0.2338787638096107
0.18665831468346195
-0.2692723905216343
0.22638382355776554
-0.8442258288774729
-0.7258010163495916
-0.5990582423554442
-0.5718002095589223
0.02172570172212529
-0.3295165805414553
0.07008367382971104
0.7169034225860385
0.3211359024565916
-0.10689259030538634
0.34499427316913467
0.7493868202099534
-0.25197236449808047
-0.6297344242613507
-0.38201287677762674
-0.9543106324387904
-0.7622796974636128
-0.1729690775782491
0.2820724849276073
0.8898029061314756
0.4988837997464832
-0.07031918216642019
0.7065537981062351
-0.666565419837365
0.9396598076674707
0.5052493430310583
0.7105094395984679
0.18054053867091713
0.011590821427784004
-0.05593319423559451
0.578833199286751
-0.7998453136200459
-0.7145923392782116
0.002751415654152378
0.21354862891692128
-0.44872723476146636
0.777842870181856
0.7912262867577908
0.842830047980452
-0.7744723884051885
-0.18604489118817358
-0.33721979484092746
0.753176757547735
-0.6187837307556165
-0.1113460497028036
-0.6023247504172375
-0.728883051187301
-0.5856676807023529
0.7179812147871205
0.04335841299551757
-0.2515872049287289
0.22944782548528941
-0.16506468468172453
-0.20346718533528496
-0.791951853156899
0.9517745538106139
0.5786574183474171
-0.15952822640088593
0.2908297939622879
0.19543384766070493
-0.6530044210371424
-0.9931645628592227
0.8779485092196637
0.9442966207306136
-0.048222356954563006
0.830760737683073
0.5829304723550479
-0.2957811089720175
-0.06361578979452887
-0.046578133976355574
-0.7112202014295095
-0.7836954041907416
-0.49865017548764423
-0.02599923605038268
0.656237552102023
0.3339262853088647
0.5649588150559866
-0.6151560738534765
0.5763371419049284
-0.20839988265738874
-0.9813245878883212
0.7885997756830061
-0.9632607749975235
-0.891200823906523
-0.08200055796210215
0.5522120890339974
-0.5651920923509703
0.30728007661176404
0.23660682702190994
-0.5260109629876639
-0.5256914627965461
0.569050583716173
-0.2868167558012047
0.2746538708487911
-5.800316286430629e-05
0.2338855154773034
-0.572417440997077
-0.8069162371936163
0.8401651773649188
-0.17619953403995492
0.852412035694674
0.3509536485680762
-0.5276014381224412
-0.7655969032732586
0.506786410282944
0.6359346931337622
-0.8813531480568608
0.5148604575414544
0.7633606077085646
-0.01613910210828018
0.24124037799372888
-0.9823284906618408
0.41978591841906354
0.4072950461356386
0.38673281343208443
0.13958198850142667
-0.40176961459445604
-0.060523741176376156
0.3313231743515641
0.6870644144973781
-0.486870063835501
0.7915770636794202
0.3607647359475872
-0.548695680303112
-0.8832868188714471
0.9133962125502502
-0.3650931512002449
0.07762734688317652
0.0269308104952124
0.07207342776334791
0.8543148762943638
0.9882412998852133
0.27602316777790614
-0.1749802212564262
0.6989557222983056
0.6169330127589627
0.31058323799730014
-0.6890890398179168
0.23405469827345926
-0.9659342998622713
0.6275352646374424
-0.3763564703591842
-0.7215023501932145
-0.20926939124065913
0.4941336680089692
-0.9495394403913664
0.21142889066131998
0.9664683019873546
0.19277977842993543
-0.45357570455948926
-0.8655941750052634
0.7064199127192934
-0.40151591298801903
-0.6880314875283364
0.8873929340753655
0.3862212782796093
0.8236740551223396
0.3264203267897672
0.666593615817453
-0.37935073649486384
0.5352336746036028
0.12171321966525017
0.5188598076520501
-0.37182303505641245
0.4815447881828516
0.18494838630297417
0.6141111068271432
0.2805721609486793
0.9189979580651855
0.540502311359125
-0.4073712439205144
0.24367092359143316
0.3069008468630232
-0.19987784791197316
-0.37320176091253
0.5478495466007758
0.950014029120992
-0.5684434103099558
0.5241199139301596
0.8832392077491074
0.8391942254133706
-0.9570456287473637
0.4643923138838937
-0.08939482704820345
-0.5267928324773279
-0.014984329359301274
0.0586588303590585
0.847292478475155
0.8577641035314136
0.434498114263407
-0.5923432935877817
-0.22519895225903763
-0.8244002462509397
0.5959146347440492
0.22889452304789604
-0.41708571291402463
-0.15657329205181658
-0.12185700472363803
-0.9300781890031502
-0.5375172398117589
-0.5902181695459459
0.23943500374175275
0.21165516874900803
-0.9639963507467457
0.3647142225505444
0.22191509544606247
-0.35739516995223664
-0.9115388221187424
-0.4019093014884001
-0.5488457662577131
-0.4116414794203027
-0.4967047872132453
-0.9136879839230028
0.07950864436936689
0.3200243782921506
-0.27418722561598496
-0.49405475801646603
-0.15202435932653469
0.11060674580308638
-0.8276131188642897
0.3052613612642783
0.9327084619026542
0.6519247800141228
-0.10451743577410055
0.4831092344978538
0.2690297573882663
0.49637605403901763
0.35053454305392573
0.6500680100677361
0.25678290688610206
0.9650523145065646
0.24546506143462188
-0.17476356607393195
-0.3444948845196054
-0.42542430378713436
-0.014325751867991343
-0.7699882972652157
-0.34774939247213843
0.3300085230482821
-0.807191336587487
-0.7432930573093417
0.09625754587531721
-0.586650031111511
0.5568977162520832
0.8090110561391863
0.2524542719731324
-0.6677551226016893
-0.018641777370719925
-0.14386913430556159
0.11805423253674996
-0.3077555026621639
0.49550451364972514
0.9901897149578329
0.47298852517876666
0.9099873574153199
-0.5695038455775101
-0.6607202080250552
-0.8833001414105024
-0.7297870279387717
0.8649330102048025
-0.566192759660225
-0.13698193024459338
0.4405250957805953
0.7814804823330979
-0.4922521448028718
-0.4688170444425426
0.5255101982671881
-0.23399680663971312
-0.2896412611814432
0.1968953875139321
0.5619249382914202
-0.9900495238279854
-0.988642596786296
0.6923589847689338
-0.6053460291737598
0.8953712779607848
0.2824676152462666
0.31144386160873827
-0.4007314855480786
0.5609235859284614
-0.15023951381488376
-0.4217527414893174
-0.06184604696215379
0.7674691507577178
-0.45791208351403667
-0.0020753452953652385
0.9023578817916942
0.8572283307024622
0.08704632674572377
0.9780413739977054
0.08478279899843089
-0.643714479378541
0.8417929674652167
0.0860432369051225
-0.8709889814191298
-0.1702446897242731
0.5837162584209363
-0.5349731505157964
-0.613451913531176
0.8071580448370312
0.03991914976706101
0.36898868428011977
0.33469413544062965
-0.7435162564792797
0.36208687305473064
0.8746600851559585
0.1426222359359317
-0.9610841425678103
0.8300193634981934
-0.4710406121895945
-0.5375117276387158
0.07978453713959732
-0.5654633627351109
0.06205370649173947
0.2244441330548821
-0.039549488726935866
0.6706816419390476
-0.06668301712951918
-0.733310477059899
-0.4655464511745129
0.8539310412691736
-0.07426248352170339
0.1358021592525145
0.2095613612248921
0.35232351424614006
-0.1517582399363986
0.1417743751124969
0.5097464776786678
-0.7653998989543254
-0.12281375113267967
-0.5457211473672712
0.6717735897993167
0.2257655951586761
-0.587419953795864
0.3881438140994111
0.9119342433285409
-0.5345402182756929
0.1500221653968712
0.960753716680649
-0.6302208621563397
-0.36092666573331145
0.5126422267610029
-0.5112980336481319
-0.9362196755303935
0.04990956709214611
-0.11831193653578054
-0.8902212587783103
-0.4341776199092655
0.5168846173167101
-0.32513102345314615
0.9161845330924101
-0.5293594545484417
-0.543763880388449
0.5998356290120102
-0.9971076837686066
-0.05285856619538398
-0.9710572716868862
0.9674149375462033
-0.9439453232357258
0.49829724733821035
0.19821758037363812
0.4770172799943426
0.5292489796104585
-0.5966044589127462
-0.18479102586088536
-0.3455404271037146
0.42632636155593073
-0.40478156751400185
-0.5966780312007844
0.4022076816933422
-0.40012184354592595
-0.35271079327488497
-0.8198257257284467
-0.6842001327658571
0.9844220499766865
-0.1549309905213696
-0.5696965688834386
-0.28798658758500695
0.16154819860318748
0.4912878417308033
0.6287076816817398
-0.29853004769960934
0.6688634576526056
0.3139100380168167
-0.4913989459183714
-0.8066674190958374
0.49937083962234685
-0.6019649252358155
-0.5049592864823378
-0.5838990809794171
0.1350741646283753
0.5211347673264104
-0.08873166258728848
-0.25823051092032534
-0.6504596815044723
-0.6594675106598575
0.45235782406855707
0.17750884686433932
-0.1728838805254036
0.8872835652707702
-0.3524218894881235
-0.4744060440471094
0.9889558891241397
-0.732930231619958
-0.3206491090403929
0.43839500972280354
-0.9796931271734166
-0.031164477891599596
0.1550116944973754
-0.7086582796186094
-0.1414056329389386
-0.3830279928601652
-0.1952389979357081
-0.6204614732078828
-0.838143698763897
0.13520213447002738
-0.45723051307877416
-0.40035025784182765
0.06572182597659149
-0.8334542786752419
-0.19132418710532306
-0.5471563270027986
0.5550911153237021
0.5174804880185138
0.24256368714283183
0.7947684496461052
-0.0822600365160222
-0.21760630543495463
-0.25119041660637653
-0.8171484081738845
-0.31869155079434175
0.7451271937180322
-0.2319732482019119
-0.5056830498810276
0.4841445651581544
-0.9497868711940152
0.6745684287637821
0.6047131414764888
0.6939577333012936
-0.7768440330025079
-0.3119586629670297
0.3611850215565582
0.15354060440506423
-0.33707339141496884
0.012114188463379305
-0.9610529213992134
0.9124353962100491
0.7640535471081993
-0.9176102662984078
0.5113302785805984
-0.3258230156820907
-0.18469679128584526
0.603232868042838
-0.18300454345291772
0.18519932847605314
0.7063885525101132
0.33773399061549436
-0.9961582928914876
0.4667590200993448
0.40811153415118095
0.7394302447135939
0.833413609091165
-0.15474992039062863
0.6993070548229621
0.29560980654316205
0.8567655112259485
-0.8585048625572345
-0.9134514971495056
-0.9522090745963874
0.46019228049124994
-0.0937243773899108
0.7206941561945148
-0.783618570499464
-0.7353309223794244
0.2749334245131487
-0.1874652931054419
0.7989697069498023
-0.5617222924517413
0.05412273722067251
0.965282729452104
0.02674480147812841
0.17047431275737712
-0.3631221099135604
-0.07832509446416602
-0.1306470109348934
0.054074722509010575
0.7051917942085524
0.9083061454473851
0.09792738238063547
0.18544199329995137
0.8354704319403592
-0.7436669466645298
-0.4765442375129241
-0.9897560867431041
0.34173834759516564
0.35070132828506484
0.21539145758897216
-0.7426888088914216
-0.6996487581460409
-0.5933138158774762
-0.3132984395093299
-0.8253603512255774
-0.9823196215519143
-0.3694881413327942
0.9180001808810145
-0.5873949915476406
0.4639652169538595
-0.3373007779223376
0.7153504113240456
-0.549451570338156
-0.8501984879495048
0.24110654123476438
0.8144130797307108
0.5676049360269873
0.18565673199624233
-0.48462220083980667
-0.1962958604115561
-0.9119863231709457
0.24009485181315182
-0.21575944851493323
0.5300940453472431
-0.7469748226738357
0.21850486380905032
0.06076935550365281
-0.26561020086485554
-0.4120393700408096
-0.483461989680408
-0.08771306602553475
-0.8046319228139245
-0.6369480493499347
0.9282831274610477
-0.9250569010141114
-0.5303097791593117
0.9429290822791163
-0.9583075733053839
-0.09477597357810152
0.17139131234092275
0.8363715804840968
0.8909127976036373
0.30905946908033965
-0.22340205167049954
0.03884151847139661
0.6058495253360963
0.34251860359420205
0.6973438586892902
-0.3976161397196589
0.20054138925483955
0.23680731589192683
0.0700869049435342
-0.07295249514266144
0.7313454327818556
-0.6977664613275447
-0.5094305542693291
0.435926212313144
-0.8163382687198191
-0.71979081169398
-0.8992804588270491
0.49596134970154315
0.04640044712196212
0.4096668533291521
0.29947855146683233
-0.5327209562386783
-0.9184886838449775
-0.9254581335217094
-0.5832439598315156
0.49808584590647387
0.4800432736014104
0.20336629683451135
-0.377286615465255
-0.7961195659897558
-0.3998959021162105
-0.2674261801435245
0.5362895959687892
-0.9755747187389738
-0.7675189131085909
-0.9208696642857375
0.16401643777551977
-0.1613988126957946
-0.15354731334772898
-0.1496174501732801
0.49811099971312633
-0.7120305703975292
0.5240540212474394
-0.1229390912583701
-0.606829085102802
-0.06374632910457123
-0.6221501445201079
-0.6902247666290202
0.8051510967996358
-0.9451098124239463
-0.25213716291181565
-0.3594908517355233
0.4983251059338307
-0.7008393240758859
-0.07003002055888352
-0.9535770400463051
-0.19032615437255385
-0.13581411976925173
-0.438773675642947
0.5417063133813835
0.5562581491100602
0.31425655282064247
0.04867071720918981
-0.8197743298391991
0.9095730326148612
-0.07393608906340288
-0.18868232533508333
-0.5552860574873024
-0.03547805247497804
0.03781281841789563
-0.18851136223460885
0.647039011031753
0.028992976785462865
-0.1741689048292172
0.5298968332818257
0.5367777690293436
-0.5891357809217621
0.7794887097569343
0.695336933487338
0.7560649880195884
-0.13016288823833788
0.4161783056851993
-0.9229480942563488
0.8785279525214298
-0.2303835692417815
0.07062597856106079
0.5588705922858916
0.6799734012195453
-0.6281898955759964
0.31602324521533753
0.5595841085763971
-0.9655203667766761
0.002726839831140415
0.919950021796136
0.20453646754878485
-0.3003308518153931
0.8033890287990815
0.47778578790459103
0.040270277594266046
0.293159064859734
0.3403570264591258
0.9755542482891091
-0.6451513418623673
-0.7609279005550924
0.24176910971972632
0.5902355742433891
-0.6151229009231698
0.9486513142081996
-0.4181491222081968
-0.020892140002201964
0.8623424664768025
0.42646560818535284
0.04145671773465809
-0.04648329333842738
-0.17025677309265386
0.045778703259836906
0.6189820838108664
-0.48677369991049924
-0.1334323038420906
-0.0937812361487258
-0.7468344122403952
-0.8294853768580142
-0.98101363650713
0.7729100526237218
0.9371961708073293
-0.29162617533151747
0.754732901661213
-0.3598187609956178
-0.41092129203615535
-0.9304899431087346
-0.17487352014129698
0.24310556980560238
0.027881954588963476
0.3325425131698594
0.3306251764717021
0.9035585621806359
-0.9930098596730648
0.8523205083570125
-0.7493991032095277
0.8851664144247609
-0.22776375215966693
-0.15062576377973258
-0.13659203120812613
0.0006286717280543641
-0.8174558278846313
0.548818557349321
0.4545921913726554
-0.8217804891001808
-0.09565238648699914
-0.08976925323169005
-0.07715137683291418
-0.7648955963693875
-0.8747255507291136
-0.42877286015610094
0.7932368368974285
0.22968974161126154
-0.6830387504720457
-0.2167293405756454
-0.7827568086971448
0.07291066034477378
-0.5593243539094592
-0.5986333860237565
0.7158156160900699
-0.513124425411779
-0.0008076296957995055
-0.7008067471397821
-0.43231585047369836
0.8370667119350055
0.32852808470440076
-0.8685580818795988
0.2592769349966999
0.4574141711508679
-0.9759913374949589
-0.8541226847670595
-0.5985447759348042
-0.9486932695369423
-0.20779370755314974
0.22469265702498098
0.018959439225857855
0.041761465563270095
0.9508503148501952
0.2702994996451449
0.3276683154621891
-0.7663450301623709
0.37560105315379944
0.9429292977470092
-0.7758192446259327
0.3782311831738303
0.8043572890135424
0.6400406029679429
0.4531406887755711
0.31110932931575874
-0.18271029658375326
0.7565094301411377
0.25668861754664185
-0.7753674487878726
-0.7476099002233811
-0.6745376962222103
0.2244854832098664
-0.5984913872251221
-0.1573863893577332
-0.9312509306553147
-0.030203879810514644
-0.2918134528718812
-0.08062429737130294
0.4941512523126046
-0.4454305913609302
0.3567903420294234
-0.5622643056723717
0.7134802861318892
0.47752293954768965
-0.8094974231578018
0.22786229602943187
0.36576960934553093
-0.7927656494942681
0.7339489669608281
0.7383215183988026
0.5675102033600004
0.5481992528152513
0.5370231611061684
-0.49437959797289577
-0.6016152265581798
0.3733463744322363
-0.03572584877498408
0.7344535068932061
0.864581207724622
0.31559628730442046
0.9874967260087542
-0.3325151593223701
0.014355545901085343
-0.06755710914469204
-0.3932292575072496
-0.7304007479202843
0.8122593246092005
0.99136620372932
-0.7292267867530422
-0.06279736656142587
-0.44645451696212457
0.75190879295601
-0.49964482743571215
-0.23659991744246445
-0.5071087348107604
-0.6508964765396432
-0.5555009502524064
0.06706080177402818
0.8090845208567266
-0.1079539164179586
0.3495877840372308
-0.6318175749868238
-0.06140933588131148
0.4432679799185233
-0.4597046595311023
0.5386755907049088
0.19816722220203453
-0.09102871789557332
-0.3862999749414022
-0.9806439430054541
-0.27091657812118686
0.3185802570259284
0.7995885912253131
-0.9641852984721415
0.5880544482851342
0.34751096783565183
0.3848574039731787
-0.6614238537106183
0.37132068287623543
-0.7987828856426511
0.9712377852104326
0.8810569204841983
0.1745984982872899
-0.32920619718940203
-0.4309716812310722
0.7875584339208999
-0.06999261810683599
0.44839970798592277
-0.2591465944350708
-0.47927580498758293
-0.736955734117632
-0.7768703896850382
0.06828332229353107
-0.5707215107677253
-0.5469948607458834
-0.5588810032250042
0.12425187835569274
-0.8790337094968343
0.5143516263961825
0.23935786993999963
-0.561823910772201
-0.9064556853509269
-0.7201433181620835
0.7749151674795893
0.7807593978170357
-0.38076509657941426
-0.7663021329696584
0.8786757682833306
0.43477201201784443
0.1935380066702561
-0.172020502696407
-0.29468935808587804
0.04270073698894228
-0.22756043567203177
0.16595846776140055
-0.32139061913135736
-0.1624214803043762
-0.21997522518251045
-0.708034149692564
0.9736627677418597
0.7732880676820282
0.2809432538294121
-0.6626654393801341
0.5618396965374499
-0.7901201672969995
0.8288046879726265
-0.4324777565451594
-0.2065543516136903
-0.09491980163490998
0.8997664034262065
0.38783338202603046
0.044520700298621874
-0.06105043273194499
0.9682635033414877
0.41330368781649396
-0.5321807910832168
0.8080930482430473
-0.4374567677487349
0.28112503617695106
0.3994513594597653
-0.23268812703714237
-0.7684163041794776
0.5323717544660318
0.3545614347547792
-0.8252638515287511
-0.0038318199549340903
-0.09623019280605316
0.43898899024295734
0.4648980010231083
0.3923007182228504
-0.8038164987076628
0.11318802671538108
-0.9156277065011735
0.4079419052119204
0.08131093470993922
0.3929399199363828
-0.17450556768517944
-0.6418236236432955
-0.9241808449479165
0.7513652445013692
-0.44887947814276763
-0.24823568234495763
0.8486296838707696
-0.03905988208132771
0.7315606229534357
-0.8844350016681799
0.0832631565844002
0.15710798552118788
0.8451175200925329
0.1007640581340461
0.34714011715146187
0.9651401735355614
0.6138232295903214
0.7480776692376192
-0.19703138465462056
0.6968927679705046
-0.2566308157971542
0.1623463165291863
0.7559010217508433
-0.28997424734065924
0.2034162817827161
0.014626688176565983
0.22136752575745788
-0.5767661671612223
0.041854157071937514
-0.15180669576960248
-0.8553654422746941
-0.4360552581052166
0.8566096051703396
0.8179120602959231
-0.917796632091711
0.9158047042586794
-0.4102583616539126
-0.3447614104298815
0.19742913581369126
0.19407263499986804
0.7815588475276132
0.007736925799889605
-0.5001281266001039
0.5232684164869974
-0.9422624176029786
0.8947966940651884
0.9892156958745781
0.6524908858900982
0.04517086629393452
-0.8327330149544074
-0.5887691488189415
0.17627110014245573
0.7411458213621258
0.0637119573124818
0.8149721946731343
0.7117551196400944
0.2995652737488874
0.14451704462296977
-0.7504947104190127
-0.10985347260130429
-0.28396209924426197
0.15084390647434276
0.3725738232972675
-0.5025184291234199
0.40317089468753564
-0.4792706666168254
-0.18016515002435352
-0.9982323440811995
0.8904025329767606
0.007548523712789912
-0.7160406565469277
-0.8820828281756028
0.9010569143638136
-0.16099906203395054
-0.8130631079912585
0.12520565586615806
-0.45537051594551614
0.3665757438645325
0.8051560791854806
-0.6330985604018842
-0.9095810564431492
-0.5532556156106867
0.7575008250484911
-0.7514265002136267
-0.765919444757462
-0.8192044754941774
0.6126068270353144
-0.8815867323900204
-0.34620632467882584
-0.07917042284028297
-0.48587032908251215
0.1323137219055266
0.4667355762156442
0.5218152845178989
-0.8319179977063826
0.6190458744108611
-0.432138797663681
0.6115522037210956
0.7084169126699884
-0.1425725939479714
-0.6589752782866636
0.3638464561214727
-0.10530728690087154
-0.7059391196229163
-0.8227656950254842
0.467985721830684
0.6575759384816655
-0.791814081183752
0.06703414122394191
-0.5306389484963612
-0.1706943086533228
-0.10254018328880421
-0.07239195474309223
0.3502398796708459
-0.14460838070500603
-0.3327655463387327
0.031022985885963195
-0.3537079377346559
-0.690565312020474
0.07442320315209838
-0.09793488572707187
-0.18765550897590866
-0.46976790476042085
0.33126920742568244
-0.6162670885388091
-0.7458953255326577
-0.5588086351556039
0.6030995536124661
0.8653526806667562
-0.14675028457974815
-0.5013857761121141
-0.1939367101152174
0.24307139703044167
0.016517930865088903
0.3555958103289161
-0.6946078287723887
-0.20271976380267653
0.44137973206555503
0.609038850210142
-0.6102740074519648
0.985467548941253
-0.9595982644337007
-0.6061853049859256
0.23490568157025038
0.9719192460089379
-0.7447980454709737
-0.5732191374039264
0.5074660262776391
-0.5258108678236855
-0.042245467718224905
-0.5728706612592211
-0.4696236183466407
-0.5582487957404243
-0.7513840647495493
0.17249485479983573
0.28068891940012874
0.6660448959635472
0.2619405217573958
-0.662964809628068
-0.3472431809889662
-0.22168185737752255
0.7436272667771076
0.14940435701907284
0.11107595020055139
-0.8304276308300091
-0.2132375461782905
0.5496001966623618
-0.9811011628697899
0.6700002715444626
-0.7063876468895929
0.8547134840422401
0.980453914276433
-0.8499765815997637
-0.3116935219491048
-0.6682950845101616
0.07004498701770845
-0.6765039308353973
-0.5604075934482671
0.22873693728303857
-0.12173644800961658
-0.6854899228914173
-0.7462947583299613
0.28392525946099556
-0.2554560303320983
-0.6054700606296828
0.2324362139456395
0.5393592529088354
-0.6899345285034177
-0.9731377227712532
-0.15720497861388627
0.719778030869443
-0.8916742426717204
-0.6451191814500346
-0.16036958022412917
-0.11780949884744274
0.6311137189221905
-0.2554599093512089
-0.03218865310919705
-0.28883057227077713
-0.20783984379371678
0.05694265748142113
-0.320422949203357
0.33274198560713675
0.4727915676504506
-0.0400063968393769
0.16458025186189884
0.8777521667069519
0.04513108607465521
0.770149540661021
0.9550029062335936
-0.2662583558754763
-0.48537037951672435
0.6483588836114329
0.6366863058778791
0.4715610464766442
-0.7796606723630963
-0.7421008132086644
-0.7719982791127413
-0.272891390957966
-0.5198457765619902
0.871532710360928
-0.9044860145170823
-0.05391560165859266
0.8940007341503
-0.9638231595727509
-0.06206070610148906
-0.3481731520267084
-0.8590307090289708
-0.26091508398230157
-0.6466899991540278
-0.49850566849185873
0.2966027026029021
-0.975830340512102
0.8316681573420701
0.0024399235717089685
-0.432973319992344
0.1628899132655519
-0.6960200769049358
0.5953976734512574
-0.9784866929540852
0.8932169947000377
0.4234914052055774
-0.7015137223868988
-0.6387923661596202
-0.24013661671237374
-0.4376377087546901
0.40190272831027096
0.29737411226690136
-0.8228419425802447
-0.16101809134862388
-0.8103276487571214
0.37669033551110664
-0.10802921401092269
-0.38803989282749796
-0.03562212414963706
-0.7967488235468043
-0.1146349768891759
-0.6219042062630256
-0.7003382457109542
-0.9065718645601657
-0.24199849109310612
0.2891031784306226
-0.1056044560329481
0.3671375573372606
-0.9758955305443298
-0.7880501180105879
-0.24393231782923586
0.3388733319804502
-0.8973275448627052
-0.02035333028684172
-0.47219360442689684
-0.05582247413361463
-0.3432545363674069
0.77413713790572
-0.7195383536728759
0.32349220121230937
-0.3268030751385784
0.10772129707976186
-0.4823392229809811
-0.5687335421695774
0.5197310900937446
0.6781756880576826
-0.3486188218374746
-0.1245760350303231
-0.8081403912942382
0.9197389455409037
-0.6843539480302563
-0.21321636750590578
0.20088888200417743
0.25766471642316313
-0.2625041147700202
0.08744636235320735
0.09210990881557124
-0.5132651354501108
0.14698135506073107
0.3801670407003579
-0.22292415951751576
0.2659617934388414
-0.168970994183395
-0.9597222901979046
0.9093353106052922
0.8895070251335826
0.527460925477965
0.2974231005453136
-0.18373619825045773
0.995233735177351
0.6530408211509386
-0.6310281939017364
0.2432495146048148
0.07655738662044476
0.2981870751177951
-0.013004132653607003
0.06620714282280105
-0.2277217163909213
-0.9757687142469536
-0.8000205117317782
-0.030120918818369757
0.6676847714193168
0.21973454144889204
-0.06473168022124964
0.3778797480141576
-0.5457252550078902
-0.3133832967501693
-0.3521190679087589
0.3240458172380756
0.1582682775077593
0.40659488155778134
0.5845837998235093
0.689645381829473
-0.2620189171651581
0.1458611324255421
-0.4401608804924335
-0.3191503275846612
0.4551807377517014
-0.05502042661616646
0.48007290778538536
-0.10488050845794605
0.9743716188334766
0.7296154279271077
-0.8302497046474926
-0.7107439733878389
0.4951764896279953
-0.021642618711977146
0.8526840055819667
-0.20668731984684152
-0.696197340062916
-0.0829060396590553
0.10905871969176628
0.34664455347286705
0.7443551816996847
0.9676569766949832
0.2819448941065008
-0.3237591439818024
-0.8798030473187182
-0.5692591376844853
-0.529874433987914
0.8775393490967267
-0.28010984203750344
0.09850435153228321
-0.9691636880316359
0.39792610380369275
-0.38107279572338215
0.13330866028881538
-0.184145286178091
0.48966517109589325
0.645591012129535
0.31623052353072856
0.3490244145558754
0.6626228574519049
-0.6905502229085387
-0.04030396503877931
-0.8311750446953932
0.08562767361736334
0.10653110078556205
-0.6297752871305433
-0.373654355632826
0.19433635852165554
-0.6123053867400761
0.29602873337693336
-0.4124955497113312
0.47875684627204507
0.32513134093300344
0.9570674892473243
-0.4279657682808484
-0.7510633706406862
-0.7260181527584668
0.6521486223885034
-0.1624165710971357
0.7307703151774176
0.8208613073496993
0.5666493250305384
0.7363260412989181
0.7789794201370004
0.7310070120801835
0.216831891790235
-0.9488010288026054
0.4485565119165251
0.3430344447882865
-0.23934638424173516
0.1350696757647214
0.7867488540896808
-0.7552397500221866
-0.9752769580016702
-0.7900713652766205
0.14192823607197758
-0.022306656019553506
0.48563486595544725
0.10866498343193376
-0.7987261767390808
-0.20047896055849135
-0.6651762747659129
-0.20628714894846678
0.21715072175668015
0.8468335568680492
-0.910255015494903
0.004086850474962267
0.1333577301471609
0.5768299911630159
-0.29155258548120777
-0.8067650530442179
-0.008766221709822997
-0.6205033850456763
-0.6689377393294178
-0.5873269246566151
-0.7083801959669644
0.6996924097701855
0.4769737068856159
-0.6159135632605932
0.09730424671857651
0.24450266958831768
-0.7440957981244896
-0.21328037839139546
-0.514185326531891
-0.7997077561930421
0.2841548632471682
-0.6765976947790324
0.7527937117375914
-0.8869117859175093
-0.7839877314842876
-0.9058286730146179
-0.703062004390657
-0.6058699602338564
-0.4046103215402761
0.5655606257986256
0.04735406142285292
-0.1957748299152724
-0.07781765156300291
0.8677407908467789
-0.7859482464882761
-0.828968979266
-0.6945304993085992
-0.9728846647893656
-0.8194644661650681
-0.06429756629556849
0.22775636041288938
-0.8677736165091223
0.32061750486900475
0.40019760700369167
0.5791023503434027
-0.11265757582030145
0.6567623723321852
-0.764585761803424
0.646253424675294
-0.45067907509586336
-0.21136766657572514
0.8618027162606479
-0.6732090518919922
-0.3920778188028018
-0.8612362884490632
0.9446131904887607
-0.7060805975218007
-0.5853605638463972
0.07087327021848155
0.24899475943493488
0.6379734040578193
-0.15471819338595583
-0.9240493541918358
-0.9182244395561403
-0.3167302592703287
-0.8731843197154923
-0.44467896512261396
0.060672785474430224
-0.503336859872938
0.7444043419957751
0.6872363131320312
0.6779526642786815
0.5778525340705938
-0.8382223847360841
0.6304220008563124
0.2801326266735533
-0.4897308674267775
0.6907185616312106
-0.6561331162714159
0.4896701412929185
0.5164812854144394
-0.34290717017444705
-0.7905475740531136
-0.6426557565319377
-0.9831376864572126
0.3845393913595201
0.08338057213765993
-0.21683747162526434
0.8551120851385845
0.9070114594098304
0.2624782821621323
0.39838196350145805
-0.9339781595419747
0.9619459172800382
-0.4153419840415631
-0.9742053481850077
-0.7278547435713576
0.4503719407574063
0.4595043052886214
0.982948180000563
0.785306739360881
0.5612438175581647
0.8067530013432656
0.030784809812867353
0.5457028338026306
0.2596258011263497
0.1612283596157389
0.46367970679278914
-0.8197897117952391
-0.37629191621320435
0.2540751505870238
0.3654180264925333
0.10763658597498837
0.6146012640881455
-0.9230945775342863
-0.947357067030671
-0.37893600272094097
0.9151438889416588
-0.7507248033925566
-0.29001549609653776
-0.6098052217524712
0.26645614925031613
-0.34111590367271494
-0.6680378389060415
-0.9962498496670056
-0.7275547905700612
-0.23937526368669837
-0.5869732036898179
-0.7257947773401503
-0.48790340715623093
-0.6229461117345387
-0.2321101754322139
-0.23276377059761288
-0.32995388073714915
-0.40930997945404
-0.7833541857104196
-0.46940007412993356
0.6072896709098419
-0.023285495081989183
0.7861178688360426
0.47486784016979167
-0.7103303247818222
0.9752682744174983
0.98536037171597
-0.7273031022692342
-0.9014008732984438
0.07585675560293681
0.25929219530552383
0.6491460139291823
0.8723186679944841
-0.11679895367619508
-0.6812059483435908
-0.1636280056156738
-0.5591172829349325
-0.20025470209629526
-0.19651791319776613
0.807004036840691
0.8733987688655527
0.06535916098005679
0.5975377135370463
0.6039254541080674
-0.5024713951382995
-0.38438273477559126
0.5882477205557697
0.05348089725748473
0.08940612963583949
-0.9028153465988014
0.8462509665033155
0.2566935923778677
-0.10928443938489196
0.4695234833283537
-0.15876850522188435
0.29906422283386314
0.062276449493607666
-0.8273792378442573
-0.8163813508283106
-0.36741708272039997
-0.6786910052241655
0.7385144337604139
-0.48316482586701026
-0.8939796896779444
0.27376951691706
0.25782260431159676
-0.1530709780557018
0.6257348801354341
0.8244709563949237
0.14483107424545483
0.6890781493132885
0.9265954310245859
0.030552192326472438
-0.36155983741060993
0.5996775348016723
0.05260339067829678
-0.44506567901506977
0.35444102056370497
-0.43526743674029156
0.42733264849727903
-0.3544520166031142
0.16446341975725387
0.9121910414174195
-0.241597055408739
0.62486628450764
0.5988173886328207
0.7662596496696006
0.9784936536104356
-0.0397990833004378
0.8663674758195368
0.0077039678921881904
0.6037503210504456
-0.4220874548578313
0.8366683713981171
0.03875427673238385
0.8294228101220045
-0.5280836045764601
0.13058078939334505
0.6028000831972338
-0.8310877233606131
-0.4998732664699299
0.45730714881287504
0.23385210180778082
-0.887280924382015
-0.986995263566159
-0.2975836898954296
-0.3053654563484798
0.012770459053188077
0.06396349941900392
0.9932894413500808
-0.1611122064124879
0.2649725811517716
0.019377179549299184
-0.8462352725028226
0.33264193196874015
-0.311883477618198
0.09180918140904382
-0.3196791252429998
0.9334537618725685
-0.44211352285695704
-0.49544253944080086
-0.49475547402434783
0.1444823325153135
-0.18363382390484562
0.6008148149452222
-0.5897252425429136
0.6073985484547042
0.5608598550405446
0.6194838205680089
-0.5678314358393319
-0.3253312056020161
0.7453481470330983
-0.2371706993688243
-0.7439624745743096
-0.07675529841529727
-0.18349238520771483
-0.7851827016847175
0.9106326394280602
-0.9902419419538966
-0.6405983997792144
-0.22840752469345404
-0.1298520285030671
0.24819927384072016
0.07863600873107646
0.945655915969988
-0.8868979192177162
-0.40151148210567333
-0.56133588224063
-0.8728243707274992
0.07673128377803673
-0.911863912672797
0.10678673593834587
0.899944880892902
-0.7809154936642009
0.4317948529065583
-0.6380188893262997
-0.5815837820692129
0.1065573573471108
-0.7795457071826362
0.08320530962983907
0.15672177032011514
0.6852581935737019
0.9256083424100499
0.0956563395245209
0.17157240532964857
0.5136816517494562
-0.34097274841520986
-0.8371253717984568
-0.8417105155491518
0.490539120972195
-0.18793502073735602
0.8409098172234049
0.3730099226412886
-0.5999632438303037
0.34147427850765566
0.6473333280816354
-0.832151629319708
-0.39374365112444054
0.2068092738017122
-0.7052131963266162
0.2694977378507357
-0.8411362488987795
0.7407336314821036
0.9551218649190703
0.35242494399605606
-0.3672207120270834
0.6343447425302813
-0.8866356616657558
-0.8876510729693248
0.9974678910666823
-0.38138779773165865
0.982390134809545
0.12184377837343052
0.5978820554961626
0.6877485344431953
0.8115659801265973
-0.028979898074328325
-0.27972799815880767
-0.9947514885035116
0.7586771926955735
-0.5918978995052635
-0.8513226211945697
0.3409928153283912
-0.6505348255887389
-0.6025483379187802
0.0552033529892455
0.8288438521730201
-0.7462816654799671
-0.28813021726895616
0.13512707346404684
0.6077586942470357
-0.36727760337147375
0.2944592809960642
-0.028411650547520262
-0.062377525489045293
-0.17414781846918848
0.681327269237322
0.4853966386995805
0.42310975665731276
-0.8453249655977839
-0.1658527491753743
-0.6477970524944456
0.011877881559852366
0.2273362905722065
0.4220465753348406
0.43237713409517786
-0.9389262779539036
0.8508800410422279
-0.6623918128455133
0.9722130904953685
0.44576790546029454
-0.5825827047543564
0.9199467361788556
0.38094098405610755
0.3947744586483086
0.6937443025500523
0.3792161838731909
0.695820922648714
-0.9781939297902598
0.232055471920942
0.6374809059440216
-0.46977825159870723
-0.16602282285713899
-0.8996337078350538
-0.8961064026344234
-0.3171562535529673
0.5322277078191116
0.11231529217195746
0.025168805599564914
-0.45169094575138335
0.6150847945806301
0.06466528592824705
0.8137353704573864
-0.6425099804171306
-0.6319259537550237
0.5633146382860947
-0.036532341272976554
-0.07184906475931196
0.5555337023768516
-0.29860566138735667
-0.5010586532470818
-0.5904186029759213
-0.0708034163182174
-0.12304219149855711
0.5329286208525301
-0.5593151618425563
0.4692347033081865
0.8402435062864968
0.5766516051050463
-0.7483418601950256
0.9934810752451895
0.09568844204587257
0.2136645523862204
0.5825496737309612
-0.7736374245978732
0.08676809442336131
-0.2309056240194347
0.811927596707342
0.7866865100806155
-0.6804524556376528
0.16513958372666515
-0.5316825226332953
-0.3959129280318072
0.25370962731536606
-0.12378387243231503
-0.5873393273536769
-0.5098240999194341
-0.2809150461365817
-0.37776032738338006
-0.9293699794386994
0.4566658822638008
-0.053324701367733374
0.4401087037498441
-0.07922691070920074
0.2408766056256666
0.9340534131883005
-0.23290614484792083
-0.6228190073562381
-0.3504926470539462
0.649415452425516
-0.290406328759262
0.6998539394131011
-0.10185760362819551
0.5953354559682715
-0.5509131847948159
-0.2424924723198325
-0.11705037764473358
-0.29803435437990444
0.7694358019078265
0.6514032233448543
-0.9984820166151069
0.39137837029660916
-0.9969254290401064
-0.6843914095569388
0.8340026835668037
0.3839960107895839
0.2373774174993375
-0.37627044895031236
-0.045766194908925195
-0.4959149681917825
0.882078262887747
0.3968104786641278
0.7267132784278068
0.44208152159706393
0.8450597657986103
0.3436746999832898
-0.13859275293500306
-0.10907082908835397
-0.3062785488214381
-0.4598045474881802
-0.21878383267083956
-0.3221018856336113
-0.43808213997112233
0.3808606580494165
-0.44375069190680727
0.6064145048519325
0.11326113736556298
-0.6627148334936204
0.9974890279671695
0.4419674845637622
0.3435434394860688
-0.046713183787364
-0.555810338245381
0.3077301361294831
0.8465156833429359
-0.8537300272592117
0.10865839650994302
0.11375203928617483
-0.7246257670224914
-0.9439432968117245
0.23750389719950005
0.8044888476600764
-0.3744457363136062
0.454138047734159
0.8315088704136622
0.6427455877039296
0.512485313509752
0.7807843213279011
0.20974445441376055
-0.43155757068935063
0.25897839299206593
0.14528032968571747
0.8139616899561344
0.7475173888560724
-0.1429323833679621
0.4115770646167831
0.9616842412422875
0.3380032713644574
0.8234477316940978
0.4760461446215054
-0.5440250534926785
0.8345091225168417
-0.43291332224566537
0.7011462384771228
0.7751242406556234
-0.8025077288377493
-0.46847439824301773
-0.45660241331207674
0.19000686994757565
-0.22929295619984535
-0.024062155931330764
-0.45627018550422616
0.13602537404747528
-0.40163038297758535
-0.02028329305864096
-0.24717618105466888
-0.6675835866174558
-0.39543059413853854
-0.999589255383005
-0.44416206560999383
-0.9710818129258765
-0.07457473621131783
0.5802179923010995
-0.3609515612211478
-0.4672499864452344
-0.8292485814954642
-0.533444741464822
0.4589079129140725
0.45747527559583556
0.02980863383123844
0.08409587177890754
-0.7794833365341882
-0.6828436547546564
0.47946460547271164
-0.7293610251782532
0.4236032267962915
0.4797172654066997
-0.9946172299421767
-0.25985458132507544
0.5195899466615008
0.0017599064900621908
0.010588602941488112
-0.7010906166680675
-0.5807598460111381
-0.7140280980994811
-0.4127257576587653
0.3880089516417493
0.5006209789932272
0.12416823630106677
0.04011454481504595
-0.45920320870779996
0.4404812498245432
-0.5768539128818719
-0.22301121635623877
-0.5010364034497243
0.18772380159989277
-0.09367640407807443
0.11603587746554478
0.4689219380344898
-0.6576528933729149
-0.512990032291647
0.7200481990931127
-0.8631055319303651
0.33140551848116884
-0.6148033015826011
0.22603663198507062
0.025032544610277707
0.0856197091157227
-0.4230088653292521
-0.08028878995455924
0.8188203872942263
0.8105441007295318
0.16166663747660737
-0.15333661019388578
0.06670363314894767
-0.46072502323060927
0.4061562141017152
0.7846128785000308
-0.811111813355972
0.20206312110477231
-0.3534815306932835
-0.4469858059771046
0.6370061690555482
-0.826194348379423
-0.13937816400946157
-0.2246316643162687
0.8408397336828091
-0.8102908091427319
-0.10283884279524336
0.053366148276184466
-0.11966091983540483
0.20123132776578023
0.4308704597476636
-0.15553981378709048
0.585902812761226
0.817308540187319
0.664691159202325
0.2547879350826474
0.7575135345122384
-0.9981873398177246
-0.6927013389844259
0.5574433923644158
-0.5764833371494262
0.6917034101661954
-0.6362265585365932
0.0132046919565727
0.7460502236523641
0.812184607218533
-0.7080416142085117
-0.02861075275754832
0.5987772861221696
0.2519246317754087
-0.6642921849556027
-0.6108977675277252
-0.6736113313799037
0.8480454450083612
0.6562091467040827
0.469613836528453
0.24628464728064658
0.17356638891829745
0.9362952507084656
-0.08805834175367666
-0.5316693799328804
0.8807749214295102
-0.5055405578038004
-0.01851839376990605
0.8004481455776642
-0.6672250114354326
-0.8274267578714665
0.2700186750350593
-0.46281206803973896
0.08441914993635069
-0.6125888868434979
0.5100204724631063
-0.21062747987677666
-0.12919482237209512
0.1757122688803905
-0.5218711389385291
0.6270463444757759
-0.05698315331333337
0.17276853460496167
-0.36279468795663217
0.23412414668316228
-0.4631921146927085
0.3344822929873479
0.2834000586993799
0.8339222441887413
-0.4490812262996364
-0.85232731220771
0.1746542362284056
0.5574658224294429
-0.07494049379049827
0.7704263440658672
0.8348193175924832
-0.9185967512990816
0.8307109368372931
0.23084576876415186
0.34992310923241554
0.08247882053865774
0.7915601573734603
0.17391102243540502
-0.46245410830461386
0.4086133102734051
-0.12768297156015307
-0.4880165136475858
0.8113191875701404
0.6427939031395593
0.6073974438166958
0.5643431617856274
-0.16565169932503032
0.8400789644241351
0.2672660613728097
0.41170137611409796
-0.8894755386773976
-0.9530045505195697
-0.3699549315865345
-0.4901121890476279
-0.06435616582225268
0.04554134780447594
-0.4413395276374179
0.9200794107748174
-0.24085964523215608
-0.19991203725629814
0.10851910212353699
0.9141800637831812
0.6967083905590807
-0.9562455583218881
0.06499332101602939
0.1000423039457452
0.6537654802644233
-0.1788485034150391
-0.06003064503304123
0.8682706193938343
0.27631130676459836
0.09208028998518714
0.11371504358488282
0.6700802560059127
-0.014533287821522078
0.5408635697867719
0.19495813567317555
0.25211233307873626
-0.5313546659270909
-0.5990198234010715
-0.06381359625171656
-0.4685248819222476
-0.6598807658011645
0.17007080834774269
0.4934095016044018
0.9176452182263002
-0.24151980294448783
0.5571323604239475
-0.7795848975501987
-0.13101601300128718
-0.8359617184289416
-0.42212260181439487
-0.7357800672104571
-0.47078817055137523
0.6093247713134973
0.7928802584050532
-0.35932126898435657
0.3173932935705137
0.6530681435254808
0.27179898991521756
0.5841157089332492
0.3316395733766577
-0.38327319083509526
0.04727756315070297
0.735757822718144
0.6079701185960265
-0.9204540273581034
0.9131461809832224
-0.8555234213652605
-0.6711176646354717
-0.9018744716746168
-0.14799983831266905
-0.7947375335506977
0.9136277806522779
-0.2557944334546378
-0.1592548598960426
0.3888924460169405
-0.8130790462823954
0.5254437851231921
-0.06127604960365929
0.3019209261122635
-0.4487061336110121
0.5946867528903079
0.44383762879195854
0.48630997182708824
-0.32567299984557696
-0.7465312939308855
-0.7027932827836214
-0.7003864333638838
-0.6275124809131358
-0.7207989156725656
0.5117701638792405
-0.5852401417696289
0.8317550488335435
-0.10889220367176855
-0.3230596977250515
-0.6220962923684279
-0.6683542613315852
-0.23370971237951843
0.17226164773524721
0.272621105615771
0.19598697124918463
0.6978653592520756
-0.35656437352085213
-0.36694929247212626
-0.4627917395125942
0.005197456547915813
0.4530631177431683
-0.13765242814159473
0.5703373061047887
-0.3068920273207363
-0.6674011294018374
-0.6761585318347645
0.47465303135016734
0.7427687560895855
0.17979774994476516
0.39812616458663985
0.711513247781699
0.7497264849784022
0.36747518897575326
0.5637854119285828
-0.500232520641269
-0.013875011981179686
-0.3942877777463616
-0.09981923002190118
-0.4731856234562235
-0.47601674727099863
-0.8008091402021988
-0.2376398776425146
-0.3260939262408378
0.3374164679973233
-0.3515234004562351
0.5491148533279926
-0.8102796809913408
-0.833643523957182
0.3073664690995388
-0.11365683893926648
0.33161281959862055
0.41110371168411586
-0.6170717023716394
0.25589939953627105
-0.3381254391709292
0.24098061922740288
-0.7859335247024173
0.215201627025968
-0.7685140997914721
0.33644354336280546
0.1402273427440377
0.7859043311139013
0.17748039107129454
0.009844085836524075
0.43238685264801857
-0.4787954864649935
-0.15891773452038405
0.8350881374314916
0.558035694575904
0.9275219936242336
-0.392675928123309
0.9523026609945731
-0.8716026395629806
-0.9187440795917108
-0.7426844534392234
-0.3623883549135627
-0.4464900262175875
-0.5389830331481811
-0.680357794991207
0.709341487646898
0.7874667949101686
-0.12726112324673688
-0.34914763083158507
-0.2647255348225186
-0.972929927413303
0.3850401086890354
0.6842425108935524
0.14614220391772936
0.17337234297624637
-0.8886155022393372
0.989468065493639
-0.6929874368564444
-0.7706014661008727
0.9111079212781048
-0.36087790974811784
-0.3786036603144183
0.989925111892892
0.14817728267455976
-0.7943291250918132
0.46508838711530576
-0.2674138876165746
-0.36856756067188834
0.7004152382361966
0.9687589057702188
-0.4690166477265709
-0.8292989767630483
0.7637039402891765
0.10616045702160481
0.4857038195693748
-0.1875281143523897
0.6196902118036482
0.207831394025642
0.9148252120374469
0.8318131801889446
0.925708174240865
0.2409500351916758
0.582904146716418
-0.16813043270107686
0.059939505303449936
0.2893473486772793
-0.5900915212447335
0.19831955869832774
0.9460235342688121
0.2931117263828089
-0.07391369306976747
0.6024577377771485
0.6371808001781232
0.7596906439860216
-0.5843049088033485
0.9057945268012313
-0.36385410465435974
0.28774556898630044
0.06142845089515414
-0.14058684946737454
-0.1704371140178662
0.0462790445940402
-0.49572632457288623
-0.03207648936145646
-0.1232263658524484
-0.3879075204754432
0.19316262419500574
-0.5080107414366362
0.0935342600097746
0.05369228554540828
0.7329101354766063
-0.7519943504731226
0.45749651911686984
0.19978140974715886
-0.5311766156027149
-0.5222826477216311
0.1655232362637744
0.23021142608641543
0.7621348972440598
0.0992402515927151
0.38287388084210416
-0.24782034100637573
-0.2944002120240681
0.6568660784029883
-0.014463174905320342
-0.6884784514136848
-0.3072444163911152
-0.9696389492472406
0.638584678565878
-0.46704915921383416
0.7243964892873438
0.04149288713814325
-0.24962195811870713
-0.7580205424603066
-0.12709422112765134
-0.0832027919551146
-0.029952932614690564
0.2285373414715084
0.8719967393687491
-0.5659032827740453
-0.2841892517229765
0.36684257994898894
0.053283578689240274
0.3961475641516834
0.5915479784688216
0.6086711836314
0.2113306827579422
0.5759933983597374
-0.4752982399005925
0.9524923892810684
0.9283568815796635
-0.2879943744519433
0.18262597696692806
-0.6430078292853205
-0.65168952030938
-0.5642283902978371
-0.5231211401117637
0.38226461566609315
0.8019049576286976
-0.39639260635830365
-0.1889547378433325
0.2424617345773905
-0.21248619871270868
-0.14510472529194907
0.7322997056591443
0.8498335086111746
-0.890241087842558
-0.6419789527784157
-0.42478489504070316
-0.20456698713948152
-0.44080762149413455
0.7052319392787167
-0.2767831756195931
0.04469654710416249
0.8197241154800237
-0.8893749730742462
-0.47609619726268426
-0.9031615975786056
-0.4729651139205604
-0.0017026819103154178
0.4165759492369485
-0.008418098207395364
-0.15617151210746183
0.7711624143307254
-0.7434399749027734
-0.39606087699363424
0.6326546090227911
-0.6228082253910505
-0.4509882682537216
-0.34722886858794233
-0.6804292968111243
-0.34297066097142537
-0.7846931071498875
0.5997780608399848
0.2993032380068521
-0.6706029967060385
-0.4063808713702952
-0.9524872442867716
-0.9459904652541216
0.13746734511152892
0.06373883135571212
0.9612867999130306
0.2659663257380378
-0.3855988743546539
-0.6510947458129521
-0.17762755759045423
-0.42110504613599975
0.5849418903626336
0.1043127019331791
-0.8705372904549051
0.8202859766634916
-0.826445219097294
-0.17600651110096077
0.8404223942921611
0.9816142696786836
-0.6203955074285994
0.5264323805876456
-0.7069580009027736
-0.9320353949250917
0.9096810113667089
-0.19407584189839944
0.45117568678278586
-0.9337096202155122
0.02798561582017034
-0.5304557233722522
0.8679964439545818
0.03909710808871014
0.49284890234694845
-0.33575988811531743
0.6309676262826118
0.032254089231991356
0.82355972820863
0.806949147993633
0.6576658260775032
0.51766150176246
0.7094521516979166
0.48265016579207387
0.6797809806158308
-0.5223447201807323
-0.12939222918544346
-0.4723739165549903
-0.05761051657921157
0.29580590513954963
0.3426234648735351
-0.2434622395937287
0.4069233562923209
-0.7752690337215304
0.47647536396262935
-0.146233861528416
-0.03665089342935168
-0.4113577967371367
-0.5478375061866325
0.63732853509463
-0.7512999297131551
0.41449036925886773
0.43809392175560746
