0.39696663376823293
0.7799592189887672
-0.08190746287566752
-0.6250958051988285
-0.07340971141492614
-0.5992665846266769
-0.42252118687571905
-0.4997676263445132
0.18034335924730138
0.31556935409280973
0.5831282285208479
0.5820858207962958
-0.37205920029977024
-0.2291015989003249
-0.4779163784229441
0.3496786749013525
-0.9255762141077521
0.10427022099571492
-0.9489195240056847
0.20347029970563457
-0.011819765352712341
0.7041805488384987
0.5616915117599557
0.6639220567383382
0.08863253902022894
-0.5781698834366622
0.9928064243153023
0.8266953628676499
-0.847929814187719
0.5730434828416893
0.8933034178574588
0.8784577705627203
0.1990715104085743
-0.3807103842952262
0.38696261698097145
0.9641095287941579
0.6638793091071462
0.2100091140472029
-0.37100825997357956
0.42778731066116094
-0.13444217437324446
-0.43256204773670537
0.6805887827024568
-0.2009892749175497
-0.7283769205029702
-0.4664451868985915
0.7879027895234656
-0.04706065350984345
0.23502133129139513
-0.307076146193235
-0.3532270161747879
-0.8077801436608003
-0.36112192334366977
0.3639398117153523
0.13257033998127032
-0.8450390680046465
-0.6894594182857525
-0.5698239246447494
0.8923014242801517
0.8948486558885793
-0.8179838224254266
0.04665469488074714
-0.4387297121033784
-0.0797307778609102
-0.3397888072178308
0.3354661575163773
0.9443554155382781
-0.3725822109618431
0.9586888538578444
-0.4288783917366521
0.969160133817502
-0.8582151427178788
-0.8712978242721963
-0.09371824978629162
0.8023404163322925
-0.9704267839557206
-0.208470104745204
-0.18832250566392017
0.18778496877593942
0.00934033930770184
-0.06887056804444258
0.8125263536552954
-0.22052631926063126
-0.4667694449045854
-0.46179127496377137
-0.10221055452023498
0.27000592946326796
0.7496718936698943
-0.7853885249498291
-0.34593266916305754
-0.007174713598548932
0.21534739277555337
-0.4099584512720498
0.7855778698282163
-0.15184039400306437
-0.06211446750204552
0.7537873144423617
-0.6061162481077593
-0.4137932996357456
-0.7272113497628645
0.038902185226662445
-0.2801435011400779
-0.18768350874722795
0.5030842007039338
-0.8666285991683313
0.4811512852692168
0.961817862308076
-0.9178078560613221
0.4727495549730012
-0.9543410802597139
-0.08315916615953878
-0.3733206864952754
0.9344933160110251
-0.8971703317981561
0.3186026861576903
0.1585681997238919
-0.6668462124974666
-0.518104086701306
0.10584815294248195
0.12572405947948018
0.08930689336596709
0.6404047368579235
-0.21177075956485192
0.2853490466394495
-0.1381510330031428
0.7024886248303968
0.4799100845233897
-0.7977558673622072
0.35939482183421245
-0.8864811027942232
0.07113108448940353
0.5321832855766049
0.8534047040534232
0.369184244671378
0.4311365509241363
0.8695793410931347
-0.44826145294261965
0.9348324635916012
-0.9110036338997647
0.9347991365583879
0.9722321708001405
0.6184929082753086
0.043395330728914105
-0.7618928359119783
-0.3186807089719732
0.6907617839758493
-0.8599392044798007
-0.7455142455738524
-0.4498872518278345
0.4383801980726514
-0.08213100704133525
0.46945518374795747
-0.6703231036154789
-0.631441525143946
-0.044929538882083175
0.30803410220003236
0.6464430479876133
0.8567137741018158
-0.6040347949314284
-0.8310079752743833
-0.859427671654732
-0.30028677942730764
-0.10040094820066958
-0.8884884322921947
-0.7461945699918067
0.39479147718257934
0.23696236732362808
-0.47317468232963056
-0.5719321779141902
-0.6313792877569848
-0.9794444141312226
0.43274124104876033
0.5104072426760249
-0.23437638443008413
0.6933061380706012
0.691851902335167
-0.6664516234998052
-0.5245827635731835
-0.8523907411561489
-0.1992195577968885
-0.8516071019645728
-0.5034630428969868
0.6146085388897335
-0.12431525970249968
-0.5545608800158204
0.5692817901945435
0.6066892773264814
0.8773452275132949
0.6958303499511347
0.5894646729744184
-0.45721738484949426
0.9351983026961426
0.006594384366810813
0.20594874519394812
0.029353077496128144
-0.22211254781825773
0.7330121908242371
-0.6661435139331118
0.7821264648242225
0.7478773308175699
-0.22775222028235054
0.07007402395491291
0.2537411446345157
-0.5425030627119904
-0.7939720498422815
0.5710274399194408
0.887280792727992
-0.0425588623005817
-0.12665740423182426
-0.3637659286729207
0.9575545278784989
-0.39916876284651415
0.767561710240233
-0.46685129159709393
0.33213893763585656
0.42207481479040543
0.5128067218494228
0.14613856232826117
-0.48186033084781754
0.1393153008912671
0.1776018276949889
0.17992364101078073
0.5582801615190369
0.8986140979661177
0.10601880222244575
-0.44868198337926035
-0.2669519437560317
-0.873445260213807
-0.7121305517313192
0.9818626341935044
0.5283527738033227
0.7985312318327455
0.9888338442486848
-0.22898170257326744
0.6497506688129344
-0.5284238572725368
-0.7371665324555754
0.22449728934050306
0.4860855860713935
0.4929996076375176
-0.63985862593646
0.6769135442567213
-0.7311789051839415
0.060791230347854164
-0.4145432075661297
-0.02006840500734408
-0.6803202300194982
-0.2678045350096334
-0.7470515095482491
-0.6854018536373685
0.9189533397091656
-0.8195591273307885
0.2750410474040801
-0.8480464300525261
0.9837388842969514
-0.08027047184425906
0.8804216294502085
0.9323110850075587
0.44270873098828933
-0.7536773444757325
-0.12592685067294696
-0.7239560519073507
-0.6813743131380832
0.8729510219471255
-0.39953308835680246
-0.6222736584062736
0.5356161556729022
0.03145568512172803
0.9218852338528876
-0.12111833129840233
-0.20633510976744396
0.5522179372693548
-0.5679601994678838
0.09531350454464493
0.20477081145250198
0.3902469148618355
-0.7711536195646136
0.3158815641520354
0.07560243991632931
0.20740275256091256
0.032424235894429554
-0.8736853644535569
-0.7379799513347325
-0.48768652803234214
0.5661257212012905
-0.2442447772327041
0.8059521543897534
-0.9184970277602684
0.8301049801449618
-0.5713752182921688
-0.8102122467995798
-0.03126818649542229
0.6745860969667845
-0.4780282473363302
0.1529336062083546
0.957544834568345
0.5558729740681358
0.09776901468166965
-0.5796530013590511
-0.33145147292904187
0.43296576091485495
-0.45684330232947734
-0.6195962163636954
-0.21404158252067806
-0.40357930630915373
-0.7323365189572766
-0.27140121456903565
0.059598519021658136
0.3727120918158364
0.7211674090930906
-0.7793597365382086
0.20192722168506205
0.35964548015096276
0.5192009025387483
0.8915006131881189
0.7850203736919763
-0.2160237034275978
-0.7634033059559759
0.9627199432225577
0.43667670111520374
0.4804686417480062
-0.4880634927224756
0.07044089970411971
0.9655300236455566
-0.9947265526787781
-0.1903518426307338
-0.4491190548260646
-0.2864380726501501
0.346710515019494
0.41046263864700894
-0.9343203228108727
-0.2499849757117676
0.33825600830766445
-0.4449102183870415
0.2406397291555913
-0.4214522964459928
0.7954664749606009
-0.06512167544296332
0.6287903824382539
-0.6255788472025703
0.31566318323958376
-0.7388520170416186
-0.3590583398632854
-0.002951554197459849
0.6282233553065395
0.4559407226202745
-0.3909160776556049
0.10043188626219335
-0.0929418433548872
-0.7306135037034258
-0.576688022889829
0.097532774979187
0.3445448002045288
0.6842462773864446
0.47259210265108376
-0.8511725256138867
0.803859268510811
-0.674323787181321
-0.8091566513831745
0.8293893324443549
-0.7431394508043183
0.20254916037896087
0.2717974439283748
0.34856197016816526
-0.13592334385253646
-0.7959552274993091
0.30538128083500116
-0.13644334870828878
0.9909490733559558
0.6680137228740672
-0.6043343306039564
0.32684900997169564
0.07490587205054489
-0.0030837484621311084
0.08190554709566955
0.330252540532892
-0.3703077763588343
-0.3009214656315147
0.19608974413805935
-0.4428900581222526
-0.16309865942879775
-0.5418578132363097
-0.6358885519769704
0.6892723838478663
-0.18529168258097495
0.043156443232055475
-0.17296246088714184
0.9113005177919125
-0.09160810479435133
-0.6671838610576608
-0.5000986367967615
-0.1955796298016319
-0.03935771934839871
-0.018164403181368804
0.8489692269169795
0.5003762328054571
0.46751118977054906
-0.8717782311392868
0.7083895567657137
-0.6768112885265296
-0.3738286173555285
-0.02936269782140899
-0.02642035398740794
0.5035466243644813
0.9583903689023854
0.8532808298338028
-0.3134015505812231
-0.0008770608864554497
-0.20430409195667343
0.10395493483457696
0.06421439044911215
0.43766774754210647
-0.7423120915486567
0.559189567790759
-0.1345454569280813
-0.4305739016763426
0.6808226067745082
-0.36150304101179787
0.7156953165876954
0.1754916646970337
-0.6483024830832966
-0.906840132880911
0.8322660055333053
0.8696010829613086
0.22653800539020463
-0.9395743922057751
0.6611807809355199
-0.23620140459568684
-0.7827880008334993
-0.7166579335173764
-0.13602700942640045
0.28920792104885984
-0.14203078767476862
0.5554495411006186
0.9720927771143091
0.6535669486216917
0.7809080962678558
0.6349169248760977
0.38906039800572767
0.100849819738559
0.0737580962577653
-0.47136754007179404
-0.3906804004218132
0.6244438696026564
0.8972851591347017
-0.7777294392108902
-0.47068128657032915
-0.7443975781847538
0.7744957745465979
-0.24825406706701947
0.07276386273663005
0.6189798190731861
0.17421346555122597
-0.930965742108322
0.32928045945499096
0.12290262315679445
-0.16235098729353403
0.857788832896198
-0.3666756985970241
-0.3913100628042616
0.6122677545399424
-0.33800060819340616
0.9373788363370896
-0.5303924133251487
0.9057475277563451
-0.472982201979546
-0.7514347474388112
0.4815450598786992
-0.8061014165772971
-0.9296262499377514
0.9762219742083649
-0.33947598721229144
-0.5899661737921882
0.133162152165893
0.8790088913727871
-0.043260889340469344
-0.7085463548198541
-0.47887602948094377
0.07493429365281012
-0.39102848788323663
-0.964018676925031
0.8850367485675359
0.7005833540886164
-0.833252408376109
-0.028459872026590283
-0.3056991335119785
-0.004732263526999736
0.7128019417352975
-0.23516732781514893
0.24674002884347446
0.7124240218580362
-0.6367839473092816
-0.8075203731864153
-0.3458782630103925
0.5522803418656193
0.050792396915742666
-0.3925392004199404
-0.8225993423497937
-0.14203205952045161
-0.7671277388160738
0.27223153646954223
0.5275715979069937
-0.30499974422989085
0.02471215553723982
-0.0263376193615652
0.13759676329669235
-0.826077261909181
0.47471864311492107
0.12276850704875097
0.06053364870337852
-0.6901373537589925
0.9101008465080755
0.25520022874379467
-0.8184403852729087
0.7618519315065986
-0.4920013729018453
0.5226305674703078
0.2312615182503679
0.16209121687375316
0.7581150356229085
0.4370621434988007
0.18230431483487886
-0.09741532935812369
-0.8382713912411488
0.3384964504928898
-0.04154790179008572
-0.5338122157949163
0.7878687429372193
0.3521241219352864
0.30623311195881353
0.23097699729295584
0.9641801066503206
0.675417303763248
0.6292068579494479
-0.4739466478815375
0.2361671919370565
-0.6215776007374396
0.382995101553844
0.9527609859268504
0.34520824131688155
-0.026755558015883807
-0.6647489278139258
0.7160524827321184
-0.2818114978436892
0.18306989588552103
-0.3638034815346347
0.9563397204347559
-0.8175318653298165
0.16929601710692554
0.6381213506569494
-0.5977373949697726
-0.09621465504358562
-0.4450176458473223
-0.8852744966456316
-0.2681048908200363
0.5855545302348337
-0.7037916380642708
0.2006325768712427
-0.9745410687509035
0.8553043126235662
0.09011067968211228
-0.5779370817764888
0.6885822106586372
0.37422328062131816
0.6470751148640284
0.7397468473993349
-0.8825532548393216
0.2164382014674504
0.057668819142964844
0.5411183230202103
-0.7355860975497919
0.3953402548156717
-0.4029341075140076
0.6077379216367271
-0.2748767103696437
-0.8177041681774915
-0.6000572834381437
0.9265525229866685
0.05914995733629813
0.48243324013829847
0.521699836359701
-0.3278243337962956
-0.5013358098741685
-0.9017656425233331
0.21172834175566502
0.08349497272182771
-0.9473038935530858
-0.30862458449572605
-0.4582576373916376
0.211710696210883
-0.5817766351968037
0.3668872341090812
0.3294916820175553
-0.38409051126556437
-0.5917537488474665
-0.20478046210810508
-0.7356765019231573
0.7602097995864703
0.7728115223839538
-0.9801669015362495
-0.04187830917965352
0.20249605539014892
0.8889773540763324
-0.004839163572231131
0.08583060067307735
-0.331548066047332
0.48496720072492905
0.15262748220334155
-0.7133827455678061
0.4331047803725798
-0.7785912564000403
0.2536881794542407
-0.11848225133474677
0.5008555501626173
-0.3611605371071831
0.1806064600045263
-0.5845939104607236
-0.361732176126107
-0.5641904111580751
0.5991078841494992
-0.1437154068483577
-0.6651856290849294
0.3796243329398301
0.018250208311286764
-0.3350697898823545
-0.526620791354987
0.163014167843764
0.7182511457559131
-0.9019432311270437
-0.07601334461485498
-0.9215570325805638
-0.023936689296688574
0.7296182762314658
-0.5663125871672146
0.22489256071489172
-0.1558275260832669
0.049281645937570895
-0.10035750873024996
0.08083963141345918
0.4936413020911492
-0.8675458718588431
0.09515904873590753
-0.1223006689027124
0.18788489392224417
0.18551972160373986
0.3086957087441924
-0.6697322772582359
-0.580270534143225
-0.6768416560975472
-0.34451747237034214
-0.7501319754057509
0.0876224291891472
-0.165913821034269
0.5075347396282901
0.4091064060902345
-0.959074713133077
0.4210692406381831
-0.2829656060286059
0.023215725568083823
-0.17610712974046283
0.7051931448657347
0.021177962467231692
0.11552891588954184
-0.19419789845495394
-0.5786676786402911
0.9784022533086627
-0.06413380595302343
0.5611907259191491
0.5010883990936206
0.32354551591472624
-0.4340651829014932
0.925544371602766
0.7147465041197321
-0.07768322521072601
0.3834764690413821
0.2275250056597744
-0.637015459030627
-0.29514593669050493
-0.26377181487597756
-0.617267300387595
-0.45717316722211887
-0.5062529776991584
0.06120494428214496
0.7621597141158944
0.36371503937560146
-0.1489497322045037
0.04129727204442357
0.023840758509227733
0.29788177089487555
-0.8699384834907029
-0.9489811286056273
0.25582230434549036
0.14802877542295123
0.10949309817553377
-0.4264334358755002
-0.890955315709343
0.26512776592101717
0.99621639284975
0.2568487249679572
0.04729121831263505
-0.8266290524918227
-0.5649658732963732
0.7234897891378347
0.05273227136875458
0.439245105804827
-0.963023324328965
0.6188302644895392
-0.93955211422809
0.8322073440959068
-0.7046393803882931
0.5269400148813388
0.5071290824080954
-0.9008099802097378
0.3619735024197299
0.03451261972416919
-0.007200553192916681
-0.04380233519465504
-0.20248865763088997
-0.2896048722520317
-0.6645307507021341
0.5936227947335331
-0.5655406087657042
0.20847882506409232
-0.47583098174624006
-0.6831644409563953
0.6344419338550586
0.7451915462444261
-0.5067892935840228
-0.14735899554420206
-0.31766787149550946
-0.5000391127994137
0.21656993424218762
-0.07250443841974352
0.16009224020103985
0.5133209947062429
-0.5270351260188262
0.5230460586041576
0.8333850483406446
0.9765854216645826
-0.33054663037302157
0.5878700921207276
0.3298268813764662
0.38695803526422856
0.18002397992232955
-0.9471216014393751
0.9075343946415171
0.057308423133909825
-0.6341701596776395
-0.953609683794683
0.9332949051220147
-0.9797648743958867
-0.5657174807031398
-0.4454989322224756
-0.22795927389060244
-0.29362011373762753
-0.7318180516722035
0.9969697390075662
-0.08738513025835037
0.6332816690563736
0.8137765351907493
-0.044553022068456016
0.773362068451253
0.1804337362080528
-0.7196078074015864
-0.026612232548898218
-0.43698001048312163
-0.23577295099781215
-0.3987846412510687
-0.688678602888033
-0.017569577854537055
0.5452760261307947
-0.07314414683554227
-0.34307503061664657
-0.798168349358956
-0.17292767381154106
0.7558011608345221
-0.5445948865197994
-0.6386800631089149
-0.3382843021948876
0.15069358839556557
-0.2047904125377944
0.37530425573006787
0.05406224721519015
-0.009781541321572496
-0.005434941737115118
-0.36243807001024786
-0.6768118518027182
0.2203233878505535
0.2461914265314864
0.02717110474938056
0.6714100014291684
-0.23489823014024824
-0.9130857221523663
-0.8596705761584336
0.11049423467979613
-0.4771800823807393
-0.651960938254772
0.8741439993536462
0.9669404652553233
-0.03133926187600533
0.4889619669555241
-0.802972501762492
-0.9783086119937299
-0.10751451211228646
-0.45167956686300803
0.031196234580153748
-0.44137634230425715
-0.8971428410942748
-0.04697828169928098
0.4183483475698786
-0.2781336552256568
0.9566300202313307
0.6104459500048931
0.6628699626462007
-0.43755997873020136
-0.5203458499328522
-0.9576019352385192
-0.9859848119030219
-0.13439470076268023
-0.613704424621619
-0.04291584085584188
0.1266621083806585
-0.29119730445755443
-0.5700454015734153
0.2588811652452341
0.297822814965927
-0.9116245496682909
0.974068862210687
-0.7792195943626545
-0.6453488586834979
0.5608694027033521
0.18034441837411785
0.9112835431341191
-0.23072536426070633
0.6653776373888374
0.326193863933522
0.07788075056524013
0.583153005854858
0.040226388470854246
0.6035799074978823
0.28894800499372475
-0.8385544179443809
0.9778301920852246
-0.13189122250380136
0.5909372735906906
0.9082738050375152
-0.7716033396381237
0.857064401690204
-0.3553996344959023
0.9195074796450797
-0.6392098877597738
-0.20863831498580288
0.485518447859977
-0.27204843218624397
0.09434370388990754
0.6828446837824413
0.7386854794385238
0.33398624480597605
0.8966118526881279
0.19199566851072958
0.3640274011776856
-0.734215858002653
-0.14062555877132588
-0.2909874283775673
0.09275960878496559
-0.48861275874552845
0.9376430327839025
-0.09379517994564845
0.4173877687187699
0.23402664218097424
-0.08046343708755277
-0.2872826184976509
0.05653780292992727
-0.6971149186566714
0.47949780680086307
-0.482568538933585
0.022581041227646148
0.37566682985092625
-0.7422657049902144
0.15468631552060308
-0.5460221819516573
0.501462948598737
0.4553610264770662
-0.363629193471551
-0.8658291164401435
-0.7010666397349488
0.8892992040354171
-0.5428423088874503
-0.5100019358682604
-0.5270209236281778
-0.9033597070317063
-0.8128983666993554
0.06270807395126043
-0.28686444951271883
-0.4396997388479733
-0.9119775032056014
0.546866332622677
-0.918109489726278
-0.09258456710986995
-0.27939268436822906
0.34889014941521257
0.4038502165576576
0.731302870987659
-0.007003103900075969
0.6909438938846324
0.47387602949345475
-0.5113482599385841
0.5359683308929901
0.03214518500214614
0.9210682151308902
0.6508048793180552
0.5839400807929223
-0.8572927305056626
0.8852489326578994
-0.7820722174278141
0.5913109070249203
0.4683490503534249
-0.231406941330361
0.668050523300576
0.39049213928551163
0.4552499563498953
0.19119887611825082
0.42307682317646544
0.938772549317308
-0.7248564540607314
0.7907231838762478
-0.8932241729615411
-0.045581807478052516
-0.17085760656477933
0.9949782309541013
-0.6745639283501257
-0.9903398159040802
-0.21990505259132442
-0.19492810079368716
0.38476097748384275
-0.2825669959671544
-0.45965063337018774
-0.9153439420993226
0.6088067878874246
-0.34578332949616475
0.7501180534047995
-0.12889764494825218
-0.6173447279001316
0.8652005998457211
0.4135797802893846
-0.595170547725391
-0.4707345836096912
-0.2322141324791751
0.7678322991510367
0.27911912125813454
0.6480099666029577
0.5747593710667096
-0.9403515408696377
0.2925534830372578
-0.9755304048172582
0.688056956976749
0.892206986142436
-0.9830037558201141
-0.6459933712872628
-0.9123831752991676
0.5557706335818173
-0.7152501847247243
0.10928022956322536
0.9731980407126697
0.12930387607601812
-0.28687649683075866
-0.10314408600180824
0.6494902488471201
-0.4643191348385909
-0.8462856849596461
-0.8494328876593735
0.79783806351881
0.8014938170361006
-0.6801450974128105
-0.7658854004738649
-0.096241236450892
-0.5850817752133641
0.7921160134512746
0.48956303151169567
-0.16449481850251546
0.3975964449709022
0.991680177816036
0.9368102646037844
0.2889639593352149
0.5999739290663597
-0.9247909752311656
0.14770462301196696
0.33385409415673695
0.06361691326185559
-0.8908336065479452
0.11837099579127863
0.08434386359269319
0.601230763393438
-0.3859131696714453
0.9475544757388987
0.5142255688909121
-0.7079495599455301
-0.6846977063879673
0.5220394938082629
-0.6851737771726685
0.7194424416198684
-0.6379752821525777
-0.10847843331214069
-0.8754191749672837
-0.32528832676567365
0.08100791061745283
0.7419648611390444
0.9954913095730222
-0.159428340885859
-0.296821959447068
0.14044534177643486
0.22713590650259596
-0.6379542192019505
0.8005742129302114
-0.06971296814228145
0.37066530961906063
-0.8858389773208244
-0.9210745388055985
0.8751980639950543
-0.3151999283132816
-0.6084772906967317
-0.6213924225488392
-0.6503141051666186
-0.5484216682227687
0.6187157068674927
-0.19620925283125246
0.37603699626247744
-0.19572913257838476
0.6618505214068702
0.18903735523804466
-0.7437144516264125
-0.9936438244289143
-0.6794322550754961
-0.8180477630679661
0.9018487490810045
-0.14904139854792708
-0.5061343669778804
-0.36869002061896605
-0.5362542257957421
-0.48563749525389577
0.7494650546810806
0.9139212085708277
0.3459346639604026
-0.8961180151246582
-0.9852264231955072
-0.8965874252865973
0.6778728107821694
-0.5468153523316506
-0.15009979767180281
-0.038355435971155094
0.219015572004156
-0.022641177133728707
-0.29244758919762104
0.7309776134144457
0.8163820843204872
-0.6859546137502976
-0.14510041171395138
0.7445131085842029
-0.9254793505272798
0.6521462795364044
0.5361132384762541
-0.2181155363907965
0.6334697532749249
-0.17582910576068111
-0.6934380544975749
0.4349725565783369
0.5163647382926322
0.7962561702581747
0.5402941800775172
0.972762160155517
0.320622270494324
0.008848109519977498
-0.401108602684066
0.5712570495956495
-0.5032251574678752
0.9047491811101573
-0.8004743062240005
-0.12296416140831701
-0.38418366070349186
-0.7089303090120977
0.3760266423484353
0.2563104188292824
-0.6041336222695535
0.1132829654128884
-0.8567901832146656
0.3895239568807929
-0.7772761675249988
0.21627159157310505
0.8550128423790677
-0.2794024952180785
-0.31070830512368985
-0.06726472672572958
-0.78595965604408
-0.0719612877785143
-0.14547608961367642
0.270295933501127
-0.8182392506504483
0.075118133600373
-0.400226831890905
0.6760979821864284
-0.23687232749667086
0.604733365339799
0.7897178018476332
-0.1160564061149838
0.33755196468660587
0.5242058693893847
0.2251051987916748
-0.869554435578894
-0.25721984160513456
0.6546076164189787
-0.10394025596745848
0.7878610189303163
-0.2058738405718865
0.2364724707606809
-0.8118412274676541
0.17232294637575052
-0.9563673341032024
0.9721694844466051
-0.30032615273217145
0.7160437001947824
0.30653138206367747
0.1130902924496302
0.41864204064454325
-0.22258532877102977
0.4249731876936762
0.5052538849932229
0.9259218800398119
-0.7021113924205871
-0.0007779410682218213
-0.919428532885394
0.9922872740232622
0.34936411545890156
0.31852337978655587
0.3329157017926254
0.9252337080452346
0.13134324788578633
-0.1700476822703898
0.6685598787211351
-0.9160642870552447
-0.8751134384856796
0.24877786751611652
0.29676671540979327
0.29658995869176064
0.937214346514821
-0.35992595345892875
0.5706888419396174
-0.9610142160614685
0.8066426236713797
-0.056557174711569624
-0.8146353511296998
0.2058190610779913
0.8404269826637223
-0.5325501461804063
-0.09998635178819515
0.1788197649316119
-0.4582569999317958
0.40433535757581396
-0.24355047027922794
-0.860437007666992
0.13676568474740747
0.9808538815639234
0.09253047435865613
-0.9816775619687714
-0.7694043721494692
0.6927133953073437
0.6570923569104647
0.27697149258452924
-0.2313522757821902
-0.14251795405224188
-0.48789006461703077
0.2504638472366285
0.3536575085839144
-0.28902420799481865
-0.8057362064990505
0.08045169344554504
-0.5828825696307627
-0.9746772538279185
-0.7345139808486543
-0.9488494225313107
0.293937057494045
-0.5645746457008081
0.6644258275223076
0.040916289220519486
-0.646191027025385
-0.6747092110556214
0.2348844712988305
0.33725184570468847
-0.3437192495404906
-0.2808487349487545
0.9860762771636562
0.41716182687425407
-0.45366383515793274
0.5601690683938827
0.849716768614472
0.8834339571513037
-0.2712079460063195
0.016006719653209878
0.6319615835409336
-0.13374374215984064
0.8926017855312716
-0.18856569157995073
0.6338669190892081
-0.5043987755051349
0.5328820656319413
-0.7656553426602095
-0.4057161667594167
-0.4752050215317496
0.878929885213444
-0.18865995370723532
-0.961656074182742
0.20057429560318063
-0.6784220267654291
-0.7656177665088231
-0.802502015738688
0.5735148118470663
-0.07585828860023014
-0.06633368038393517
0.27195223867014917
-0.5502909914719221
-0.2091130382160451
0.42187420854321056
0.016065561308318932
-0.5655072347703287
-0.2022683337423723
-0.599326229260376
-0.4094459260453329
-0.4516862667110284
-0.7339080570816725
0.28434925224437846
-0.2349736208253408
0.608166406724288
-0.6733307232424153
-0.7690444246102819
0.1093191048078046
-0.7621210837413279
0.886605235998396
0.5319086717147548
-0.7491634093070705
0.17133523237788628
0.29284480713867866
0.8071618961546136
0.8453048499788787
0.9830879022744947
-0.24933132736594565
-0.9681737341693168
0.7334913837792085
0.9326376332996109
0.9379154676662966
0.49771762798466757
-0.08343089424224637
0.7890422205318244
0.3413575640018711
0.35686209674326363
0.6197963076286113
0.03264114048455968
-0.2305317464940677
0.012511354463711433
-0.8492237583563345
0.5580144707217114
-0.8565253939931357
0.05615340630624788
-0.4939869165098083
-0.0374668596153358
0.20095121252102888
-0.2146422171948501
-0.8420534627077536
-0.7442445722189206
0.1665237315522643
-0.24961858739482645
0.1912947702542125
0.08085821358887091
0.42835053660622147
0.26369073492985673
-0.8696893149999487
0.17627759381745278
-0.49094280538240986
0.7330845145682612
-0.40854143394499887
0.5838527394475885
-0.019096974803004985
0.32972300109374
0.8926102957021169
-0.26739694433320405
-0.5524628823203312
-0.4041672009363313
0.8934672884686057
-0.21561899511465366
0.48216379499571294
-0.20474825591748202
0.5432229761537251
0.8728646326119236
0.5282351247239598
0.14600730114411298
-0.4981176449103215
0.028815720405788836
0.5421186348082307
-0.24274865726922745
0.8736359187606029
0.24678195304654982
0.5062127082526617
0.45693380568901754
-0.24185237302014762
-0.5707255017355624
0.8370022031754265
-0.9904799350507978
0.7786106755674105
0.7296582050224705
0.5446522656640922
-0.19374399033527068
-0.7677413816430867
-0.410790377776866
-0.9451520003241589
-0.7594155669963334
0.5791243195034099
-0.5393200128993252
-0.7097464747981537
0.4607941077167539
-0.27055952170598263
-0.40922535147633665
-0.9331052337091992
-0.6529775284727428
0.3455096126445327
-0.2895561266173967
0.20660402729438143
-0.7474588324424152
0.7671576509091611
-0.1516905604793679
-0.975952324487493
-0.09882695281216525
0.6606612957882514
-0.5963541060147424
0.40493137762164433
-0.060758047568965745
0.8309562551336014
0.018445433938790057
0.9940576616242143
-0.3941874262542677
-0.8447952399581726
0.12827721495939937
0.5105891366389226
-0.6788178561660729
0.2486389935211204
-0.5015119654701863
-0.4464569746887841
0.29773106083475587
0.5764030663571267
0.9098887336181845
-0.39075961706255113
0.6138667183760329
-0.9077618740579521
-0.8685773762398674
-0.06391293441943535
0.037582614759628985
-0.3548805153348946
0.33373662368304635
0.003011896263952263
-0.08158516915461989
-0.7161858144251121
0.3370040320252805
0.667748469613942
0.6490234323229322
-0.1815617431447154
-0.09264832929496158
0.08184074780578943
0.0034163523599459733
0.8253915847514026
-0.5356197827446281
0.16024181508377855
0.15256912573015224
0.467227492905556
-0.5139327483090954
-0.9637312203841619
-0.6544376366726956
-0.3441335332577793
0.09802876215640399
-0.765311834114099
0.6425916543964993
0.03172925511673008
-0.9887218926121508
-0.4659713722139669
0.8773879943494949
-0.4959275660541389
-0.8630457322405825
-0.6463194555514247
0.6670992839139576
0.17767711019571353
-0.766180813450918
0.16251813315815156
0.5605807322169474
-0.17090132603125174
0.5713879356196929
-0.22264943536164905
0.7060189742612748
0.9494445857439646
0.3509209940808158
0.3704463880560833
0.4977652567110191
0.43142775157559954
0.4928714475645044
0.10638743907516846
-0.9042110150066704
0.956288937034256
0.5819168450603054
-0.13869464850635516
-0.2755885438474952
-0.4977363406740909
0.16130624186165354
-0.6052106986372081
-0.32470985079891923
0.9252691362189434
-0.5351061406814133
-0.18063725247936158
0.7036726166016491
0.6629165236914547
0.6415516488958328
-0.3758735363568062
-0.9279694058669137
0.9339368725833892
0.4860938135699737
-0.31984545835350886
0.1820192440555195
-0.027472057338840727
-0.2370831187152158
-0.4777478600119507
0.3315767080078622
-0.7719920511919294
0.1966320089039142
-0.013508694856986914
0.6108807407819457
0.9962403132654494
0.17941848277986372
0.6402152296124246
-0.7455843289108848
-0.381082950827518
0.9758039407743824
-0.8617503564548414
0.33179984047318123
-0.694561838028424
-0.1722449574461289
-0.3825459889959546
0.5288449636325772
-0.3629510968397869
0.3768660255909646
0.9697925397446694
0.8975479261892036
-0.8481730490115298
0.64267007558546
-0.5835243137611168
-0.2287118724879622
-0.8901875986741912
-0.4928964317467128
-0.21930986481058157
0.6492349612135904
-0.29418077918254837
-0.997575954370576
-0.42541138619086527
0.5027053778564046
-0.5976096132246582
-0.36433475098279633
0.5066423537726461
0.578853367551641
0.2892898476760932
0.37676356719925086
-0.2475978759656836
0.5262472839508703
-0.9106490725521279
-0.20982164262711644
-0.8489345314271093
0.9925375937591827
-0.35154898754345587
0.4337097164124588
-0.08017916005770931
-0.7600260739524232
0.1550657443264063
-0.3808995865644873
0.6365929001655883
-0.22469038974358413
-0.13865136830593006
-0.1615942371172543
0.04683479744532737
-0.0987988208449313
-0.22793889991128613
0.1048392703538008
-0.13194718255281623
0.2484387872160998
-0.14920005379260926
0.8467140443665713
-0.24917457724743142
0.6272340970406738
0.3166611807370989
0.5732539723848815
-0.9990406416643665
-0.11453599620928778
-0.9792478015267843
-0.5378627336781532
-0.501059474239175
0.2919675160601043
0.343796310941479
0.9176773779509606
-0.7728468087775113
-0.32369419627602825
0.7232381151586316
-0.1836280283746774
0.3340763904872508
0.3386882758585923
0.4077962326869664
0.049789141281899596
-0.8959471253982569
-0.3113032486452445
0.8318306872904779
0.7341998423970268
0.08741103354885005
-0.8454006831770569
-0.6632715225590522
0.12490003486672197
0.052904239496511574
-0.9614889166554128
0.8319297628497255
0.04655170923219876
0.5668853468044799
-0.11738657756362558
0.36586712886917194
-0.8736883591995905
-0.43947551199630364
-0.326479775893761
0.2913527985340958
0.09699221647469503
-0.020772599916240697
0.5152189184063549
0.893700000628608
-0.0951880540639054
-0.2790324629653158
0.4758132264255155
-0.8166047822789879
-0.7810915040739359
0.5654391196274966
-0.51718663455913
0.8418311114167263
-0.29200369392527326
-0.9891560675822435
-0.834593750976736
0.9458938008723263
0.5969410658306442
-0.40781066321275516
-0.8622559613412597
-0.02214716045857168
-0.9159551156792263
0.41214503541485725
-0.3428168129311824
-0.25184128836440545
0.40501719469172115
-0.7057494198604155
-0.5846544492414765
0.5065912824434109
-0.009458826610230231
0.3760870946580057
-0.6557301182194208
-0.5220235819212
0.8044261108478628
-0.9220877581889888
0.9938431068443283
-0.15105840178233687
-0.2479097570779467
-0.5326712499478241
-0.5452446011365013
0.3032306811105385
0.3513957668776815
0.558185533067824
0.46986224644009766
0.28395697341801296
-0.5267256407512915
-0.5043131489169237
0.6779269332592637
0.45341815633365945
0.07476122494133342
0.9170787677394538
0.5178938921352787
-0.33821758491663223
-0.3035609903462897
-0.6375482345856744
0.02112783167785981
-0.3578107236967383
-0.30882933000243495
0.9664528451167742
-0.11220786998936205
0.2771562069760265
-0.38809140396661457
-0.507496688018092
-0.9264622138495124
-0.39017312347487376
0.7776731709966687
-0.23589049780608629
0.16748930835742692
0.9085569460692711
-0.16588251542954424
0.6666461391508987
0.2862261676925957
-0.6625162548073242
0.6918500780200436
-0.09589602934200125
0.2371770427360571
0.3897243595522153
-0.06342593962114362
-0.45022253644986443
-0.5015462994376012
-0.48009133607668364
0.5187707250087101
0.2874627402514853
-0.7204756053622661
-0.6602856407229516
-0.018743655440663032
0.6429423480694372
0.7121236748894857
0.580142536904342
-0.3296848231372802
-0.5897159426922618
-0.8328570423237907
-0.9191279114015916
0.7637335464947437
0.8441304989126066
0.9754814399947116
-0.04739364364269383
0.5825971731713646
-0.27276471407534797
0.6709440520114862
0.48854751822623554
-0.6235764242093145
-0.9387307826019411
-0.971058149111031
0.38598384516177964
-0.7534990818628817
-0.6737074594204393
-0.5530987594916346
-0.27967471739703376
-0.35130126145175167
0.21685423919974767
-0.5656700505856942
0.2283441754080846
0.8070031134641076
0.19029280362935252
-0.6679661037890936
0.2504763667619956
0.10594877132885006
0.22199227432209012
-0.02331310897943939
-0.9186684507665275
0.9436696960245914
-0.773855276430792
0.4887557589925442
0.8854544184268796
-0.6859854499278872
0.751426469363146
-0.5544705342365743
0.8998894753352664
-0.9109616309403572
0.11451320728785341
0.6423973911652303
-0.3000205955943229
-0.18814965353433277
-0.36690310474766186
-0.1671511163420507
0.151647816825367
0.9855573897172423
0.5915132956376334
-0.5188105626669839
0.6304919433813496
0.5457413998199168
0.9512238902551726
0.8929761657876378
-0.5124388616721611
0.8388310814417008
-0.8999678000626701
-0.18163145875655706
-0.6557050006148379
0.02797528661638271
-0.8460514443096119
-0.2701517806650584
0.250584390883263
-0.972792020776762
-0.07705542787542452
-0.34252826626871147
-0.41353523338530795
0.2031484441383744
-0.1256847561742085
-0.34876568876729275
-0.196568129006629
0.5559533008328246
-0.7091293763476825
-0.03798447016461037
0.46220620255757083
-0.3961176146704688
0.43767094933639195
-0.6210241602269924
0.22796548895411384
-0.8496257243960244
0.21900599746419358
-0.5499774067588346
-0.5232631826568537
-0.6553841111901713
0.7038900149995708
-0.09040197382663728
-0.7990667937172597
-0.8494046212920987
0.24871116701330287
0.8483164563106409
0.32533757826957355
-0.6395474320831842
0.3694564118186403
-0.8000239101405946
0.2285643036811409
-0.027732944156039885
0.4829976153299329
-0.46817153802223066
-0.6616230619663914
-0.6139468806958623
-0.13287522568376464
-0.6826981137382935
-0.4160452679338431
0.5459319162211034
-0.5938227082212182
-0.4537712073762079
0.44934770236961397
0.6207116626502578
0.49179603691382234
-0.8072038699302617
-0.38604591689303036
0.23581489688327384
0.34434318889293714
0.9626698906300111
-0.8394705926696726
0.15773204391494056
0.544370883514242
0.47312713453485866
0.7776547483024241
-0.24244846254246588
0.005894541250990093
-0.7439734414509764
-0.35243095172061145
-0.990073350684882
0.8433504794833819
-0.22014818271986614
-0.7892849893755642
0.8745656219992428
0.6342887681645049
0.9112503615710932
0.1846389494396059
-0.003059020834937698
0.9008146221154358
-0.7264093768603028
-0.14430091259756073
-0.24857825426420277
-0.9429904668809412
-0.781657663827581
0.026569550496104544
-0.6557645561655308
-0.08656904694461076
0.02799810082215748
-0.40048327615068047
0.4963268861052832
0.9201389945604901
-0.6017034555107517
0.0546269382522
-0.32049033112387737
-0.15619119524692815
-0.5936233400066757
-0.2905834582055038
-0.09712454390833414
0.07109252076634243
-0.5589930872529418
-0.2684432032298609
0.11210618043654508
-0.5621818086332906
0.22955300810303036
0.9906165774049334
-0.9505202365170469
-0.32962545601443116
0.5060234753304831
-0.8379350254141689
-0.5287205159195394
0.7651717223068422
-0.36107323289726034
0.6697131070233693
-0.3472943393423391
0.8383198505888658
0.36369197482412696
-0.5544507141647916
-0.41123118587528085
-0.9839849202721818
0.5435126392116258
-0.3604624918608874
-0.3034853378819953
-0.16882900742105456
-0.8606786071929631
-0.3787010986758679
-0.2647000653928093
0.07741508145599352
-0.04445727246210751
0.5605968075485022
0.7975417425230569
-0.49399524349498414
-0.604380246207737
0.0010332906523560226
0.9818189379748805
-0.5675827601761956
-0.2315398220847762
-0.422637402053577
-0.5099745607499717
-0.6631928257359365
-0.9796323277996539
-0.7672930001068459
0.024894228963201925
0.682908400164173
0.0606367474296603
0.24163374339281862
-0.7586591357203638
0.9129313777104415
-0.2619110206122026
0.17850517590247472
0.5512457629985792
-0.15295029152531558
-0.2618039507239365
0.6261799073707568
-0.7244187074790496
-0.25382381667133
-0.2047726743902074
0.6865431030984042
-0.024124504600077534
-0.02978043760680138
-0.9173196734048488
-0.9978034568792873
0.5450376750217822
-0.6748605957647507
0.8436569083668817
0.28448089650026476
0.10859853118952723
-0.6572352712589018
-0.04106432711611441
0.5461533388562343
-0.673575046966379
-0.549927943588761
-0.4624952460369922
-0.48652243948012464
-0.0474669041993967
-0.3149158543529611
0.006003497635463262
0.6756228629624517
0.3749053189609435
-0.034052015651337086
-0.311092597632042
0.13025260774135572
0.346885257113527
0.6107565069721326
0.21361406719135023
0.8661213530115104
-0.25535724486670786
0.09814009787785527
0.931006333787755
0.6805128588136102
-0.5207248495813803
-0.24114993156418807
0.15695877400336022
0.4881497144070166
-0.04790712835392985
-0.6613915534554582
-0.6403290345216448
-0.9371504380081506
0.8025961638388301
-0.6560223658012705
-0.048830759590171136
0.8919541225786753
0.5294298938434037
0.3070656152260911
-0.21475159876821603
-0.5663828991345203
0.08318563919415367
0.5313464125036673
-0.5851531201721845
0.3849539375397304
-0.6499637041359863
0.6035923345079883
0.9115269200108103
-0.5312090136748702
-0.14515251369841797
0.7625071327086914
-0.7894692292148278
-0.2665823006393715
-0.7736748057353378
0.6718607262838647
0.6849071025118334
-0.11113043129050859
-0.2446776920842375
0.6984019864435911
-0.6275859096582319
0.5688077957520565
0.005995764697102501
0.9048152053930094
0.7377051143337172
0.6981771994531398
-0.5183445488091956
0.10076421610794717
-0.6149072076273228
0.4759080836986247
0.7156871268337437
-0.8462322495008903
0.7360526721311769
0.3743533477969543
0.589944697946561
-0.9451810498118998
-0.7003148446326912
0.017078500371515037
-0.4451305629208633
0.9460208311499694
-0.03882549423130155
0.26714192336066245
-0.7851351122202173
-0.28500915371976876
0.31037029349657175
0.664999149455229
0.3064743266080967
0.06385231290403603
-0.8847784990317791
-0.9678253031434298
0.27006634254758466
-0.6528337354250418
0.7166331367869998
0.8135575449563668
-0.09772943839343196
-0.44213494382726437
0.12447095730753577
0.9086110243727441
-0.10020650312221235
-0.9000535542283317
-0.6183854766937191
0.1606726018733735
0.8256788236393673
0.2512041323675458
-0.5428370720665447
-0.65026718696503
-0.5928987578928284
0.8268466150296161
0.9457094898185723
-0.7618921272069763
-0.8047036168356982
0.875577654737635
0.4186274808729866
-0.6972329126638084
-0.5646257760378703
0.870565695915841
-0.2754575701122739
-0.5494977187392558
-0.09935109174008416
-0.016748054682329094
-0.9540508635694167
-0.13507135565587358
-0.16066796318042842
0.9188251570004784
-0.22781210619782732
0.3431499866114227
0.9953676263171627
0.13355971887047113
0.019631476544747173
0.69932825308279
0.8317822866848967
0.700633458510552
-0.7774163246571626
0.9398940924613326
0.14267649036823893
0.5121094870446279
-0.6352198783544125
-0.8765130204808054
0.34001056591999745
-0.4439652440540436
0.8328385224961754
0.8929122456547598
-0.14940059006710715
0.45279746539545185
-0.769468081600454
0.7250380214806302
0.9705307877030855
0.6639320895434047
0.06854161047057317
0.07189868365911178
0.9066627054046281
0.32564194405888536
0.30757012606045175
0.18821693655199834
0.48020723624026895
-0.1678234082590664
-0.43578367174984267
0.4262434564693227
0.5436980575304848
0.46480874656928717
0.28528627707885335
0.20986388814904666
0.28139035258447254
0.13449903681562825
0.9257451704307829
0.959959203598991
0.14318342718429444
-0.4718689030693979
0.7956373584521088
0.4883884174602233
0.600254068539603
0.6824315923476914
-0.08045848403049893
0.5130217597714235
-0.8080572243585737
-0.18599302919530025
0.2674982805425845
0.47317739250571833
0.39039623750344354
0.5350020839683014
-0.491733293543716
-0.14080567970434354
-0.8135138608186046
-0.2938076659397253
0.5110211276838281
0.7216030138439151
-0.4490523645700204
-0.2206382566247913
-0.27051679357709824
-0.03976279150848394
-0.992612723740175
0.6646651912858519
0.22860151766199555
0.846056271181808
-0.8204633718124699
0.41910500494614555
-0.09074666338001558
0.7373457725729626
0.11215497177628797
0.56571918070741
0.0020883394183468518
0.9396483441886954
0.08902710695778349
0.8921275445429744
-0.9196697700200371
0.6061384894688657
0.21776810976182848
-0.2776229118526501
-0.6700462152102178
0.5846071860193081
-0.5331566208879641
-0.3749250746776849
0.9585473240774298
0.19457866735229445
-0.6665801684715638
0.2789769547534189
-0.8444948951093272
0.6856699574879901
0.2718668455699307
-0.2687435652463406
0.25569503549877837
0.5802393071161807
0.6132349350084965
0.9167354498543119
-0.873015314132767
-0.758736197002303
0.7960138273099813
0.365651205866927
0.06484212640681242
-0.5837928111810557
0.604382447815305
0.03443162052466997
0.6525462899805685
0.6508549624166147
-0.9738695370015145
0.7483363487755847
-0.8441394795895341
0.4707257705528698
-0.3151233189492413
0.8765815431122161
-0.9486807067176894
-0.19133049953414494
-0.2628161495384673
0.206274413114381
-0.31346332169003754
0.9613309418637555
0.2063559729411304
-0.8772973153057833
-0.742581756204332
0.18594564458275142
-0.35496386255043477
-0.3110141413619709
-0.29142006581064983
-0.9945111373784483
-0.032019657576828786
0.5574158148317352
-0.614791957634899
-0.5076426669420833
0.26413360218320037
-0.23781769917416784
0.7838762847738352
0.9538428719760013
0.1883971330162335
-0.2126032835703493
0.20268359610132558
-0.6082142889015185
0.09750568275153815
0.8913242197598259
0.5771887956763391
-0.34836568711250027
0.43101669320359437
0.11491344377388812
0.8144710019141512
-0.8412586533813435
0.7066197001364878
0.9920824132610708
0.46459697166029557
0.16451491486353054
0.46478365114013775
0.12505672409390156
0.3669694193696553
0.8736737264287016
-0.8693861104712637
0.6202666494752684
0.856064461061453
0.20219441156106321
0.38407674458518004
-0.0663064070863546
-0.4498630506002821
0.7416658212237526
0.3510104069290614
-0.046435344120451916
-0.9391336862910484
0.1893298848713254
-0.5896026364499956
0.9315222457933245
0.5042923477188228
0.625486247137603
-0.9309305645370893
-0.3088664325038992
-0.37818976926540837
-0.260507685813117
0.4528110187678436
0.6422216896790625
0.7720825071074653
0.9791317830424551
0.4538504861488295
0.9688515221736673
0.780640035624736
0.5909043907127811
-0.956057733804764
-0.2495951392200253
0.8686614989468959
-0.041731929031487036
-0.3500696054971755
0.2941466742394532
-0.8309372510956254
-0.4963019721302182
-0.5453127438529477
-0.9722068870634957
-0.3920771553140512
0.7077132741464174
-0.0236694622807625
-0.7522937239159377
0.3619259471681806
0.807954059038374
0.7246910767537338
-0.8008558112702049
-0.8396054971559284
-0.9945500981763054
-0.9783699813251439
0.8598628187090542
-0.661528514204339
0.7306588550681732
0.5013641777643199
0.38163619746452904
-0.1396227158522858
-0.8106599857650432
0.03812932266218505
0.8015356770671282
-0.9977818355062247
0.44209326229491985
-0.33450211437255883
-0.8615993627669882
-0.4964850943249868
0.917764729616598
-0.8594020426304765
0.10863686487542301
0.22950859266393664
0.0345254033462401
-0.19941296373768336
-0.7726592958530027
-0.9142174725080681
0.6654495856462779
-0.6310007569876612
0.3654713051391565
0.19581076371749262
-0.9197457843462691
0.4022035897409446
-0.559293882249206
0.7196363046136687
0.6313768187625324
-0.25282048988962025
-0.4209259999834474
0.0630766630551498
0.9700418932487231
-0.06390184777332553
0.5778941700437794
-0.1329636196049766
0.0707970635263151
0.6303784768806473
-0.06474877340329166
0.6948102097782807
0.6880578044585377
-0.5032512489567478
0.23805971403110315
0.24053222952223896
0.7388694945069985
-0.15663092847825855
0.7613399297803078
-0.16043225532601957
-0.30167643903186603
-0.9917643835853716
0.3955309675205281
-0.6945751492882568
0.7767483976790837
-0.6360677902216676
0.2256048847017511
0.4690671050643034
0.47846984526578984
0.23507490563274058
0.052678480160740726
-0.8006265021581942
0.14489402413663344
0.029935918191666744
-0.48028300079895847
-0.6647896370824014
-0.5286773691962685
0.7727594565755094
0.9646417718313784
0.1383071746318103
-0.9375854192589932
-0.4705711762196787
0.6423970843283477
-0.385951312033181
0.6509689473130817
-0.6839975495284345
0.2510117307963222
0.06889228652283541
0.016875257468258464
0.3475549318844824
-0.6383696327434878
-0.37570609105197517
0.8405520443229322
-0.5091952976003575
0.3159898789279725
0.8789226502009204
0.49308040614868043
-0.07622084169227517
0.03970584267802457
0.5710116333476853
-0.25257522199914306
-0.5655825971049944
-0.6513014476211543
0.6104961394331467
-0.9330193000980056
-0.9991861781125644
-0.0019363313175775332
-0.40785817548997194
0.2911776104224051
0.8912750381051344
-0.8097503536453567
-0.37687085257463204
-0.04429605489269628
0.8019456903716815
-0.359712570945788
0.677039974256755
-0.9248943343598619
0.06302778346460225
-0.8198191852404435
-0.7117341888980044
0.21863143217694825
0.621670613657465
-0.7984598449199412
0.43245359202894096
-0.18395169479069828
-0.8524975869347786
-0.055238940660283786
-0.577321950278332
0.04871388711213509
0.1973605267807006
0.07731160443764162
0.21516758842451877
0.9641413431310073
-0.02786442532898792
0.4017211117027262
-0.25044475552676215
-0.9152015006271559
-0.35548135359206157
-0.2622959200792252
-0.2304823483017584
0.24411427925744378
-0.9059860440231144
-0.7029891786709632
-0.09553640352717596
-0.46535770542621946
0.48581662035768125
-0.6627261795599448
-0.8953586319281144
0.44333761517367254
-0.45589961183206507
-0.5091721720751026
0.8944675539327995
0.6046353695708784
-0.7257507850015805
0.06679134001089149
0.5980128898600918
-0.5046430779437525
0.7634772358611559
-0.4717744676581199
0.5078300168252494
0.44824697451328754
0.9804083481267611
0.868380511675672
-0.42836087313276616
-0.8116802792120943
-0.22348834365782588
0.6749603350867981
-0.36372082127421157
-0.26949300667366427
0.4336014088279785
-0.7984083650051517
0.28159071714661166
-0.49983804717665814
0.027933618193118903
0.21173751368797533
-0.09673634757955285
0.4069403200434669
-0.04561470939879819
-0.44451549881337304
0.46811652298773887
0.37026394212549363
-0.9283137701615323
-0.42202867423834767
0.04091297048996401
0.284770172429718
0.7162931142210416
-0.4474661897679091
0.34532279171546887
-0.21403861058110873
-0.20878753572829933
-0.9180191506982456
-0.4921418643116584
0.4399764040892624
0.7841010227424758
0.37370078688610575
-0.2781955196964454
-0.2035505954153496
0.4448319394914686
0.23074279228309136
0.8100113164003304
-0.5651308279785647
-0.8636625798058057
-0.624145008285321
-0.8042902552656304
0.23254178468078313
0.17775512685235828
0.7041961300822188
-0.776997956246092
-0.026532547432928322
-0.8031889260383638
-0.7707698982383906
0.9869246217589327
0.42965640564580565
-0.8222671799956569
0.16360220023913064
0.5385828852493448
-0.0829288121159697
-0.25959205389938766
-0.33985331942029995
-0.5917679942144778
-0.5022636926659465
-0.5197866951961017
-0.62639876294504
0.3272376715629117
0.11461491794385004
0.148255491731641
0.30004201029728383
-0.3199994448928851
0.8509967739117432
-0.26458555179060794
0.8194155820712283
-0.6962055350784324
0.11365372833969944
-0.6782244996308615
-0.502522111457941
0.3960484695299855
-0.9580580769986538
-0.9127743323852877
-0.7100402746455308
0.8656037308377635
-0.7979341241151707
-0.37932391581100244
0.21202189146629835
-0.1026949792901164
0.10152154856943696
0.25456508272483735
0.7912521543799598
0.09931896966485732
0.47988348393612235
0.8339537370446182
-0.15229934092028863
0.9215499535533822
0.6334341694756309
0.9634207444535339
0.1378339834831912
-0.48964689217324575
0.8904004459480754
-0.7479707661122617
-0.10793262656202063
-0.11033277539747299
0.9401919073995146
0.22930814101168573
-0.9082111281427949
0.3148808828506753
0.09579141664765545
