0.17222764578958505
-0.24588024602492875
0.17944317348998506
-0.17981438061060873
-0.6511648237514265
-0.8071993372077892
0.29590054149646305
-0.4624233731285121
0.7612463747603295
0.40438999176454526
0.4552097450278392
-0.7059470211561165
0.4614373915388632
-0.26092847133711117
-0.9261003003542996
0.40643704453883833
0.3687214135898167
-0.8817269913616064
-0.026129012288626408
-0.3237743662895418
-0.6379092828706836
0.04965060222980888
0.9595641596271594
0.9489918225478384
-0.20999231619805658
0.9083774480429319
0.8874142009532853
-0.48681095900179816
0.11739975346441067
0.2407688734553608
-0.20357283422861605
0.6669850009277891
0.8540693957791627
-0.9183645370823141
-0.38524263537323633
0.3481076537552319
-0.054166104483189814
-0.36679205939450266
0.9762798280510949
-0.020825087676849874
-0.8700953110781033
0.9251311310429657
-0.4518612329547482
-0.5038151293398805
0.013979629509170977
-0.3862928352644788
0.7295146185247132
-0.62081198304202
0.9025018356940118
-0.3967317231311369
0.796705308572135
0.36347913904840845
0.280937953153257
0.4865770858724243
0.4910281826415557
-0.5270577734718034
-0.33743896596528744
0.6348142630327507
0.4209518723123131
0.859422067118186
-0.7127258645940151
-0.5562229720704828
0.8568644136864949
-0.21493147110577726
-0.2613098860107783
0.6798516879177647
-0.2867314538262766
0.1303344036591818
-0.36427257979874983
0.24229939298725744
-0.7315122452819478
-0.24737706004386273
-0.6331750796132063
0.24234878770830348
0.10821806851315863
-0.8743324958104448
-0.8981364943342516
0.9599617850886413
-0.07974380786506408
0.7248373645205601
-0.6338480016122536
0.9401043620818643
0.3851321986266367
-0.9813559358670942
-0.8585530016471967
0.36572348796163445
-0.2563099582181858
-0.49919539988690986
0.39873757099359697
-0.5875409835129846
-0.45903559058205756
0.6745451926850916
0.33591208556701213
0.022204492497964523
0.7156943118523009
-0.7237603751862132
0.8349945693050482
0.8175588609149258
-0.9935323458971743
-0.3009736425775955
-0.5877420759286149
0.770117560064991
-0.5489916482003991
-0.32973054616094655
-0.8364764230054671
0.18003035845854143
0.2624445288642909
0.00012775193589886769
-0.677632356132952
0.8687135097720731
0.7952332567362679
-0.9060092450674528
-0.757836198031969
0.1608315701962577
0.9193949845443534
-0.12417420879711072
-0.8580013519652765
-0.33812439473808475
-0.9343611731505783
-0.45231723814147595
0.5530227991008054
0.312717223214692
0.5714804003865877
0.1943566208012022
0.0972549756339669
-0.468133181743809
0.8198517640375744
-0.16293903513229346
0.5438489627329599
-0.3810086534222408
-0.6274411160532527
0.021896698909063872
-0.7891957581135389
-0.23534657206865695
-0.3876741270377415
0.7749097203616861
0.9101047641655029
-0.16782989490097933
-0.6619109198587858
-0.27749600032190136
-0.16158381319951398
-0.08751923761015856
0.8701604167885517
-0.21512176979003272
-0.3152927737293023
0.1709419651663615
-0.6620142003311307
0.4915519903562249
0.5876702585730105
-0.44836156199361055
-0.5969541404630585
0.04886564857176623
0.04466646320336576
-0.10695045883974985
-0.6202650319289416
-0.8318955873583322
0.8578340566244824
-0.010052242331681782
-0.6174403777166941
0.2345329071891311
-0.9743542478938041
-0.09572138663160756
0.9584980189547521
-0.9262314928134414
0.8770176068246178
-0.4580782892454336
0.48357749933293204
-0.680334830144554
0.5001809112670923
-0.11042697544177882
-0.911964449255336
-0.17844097565574857
0.008029675759690269
-0.177566264377917
-0.9923012430569869
-0.6498091069037517
-0.6247663459495325
-0.3490823571580626
0.9765760280059967
-0.3125844073785864
0.24485620197748714
-0.5486893913168072
0.21372506298336025
0.7250383198511969
-0.12072700921770108
0.6236664693970433
0.7538165158683452
0.5497176777914101
-0.07780321165621973
-0.9057094691433785
-0.8366631853110671
-0.8589463059499054
0.9864406427267971
-0.3379753660034166
0.5312805913693381
-0.625494532426391
-0.11409716979746287
-0.6441894562747854
-0.2821711126765034
-0.5020034722723128
-0.734378514577527
-0.5614353259985299
-0.8232945839804722
-0.2675918816942835
0.013256626649406966
-0.7144823175363093
0.6128935456228584
-0.21821371137185475
-0.08713714460084332
0.3906774013151917
-0.6355682001016709
0.2421255295603686
0.25462503860396946
-0.7766331170978833
0.9385003415537705
0.8110847400768975
-0.47630176659332646
-0.16022894163679946
0.23549583891539494
-0.37454415129072927
0.9792317289221546
0.9128405655206597
0.8984808845165959
0.9228621998410138
0.14190157153373195
-0.7777221088510595
-0.7920926655623428
-0.4740309179442945
-0.9485579695315005
-0.7440483371182649
-0.19338404444420965
-0.6894124273185336
-0.2269125719087457
0.10417393058913227
0.7553788864292741
0.36967856187777004
-0.05801076214396761
-0.25763608204913524
-0.6295321156526601
0.37171922368203725
0.8858494444441609
0.40986679156214634
0.79550643563064
-0.8421392205157598
0.3320937564731934
0.7571001588846458
0.7034178212540683
0.8554192029004928
-0.19417505993748474
0.9569098965062506
-0.44400090282842886
0.5414403031659047
-0.5434122637526959
0.1063862651699592
-0.7368454508846649
0.5304669187530608
-0.36169070292614514
-0.4688558067906916
0.8365768456145017
-0.13087110939500013
-0.8615246782302821
-0.42401538805001016
0.7863660702692727
0.8644526834364761
-0.23197519038510062
0.16491321524636038
0.06874385682418316
-0.03396602079974653
0.12987184021777454
-0.21806059078203188
-0.3995768801993833
-0.42070837171530684
0.722073132036164
-0.47541505771655146
-0.6728404784707203
0.140770600232486
0.7793790780819185
-0.2513368472115649
0.8203318118879295
-0.428662850225066
0.4342501908322194
-0.6150698255090097
0.2234929695879586
-0.1047733685108736
-0.8017675121950012
-0.44355807494588384
-0.043971526176484366
-0.7664655777921121
-0.7573586366640597
-0.693934734559235
0.5474456285252662
-0.2241451526833489
0.878960728514206
-0.9083820123669004
0.4558249805959478
0.6459641960535634
-0.3787758866288733
-0.9035897658603578
-0.6616477374627434
-0.9153049435846459
0.8492240153549684
-0.5746492136483221
0.9236109317003143
0.48242718860536415
-0.7102142717642654
-0.47785770632953173
-0.6797902025654285
-0.49053366123437536
-0.9523298065589103
-0.9398018726368631
0.046587555680842385
0.3814595690893403
-0.9662943751742703
-0.19471257451590107
0.03088216819770806
-0.495994621854865
0.11641946062712871
0.6376061227302685
0.1649198058501684
0.5880057546418307
0.8180224909620801
-0.6224151408647078
0.7778887813000093
0.49029102661069723
-0.23062232207302835
-0.527571625344742
0.8624971245746078
-0.533967977574958
-0.021179014430008358
-0.6295103436679352
-0.5337692642058416
-0.0033322336210166448
0.3055022700390815
-0.13049598952981123
-0.9767347621640767
0.6411905261251487
-0.21347102460844658
0.010557934291690385
-0.8939944961986763
0.6187240464441146
-0.05560772359441479
0.8568307616501414
0.2726859281906393
-0.2222224137321478
-0.7554489544034892
-0.1595986926613162
0.23989208112662874
0.11322178060377763
0.5797488384231708
0.9300735207791906
-0.5111973106867014
-0.020179154497251828
0.8406671215135746
-0.9037643017446095
-0.7988674974522751
0.7065726737668245
0.8575202226653307
0.6554613598636632
0.5041543286953054
-0.9170554201480323
-0.3425327040975725
0.43077111862277184
0.07136204782195232
0.39952821973153263
0.6461508079277185
0.24795136478993052
0.7506113279041795
0.946321419634651
-0.12052337125880253
-0.45967387131747084
-0.5034018965779541
0.07043320184556734
-0.809381225931284
0.13379987667632087
0.5649022274601898
0.32616546930449797
-0.1170166547619722
0.3680271231001524
0.09255505710673173
0.6195914295291165
0.9183518834375886
-0.1656157743642821
-0.30756108120100034
0.1122995012469794
0.8198504636029822
0.04497681093869366
0.007519093083572681
-0.9104843654485291
0.3483474926396364
-0.3509118325240628
-0.6946185751410419
-0.3160652208356587
-0.8557169490677539
-0.6091870197153482
0.8357526792271115
-0.5392159773119489
0.3879529286479082
-0.9615085128199188
-0.12351656518897491
0.5219744298121314
-0.14213045392054435
0.5609016312684307
0.9485818314707386
-0.32605874831073156
-0.6037595202472028
-0.02426931616884409
-0.5812331623660005
0.10163916672739348
-0.6499925499408861
0.9223389523958163
-0.7780141651995154
-0.10888658577303434
-0.8527191823434188
-0.38874150813691366
-0.16715378230008526
0.06408656390249923
0.6210050292981972
-0.01856614511604726
0.855570386276181
0.8645517721104921
-0.3309485703900761
0.7029654056069348
0.7257286577031059
-0.8362455516818998
-0.9385518137882813
0.6454853365379876
-0.012116536143021994
0.444641519376173
0.25035962445976234
0.14593017889424886
-0.9579047657428121
-0.19628371395137623
0.9136763415157121
-0.51849952345956
-0.22382462966592231
0.0889630471912135
-0.5840886267077605
-0.11241957848095674
-0.5827071189907584
-0.3229210341116997
-0.4221665911958099
0.4537515880002412
0.8085875810204786
-0.7250610774030313
-0.3445532530410105
0.07248130214425519
0.8631531376350785
-0.39443508785479064
0.4775112965846362
-0.2166960894168244
0.6245169487862956
-0.05307331549311556
-0.2717340572392688
0.9487536715221025
-0.1024911598328424
-0.06694548572865422
-0.6124581043881137
0.11342389557486965
-0.6391042663762021
-0.011937922364043674
0.5892937527090565
-0.5748245310292415
-0.8933694840435558
-0.6233540326117786
0.20049238112224899
-0.23301847681092425
-0.47403042680304
0.2777897293623153
0.5168352559446006
0.8417356798709643
-0.6904860104707609
-0.5522493922842389
0.1489423042530067
-0.5204606717593168
-0.7847847829064569
0.6897102528857284
0.6079955663935552
-0.20558724454043764
-0.4520542965035921
-0.1174877083616721
0.5459321060708648
0.34374895710031583
-0.8422554022311515
0.332605813145479
0.06522416170857959
-0.6661608684974736
-0.06148696607412818
0.9205430430264689
0.8872844837820411
0.6707807571373579
0.5892157129939681
0.021840805869494107
0.39876912085718663
0.04885402190203303
0.3641294197542331
0.6614338467768524
-0.9867121158065217
-0.5126267311957027
-0.8986490816992532
-0.9097346424976445
-0.46143130103351093
0.7559453315930569
0.28644254724432683
0.7407673596181912
0.2616586305390616
0.08535973301988276
0.4400716288271389
0.6760128638561207
-0.28214172385099734
-0.15420834924906623
0.7366025633749707
0.6514721371128405
-0.8464876883149599
-0.19564231923684372
0.9052275803294934
0.3163445339163924
-0.08420096401466792
-0.3314343118048435
-0.6751048977616791
0.3626106066476509
-0.16109415944420258
0.0571549615795337
-0.5702800160576262
-0.5846749498069863
0.4034902240596907
0.1084474639892743
0.9522275236607378
0.17186496834946152
-0.35885474003707096
-0.7754155139416059
0.0422162421503911
-0.6504023279874158
0.4565019422655714
-0.18099098450413353
-0.9495583521877731
-0.8011964268335685
-0.942455376153581
-0.39055180467576434
0.3875767487608761
0.11029231726996969
-0.1725173037090142
0.24365731335601426
-0.5521020283062257
0.060559233483088226
0.9226997591871013
-0.9067835853854709
-0.40533455325125
-0.8784453259685905
-0.7204502031483975
0.5358702029652347
-0.4093068813352325
-0.5041492866838222
-0.2725655258042998
0.4899170255637362
-0.8243745679687122
0.013174677056021267
-0.699005563397213
-0.7954334591797048
0.8779633738380481
-0.3553168959389583
-0.6470308375815035
-0.4929808186389526
-0.07227682474333319
0.2761359403994039
0.7733977853985188
0.6496915774122418
-0.6277694468925805
0.8973084967961755
-0.4112882341809856
0.6695778767650074
-0.1681991898805637
0.3917277225022029
-0.6948717033788623
0.5618467396788125
0.9140475026339814
-0.4778738940780767
-0.42597844764251414
-0.6908787104541068
-0.2116694592257793
-0.25339775988744195
0.8533083934437586
0.8035662679563822
-0.30845341611207133
-0.058003043871415194
0.5969037176406229
-0.9831777709588363
0.21534113090853246
0.2346017162364915
0.04135609950588992
-0.8907456182925637
-0.47024194680220655
0.9117086676166264
0.8721601121224933
-0.3393953312154798
-0.47777117054535223
0.4400087609165473
0.9734086067983869
-0.7075836321830369
-0.053845999258669286
-0.5158159366618567
-0.07501480944503491
0.2749679980605888
-0.5062771677700058
0.7431444367508802
-0.18888431042528753
0.34422994595670375
-0.7833542695122306
0.978798234197249
0.30508835815602064
0.020371494899619202
0.20290528027428145
0.8148228587489565
-0.2846343622272358
0.7791462555755517
-0.5341039346775895
0.2224625094521928
0.056307813587905375
-0.11845168677140028
0.2685764576594105
-0.1075038816911309
0.3044709132999175
-0.4694157615271748
-0.0034526960245981897
-0.22456731789084872
-0.35399031994097974
-0.6924064272831238
-0.37738455419999006
-0.41138237610632444
-0.9075912538787172
-0.20681631068508244
-0.9311481097179259
0.49598702485272317
0.3699518365130603
0.5372717770479927
-0.2862850088747124
0.776565196722725
0.5924606336276219
-0.299515712308402
-0.035374444922234405
-0.39468082470232524
-0.7322960966891752
-0.7792322236186102
0.27559711524570285
0.9021728626295016
0.1238504364948747
-0.4290449798983307
-0.1170154754230015
0.7024134340966603
-0.6481551997861472
-0.4861535172328444
0.8712326902304139
-0.5396223680929322
-0.997466012457674
-0.7334750674802393
-0.7455579612998136
0.1646731439821656
0.1631091439592287
0.40860075894649883
0.09012249132470251
-0.33355987131450693
0.9049703037658636
0.13496360636593896
0.15066058642361502
0.398126492782364
0.852154144593283
0.15182915887554183
0.5055957266643805
0.14860614799581517
0.6932272079717459
0.27712822513520585
-0.5615864373822494
0.43225212469764385
0.42735935373716116
-0.3422637551459089
0.6227199128813228
0.5677946171855117
-0.04394435785609119
-0.6185050293011918
-0.0026879423416970027
0.6970068021878191
-0.4172265435186395
-0.9447642707138708
0.10458437875087712
-0.11707589422475406
-0.16737551957681096
0.18860951407197035
-0.18977212620401085
0.9019546044501361
0.17117574381910505
-0.0444552250821908
0.1385774496206873
-0.6503786146544652
-0.9566707510497947
0.40951442712665664
0.3441770736212879
-0.6568499371740257
-0.7007642128803255
-0.05458330150765045
-0.5339876703735571
0.740421637791197
0.9782600920291162
-0.7429860756513655
0.8743653066005836
0.44365113422363356
0.9396647577200263
-0.07467511644707914
0.29843649658571403
0.8629896284849017
-0.3633397871557207
0.7685013303585924
0.6767973835237069
0.5648170251820861
0.9555527455071595
0.24420463602724563
-0.9828198253425564
-0.2627043493203647
-0.21001592820641624
-0.027856525300595125
0.005669112108069196
-0.9405998500004507
-0.6134471215296133
0.09635840207659796
0.5157666846582327
-0.915395566003165
0.303095732551798
-0.956352721942634
-0.6146138969341997
0.5266542956983091
-0.28070136089955033
0.6153980951257725
-0.4501321026203349
0.29632623100484623
0.002992048695090066
-0.6795306855096062
-0.8559712672524393
0.6699138844292984
0.44283633802484945
0.8473469586208144
-0.029197140850456327
-0.07188209017384173
-0.01940935752042683
0.10385417768837435
0.7813947555649572
-0.6257639721993282
-0.037367723142725184
-0.08083448536575522
-0.9804807150037838
-0.960260540643338
-0.2885766231841871
0.43546674703346744
-0.07743361605579846
0.6476589570314297
-0.5182514534684444
0.3020123964354975
-0.23367487295707234
0.9370603292824071
-0.5036806914262215
0.1693474414886702
0.19634991726868822
0.2234866781863969
-0.5626458208416745
0.5904618815389504
0.546878102299613
-0.8181749328328813
0.9104780690834118
0.10708720944384464
0.2633479492190334
0.7288321810300362
-0.4511389513861417
-0.35185559430903157
-0.7354330951982897
-0.6255169282735118
-0.5224288020491694
-0.5201350254101627
-0.32541535785207576
-0.9949578444355434
-0.579998960817089
0.8207988150537044
-0.2963538065448288
0.6934595111345951
0.5474515966451425
-0.9841686496271267
0.1809597583439695
-0.05497928636479421
-0.3764046612707135
0.13851387695798345
0.16118747170011738
0.3678878318855061
0.4027419441977709
0.46451968885633765
-0.5482946133230882
-0.4973333420745716
-0.366643704701787
-0.5407488947219403
0.08185231833795248
-0.10723363213010906
0.8209159627505715
-0.8916587027059459
0.10850146659794646
0.010535803824352374
-0.1891496886304298
0.3648306190300832
-0.39152244818937487
-0.08073216257387372
-0.05808282949465848
-0.528425166793433
0.7173710609547144
0.9659035857031737
0.36741140772425984
0.45769266108302986
-0.5060397443459423
-0.572028648772519
0.9497952721201159
-0.006221666234069723
-0.40119662655069477
-0.45067164847827756
0.8648299928643934
-0.8386525273690084
0.09435261415486274
0.5218112596150712
0.8893206990914477
-0.5467902839000505
0.29392984339398165
0.175586677752686
-0.8616375212112477
0.06834239431416433
-0.671141617432329
-0.6079359437834142
-0.28070410408660407
0.2700031028492289
-0.9255582021288318
-0.3918609197886376
-0.5089516617569456
0.6297006848493223
-0.9039285300327451
-0.16978560156413458
-0.10776553777203168
-0.45023271293801015
0.7893030824582261
0.3070709589449334
0.615047473018896
0.8285746804929808
-0.7038292284497083
-0.6720982662243771
0.37705306140793393
-0.3807674842827078
0.4702965992892745
0.32543450335070845
-0.8394984991882388
0.7770708309795851
-0.2933853572590299
0.273984135124832
0.6761938476273703
0.18783988247481087
0.40110690504070234
-0.013225524912616304
-0.32705223330978495
-0.9002713293104068
-0.7603290025035196
0.9453301723615273
-0.29981833613067166
-0.060217029409978196
0.5821299491625538
-0.9266409925411263
-0.01693474804834083
-0.9118712371159547
-0.586708925150615
-0.3722130331293081
-0.3201170870906511
-0.32125798905080827
-0.9007029691538702
-0.6471866308995522
0.1224288935599609
0.40466771715460936
-0.7603610005404764
-0.05287700263660855
0.1819332363590782
0.6051646104450017
-0.882662752978171
-0.4386976747014728
0.08531633902371194
-0.9180486195898876
0.8058595869844478
0.970595235157238
-0.37606000397706496
0.3365583268308985
-0.6686103906106693
-0.08261750764049802
0.4007118964724261
-0.8210723743933799
-0.16231053354786962
-0.06305248354449833
0.7779639193378505
0.432537492969403
-0.3173617078793536
0.5266496545004602
-0.9650977995280368
-0.7693178906804654
-0.9581124927366573
0.18577656781556584
0.027046612021053296
-0.22487539877184481
-0.032190213899732756
0.26388038024267746
-0.921049599429123
-0.07152619125870441
0.964331640550242
0.4917074584673884
-0.551280816070097
-0.11788374602465979
-0.6408255743372726
0.5827094459162021
-0.9160619547276225
0.16672736009920475
0.8770260257777931
0.2594803707700053
-0.3981675733368919
-0.1820117783386208
-0.8430324636116109
0.30418924776355305
0.16135967019099984
0.4401318538978478
-0.5485891983241735
-0.11641655183191157
0.2805448433518267
-0.6436696395265948
0.6299508087027892
-0.4632275435270399
-0.6978631498158683
0.11716775489206555
-0.49946719301226516
0.16360877136816865
-0.15596924718879546
0.9128124485522089
-0.5377136354954353
0.006834235033947422
0.5296154118716097
-0.12476930046692236
0.1212759034532287
0.9378407714811654
-0.7384034721525146
0.14728021198257601
0.24796941821787089
-0.8028528079567705
-0.5354281246572083
-0.15473680263416134
-0.9350335206830283
0.2988449967051261
-0.10000005634382836
0.07039498727990368
-0.9101259513621038
-0.7211766156793673
-0.2513665657794557
-0.36415489477545226
0.577615898453038
0.17731238837756824
0.9135348613377938
-0.30701890331788273
0.8452899023240401
0.7200316500960358
0.405767612917568
-0.9172085576346427
0.3914473260701088
-0.5560760142838759
0.565734544864863
0.8889276859707749
0.5502986089592339
0.9414548833666712
-0.805941643845036
-0.6711080743963025
-0.3320860698881114
-0.5402218477012992
-0.7925301473689066
-0.9804039065336767
-0.2621747684622031
0.5306928031369829
-0.1765600725230405
0.8705433527080486
-0.02759827628869793
-0.9956686748473935
0.9383568039754115
0.6499789677393009
-0.5212618278108163
0.2435668317772277
0.669665058795021
-0.9669228803636123
0.09218608678878093
-0.21818071824155294
-0.28636634192333243
0.1933823384981097
-0.27005622564184106
0.02788242566498189
0.32407722655164006
0.5472436723243366
0.6947399221866366
0.4006559987481344
-0.4875581671712843
0.5015595365284984
-0.5285799774900379
0.5129264528821404
-0.32282895142192714
0.8587508256199752
0.8887851083403098
0.040545848491308156
0.4813974802685781
-0.4596185549014433
0.9427384310462967
0.5640958174348709
0.4355712025421874
0.7165297784211848
-0.7959391856014963
0.5044455774911816
0.8674655757517724
-0.23376441196724684
0.2156803914222032
-0.9527052353728203
0.9038995176475537
0.05154906273223392
0.5072474595036118
-0.9693185151916077
-0.13836749495262457
-0.05919938918853562
0.9510350746905265
0.036132565991207954
-0.33474650971955433
-0.658323518839663
-0.9729391534851675
-0.09295106765167338
0.4264951827895671
-0.33550764493643137
-0.4772657990544269
0.9088375236264958
0.45608961755226085
0.03931786792511871
-0.4823754054174443
-0.5717733842211432
0.21048144726288487
-0.09286584069449377
0.39454138468622957
0.49757907458169726
0.8856102182565826
0.29117227122422085
0.44492040917412745
-0.2378592860675599
0.9784180163340304
0.39485322619156316
-0.26407157151758875
-0.842230101010617
-0.7082511887992982
-0.9008342355917665
0.6690987835990756
-0.2509799761983831
0.40957209152756846
0.152831915552482
0.2239941600124411
-0.8083374961543885
0.8865379707973058
0.17131314749105253
0.8861077482608717
-0.9649927192100516
-0.5131717608290041
0.8189046610222017
-0.1875599187157615
-0.050387183769081245
-0.5650891801250113
-0.7876746544721114
0.9302539555921174
-0.9820025854693655
0.9139003366984269
0.6493142556636806
-0.8229078866605557
-0.019099741338383547
-0.2036502348128757
-0.6593748951532559
0.8511881240904053
0.696030857642759
0.4065756543692396
0.24754533652328403
-0.4695584799650694
-0.6804316042612397
-0.36860982101125805
-0.5353021993418108
-0.8505153268360355
-0.5805713968278023
-0.8374330207805234
0.21203272830129394
0.3939559445383194
-0.19724286320616025
-0.5188561997088057
0.533760352962459
0.9511264085081812
0.9124846066118686
-0.6829717029905547
0.6618354280950463
-0.7725309627349561
0.040241337836249835
-0.5320678626950324
-0.07408631887304629
-0.011691367395310293
0.44342045911944816
-0.9614156869673354
0.670817754172627
0.9747754411078227
-0.13102336821924299
-0.6385173274214833
-0.17061569105177488
-0.7489651170984828
0.04551522793366547
0.02147152758488846
0.28902246249512675
-0.5483833618362486
-0.6863886725952209
0.2785071148657565
-0.7416162717970674
-0.9271555738446144
0.5438360456934137
-0.049882771522917535
-0.18038586413099766
0.9754085609664427
-0.5181991271214563
0.5589338809048949
0.8793278753163845
-0.9646569312362747
0.580326170063473
0.193114885484148
0.35793246409350354
-0.37359773378913985
-0.801056867033539
-0.2537040714002847
0.48706075616311373
-0.2125601377957298
0.2631777179896717
0.8442680791954003
0.34520045624707696
-0.9122273307455064
-0.9302018506192038
0.28995103532905264
-0.39319791912338875
-0.2042492160137488
-0.5357402787614531
0.9767141959134042
0.12348604140341979
-0.2836445349479828
0.8465701459540704
0.7776274186501462
0.24673305544747137
0.8389343573123484
-0.46777483478479964
-0.5767464850228168
0.9569421027177525
0.6462574716797613
-0.2795097077436972
-0.7235264017218042
-0.3763556080857027
0.2629291414084305
0.5447211025195187
0.433383227221118
-0.09578428007662576
0.682319473662057
-0.7602603343882952
0.45336496543873794
0.3774192746554106
-0.6461923139854719
0.6026708126383236
-0.41721100806485123
0.9259121364598861
0.9551683881964492
0.3887362467572393
-0.8912717641672336
-0.20666815784616888
-0.2950571914079352
0.26354858452043595
0.8425666894376407
-0.9537845878366278
0.38819173884377944
-0.9118633384004027
-0.5089216506997409
-0.5015328122672473
0.09794292096214519
-0.11344134281250717
0.39495599446771035
-0.9209442992879442
-0.5656921912761328
-0.40196759505396473
-0.5109163938679464
0.6366989083298509
-0.6545783024086149
-0.7399836416212204
-0.3800369074861478
0.3727097386737248
0.06043670541902868
0.3203584377067572
0.35433989084864104
-0.8589906027498437
0.20076261191857792
-0.41780155575941613
-0.6238704644832271
-0.6071088029814635
-0.606206745595484
0.4077184973598247
-0.4126567729870143
0.17367195478132547
-0.85606385204606
-0.44295064362351977
0.3365991676460227
0.45481044817942573
0.5505018708365763
0.9695287685278484
-0.8796012175637455
0.7964141701421168
-0.8121260629056648
0.6460726741555307
-0.10290359992800524
-0.22676426768860325
-0.23126149319967748
-0.572581703345433
-0.012686809174741631
-0.15104449698964073
-0.32214178023137285
0.36528566832988707
0.054608057686295286
-0.2352004068786946
0.5269775940714365
-0.225523533331641
0.16741513003973885
-0.031242518223130844
0.5586127064292314
-0.040848648525333875
-0.9744328004872562
-0.430015095264316
-0.6670389983904443
-0.25271294049101334
-0.11597318232925646
0.3112216161605257
-0.7286871453827306
0.7203678208316968
-0.3845331066470148
-0.7304852083775675
0.7393575050443733
0.5853221699319591
0.21144988489521732
-0.8662420337665244
-0.33899314696500893
0.04734039534344725
-0.17550520018274285
-0.920761533299979
0.562954464668344
0.9786004750761073
-0.4966302862270626
-0.7331298693403114
0.3500861064101366
-0.65476204629981
0.6964227487227608
0.9779846054811883
0.6121795417962796
0.604090729389896
0.5972265385270421
0.3118605008214852
0.9695055549389706
-0.8676100547671528
0.2989291370368279
0.43341188450980983
-0.6284413175255883
-0.9701710952666145
0.39015516371518233
-0.6335656818358961
-0.49825279110771503
-0.48050482690062224
-0.35441320853722647
-0.4669123666795212
0.6739352384910402
-0.228936049138041
-0.6969370959381107
-0.011487366746344652
0.8831264422060128
-0.05619460195865256
0.7387475562259391
-0.8545745632561377
-0.09918412970023516
-0.7495693516225692
-0.23579328248365505
-0.297410818413123
0.18445365015413007
-0.1592359955623479
0.12382648052295964
-0.6836794831105897
-0.5420864806949617
0.5622112803329018
0.9706653639467357
0.7424145732914293
-0.155120102569813
0.35895968348542073
-0.03423766283900198
-0.15161058853644804
-0.28607383856308277
0.2774083158743432
-0.029045993603815434
0.9547753177503573
0.7524796517252184
0.7346871640723978
-0.6696478619050472
0.4286817117738455
-0.6119044253080053
-0.7715584627219736
0.05166337822564615
0.4036097346696603
0.21173962910803135
-0.5927506767184594
0.6778799208859336
-0.1669493952707255
0.3980927536946297
0.2804198060408216
0.9319448612190306
0.39356248689327855
-0.18158283938227737
0.681061626853281
-0.05487045975982574
-0.794484143087401
0.7535424617852067
-0.34484423207504733
0.3688541444540838
0.9786778779062801
-0.7417523597507578
-0.7766169353837238
0.44948172501723116
-0.2292272781811877
-0.6100888230906534
0.6407113671188265
0.9528964520069865
0.4741343688679598
-0.014596032473059406
0.5476911149703598
-0.11792427711180808
0.00828624457577165
-0.27314802504046654
0.23017087028896266
-0.004545121024651655
0.5399967552795177
0.22878158733574527
0.4649054649361597
0.617874741824251
0.3462039633424563
-0.3094602925519019
-0.18896289067885785
0.5527103741730266
0.04697036125815757
0.4445514746815318
0.12751329074287332
0.5864954405801968
-0.8643842856874855
0.010686233218177632
-0.9250798243666245
0.5866235517474345
-0.13318779252532353
-0.5840847872276467
0.5571951639398531
-0.7919332848157619
-0.6922547936668322
-0.5786964476875218
0.5308243678970201
-0.32714653252714965
0.03312200483607475
-0.37301416216041305
0.698111212694581
-0.38558519720488293
0.05576793385590939
0.6331665905352042
-0.16838269054770527
0.5285760882085513
-0.37458148106545197
-0.32505625632752766
0.13698308852503138
0.7652791974524333
0.5147730607598822
0.3864137542775532
-0.6294706082147119
-0.027957369344621785
-0.5373421792405981
-0.8301951855953218
-0.5378209608989328
-0.7813309829625099
-0.07686037182147887
-0.7820711673700684
-0.33395612288781784
-0.867255637713912
0.008733687190007666
-0.781958361434197
-0.6595289998656839
0.9431874247223311
-0.46262950000234104
-0.402954195633938
-0.6152153386910209
-0.036220471479790906
-0.6435674603438979
-0.6917833466652881
0.9101605542616564
-0.44181136752954675
-0.8918396434363887
-0.4504150626064878
-0.9942651375461722
0.327435598132058
0.0947895635448126
-0.2889613841101415
-0.4349492883975692
0.4205630486720011
0.2613319419946829
0.6139490768987579
0.7360850470995057
-0.9939850959484668
-0.8863513969189087
0.21376388070806462
0.5880505825653191
0.7351921900971159
-0.3943098549369819
-0.5208138861007241
0.406333777554714
-0.37646728281598363
0.6077008834091102
-0.25618309606198575
0.2595899474707384
-0.5641298267759667
0.06891134077922079
0.4041163448356615
0.42479970923433585
-0.3932053863272522
0.24492062052035446
-0.5137614528720695
0.8667472213225027
-0.5750057805330999
0.37892850934135547
0.9502918748796645
-0.44843695906054326
0.9991084868866396
-0.4585366709698857
0.9835642466326278
-0.8463340528860004
0.6720715882871906
0.9227678577824847
-0.6717997291373883
0.12461295910885184
0.338266780261151
-0.09858711237581508
0.6925718980037938
0.6323149799686965
0.6410396931303883
-0.5175218363763507
0.34032595606633653
-0.8468712104416025
-0.1797486843633378
-0.44010522844480415
0.2171295226903054
0.3289105252546234
0.6061486076596772
0.7620272913391621
-0.8944535166823671
0.2180056778153172
-0.12711730067298777
0.6554947109652012
-0.6391121696220723
-0.27402796737700785
0.3361632210589671
-0.03434463321763248
-0.47769459769781797
-0.18863001335477403
-0.5138771240941407
0.9773017500496683
0.24857924823638333
-0.24240958373714427
-0.9551785043192742
0.04442052611846781
0.8214110313243268
0.8480651936450845
-0.19807726365737177
-0.900348730049704
0.8485839024059412
-0.20275113758784347
-0.8720701700932536
-0.6121375373845601
-0.06297670229427932
-0.45831942804708947
-0.5849905136448434
0.4202807523457266
-0.48062002876716026
0.9958437550134036
0.6825847487259977
0.8640629067452856
0.15030488824448596
0.7236592695101076
0.7704128392925851
0.34551967816469564
0.919670437577579
0.6813137245136305
0.6531042993014577
0.32246628175152825
0.04928044181672009
0.6362172747000447
-0.6245830497198057
0.5129120100174573
-0.9814391833209153
0.5874802714544587
0.9564428430260006
0.2601826053411844
0.917865588982538
-0.35301853909755554
0.3479528205196307
0.3932213660012571
-0.786978046085534
-0.8389941549261657
0.9597570710823142
-0.612267350263408
-0.2455714916767573
-0.5233154002674041
-0.33474998683588897
0.47592178385848394
-0.25201974878695266
0.7103512156908105
0.5848974834822973
0.5752494349726371
-0.5422492969441974
-0.7777800847657323
0.8001433877478052
-0.43237883948444744
0.23904072057400838
-0.6659035593763096
0.18245837748987448
0.27272822943006636
-0.38218265027286313
0.7442253478696077
-0.9998268413615414
-0.5822505148725445
-0.2505312928552754
-0.7408066705228991
0.9738134654369837
0.8682508267116809
0.4014752575996261
0.7519611626236897
0.6572130244145777
-0.03131743887299088
0.9020901335718032
0.23780881284635957
-0.06136076836863702
-0.24055266003178222
0.16290697613376004
0.9369702364808863
-0.7786904468342073
-0.7696442865066397
-0.022515089479374195
0.16657877225334872
0.6827470973678964
-0.9677339998926282
-0.19821292602058627
-0.034653251726670664
0.0247442543815648
-0.534656760972821
-0.46338150799500033
-0.5553144058040176
-0.42960123952896345
-0.10806376983513877
-0.08417836042676807
-0.9112696742721578
0.9837461876435933
0.5585459714873724
0.8615769126895056
0.7502222951023683
-0.6305108687122398
-0.41947626145001093
-0.10302117348513185
0.3509545609570772
0.9273771162784767
0.042956783410918575
-0.9239067633008706
-0.7322215559549752
0.06335090958671574
0.10577263753876887
-0.9823004757415557
-0.7589283981225106
-0.9818540474667112
0.21713019353732932
-0.8018288740463224
-0.32338252719361016
-0.8947335079764343
-0.03835367918351129
0.956161853704274
-0.6342343269819894
-0.7017572219485613
0.9711546969956633
0.1989350554336653
-0.09538319163835784
0.8078782863174703
0.44693412096273044
0.5112320677591484
0.8195306391492807
-0.6464524649990269
-0.0021597733473657232
-0.03872921550182462
-0.17999670467017537
0.13989574601183974
0.7467483966934654
-0.26574800274790444
-0.7039844574168221
-0.8448552562790219
-0.32102956641205216
0.18119208774290296
0.1567103774252041
0.030533902356683074
-0.8781845417786811
-0.0683918203694398
-0.7124969190416568
0.7020173935252245
0.1606845731634965
0.259695268349478
-0.07930589275685707
-0.7996323422693372
-0.9883609504691555
-0.1869355860767674
0.6155044896161499
-0.03652891161148242
0.5889242148278742
-0.39918559264329434
0.627036323073145
0.5400754353332538
-0.38619572154700355
0.5662874460669667
0.6094814632935464
-0.4070877219463591
0.1565351267124293
-0.8176317105775368
-0.4290969049014961
0.43148810026528506
0.6148534332100442
0.6585595455442141
0.8221881426542199
0.1984490812465185
0.1778676635544736
-0.1761016745446573
-0.08617366114827774
-0.7823099830356712
0.5617981790462059
0.6775067702236253
0.20729568582529478
0.4129468812770465
-0.11795391234696173
0.8534285818995699
0.4989130132144528
-0.023626299704753162
0.47378986591574335
-0.15778719655011164
0.7480388953891843
-0.45221983232632823
0.6815860754168683
0.4879483843650405
0.2805405927333964
-0.4490365530896925
0.11995779911223625
-0.5153249307631598
-0.8144787428725648
0.7392484315926453
-0.2159438297154539
0.30782235399491564
0.5822168565037058
0.5717057652657256
-0.1890913787693682
-0.21003800137811668
-0.05943314097984187
0.938395356645684
0.1760973065496294
-0.4127185015682602
-0.553837164846265
0.21593340405398642
0.6115727467187733
0.8752402236170027
0.7090255929039202
0.8369950654569558
0.6676426744718442
-0.5565991567172668
0.4217133869436138
-0.7950940671646978
0.2772019909460357
0.2503022204166534
-0.308314556744393
0.36189838767498816
-0.46656166099879326
-0.5035784962934537
0.948599603448748
-0.02109931050611613
-0.7081349500634304
-0.4608054278296738
0.6301086623371666
0.13300753281465383
0.07706357283227394
-0.29781858947543216
-0.2528392724637327
0.28853644133336265
0.7686551995354076
0.8106107625428778
0.4911234752489093
-0.25376743743227803
0.8631528064076734
0.32620284384255127
0.1726112507231239
0.21407595388962775
0.9546833271095763
-0.9943804226925674
-0.6507177962010886
-0.034135372352196214
0.5341290575496751
-0.22554387321395453
0.49727118062349884
-0.4607206284777694
-0.4281505184492147
0.2110639616739618
0.8949169906050651
0.21843063445436894
-0.5258108966423789
-0.16043458143634348
0.9890946906223979
-0.45104021362795077
-0.530178368180303
-0.7909817806435429
-0.7783569572525899
0.4123161675138516
0.7012294272257042
0.22877091879360245
0.10029657592121066
0.6574118628377603
0.2926646647497886
-0.9564353657479956
-0.7883365111593836
0.3714671305494832
-0.2310155297916756
-0.3139561508164792
0.5231048467725659
-0.539524912035928
0.33941876879142807
-0.4850897575277897
-0.21682855638346066
0.5772902216654654
-0.5764045016473212
-0.7072593219854855
0.36369351858708465
0.5258212423552717
0.5902915110865232
0.8170753851536232
0.8106733443125425
0.9380773907223618
0.16325870432679968
0.7766966411371499
-0.9026536005804573
-0.5971715616471798
-0.9189988272559761
-0.09188620939754033
-0.9584627454064605
0.7753708197614213
-0.587071014668854
-0.9636221713507849
-0.03571900635876024
-0.8781368440333803
-0.9884151377835548
-0.580688546849466
0.9892088060434101
-0.9573709637179852
0.8806943094803374
-0.34509739296056874
-0.5579974532506276
0.2890834560341764
0.7818992014915351
-0.16458339224321938
-0.2954086824036235
0.38264694531389587
0.03548908495421221
-0.24286739649120137
0.08340137946798243
0.7386598567265239
0.9154634382608671
0.2692470620710927
0.6784246693795486
-0.994821331948452
0.2858869947788125
-0.6197539736889535
0.9711793834252889
0.6059543686063436
-0.6711061869132615
-0.5202089883210086
-0.8268819078659135
-0.42967350167117546
0.41808000752974217
-0.04981174674567046
-0.4582144581848402
0.13613619690293066
0.6573137894723391
-0.6529179167968062
-0.4376434547454322
0.9605126092420622
0.6074813668053551
-0.2910376651807425
-0.05412311962206773
0.7604677353191169
0.3488179066812531
-0.228094279125433
0.3990803304042039
0.8290136244355752
-0.6426351814673528
-0.6423168887526134
0.896966863411299
0.02116277782712528
0.4375701870017328
0.340294420202774
-0.9642460719882462
0.8089012182606923
0.5518262385014068
0.9925319715153225
0.026718347109981666
-0.3848875932079816
0.08397597847509997
-0.05647064378528355
0.06856768653391132
-0.6033504752664245
-0.43325041392657826
0.16577748056619335
-0.1634200178451477
-0.5698124318609099
-0.6534464221456209
0.24034660717847078
-0.3771309190578145
0.4052838165047783
-0.9976897728348644
-0.9330491266889764
0.19979946950827188
0.4658246344321171
-0.7918212588949276
0.2860474741046446
-0.40947030273385465
0.5980874564644176
0.28096368553790985
-0.4931326581006359
0.34788940326343876
-0.8632203455067218
0.7358522185705731
0.8840047109540867
0.05901514923955875
0.7785027919448468
-0.5829553685369864
-0.6189616011866312
-0.009884768065661964
-0.22347083955315994
0.758509193516792
-0.8823542032899707
0.8737434626434295
0.4373475543564056
-0.3811991786503095
0.8935898833857558
-0.38732176433884713
-0.7529392530322265
-0.14198904705228732
0.6407135888563371
-0.20786141410483805
-0.2169759611121962
-0.17259701949732187
-0.5304548362012125
0.5629851591863886
-0.2035780830315188
-0.07799981941333534
0.7682504262735039
-0.2982946924566463
-0.9575625423665259
-0.21617717676804937
-0.4414333368343222
-0.2778288530116364
-0.7348787317326744
-0.615754716120706
-0.3332245229025954
-0.08839926853842517
-0.23723981524601911
0.8582973064977613
-0.5781589181833227
-0.7375640886417401
-0.7757897322765472
0.36685620385861495
-0.985058204044678
-0.41441924714291134
-0.8175226057758076
-0.2292482269596976
-0.05345972431649204
-0.6548154323836848
0.5138433996519445
-0.21793305181374012
-0.16784069503848076
-0.9763421146886464
0.16956070092528996
-0.7518715917531174
-0.16555661387927856
0.6514410704986171
0.012918325717432788
0.6414519794237072
0.6192142908092091
0.49591311903132484
0.7174966407129204
0.07939251315974993
0.8754180199550954
-0.8972014128676231
0.44187431694372137
-0.2853335930655523
-0.6670044616440569
-0.2888446123857731
-0.6966194123727545
0.7852091416605234
-0.24496462942119712
-0.5489065823836916
-0.9001787424626548
0.36125886566046894
-0.5455730988240683
-0.166453305646858
-0.5505879127256006
-0.08142663052845767
-0.6303779883987097
0.8556436270937617
-0.37033734803653906
-0.5765940265941762
0.4359085546433603
-0.8872076840957817
0.11151437037797285
0.5262084415026864
0.5234436704125653
-0.4359456897756855
-0.1460072225417055
0.3929767524835388
-0.21127421527264878
-0.05358832844324457
-0.6028680982483852
0.293656865848267
-0.07555647857010861
0.6046891475794518
0.38317900383828496
-0.10558938446620902
-0.6282862209937474
-0.8084185995178699
-0.8813825319803761
-0.4908614046514821
-0.862827896327014
0.38753607177134874
0.26953988437896315
-0.024111168137978867
0.6377071545851194
0.12118793134162331
-0.6170327772692896
0.6771664042070729
-0.7350855782301646
-0.02900540574489896
-0.5663156103459428
-0.27953195675853304
-0.006086368193581215
0.3974286984124733
0.5235622982680692
0.8374277618159682
-0.7504579289923881
0.07978148851737221
-0.31899519891899186
0.3282690338414611
0.6404742697818151
0.5621548713873459
0.155315478050005
-0.7088041646169214
0.6591803554975144
0.7567780399509245
0.5972930095692452
-0.2742246129738082
-0.33471212469244915
0.581864668218306
0.6327190624795271
-0.23666200030955054
-0.9479039713545807
-0.7437206450382499
0.012941074689133192
-0.5326018828317804
-0.13222670832529615
-0.041125907083429114
-0.7377000240381903
-0.05015715524374054
0.4642835187946188
0.6832041332551742
-0.4113503980260096
-0.7897761449232268
-0.7364245955065667
-0.508980051573185
-0.9214396935872777
0.9271623493341214
-0.2973439286987982
0.35692479893022866
-0.8124925042857041
-0.6482198537786741
-0.26726282674723323
-0.13504707842406893
0.5939405849309356
-0.507740280571154
0.9174750599771055
-0.8249474172054871
-0.5187667385769248
-0.7949165834760479
-0.45011958398743057
-0.7588730494846434
0.746213591158551
-0.7373194949051747
0.8968404288033398
-0.26897671130258005
0.9987079000259964
0.7428087379829942
-0.32646635731547224
0.2315063541210769
-0.015925849006573234
-0.2683576248782258
0.9156176528666102
0.9432100165832478
0.2764751526270057
0.35921818743176614
0.8503092253161626
0.7387126774716553
0.29459296904136933
-0.33090794369955856
0.4666967291866577
0.831952527512902
-0.8276332819570862
0.2523361336229535
0.028510455306395732
0.2559840892205185
-0.2424811243249414
0.016026813358494874
0.819654513742688
0.5145959412044214
0.011490077121128595
-0.792580308483191
-0.8988828240237143
0.5766426909670019
0.6135339877516826
-0.6107482043534838
0.6580180961113777
0.8718698204803987
0.5342534513825192
0.03138718131280438
0.4718979848716707
-0.12716247970175454
-0.6567047067809988
0.13169719678482816
-0.5619755309667929
-0.8340596645341825
-0.8656587301319771
0.21273025055750394
-0.5446641073328735
-0.9972478449876065
-0.2744689133203124
-0.300153956117156
0.16478421352534967
0.5960249300569449
0.7423608666434758
-0.9710916667420744
0.5944438572188371
-0.23797841297426192
0.2516039180691052
0.2814692244485606
0.9499912252390035
-0.8785221981961036
0.22065248449710495
0.8165101147567635
0.301724747980624
-0.8656629576176949
0.9030437008113337
0.14457060095834517
0.7391580460429175
-0.7027929625425948
-0.52026944553346
-0.02502494062261751
0.7079558063291993
0.5047399991004016
-0.9185991531485918
-0.9352360518902925
-0.614682525097392
0.34986288984520386
0.5260838890818302
-0.7429824596157644
-0.3440472902864067
0.0626830056548453
-0.4261245314077222
-0.49937599288542667
0.05594193879935716
-0.6798490094100063
-0.553215598914867
-0.7541616386227774
0.41420265561181147
0.4091874791484782
-0.3721155690460374
-0.03274674319000748
-0.9932381310319391
0.8822264475546797
-0.842186372229885
0.9770921269620172
-0.2258145674101686
0.23778085766609447
0.8717891520733358
-0.8719214281121339
-0.08904263307879501
-0.3012171196761686
0.41373440569124
0.20984157901063316
0.21985481107050076
0.5415436637258724
-0.4572399521146071
-0.45394041361992477
-0.49932882372429965
-0.9749500393877011
0.3214475359139586
-0.4581713556647251
0.3519454764292784
0.057494351991810744
0.6951633357448885
-0.17973908636037628
0.3641053947040087
0.31487623910131
0.3115539512759309
-0.13054106897725437
0.6129007235196444
0.008529592818276699
0.9090451383914944
-0.5125395928379464
-0.8328746382795165
0.6600293518809914
0.19407283740755443
0.8827835461884339
-0.17261943675154012
0.01180783674140029
-0.1841678185104363
0.16237599824044713
-0.7035966322768961
0.10143385668562721
-0.1490529910093159
0.4974616665112672
-0.05130951678254747
0.03597048158563676
-0.4425497882204048
-0.04768800187086519
0.9537198673658878
0.3624897248385641
-0.46973425362739163
0.9540499197116046
0.224954881190208
0.9015805409549926
0.5823964678520801
0.9792838496740317
0.7420486618081785
0.16172751647304429
-0.1262888704737879
0.01800710874095124
0.9260406155301324
-0.8833610763390087
0.6888466066484171
0.8925143698200899
-0.4909735536318245
-0.9368420277818335
0.09352567043077897
-0.5576517828244043
-0.1020951860382171
0.4429286101861234
-0.8365034053760296
0.4315872526665563
0.8635986688549029
0.19698209450197113
0.3759609142175364
0.18495568397987738
-0.051922047675293515
0.49766458762717347
0.023432504903518225
0.28886313232810124
-0.6145564192505639
-0.43556090308021367
-0.6671727114371191
-0.6590347266124204
0.9220699722850341
0.8257339969330568
0.43242482930387016
0.4673770800368804
-0.08359474171491543
0.7766946406295738
0.014278552607961847
-0.18335473849582717
0.5609187395815625
-0.9165803292808754
-0.196463246109444
-0.17219062326286494
0.42415471696264273
0.9506293311221565
-0.4490548000787018
-0.058558345166707104
0.7787719410351635
0.6157007030058697
0.917884502300286
0.25118300877001887
-0.6834533520828407
-0.4739634367547483
0.45059520686188415
0.8534201095610607
0.6302947723117953
-0.9511174351613965
-0.7796465288740337
0.1281713147918262
0.07314333757003255
-0.897290646236788
-0.06572850241609673
0.02173844637855349
0.9053785447415272
0.06382997445369165
0.8472526175197803
-0.9493354892585721
-0.5921884677738012
-0.5671653525571834
-0.38156324235218353
-0.5631962705257167
0.7379301915404677
-0.31706464285592606
0.3801135547454346
-0.4734213338101543
-0.2859962390199855
-0.980481270928869
-0.7385094429669392
-0.1977842928769855
0.055337538960744004
0.7501868132460061
-0.6503044405674001
0.9307405547616476
-0.3572546714733409
0.897326324919905
0.5601659208672447
0.9709577441028652
0.7414013552506933
0.3861263517892948
-0.04323897904210261
-0.9073593384045493
-0.6438532218986537
0.4511013143351015
0.5524150323771959
0.7497467276769305
-0.191123091698296
-0.8597727377913704
0.08370835375877017
-0.03922813075986897
0.11036175346568156
-0.8282757779594148
0.5199331894820982
-0.6426365813376507
-0.3678496528822215
-0.06486637880491286
0.4271701098254954
0.9684377937372917
-0.14005337372778803
-0.005311281745354002
-0.08373376944826139
-0.14126027968659516
0.30977932063970726
0.30463916121184
-0.707072404160588
0.15119914967221337
-0.5662604356298142
0.9855896560435378
-0.06279635376637538
0.10399948183489283
-0.5146800393224504
0.4955257193676905
0.6993118397056037
-0.8530849883013887
-0.2538834371686367
0.657755973372296
0.13785497772028465
-0.3439605572847033
0.5625082676920654
-0.5028030805337722
-0.8328619975351954
-0.2912933298278817
0.3061127352417681
-0.13970820493116265
-0.9153004685451203
-0.2806646469251246
0.43707363813706235
0.5280393349562551
-0.06420262037513713
0.11824083799965801
-0.2679672637093773
-0.9669238734792875
-0.5341360926998313
0.6257726016954852
0.9160902653786185
-0.07155955014417059
0.586394975688773
0.4504835034980139
-0.27586932198430714
-0.6406047096039873
0.8336427970926947
0.028978259901943915
-0.7232383959867752
0.27252445667530467
0.4574758326602806
0.6324115235231442
-0.8559768485383636
-0.9877295408108626
0.13498248922962652
-0.5521501620077696
0.13376171589764407
-0.6004809856461655
-0.564024470797972
-0.6360582414161924
0.12105928546180866
-0.5057602373674481
0.927022363386167
0.5430627274119608
-0.5118349437410514
-0.26804506045946686
0.050990527253705675
-0.3502741639150069
-0.2039154597237134
0.8670432827007564
-0.10015255349554897
-0.9566115481688982
0.27619268111329864
0.9983283757215031
0.6422998874730517
-0.6022325217990008
-0.0045719248214697306
0.0945804332141913
-0.7471115153853372
0.06050009661950573
0.9886019225097991
0.6130642520730207
-0.20666685489674563
-0.7824828221636546
-0.5539299573247161
-0.38275919112696744
-0.9919657694979407
-0.30451396315201973
-0.657405572927527
0.7375736552846088
-0.2446450090746093
-0.8306774657314373
-0.24509596596794858
-0.029701445051931508
-0.7014919828789106
0.5062796453202301
-0.31879376634865375
-0.715838269547119
-0.2336790546731078
-0.6005799193288048
0.0880816417558361
-0.872101274066994
0.02346619860919885
0.6197138325087854
0.3515922929354567
0.9856080257385236
0.4793509412894559
0.6842032831832423
0.9872480901172114
-0.13379554804682292
-0.8627070460146331
-0.7014421292926518
0.8951776790190618
0.723885693003165
-0.2369188321740585
-0.5777053174649927
0.43171131699335463
0.06451140265612376
0.27309700301349005
0.5676748973630896
0.7456600928044237
0.8512334401567947
-0.3976187291496718
0.3178828537089369
0.6478808054198912
0.1865492559172348
0.06429259018660716
0.19643023857760222
-0.39412367259182846
-0.7463278327266036
-0.014585197142895412
0.30779782501356023
-0.5796825554244494
0.5862880850751098
0.7898571461160924
0.9227861873040657
-0.6579736294927268
0.033541089155208814
-0.34505653676697756
-0.6161513438099897
-0.9080924758180937
-0.49060045159618526
-0.46376093319221945
-0.6681748742972813
-0.7813787744534444
-0.5237659413444999
0.22706210334809906
-0.4912652463096512
-0.7823660983709702
-0.5337637832322619
0.24463970790360245
-0.08664513683473207
0.9509077935477854
-0.8491233251504235
0.3513822432234275
-0.6744804040533363
0.3418690457532949
0.6501868207914261
0.11243764692212088
0.703143932124398
-0.15168057255167544
-0.44557820094732503
0.28146445031317135
-0.43726570119651553
-0.8469162083739912
0.9205954974981889
0.7892200970181515
-0.8026875853253965
-0.7288663913917794
0.8517733413251063
-0.05518063201769441
-0.24411209580216697
