0.1729405314927479
0.5376345834345289
-0.8495825643028776
-0.3627831524829721
-0.2901845624167416
0.405657619430569
-0.626988347493229
0.822173031744476
-0.6875824573415423
0.714839133259682
0.620863938395124
-0.2877463877953672
0.2852728602272576
0.19957617487068768
0.8130398428481129
0.49278101333386326
-0.31858264837667183
0.6565109435076042
0.08120091603389823
0.009012188038474367
-0.9055729375543866
-0.5177106605660806
0.22789206145135976
-0.3535254658908309
-0.10921605226917586
0.7171980229905668
-0.7398815368122289
-0.6139581716351843
-0.42694122403302326
-0.09713670932753216
-0.6009376777317323
-0.15541699852823654
0.8125239971403024
0.663975204398376
0.47295103861429255
0.5893026095980545
0.6727550536946794
0.20104413624593542
0.4511472498875482
0.2807381838448386
0.057560189052018096
-0.131643156079865
0.551838375256924
0.22372853162726636
-0.29970122481672723
0.16670637665121935
-0.38436977415389584
-0.39894351458818456
-0.8722453641129324
0.4978197369288142
-0.17552516155549958
0.009649932612780576
0.3569695115297489
0.48791656754823975
0.889868722261095
0.8107385403610077
-0.8764194454240801
0.527689147117975
-0.8941582320933035
0.519692964716536
-0.2955077652436249
-0.7815580666348656
-0.6601151355877981
-0.6963893246665274
-0.5861212293364597
-0.1554723605839281
-0.9564583665533091
-0.49619092106111706
-0.09759363872555604
-0.6527230479674293
0.5481821540787479
-0.47436089786217117
-0.01562297768632015
-0.7548816758727674
-0.3896454480793894
-0.8522199244992708
-0.1911864183355092
-0.7614002501947872
0.9411956938020314
-0.08978273357328193
0.5163114599404472
-0.7048983505859399
-0.013941476088147553
0.6575927385001792
-0.9347845270456467
-0.7183629368741471
-0.9112474912269983
-0.4086745733306856
0.08617764066335831
-0.455849905749641
0.0483852221075316
-0.7307605858888733
0.20364188536061434
-0.34358658508473816
0.09707663794725607
-0.8270728358797859
-0.7041885201896254
-0.48982973856392276
0.6009296689807049
0.4887416215510001
0.1499650748404877
0.2846730101162547
0.5664312524882902
-0.5346206220168084
-0.5383269815646696
-0.24594501375637723
-0.49487294204875165
-0.35606680568365867
0.8651080073969715
0.9198768449435015
0.9247973972880374
0.4211672398523063
0.6334519077417913
0.07666748421325376
0.03810713379836694
-0.5203565957779828
0.912300508828868
-0.19237529543847787
-0.5076961283316217
0.032385033875021785
-0.3771641851743961
0.7852199871078935
-0.4618841474769171
-0.9965146420708657
0.06521080787870104
-0.717356962277895
0.7883671863233461
-0.6780268585268034
-0.5527571535960143
0.4374481220748012
0.004963989956611181
-0.6329775591716162
-0.7074001862914066
0.5402155358945915
-0.11753841474743632
0.2893370744731596
-0.9917650963651479
0.07972424078855056
-0.8538754311209236
-0.8342873714538055
0.43813637674528616
-0.44127286075454975
0.6487370037693423
0.01880963377025191
0.9576622318073518
-0.6192926575145234
-0.16694644476886533
0.13544179019254154
-0.8267415169454062
0.5251902605423298
0.6235858363869626
0.1826577131623559
0.17582798673474676
0.32867641984942786
0.029426126226941962
-0.23146753311463475
-0.3799562191966108
0.025971214427291
-0.6683148139609485
-0.8717465041367882
0.5018411423099274
0.9707547521170621
-0.6197856983841976
0.645572344299685
-0.630628685142423
-0.7658491495668571
0.7704688849293246
-0.9148764005243282
0.8152428119388768
0.9493974466526076
-0.17972675871797583
-0.8697059132560014
0.1613717919579647
-0.8621691687951176
-0.5731480751689852
-0.16778935696045516
-0.7364697725428251
-0.3207781717982161
-0.9825746381979095
0.7782427793587623
0.0730432544262023
-0.9684336800947602
-0.5101971216626766
-0.8287956957811577
0.042453154865503606
-0.9383318303795263
0.8709680845325913
-0.640569725798249
0.47710325665229414
0.6166614102936769
0.8703363663898169
0.5034658148160023
-0.47773407117729416
-0.9449510667886114
-0.6806875590503549
-0.5508858778517449
0.5861218374671691
-0.15641189091051233
-0.34924066622019057
0.5555554223267645
0.05451756163896326
-0.8777982008341911
-0.5935984623113675
0.8898914196288616
0.9071955635818618
0.5479596565200826
-0.02581978921784578
0.20782313945741993
-0.7245037162508532
0.2623975045471809
-0.7703558761076303
-0.35406411661020787
0.9992206994769237
0.030650380638129304
-0.3338670145204792
0.8789345174833263
0.35881112515866587
0.832789450402454
-0.22080955553213788
0.2923911030813695
-0.9223863647382822
-0.026927433400104173
0.8723591596268623
-0.8645838258881144
0.4533944548196682
0.4561600699407451
-0.034312575717453164
0.2995347286876877
0.7620793681543137
0.2079586896570058
0.39433913761934414
0.05984783688731388
0.0321519428803001
0.19935777243700947
0.1784685816492666
-0.798357227502609
-0.6642229892032256
-0.15692175089515037
-0.0931715068562391
-0.4170909475829334
-0.6600070200264094
0.8347255941470939
-0.25608607025082586
-0.5718983874659864
0.32069968905835533
0.6568510973882331
0.6103312890533266
0.8073747317703592
0.41055403952945047
-0.68481844602498
-0.18298609871230354
0.7885851259061627
0.3953143342754397
0.5212540247409354
0.4762623338923675
-0.39589030547916826
-0.6829904748019213
-0.3469608904464063
0.07308109775572524
-0.1713732497646454
-0.08998016333384884
0.3830358878527338
0.32260622171843556
-0.20479224868391954
-0.5417524686893187
-0.717301977275858
0.20071773091253364
0.0564810682386887
0.01461220998799595
-0.06444861086177678
0.7032168206504184
-0.07440403715515131
-0.40286408902074
-0.477261952104886
0.6228014384164315
0.5385325761392528
-0.9077781533699112
-0.07619349080207827
0.6269483299988257
0.5111713152196622
-0.2069323026727714
-0.08191371746622278
-0.9999168799528149
0.9736211263475958
0.17802871917845375
-0.030939086042079733
0.9770144971700749
0.47885528316683357
0.1592362978500328
-0.709669696634252
-0.5063313952417008
0.8882215463106509
-0.36971330074629694
-0.14409936533967027
0.4164301311765257
0.4061715610058081
-0.5342481362726224
-0.36238553273870466
-0.7966000762255567
-0.5712462125685622
0.9346374443499679
-0.8428065047611337
-0.22607044280657362
0.7126279152688311
-0.6171614895980169
0.2975009065763392
-0.5974738508067379
0.1604896134603342
0.6746270070576434
0.8910375944115405
-0.6959043324188408
-0.5343163080765934
0.353749983990193
-0.19310000129939775
-0.011388351122993745
0.542775306589238
0.1608315848567723
0.8276191261070653
0.7093914560592578
-0.7818736708764471
-0.15024190700558915
0.21372888956312264
-0.12447199115386942
0.9956427470177192
-0.4045923184879001
0.0037982072943247847
0.008226993199001331
-0.23629345271834268
0.917691559898463
0.5283050782529684
-0.14284434231131948
0.6556213390147789
-0.20713325065377397
-0.32962409447098495
0.8717846928057147
0.5089486407449291
0.1582300313779066
0.6682673239264614
0.7637634821599557
-0.5266815790364858
0.15171876515761795
-0.8566169750003347
-0.16693438332369737
-0.3540130248551856
0.5945538667247716
0.10004327247403189
0.6498706270477823
0.2992564603223442
-0.01970981147829498
-0.5947153521275859
0.9277391188826885
0.7443199401243175
-0.25896908637286264
0.3144771266794135
0.1664161884192925
0.11627450420171415
0.9301237283257473
-0.9249854517487897
0.49233021985719394
0.7142780417239225
0.7555803156237564
-0.855952634402642
0.7558203316088445
-0.687308382416981
-0.8670696424910416
-0.41084313149342266
0.6592100671560654
-0.398795881671705
0.1839934179093956
0.0551326696614034
0.6731847761160727
0.8187817331348313
0.6971390994612918
0.4210626264916517
-0.08563320840456234
0.7234036027767368
0.298252862343549
0.47614511937543247
0.48925712512939623
-0.47193150049920773
0.7111556284006664
-0.5287584821156339
0.7570669445160909
0.14105694687592707
0.8136253930870545
-0.009456939613737836
-0.2561146570527173
0.2671883225855527
0.42095107749031224
-0.9618734547832624
0.5842849644626
-0.41038244180591077
0.8415521825490175
0.3268464668060618
0.14649049760800414
-0.5998771549431394
-0.7827850970572237
-0.27321262936817625
-0.11407187038117828
0.557184639694053
-0.11219987310446355
0.32886279585160993
0.5858005237733033
0.48755348779747565
-0.9822634688539897
-0.08604277571895325
-0.9808215829431537
0.660996585854887
0.07382872824900821
0.7018021024069736
-0.9569613032497493
0.46932399308893147
0.16218795416467358
0.8117294756070814
-0.16008598061618207
0.5757591704362874
-0.2051023013536133
-0.891297727272832
0.39497737528467036
0.4790304476998528
0.2798123251932134
0.16961605164455307
-0.9521849351323337
-0.509330025191848
0.48549935522674814
-0.9136313179390076
0.7924697426675886
-0.6745155157004439
0.031334585553085104
-0.4274871849445965
0.3713559678701075
0.5865385296913175
0.09913568448203525
-0.6144768559208997
-0.19870062047407133
-0.6631652676315571
0.2582379584762391
-0.6749802625974493
0.6850805647530942
0.9978561347086043
-0.5984389844963336
-0.8622754562555801
-0.9133064279071568
-0.14644093768552446
-0.4752665206994895
-0.04207334281072139
0.6642637076708255
-0.09345558110084107
-0.7828629586723554
0.7797526821440657
-0.9705201162531958
0.8575069149338579
0.06233038890745313
0.7060000888885505
-0.13965198977068982
0.39453095722276355
-0.04189558508851543
0.6549809615306739
-0.748009464139809
-0.14842302602201563
-0.9851209248622135
-0.08827826140006367
-0.6349629567343631
-0.8825678749211607
-0.7563335099072779
0.9784436235245446
-0.3602533453547476
-0.02842042034027714
0.6506779419711712
0.3587999709213068
-0.026757436277538904
0.3476181687802531
0.7136826804723408
-0.13433709356617807
0.9828823796325434
0.9795773511590271
0.8813488133544083
-0.18653498017962922
-0.3358205115309518
-0.45102607194209776
-0.9623111972177554
-0.39129025752673896
-0.8565993184831586
0.14457533964983726
0.35468828409741615
0.7647636996446945
-0.9292239746395534
-0.8643512877354649
0.9580853814436088
-0.941085107997812
0.9802158707590152
0.6491325637289107
-0.3928183632189217
-0.011199266923855644
0.7584355329662356
-0.279486413521594
-0.8160511396422496
0.5739006490555463
0.7629322968268242
0.33523635683123376
-0.008071886106293613
-0.23592945947636612
0.6596270252852896
0.7970732574117183
0.6744890268338262
0.7189741320545178
-0.6486689836578072
-0.2815442768805523
0.15857277484244392
-0.9921083874518037
-0.5624222497526865
0.23961849940870628
-0.00864903305485476
-0.16898704018921218
0.2736340337931016
0.4048291554292731
-0.7508313287510775
-0.051353804502912714
-0.7025579638574488
-0.46559618460536867
0.8483809932779054
-0.8980833879855337
-0.3279389627824383
0.8108349500193512
-0.07729654642182959
0.7583625667512122
0.7217220673976856
0.14606344379451253
-0.8103956175675453
0.45926493136763225
0.8140333460532587
0.7157897082356992
-0.4837148806594571
0.8236879051624935
0.8287440991166475
-0.3551655390994093
-0.8142993630167128
-0.05081683407673543
0.452588596530312
-0.09457164485980751
0.5345394703595392
0.3953722762071554
-0.35881036123167664
-0.5757046159572055
0.7172316465682578
0.5402528352026175
0.1353657730439004
0.9303788773454462
0.515120037979754
-0.6716758054362884
0.22367194710567606
0.036213659206457915
-0.4246140318807792
0.13095692646982715
0.24096443884295016
0.6178916344567547
-0.416915194310183
-0.5336638508622966
0.9383852272010231
0.9895094038025867
-0.10445039665918388
0.15988578421810606
0.64000513170044
0.6216322766492564
-0.1601319457830901
-0.2901430677987098
-0.13950502779416163
-0.07538789908970367
0.0478032236388104
0.9569044033126997
0.7103697427583722
0.4341609272948612
-0.011343335958241996
0.10031652723397988
0.8219083125055717
-0.1752756857538953
0.48414137257875045
-0.15127137134759927
-0.21070184070430997
0.31978879759359957
0.8030346236745634
-0.6082157953837952
-0.12368348450470945
-0.7510612990700847
0.26144679495284384
0.692373133574204
-0.47173464431375334
0.5723151981703949
0.07409981338058946
0.9953173254374168
-0.8766888694345005
-0.9161376618110488
-0.8439251329482986
0.008548705208778262
0.7725620553469208
-0.08039296627179948
0.5597083007346144
-0.7016543719392165
-0.8276429722719476
0.2459011049903299
0.7623595923748274
-0.5371075024048886
-0.6439184361302015
0.7145756093052251
-0.3014172815671068
-0.31505761287056977
0.4656856286186073
-0.7165657981709481
0.1326939265763445
-0.9353903600781355
0.031818341549795015
-0.3114564458366915
0.48820914257679937
0.23850263499275282
0.4314346198899015
-0.06035887353214253
0.5328112396006033
0.7974173510172851
-0.28205434723794065
0.857871102682469
-0.20462044555827474
-0.667259608124009
0.3904363140020852
0.6724905867594169
0.7652739118669007
-0.15246836338909797
-0.7091147171268566
0.4928745652151403
0.37232982705700834
0.18438646136529657
-0.7972580162891525
-0.1444049330316124
0.24950726580904314
-0.5624700624583652
0.36819747158356075
-0.6124368303319805
0.20402733475857837
-0.009301041399470078
-0.7101975478686349
0.4900109605279306
-0.9595766050510597
0.1629500024837598
0.13880703246775927
0.15106357786858005
0.13502420502226786
-0.24214553886615464
-0.07281492376798626
0.44522497120278626
-0.2743145585237987
0.3763060760178305
0.17524763409998623
0.7208091104721019
0.6769217612810692
-0.5959826464920535
-0.047920734381249996
-0.2870458047373794
-0.8896002511861811
-0.01895604255400518
0.65948312196996
0.898837720636227
-0.662654399389683
-0.33454439929908375
-0.24418648673440813
0.13486986853407834
0.01149083740288992
0.4427198803936905
0.16450965953441532
0.92312555996656
-0.9585563385652311
-0.7640011913804279
-0.05169762341174566
-0.11115513291204504
0.27114340508730184
0.9639821046505117
-0.6101867295545589
-0.7748048891880148
0.18352416166925578
-0.5437487812060107
-0.8927634033301468
-0.629703637361053
0.47226350814766316
0.8050464777213266
0.9226736408610972
0.9681456653171054
0.6241098595335723
-0.006458239812172639
-0.7520044031362467
-0.033715475766632697
0.06515221688186679
0.25510429244145194
-0.9272473203839837
-0.1372931363430958
0.7720881964724633
0.7999791309242232
0.32691220953953737
-0.7807766480065252
0.7799037112588343
-0.1900888691740097
-0.3160117137793199
0.8685590452066387
0.6886519562289037
0.12284256505547408
0.3152082416281161
-0.11737935803811195
-0.22873097422853883
0.32951108662452877
0.3290735965883749
-0.8158100131133184
0.8241016054659334
-0.5695207880803039
-0.535265967586793
-0.6425657623447036
0.29992515247935625
0.7463474882725187
-0.19130107617412162
0.5369333998042725
0.8678492502704513
-0.497977613981637
-0.8597412564506866
-0.7207437505764762
0.23218530780266278
0.11565169253261631
0.47170018847018014
-0.44892366872139045
-0.7082140231791598
-0.6160781059141016
-0.28448176611139764
0.18993857490988741
-0.4681497138257056
0.7213953218298403
-0.050901007709849067
0.9192454079567145
-0.8276512181869609
0.7101797428289183
0.9377298282505528
-0.12841686992018775
-0.5732246544076889
0.6986790103787708
-0.30869244629451886
0.010840692800472729
-0.4354258037145049
-0.704554915523887
-0.10355313362551732
-0.8557738415156517
-0.8935640911662472
-0.7217123463051829
0.5030434092917284
0.5630133193055256
-0.03028247100158632
-0.6415928041170302
0.09285477513823293
0.14861544002960825
-0.778420895594905
0.1274436302187567
0.9608406058092374
-0.5935582573040539
0.41591648835922856
0.46487597230840993
0.697490359924007
0.4825282125577921
0.3794975036410042
0.3966454665712327
-0.9685853564070155
0.6648274877644145
0.31528211476508305
-0.12848024118779855
0.7460449034503251
0.5319583517782511
-0.7429141509963233
0.1749875028014387
0.5176131638318269
-0.31679415478176076
0.6200348057192941
-0.7150505244293213
0.9945643980028882
0.47131347852382044
-0.566350374026166
-0.6501958067825939
0.9760048578891616
-0.444753447993244
0.6420721235058644
0.3973339891579588
0.07276742850651963
0.6095639944111948
-0.029172387252674126
-0.47784138025806167
0.1915552553673996
-0.5967566161571007
-0.9157643421657058
-0.39405108382825293
-0.8326378272604067
0.6342170839643995
0.41456794104505
0.5759124021464355
0.941424512485167
-0.03866001715990697
-0.02769006277710795
0.38588497410444345
-0.1762078917314689
-0.311659748402938
0.6761944596095426
0.03825285072781881
-0.10291676740806732
-0.5111196953083779
0.601715597032211
-0.08238851253964663
0.6888980943978891
0.6782024458639522
-0.7998098559083144
-0.08509571479082756
-0.46693053047092725
-0.4036996484668389
0.10051928859532033
-0.509064009887735
0.4009372217283993
-0.20465660689051246
0.1295839269552035
-0.10130373575960228
0.9602083270808224
-0.42870778249251473
-0.757946367138062
-0.7620030461363678
-0.15288670874902732
-0.010118804308433926
0.783197453771542
0.13954180610772515
0.6355442330596521
-0.7010423372431398
-0.40815741147869966
-0.18779876988685862
0.46473249398091276
0.16353984865148896
0.5832907429509993
-0.5482232299181549
0.29395921421945004
0.7255576261646244
0.2761872074105829
-0.2749450298419305
-0.6299333641976324
-0.12871737401557382
0.1631524909059725
0.8384631329336887
-0.9359016296612865
0.9643300087899631
0.8481658705001278
0.22811176975647784
0.5714236157378572
-0.09988050748463717
-0.48769638232807044
0.11607828979926937
0.5265341348168462
0.6554877447910366
0.8453782740635496
0.20760935387228807
-0.6553147170367557
0.07061677715378822
0.6658938113343067
-0.06803968653009229
0.5971564602323924
0.8764642412767853
0.871832535698017
0.309012330868095
-0.8794291024326977
0.5447129121260241
-0.613147572122549
-0.30064075276396407
-0.0405874986702206
0.9398594343367168
-0.02505419494271477
0.28433909677909797
-0.028628850409508244
-0.09108532301255079
0.47293179320010426
-0.28489807948821455
0.0006218029744307074
-0.1516605358193437
-0.730441860039226
0.6864178704186847
0.5084608450229748
0.9272504996459321
-0.9798619020688446
-0.6557145981523986
0.7333900930433765
0.24120352812701018
0.15479010502722268
-0.43961830435894944
-0.45160269742231685
-0.9936675797969892
0.7363767121115272
0.12032673860321697
0.7784218849353843
0.0810982045355031
-0.3117370968064712
0.638074808785074
-0.5911419613490518
0.33157498197505775
0.15047620195100242
-0.46129535611345296
0.8603436230758703
-0.8925293497743199
-0.8395934023379641
-0.831776275849325
0.19321052236578828
0.4173496381891044
0.9086377117245126
-0.8258187749850254
-0.7834022425426519
0.05179902307072082
0.8558827418618085
-0.5845338759027809
-0.45200133074961757
0.37769988942702426
-0.9810173134807845
-0.7939328294339887
0.8671194917435674
0.8182109167134861
0.684312172607985
-0.6959680172812865
-0.11696242728866446
0.9608838357584191
-0.7020461996660723
-0.9793726649221166
0.006118462779388878
0.9811830761060345
0.35149313050599096
-0.22077321367314662
0.39215568052384553
-0.7597982641768908
0.07446747582544688
-0.32338236784156926
0.9544659996243987
-0.5249563605662599
-0.7503688012874576
0.7759393849112517
-0.11194137133686755
-0.3951665839140821
0.2688853076986535
-0.0367179032954017
-0.4425504387097725
0.3426329742057257
-0.9399568186118437
0.5942385888014372
-0.699450634492476
0.8714314350331749
0.05699061684415874
-0.7420984037840666
0.061630352289648416
-0.7608182073369694
-0.7337076094374104
0.19929755051958575
0.37559665813565046
0.7057702284060823
0.11593656346100256
-0.6337256642899065
0.4728915316273681
0.8562585139041192
-0.19878648871323001
0.807414716109407
0.4349835952259604
0.809595568876684
0.8950915403300754
0.030306999985745042
0.2074588368957111
0.5992299006941217
0.2197295780919848
0.9838567456627207
-0.7438819510392354
0.5200380549663739
0.35097024468852767
0.4770375087177994
0.7520440252205209
-0.32623328220357717
0.4908989887827251
-0.7353888703036056
-0.20769499136400782
0.41902230134003116
0.15738886047822187
-0.6845447354339407
0.46874302569164716
-0.8941137987370134
-0.047730649300990136
-0.929448297510159
0.05876725291828233
-0.2903945940235584
0.8419197998953476
0.44599637096946587
0.44193669554646653
-0.07625424750512333
-0.7941746821769247
-0.8290459452493502
0.1308391042213628
-0.39788759482810065
-0.7246692918272917
-0.825920695456013
0.9880936494913786
-0.34431933006059845
0.23366464751114369
0.344964102657096
0.35081992563619213
-0.742493451200456
0.14948650524924934
-0.38112729536733836
-0.48509945537020904
0.13189356497811522
-0.3573455357776718
0.12363755284810019
0.4678857641338814
-0.7016004704773016
0.727335643819569
0.7270596201212027
-0.6416369942496427
0.8753147634702516
-0.4688641008868706
0.06456214716975661
0.49266728215927413
-0.6712844048716173
0.5884812928419303
0.3689996663281436
-0.37756580747729895
0.04291943295311129
0.3716410797745744
0.9085006776520339
-0.38084275932029565
-0.9609531455704172
-0.5027921002293048
-0.6181567482388064
-0.10174228093623539
-0.28437043694653474
0.16187453367948357
-0.4098021153331932
-0.10927457400262264
0.5468523448754234
-0.24062490748594478
0.3704847627400285
0.3675214084205469
0.4093040801816359
0.9706518284416878
0.4271688029643925
0.386894157863108
0.30054613483255865
-0.8464928333806319
-0.8967896218540115
-0.17766065820356514
-0.29900422234520674
-0.3514391368468821
-0.8587000656763624
0.7283242201496847
0.7435158603580814
0.9560102996829629
-0.05094626119679613
0.2740881059558784
0.7700851354589173
-0.8458285506165619
0.9940076832245952
0.5965406473546617
-0.331223392840297
0.29805434497111105
-0.9457138447773523
0.4787078960931881
0.5478803168875344
-0.5814327680910973
0.9094724448307938
0.20633466916848753
0.8919782639142269
-0.3184459453326023
0.09545144375848658
-0.8589735447904747
0.2746188625288326
0.5467013205030924
-0.03725432467921119
0.997615783473403
-0.6913046905916913
0.8016854105633184
0.5202107143136732
0.9536465604868083
0.3461238087180971
-0.05302285264276119
0.6415665852077188
0.8732207235694256
0.8894385116983712
-0.169423188221955
-0.828384701769121
0.9014250809724003
0.9126953008947014
0.8529216510981539
0.9200956650191758
0.8716274202423884
0.4966936003651923
0.9983985016796924
0.006458485782799617
-0.3344974380456349
0.0004197807149353139
0.9569305839527273
0.2738232291327718
0.3434041892283515
-0.8023161659998566
-0.8537422489373248
0.1876028808248864
-0.5170760854809804
0.19018822822472603
0.7255062378779453
-0.2563949131136489
0.32120227569615145
0.6171238745430043
-0.19952447176825072
0.8962123027787929
0.812824525491886
-0.9745026139564261
0.6195710141924646
0.7914338358889663
-0.019584544963462402
0.6081251805555519
0.9758097156345595
-0.541256001133424
-0.23107173722311414
0.8042697525164364
-0.23423851510933025
0.47195678378345507
0.2546804374643563
-0.5642089728372133
-0.008983218647247382
-0.1138352755042158
-0.6205147610636721
0.4905691986322276
0.2844234986425864
0.26116534171543093
-0.7341738815078473
0.9784208174786091
-0.8573071995486705
-0.3034603284709132
-0.7124831124556907
0.20589158659796092
-0.7864628656236095
0.007377379190278477
-0.7930577554552463
-0.8388061121668675
0.2838201434370369
0.865263910438399
0.2470549549972656
0.5826886323122784
0.9820664712695568
0.46811618216487827
0.9909509400847074
-0.6893818854804334
0.4336255463933283
-0.08877157277007108
-0.12976608530271916
-0.6944119293702651
-0.9492433767580972
-0.6869109933903439
-0.5934579594115843
-0.7157838564335375
-0.5751675118431618
0.2255609564383687
0.6419200219377812
-0.06757478640220826
0.019901441314906343
-0.7912964555890096
-0.7217925262373397
0.19607633335888375
0.8269815024743159
0.27223989670639925
-0.7755315244227245
0.21564448177892004
0.9221752877803999
0.45717787522418596
0.580275137988504
0.8749642038329064
-0.058681307916099934
-0.8073022093905262
-0.2895326906146194
-0.3327598815118744
0.283744614350095
-0.014040733740088074
0.16940460540174795
0.9120550713643054
0.5387072825099426
-0.29680490502603796
-0.542125732504593
-0.09537318536993955
-0.46675127516182524
0.8079493281568983
0.3564605523669251
0.5782491841467869
-0.9028884173987948
0.3689704877470761
-0.7533776114083695
0.5228243855076626
0.6148654994706166
0.44820786996590445
0.1793573462240725
-0.9156212686960539
0.6485739825113734
0.4035809938566559
0.8200374640142467
0.8300563249237096
-0.9195648261343159
0.8902731179863264
0.30991279539631966
-0.7432352248426073
0.5306904869257454
0.6164655418512639
0.2878695549078729
-0.6308191743219065
0.2677113248563261
-0.9553621641022747
-0.5200207578500164
-0.15568781557349465
0.5900293947043107
0.2137505259287198
-0.5630676676513997
0.4718420819608993
0.6154557424432199
0.7284049533381116
-0.13161264624085933
-0.5059904693478579
0.374821929058204
-0.48040868157587124
0.8835840983918506
-0.8139291568736302
0.3234285987659975
0.12606775332911013
-0.9170783342773732
0.2469350963064425
-0.21168620561571028
-0.07086778850489672
0.7712790165427081
-0.5021830114075458
-0.7805423693035056
0.9904801441184616
0.671679124295611
0.9442641272391752
-0.17804969744130195
0.013620073523523235
-0.3207800658278299
-0.46106518565859855
0.472542694043526
-0.281180901183959
-0.1413443390496958
-0.34873031283306033
0.44978861135817927
-0.796824204876329
-0.09669571211439498
-0.4857464443693629
0.6840948969731724
-0.7980186081234522
0.34900615520255385
0.26227243995910987
-0.06492422586645596
0.9329993973105215
-0.22516318915819378
-0.5059816027336337
-0.31345908068803907
-0.5112889292299341
0.2761232209715798
-0.6258230955145407
-0.2589133761674596
0.7363504087714916
0.3956735361081216
0.4051636526385549
0.291385006828186
0.9871364301579224
0.21898590787021477
0.19819432761062505
0.3809974652460515
0.5856700429710386
0.6383142219852351
0.1289442383304309
-0.3155302404226903
0.9391958235028923
0.8816167531645802
-0.5130527627964745
-0.8748568209020484
-0.5451813615887364
0.468002703317943
0.9222203506352098
0.12552142121423437
-0.8318679458165299
-0.9844630423983569
-0.9786349444059095
-0.48157571995775017
0.045235893127840265
0.3716463190430166
-0.24037594537244233
0.15591631349437285
0.8038359953923127
0.12478375444868539
-0.11166632609767357
-0.8157227667207567
-0.6394001075785087
0.3082776407735981
-0.7229481978523147
0.7088115360566207
0.8004750447767639
0.6887752201047064
-0.23597473983409634
0.4323044772868434
-0.72016383036635
0.644993188533151
0.4622684762820952
-0.5098896182993375
0.35605385713849014
0.8208351219639931
-0.5210232132663599
0.0741090407691043
0.2999620680762001
-0.20578237218974738
0.7398924898108166
0.8500988009004646
0.057042856652496976
-0.9287166555341528
0.8305346539408851
0.3835490107067825
0.5689710276179745
0.06683340912899749
-0.6300353483576686
0.8984932081338066
-0.5419464853679465
-0.11583496151098172
-0.8567290767058322
0.4534132337475447
0.5353197555939873
-0.9587756613569072
0.7416639114570229
0.1256595411901944
0.8556712006049862
-0.05053474355147558
-0.17242493839310424
-0.604311115417661
0.194519011705923
-0.390894810074939
-0.8066658098670443
0.7186866214772885
0.943997141820837
-0.4464958402718018
-0.592464591224604
-0.6486947490229331
0.8913245819883475
-0.017008426899875584
-0.5168531600131698
-0.6001870196604902
-0.373868194543421
0.9082634488485706
-0.9676684119411609
-0.04840629742437419
-0.03729042112652703
0.16052474161607022
-0.9223887048132404
0.31133899185404235
0.5405385162955134
-0.03397605232189749
0.8631242229332929
-0.3820926913949323
0.3074015159488026
0.010676657078070306
-0.7086341809031871
0.1677644939340337
-0.18509835163667465
-0.7955398209738487
0.7935858754183183
0.7574663239290345
0.39985772472450076
-0.7784340397301428
0.3931897928299375
0.7456862496089047
0.9484111309675107
0.2456838227889515
0.23035205736879227
0.7709839822642706
-0.6349805109890261
0.80710943376583
0.36429594393371434
-0.7229538480226758
-0.3970373307971653
0.8275787188155568
-0.6123269498486679
-0.6168268516428626
-0.6973529247305541
0.05627510311436201
0.02324508438012929
-0.613494569814887
0.7272545955021121
-0.581949826055334
0.5445077997213694
-0.686085729784772
0.05936893725913883
-0.13814801202697446
0.09679006103054832
0.5247325377938794
-0.3068926672280212
-0.9498263395822379
-0.7694877939685569
0.22385850221817294
0.5221619593421178
0.9326653581469624
-0.14005407554636862
-0.5034151316321223
-0.8509979894217838
-0.038809563652616674
-0.7775529459766062
0.2773304631273863
0.09677593237084192
-0.19631692948466872
0.6844865742679231
-0.46542505013110524
0.29791801999668
0.06425190754225163
-0.23073676021286982
0.05581456545162666
0.6016419693571902
-0.3851508457793482
0.46912482314671533
0.6621399858951245
-0.709523657393653
-0.7358833522467316
0.301569548268817
-0.8173584132148362
-0.48220848972827945
-0.23240088630068612
-0.16756819822093383
-0.7847518111251386
-0.06269605640649667
0.4472262575005548
-0.47570534050684143
-0.7664701181141618
-0.9574611848973411
0.5343821467765559
-0.0401377092005506
0.7738196365494481
0.22501597620853508
-0.9985018552301668
-0.12391461859503439
-0.08294655890214808
-0.023047225339715816
-0.4347351078450523
-0.7635951030776895
-0.045626558752590585
-0.9789183856044881
-0.46265374507523727
0.5804912283654979
0.9574051419038143
-0.11024096180263743
-0.6420314210570817
-0.417452188966948
0.14286563497731986
0.48322383705473904
0.324984414054988
0.6800734416365766
-0.060730482539730124
-0.16240426408401354
0.383494427277177
-0.8278140405632559
0.1619535356198889
0.4462281561879755
0.7447417011340054
-0.0482336029936401
-0.4547421685330517
0.0875629735623833
-0.17597847810128142
-0.5526048233126462
-0.8945126882260184
-0.6751278028064389
0.39674345132606437
-0.3830968889178983
-0.7253288048611988
0.3174980199642585
0.39941864900701796
0.9604352711009063
-0.5445021267473877
0.6852202094164099
-0.13595486736121565
-0.1655315937819073
-0.5179075869807952
-0.6955023009232475
-0.04953385932569354
-0.8560161394289321
-0.6263775693555975
-0.14730403225332878
0.8534056313163154
-0.8336166362052371
0.16702029887187653
-0.5961578967734686
-0.5846179798018356
-0.5046244976190024
0.7825657536621122
0.9280631739581742
-0.3646973207954374
-0.07168170284314757
-0.9927481317235536
0.7983010940168844
-0.8301006040428167
-0.44752506341769016
0.6610843641739133
-0.1962784998413709
-0.2377388565305003
-0.9318942269306265
0.3631856159449416
-0.8457219249706383
-0.4331278255925557
-0.40410263625835663
-0.47140184931114826
0.9894140158693605
0.3972263377381191
0.5969303811688966
-0.6057694771170441
-0.6726169669234423
-0.8410295754315904
-0.1064567472876139
0.9085201970823813
0.3590589567325053
0.8256034140387776
0.19446217126084053
0.0598730478252798
0.3733637192687296
-0.7025233503259896
0.12849161000180054
0.5338977366152482
-0.6013249076192717
0.05710784112107126
0.31314524735151417
-0.2216854923625471
-0.27095692095829627
-0.38329686149320286
0.4323061190856632
-0.3409437251123846
0.09533494818500277
-0.14750649070488886
-0.4737195544560424
-0.15432353004045152
0.18685771023325604
0.39452909637534694
0.15694026512324544
0.9126985977549387
0.7803024737064539
0.5534232410936302
0.4230140552431054
0.8531484482836789
0.9756254188004447
0.3374471693605494
0.09808531928380737
0.0048486196132984105
-0.3737154768513824
0.9993416559811692
-0.25075740113086153
0.748524465451734
-0.23431993565616516
-0.6102604963701579
0.8720503051996984
-0.15492736992026424
-0.5191481500962556
0.23083328883523402
0.19372785258283276
-0.9247947432244541
-0.626382269554699
0.7795656901756598
-0.9441450735993819
-0.4489555350927388
0.4322964719596347
-0.1506299161755431
0.8252509918879338
0.6314563945044276
-0.09392970742328277
-0.3894616220722691
0.8190994247921697
-0.9541147172935951
-0.5899897729561232
-0.5281181647118027
-0.9940911169011544
0.5585790598309914
-0.18662455851529214
-0.6970807747921044
-0.8754277691395611
-0.6777676284151715
-0.7614104856839292
-0.8322350274673935
-0.30061176427803527
-0.6409475712039299
-0.2026594300400968
0.3457550322974261
-0.24904580077826544
-0.3347920851567554
0.19203713385555732
0.024342061075547594
0.17518002602426486
-0.48555211857094593
0.6548668629428169
0.5627751042403761
0.19250297211993006
0.4060451780097254
-0.16296246464864428
0.44268734173019086
0.3398896161585401
-0.9887754252143957
0.8146423862937944
-0.623797251436206
-0.08609548798851518
0.6944879554881611
-0.9377458266808003
-0.168297041626972
-0.4746740634765152
0.5651465243845535
0.6329476244618064
-0.01136048516111754
0.29865518521420475
0.6895494474486916
-0.09291575161336607
-0.28318611503922186
0.8700755322943883
0.2210596148741315
0.8313780161459445
-0.3463052360820891
-0.1315660660958291
-0.6433888071029665
-0.9851323663203224
-0.7461804183722238
-0.40693659763090717
0.2767592147504807
-0.5096364321293263
-0.02520313586893974
-0.6027780595447652
-0.5402332079467271
0.851071639594146
-0.2702932432792451
-0.8338758916244597
-0.3156463313826159
0.0009284203118429257
-0.005314552862174748
0.4496381922571788
-0.7416664013543932
-0.10404210731606334
0.051869183378173256
-0.05119351514114112
-0.19410376659668582
-0.42080002914079917
0.543061680424684
0.8268930409210733
-0.25549175813509195
-0.0027126874970977433
0.5577189530165383
0.609188033078393
0.6441259157985668
-0.40829593441348044
-0.04850264264352244
0.352023799486054
-0.6415989202551846
0.7487694260537017
0.8566625825811305
-0.6447995022003608
-0.4250529798241627
-0.8779113885391272
-0.48168484706834724
0.717991801378266
0.653157136044149
0.1630520685926633
0.049222973113398405
0.23970396652962278
0.8531125869222917
-0.6468734832434617
0.36469264868895057
-0.2557793369377872
0.45593213738910854
0.13038759716281367
-0.8087911654109445
-0.4324657057437693
0.5725505267066999
-0.4253146426657932
0.7207806583942771
0.6598055230577
-0.19233634512763365
0.30404354643730525
-0.7924313888217502
-0.8025003789105842
-0.5425554129861303
-0.6452670024386089
-0.8743046257938476
-0.36104223873265373
-0.18711889758736722
0.24814772212907998
-0.8463089442932106
-0.9638175240433158
0.4958712468860116
0.786671309532655
0.8423071959875481
0.7583162601598277
0.27418159618334403
-0.05710590403356641
0.6050493793593701
-0.04392129199552408
0.7157892623663953
0.2805837408317313
-0.29834416729594615
0.8965018133353431
-0.979187986388286
-0.9067856961608385
-0.22224011328758553
0.15729711956718906
-0.7473467240635097
-0.08832460385420093
0.49272972979331486
0.360691485407044
0.9680820002209691
-0.8463976562785507
-0.007359761960963995
-0.05160347160214096
-0.8224213392104869
-0.052721159394534256
-0.43733830801678897
-0.7149124990995361
0.3790616145610206
0.4331211025099415
-0.6869242737549572
-0.06365789220560969
0.5384191069082094
0.360599776968602
0.9354516914675299
-0.874045554826324
0.6118110519897295
0.6809167781362819
0.27703535492280285
-0.06354545573466575
0.09337377530768198
0.11973378072604834
0.20797986855609563
0.9470073565740886
0.283106651415592
-0.8115594197339773
0.9372198048226132
-0.5714976671744891
-0.9664942593040204
-0.9439594908750624
-0.1590701912501813
0.8807988664817517
0.4458220409963334
0.48046410186214117
0.8980737834240797
-0.8942543888468606
0.9994012432747326
0.3220863239318634
-0.7578959444403515
-0.7031919593032536
0.44329681269447696
0.30767123076974734
0.19118259948512195
-0.23325218634621492
0.5657444749751979
-0.7956233789413394
-0.9630825615993424
-0.3987762980588303
0.8400207793198309
-0.16379398481422847
-0.8031227920843558
0.7315517064005961
-0.7088238843970622
-0.15479786545666463
-0.41300831394800963
-0.02074567455740217
0.9931216499237796
0.7974668496656927
0.6356218193827274
0.23882505610153082
0.1669272350998714
-0.46118420075663247
0.7280560408205479
-0.4785823685922066
-0.31437210878578004
-0.46596432338036453
-0.4520420143112953
-0.3959195220961742
0.09512954497800097
0.08745739548415599
0.877250518353353
0.4758820094711198
0.3056019496837725
0.2886925133849796
-0.9807762778038212
-0.6251398858468447
-0.13247420710972824
0.8892026918407323
-0.23521970436503215
-0.9649178678096346
-0.43921603398211895
-0.5104248060108267
0.6477431288231437
-0.40772079780493464
0.5383912028049336
0.8974716529927169
-0.24125885358584243
-0.858931049357087
0.3984711098195324
-0.6113563359339518
-0.20218159568186778
-0.936634297655623
-0.23365121140696998
0.16064598209262604
-0.1341915045007258
0.4559082890637196
-0.2847801014632436
0.6264627249540966
0.8806845005742658
-0.5780434301279349
0.2256678357564894
-0.6729285793211335
-0.7028292509081737
-0.8569347045770797
-0.7139844277424048
0.7076073894501147
-0.44047944861960486
-0.9743015126957533
-0.04285288698082601
0.3006888646353345
-0.6199560816887164
-0.6627714533759632
0.27871265045977256
-0.16073885950112743
0.9652270917084949
0.8076121881937683
0.7971041310551048
0.011864599373857976
0.33069209847068515
0.1931708888494923
-0.5829158400295515
0.8045605498346313
-0.9510831899848906
0.3970808582052783
-0.0635333373420377
-0.6667469673566793
-0.8257074568593277
0.4185525719847123
0.6750793808930868
-0.763769539997293
-0.6525195191459758
-0.7257351769705422
-0.2613730599101458
-0.0682978011261417
-0.27830399867660605
-0.8055412813706777
-0.35867409399827066
0.7104407851242232
-0.9111639341819389
-0.715357115247083
-0.4686960653973844
0.9219742311453463
0.5279282900809765
0.02309632901763492
0.8081704578196143
0.6095063745048479
0.15015305458185657
0.7829744591827039
0.0246755854012366
0.34059586953704923
-0.1421482722555214
0.5604806775665376
0.049984218430698446
0.020884522639095016
0.8745605442809641
0.0011774328042613025
0.9171073538212322
-0.9742206247998055
-0.7620833174826285
0.8104441966226701
0.8312781759592844
0.617212096439332
0.33388102947867715
0.422975904189844
0.5067629441428776
-0.6964603868081676
-0.15178224266713003
0.17155174064950818
-0.3800175888178834
-0.08591032095801476
0.9645475243974007
0.660416556307396
-0.7249757312989118
0.42188056383582784
0.5084963123453565
-0.009143321584080821
0.4096117131581254
-0.9470386125390311
0.7087003922244568
0.05922886498885416
-0.12594611562381286
-0.0625144233725865
0.3812140233919834
-0.08794483407504017
-0.642092090045417
0.5067320513646933
0.2567717798016045
0.5389513380361706
0.8418457146689919
0.29908530990491644
0.592888654796704
-0.5927858698258257
-0.31188503742689555
0.001997290514466288
0.43896583323975324
0.021776553490522765
0.8146787135854316
0.212924847308108
-0.3551351229416746
-0.5015315999692898
-0.3787797650107143
0.4854247471965236
0.9891952549085403
-0.9207134325872406
-0.3983854293403579
0.7759499706217583
0.2031353987675224
-0.5403568432600157
-0.4367518195326494
-0.7401830722798894
0.6797914597346448
-0.8013281252747211
0.9561510564460469
-0.02333023450447258
-0.7212199012623559
0.8551247696093474
0.6833050533484681
0.15989228094063312
0.2976881763085788
-0.045730001477977344
-0.0540077545060047
-0.7157324962653009
-0.6086556464107218
0.6080000570097863
-0.9438831604817914
-0.22367323123568483
-0.07900042403956653
-0.6275823326102048
0.877808665502519
-0.817903444432029
-0.619212836736402
-0.4606503459393503
-0.34690261656202037
0.3082529659808919
0.07512494796531088
-0.5096903537796948
-0.0959733892913317
0.5441063455936244
-0.9163194064810736
0.12572071493905712
-0.9008160738342763
0.0962289891887731
-0.24346230290247894
-0.611987972018357
-0.04607583678037863
-0.700250589347434
0.35666509237091937
0.15748130310713937
0.7375889355805467
-0.817630427895514
0.6918859060973355
0.4221923558691614
-0.8812671091352438
0.7288058608602892
0.11139864916509312
0.6565829525879334
-0.8398988824722322
0.6481904405814345
0.0013816677878881745
-0.5960271388563116
0.5999830949340239
-0.5068642874199181
0.6752581081349807
-0.5366029922568389
0.810794060371256
-0.8715628242755473
-0.7061443008696491
0.016115941856224447
0.29946970254764427
0.8474007452282586
0.1310926241515067
-0.4999748851568009
-0.7957136435379399
-0.57609297649199
-0.9424940142747404
-0.904296641167714
0.07206035483534778
-0.5157167260695745
-0.411359462203962
0.1543491044005132
0.15665589554428117
-0.09289665290699656
-0.3392052808548902
0.3950850906105181
0.6671092524954705
-0.8301099516638668
0.46781995783305574
0.017408699607245115
0.06727528206194178
-0.18690769854011946
-0.13755480554640664
-0.30251778057431356
-0.24691172369076098
-0.220147437853339
-0.6057281191525983
0.2851610081301985
-0.5761706497625025
0.9394722048727326
-0.8946910913138595
0.13482955754098125
0.5050321373553035
-0.9561541678294441
0.41998784768818376
-0.7591089383035294
0.053567400685228916
-0.3138923219426002
-0.5776115737688274
0.08432572386759074
0.7239940018672564
-0.7182310298996519
0.2719753133514047
-0.45690292295718216
-0.45678609047700824
0.23948976984989478
0.9423282971212896
0.242815514836197
0.6659239297100701
0.7497544502994355
0.5752291810399
0.9656388888157246
-0.3301937782591764
-0.013525426806944907
-0.06692409004650379
-0.34657548431195506
-0.2496617589467256
0.38975072806883837
-0.34269869193034697
-0.531115853821087
-0.07562311549840839
-0.7204215597188395
-0.09306645710492312
0.005727941741460185
0.7421069403858558
-0.1744424567390821
-0.5233808651618517
0.3637056693711711
0.7079375115950706
-0.9846973422428327
-0.170991371312458
0.11968616328319603
-0.6133097520979331
0.5742154760664206
-0.7485823942243075
0.6319818471986318
0.26356916304728384
-0.3654537093287802
0.4775034936440521
-0.8260649609525106
0.5282726425932371
-0.75022072023804
-0.41034682758705365
-0.6273465327084851
-0.9042779446329772
0.9635580900964718
-0.16823924181774252
-0.6094536834548567
0.9505693758895761
-0.2676208144221306
-0.5366682508526084
-0.8629686165830566
0.4306654202646103
0.5056791710689355
0.3692127571428039
0.12275042483490894
0.5650263196685836
0.7954701955867296
0.32709250593418027
0.05878269690046589
0.02334645950848313
0.8218744379016845
-0.30749228280892993
0.3201175659484028
-0.5325276417941305
-0.522770843743031
-0.8359857221308264
0.2764587115799473
-0.18629343040352753
-0.4836755952789866
-0.10057160654484054
-0.24899089387212947
-0.9872370028370667
0.43729917895284887
0.8291401496277351
-0.28139290155901264
0.2808319252522766
0.10663355443402955
0.27607047899474857
-0.9764352658664459
0.4565934817286219
0.3803954580404638
0.25246088992285154
0.16528160065739272
-0.9563764769852381
0.9926092424176325
-0.4102728025084037
0.45039194709427965
-0.3272445623926501
-0.019073219024686283
0.6251148589152813
0.5451503996820273
0.018096215701616458
-0.5246884846324154
0.5905173491533757
0.04622159945273663
-0.24609605200415263
-0.341872042082779
0.868892375190176
-0.6495300680364673
-0.7597843873822909
-0.656547396902937
-0.8707665417001118
0.8795215836536525
-0.7222046848448669
0.5636941075114168
-0.4483725429843948
-0.2918102124568469
0.6551018255417362
-0.8453803412226282
0.31108957976592744
-0.15090775916603438
-0.28129496741409166
-0.7540371379298398
-0.4381945431678056
0.6757552611865916
0.8462851391999546
-0.18222068098041944
0.4747820365487587
-0.13508030715177588
0.21047320375085743
0.3514771573915936
0.9967894281412266
0.3678070998549614
-0.5362899069757723
-0.7842292102583759
0.4026177695692721
-0.3191225805490181
0.06375930387506878
0.7878592650054665
0.90702560059185
-0.07541252847812441
-0.5196539983327202
0.6980480561101468
-0.06368133915282059
-0.13201848078435652
-0.08126272589539241
0.21596517940958204
0.19583465085781593
-0.11181797731905219
0.9410933602909424
0.6525361152169138
0.7959484397715595
-0.6590708636986913
0.1832121971067222
-0.8545566781037619
-0.324520370614519
0.16350105637675116
-0.8971547768147352
0.23961285768087603
0.9975451870678373
-0.4307544741350826
-0.7124042173165153
-0.10743552122806266
-0.4324679663772295
-0.7358138821144391
0.5012242475235695
-0.7375539789619407
0.9386175633637921
-0.32901933879641576
-0.34311758992647023
0.9839700879573843
0.7821595002502755
-0.4659527978710991
-0.7448021902236777
0.22773328654734226
-0.04142961257681699
0.029007440178475452
-0.6891475725117542
-0.565219099935192
0.794233240738325
0.2992321743449733
-0.9901829817077914
-0.9902051953757587
-0.9574754930685376
0.3796840954321252
0.07902215186841399
-0.5117518904667206
0.34153062156162184
-0.6304660844707743
-0.8051886247903721
0.852888283441257
-0.944046127438116
-0.44720340371325906
-0.25685002922164046
-0.00438587578599936
-0.11036671248999252
0.8319986089590294
0.45462517126653523
0.47706406263996604
-0.842378008519298
0.4547086448322035
0.9522214239132611
-0.3601632625692657
-0.18405586064093815
0.0501698169795064
-0.019841576343803347
-0.3760453331024729
-0.5933294248052585
0.7708681889056626
-0.1767242040435839
-0.49922276074568317
0.32720414713424995
-0.9293082783167419
0.20782679321503394
-0.6971631091982513
0.9007809919029199
0.9429576930778221
0.22273581995758707
0.1771999444784551
-0.827729117441163
0.16422890048771133
0.35878372776046996
-0.09260314881374487
-0.03809567084870724
-0.10710980906103673
0.07923872966785517
0.4915322469756269
0.3128772295537656
-0.011122151690031723
0.4135606669664047
0.6399539985595992
0.36434339162441987
0.35266061111797176
-0.9468522104998276
0.16101005838627214
-0.2901231001315616
-0.6664291034898895
-0.8892500442358817
0.17391584503321877
0.6446521378671455
-0.8616722228270222
0.8512900660261276
0.22311296004410397
0.6337832603676212
0.6024955030871153
-0.9399192534210228
0.787682443688829
-0.06319951395479606
-0.9012668091726379
-0.3073408434857128
0.6717309442708059
0.414602214575746
-0.49244414701699313
0.3094858961674978
-0.5682030531732198
-0.8374272257993962
0.49490944185890884
0.9673939179839641
0.049553111061115374
0.15057421918506808
0.03909540934860578
0.9869608532996232
-0.7614279628200822
-0.7830584025268197
-0.4860173784504511
0.8964841046013119
0.9699245487735633
0.3499524456547898
-0.31987500666607005
0.7196311482225719
0.9021329863995553
0.4425899576137262
0.2818322074829218
-0.32737845648517583
-0.9393169025114914
-0.4347214756003883
-0.5939364085444996
-0.7245428984681188
0.918420412312599
0.29795879547445825
-0.014826771320001653
0.507775508280929
0.9078934996170214
0.9363292029104466
-0.02153521438917161
-0.4635167601596055
0.045713298078396525
0.5838989453451484
-0.5885027077774587
0.7772528653600592
0.6327567864540375
-0.8191350108058555
0.8177382268628313
0.7658941533530388
-0.3088546046760605
-0.5907223304621765
0.12358677699536091
-0.07937669480583187
0.2929407781136242
-0.7612249533413378
-0.8166203015096445
0.7728553961786797
-0.4003003931191731
0.2381821942347333
-0.20106853350490272
-0.5519615463536889
-0.22784055718982277
-0.6727406500123361
0.5454332757223699
-0.05669015643329489
-0.26755054215421326
-0.2956720193925684
-0.020138214362880325
0.24477038106391347
0.7454375111450802
0.9601360125505867
0.3364368910580866
-0.019448718673713783
0.30212424853376696
-0.7981164695039784
0.7203039839953675
-0.14458177267980976
-0.7026263288057881
0.45783836859369
-0.7314117706647065
-0.9404565920025587
0.032011448777250484
-0.7130480796452656
-0.735444638871237
0.05917942800634868
-0.8088394556968623
-0.8273202625976697
0.1830845013446034
-0.4162550767722233
0.1293984616151398
0.4951337821468862
-0.7611675806541309
-0.7200137996714187
0.1678002852240168
-0.315703000383722
-0.4546366410997156
0.028049831579319395
-0.08277040299192517
-0.9209942776612274
-0.08721477540210598
-0.4931486595958283
-0.6965943800917964
0.9210286686876092
-0.5233417052880065
-0.9112358378771308
0.40892723937062536
0.9794359003379494
-0.8908300222033805
0.10780461227331517
-0.20085168743103687
-0.5057071035269223
0.30519816247245113
-0.442401155890382
0.8023396488538459
0.40335389132307053
0.5830809495711939
-0.11463213023229346
0.5709680809142188
-0.24055929153722988
0.583577225041215
0.021751231841089513
0.36733438465433443
-0.5024074342882252
-0.36676926567804236
0.5168608241547874
-0.03097858672672782
0.7382074989098135
-0.14273067679054452
0.7776365448239781
0.24855330167898582
-0.9519303944712978
0.17252273488454262
-0.48371804385030903
0.5110628247019187
0.7705824055919002
0.4814009057330455
0.23398774644465936
-0.35188970667454944
0.08291421270998889
-0.3144613887016283
-0.22372547251091035
-0.9760128950598885
0.0963932268117027
-0.30808720268197765
-0.24139822978804593
0.09986346021062453
0.05724651179601947
0.8173404725000304
-0.26553647889309495
0.5893856578277064
-0.7886848610121235
-0.28713727617847185
-0.9119043767453834
0.6745646275505341
0.5375074299316349
-0.7169991187596152
-0.18278590609872603
-0.9944326063285229
0.5696852384709654
0.5825908028383
0.8324593557930664
-0.08255572565714364
0.1606148289372471
0.12995526849445405
0.8836995012976994
0.9644951082040412
-0.325463917758158
0.903196924171972
-0.8666181791787715
0.0028888805773503723
-0.9099964929989288
-0.2980230520329539
-0.1697155200717022
0.6337879655605634
