0.5217180440829647
0.6217675815672448
0.2679712136462131
-0.35858795984045644
0.7519895303870936
0.7981194334936572
0.6312365405696372
-0.4891978000103665
-0.25744292548572
-0.24941680917179965
-0.1847345805857863
-0.9441726307591947
-0.6285462639748143
-0.7625136099603937
-0.6944380879102887
-0.09249999095282946
0.5609833514350437
-0.7338652322181518
0.6881283867216523
0.7785556175665689
-0.7741641852412728
0.12002343015639538
-0.39363124748518086
0.9764324954788002
0.8380044011443295
-0.2019220912605748
-0.003833057959899744
0.7960241308335354
0.21151740518061835
0.27490617925122374
-0.7284015302647102
-0.6990285675627754
-0.18666600475115436
-0.5890405250264181
-0.7179605760162404
-0.2213447279902374
-0.2726962202359451
0.12828684907192622
0.620695974152655
0.927690866992888
0.9432107718007949
-0.6414043279218014
-0.4702677752868787
-0.26182563930681013
0.5553925612850248
-0.8327978433952481
0.49989428575232275
0.8981569836867898
0.06348386853094135
0.3413736128161493
-0.41759588400734926
-0.9028978631234441
0.8036035791430085
-0.5626486318992743
0.30574915368651934
0.16509464489039538
-0.3491497091515885
0.5783016086903974
0.05357868934294263
0.6919834345031175
0.13165674339873923
0.14516414662112354
-0.2690643165550415
0.2803588253963434
0.7882683252587173
0.1731907419497405
-0.3408341004024411
-0.0639148967856098
-0.6827021670281481
-0.9952437282976923
0.4725433814757587
0.2804635788659955
0.9670774099965431
0.2198187901371007
-0.06608900013954244
-0.28278963060798934
0.5993805985076317
-0.3985313300540563
-0.47829043474835253
-0.6897429916783024
-0.9273924020047764
-0.02103476370862989
0.831855396580738
0.8900782161012613
-0.5507583107911949
0.1337123713703554
0.289322997819073
-0.7207060911836098
-0.6127903886062678
0.33356342630500846
-0.6473573232500764
0.442366161986963
0.5605646179160872
-0.9268358201324571
-0.06922760378486004
0.5773108138732321
-0.6065150677891484
-0.7687921080512699
0.40886190606286954
-0.5889210791773811
-0.5492005113194989
0.5908207516029254
-0.1499492093634247
0.13468435985473692
0.8256035333662088
-0.19001566737624653
0.17968795583078778
0.045603255011017474
0.7985204230777732
0.9271084093470183
0.04485735745200192
-0.014983242361558347
0.5884491904434488
0.6466779708829009
0.23105264495622824
-0.8663224030230765
-0.4555835030274522
0.34518438252585093
0.8797093187937726
-0.05619342663339166
-0.8407466668698582
0.9863764914411532
0.9365048917415932
-0.11582883703295699
-0.11905212412949373
-0.7378523169019735
0.1607266635243234
0.3387423857676608
-0.597281747693079
0.02165362643289237
0.29292090740882726
0.3898161513975271
0.7273594816794124
0.18441843759511922
-0.1866857956242045
-0.774790950218855
0.6559669098112124
0.03607455846692109
-0.8325799936192964
-0.5032941742616648
-0.8454758192215166
0.4343631290635983
-0.8576900662732763
0.010380307237912945
0.6995219334660114
0.3169201338741381
-0.9367465154072727
-0.6111324178584514
-0.1621933434969458
0.1144606971055191
0.8098351430245379
-0.6882650333200493
0.7963241524045797
-0.39761628035719077
0.7553184167068849
0.6456171929396688
0.8309680836764424
0.9485181189594327
0.6606408512408719
-0.7806022616924659
-0.6748048552946366
-0.07796447380229332
0.5904258480048781
0.9117683988557566
-0.08708264779482588
-0.47564596171562856
-0.2452457839303155
0.5230491683322513
-0.8576560120788594
-0.8667859244090073
-0.7001361870933738
0.33954129883842166
-0.42047730925450066
-0.3533153887368061
0.12120945040035114
0.26320062524010956
-0.5773355523123718
-0.42104161915610416
0.7657303938163003
-0.0463914299235022
-0.5853090400070935
0.28541687289766293
0.6124121250081116
-0.17964096522216066
0.09764621677671959
-0.32208022376322987
0.6163881487174083
0.6985124397422688
-0.7237355579035425
0.13141785709244114
0.8627309460956509
-0.8400112882953612
0.476908899861447
-0.8379335435263251
0.9996847018516888
-0.6170045920964282
0.26022049724924323
0.4337041425435253
0.20730597696128328
-0.15039795436021652
-0.899797482576024
-0.04789491565963133
-0.5898842924116035
-0.9089015314304509
-0.49767542196369563
-0.12320429405608535
-0.7450769905113919
-0.365697619508911
0.01418611571701378
0.5183841531275171
-0.7455840840321053
0.09818789748495904
-0.6436152658240666
0.9264796179219525
-0.17837845424209253
-0.256860644801006
0.6376824013980165
-0.9167566714765962
0.5244605003463507
0.44827493631379656
0.8695825124784493
-0.5893542324183099
-0.3711469851431579
-0.4701209804175839
-0.1439387947331503
0.6782200877136477
0.6624831734450496
0.6264364153095838
-0.7653780594912636
-0.6949488601908425
0.8740832128691678
0.34085467879575315
-0.7691607613815847
-0.720787825869625
-0.7304080366162191
0.4836829422639035
-0.03133065039894367
0.9913720419542911
-0.7314636627968158
-0.5573567519973699
0.4068332625662321
-0.15512585083519825
-0.8539398697145235
0.9055921257315571
-0.04075798514993001
-0.3321453842711013
-0.9971232453886172
0.6796389414921751
0.9409658815938933
0.7125852053895239
-0.3912881975610598
0.1269889949593881
-0.9321248329887974
0.4295330856308748
-0.14655514752384424
0.07054017962266057
-0.36682704321282045
0.14281183689618704
0.6505809775702607
-0.3687197858477902
0.15580061122587274
0.6911282445905094
-0.9562419766093679
-0.6286932269268675
-0.3513093253133257
-0.099635537978493
-0.2135859152823718
-0.8874169187907639
0.9266887342681112
-0.030862283224513343
0.5646412356487656
0.4515466125111538
-0.30498542102580717
-0.9628218479537138
-0.20485911285632774
-0.6674197823467556
0.2812643602370901
0.40760064268319973
-0.0041222182586868605
0.4508866110103462
0.5618510256932043
-0.9860541197347883
0.4812683772254682
-0.9337132668206589
0.20475734014665004
-0.828022166189984
0.18964963497230225
0.7053123690922787
-0.13519649082255025
0.8772208624127129
0.2746641790750872
0.9805355820431954
-0.12979746541736148
0.7071858563365343
-0.6221110474820588
-0.5158935964178066
0.009806157687499928
-0.006198064233678302
0.06591327240874723
-0.19879780911378475
0.9963501076760823
0.42138878370792043
-0.9716179812314474
-0.8157308896275006
-0.3919674745221524
0.6325624915404853
-0.6209755096587979
-0.3678071707166408
-0.9394930994921655
0.627866272377233
0.2381964322804544
-0.06263309006000295
-0.39284440012345856
-0.42756552818886284
-0.246698861221472
-0.925976514972433
-0.44061217912728834
0.5591721996364347
0.12255919344246813
0.7523456817641145
-0.9222212865580037
-0.6952133348787894
-0.4631354821001257
-0.44791054556034693
-0.9589623394785807
0.34515167502324084
0.2650833234670835
0.1076374436060814
-0.22655125085871042
0.8577663804018565
-0.09453939446830328
0.285324350846897
0.4619632744114852
-0.3457778991794238
0.37610019247657833
-0.9762255866779737
-0.9638509816655123
-0.3739891564570632
0.7985375023377976
0.27017331327157534
-0.953973514591808
0.9683469253473795
0.8882043755533662
-0.4823265180367897
-0.302186586063941
0.9295421617276418
0.7127914119385461
0.6551572380157076
0.505799246540692
-0.3586495743793514
-0.40243301709803747
0.9544328123518744
-0.6029617692015057
0.9303318704006085
-0.27730432413844697
-0.09386653007667589
-0.2962884931348877
-0.5163704173075552
-0.3835236257329804
0.14507923166664427
0.6856886376690301
-0.8561317697488002
-0.2340858876097931
0.8474058006496374
-0.19074322745352057
-0.6204207833613244
-0.1855530661361493
0.5976377682566998
0.2897903967768496
-0.09015709021999929
-0.997464838216573
-0.6734298444142033
-0.7536505447874244
0.8698756524594526
-0.4902077848807056
-0.4971157843294609
0.30166449755152724
-0.7679784897311408
0.8554935311811547
0.2205686660577082
0.3629851577286167
-0.1802419814115397
-0.049003553066281125
0.24317782991013304
0.13708365836422276
-0.5175862861006288
-0.9689066826650643
-0.14106636063093148
-0.06797531266286017
0.20100547415778647
-0.378252117885429
-0.04389104665176613
-0.46370443713223564
-0.8818426963371975
0.6102743251529776
0.6066994658016032
0.10006305482768107
-0.059597202380478054
-0.0044299304063772915
0.23153071863429808
0.1992566251305099
0.655995140355879
0.47805306244215884
0.20987851531846125
-0.22376645647231852
-0.4255807020489224
0.4797568920613162
0.6998330988902901
-0.7929105922859176
0.33815521505450774
-0.4038457579666115
0.16453174802923587
0.264501793111632
0.5106165781962555
0.9775332234829732
0.33277250303754613
-0.7110295777201598
0.9319503349288605
0.9635873073106693
0.37708854273233805
0.2730844342736449
-0.7652770672014002
-0.19904666692956519
-0.15128468197979994
-0.8037010582434574
0.22645137927549763
-0.36176096313664097
0.030264591859753054
0.8087293915296749
-0.023131620985382684
-0.39252282377282754
0.3093671624799774
-0.10084548630084833
0.369965042884949
-0.5301825073158704
0.505152314750545
0.835034387108379
0.2159758651715964
0.5775306484153044
0.7730589698281045
-0.1609796320534591
-0.014784584906224918
-0.371674963776766
0.871980638217815
0.4880141524220445
0.262225598359219
0.39564754303983163
-0.4635404978282802
-0.9502646327437612
-0.7591160137290442
-0.3593968638562328
0.4854108303602034
0.09045656729295826
0.644441163668781
-0.7165304746733734
-0.41419559080644985
0.5262794281019094
0.4654312540584262
0.21225157896635993
0.740367389469073
0.7549205332119862
-0.3969249684292877
-0.8161760491388859
0.7076000864028176
0.6242196007313112
0.23107014755151978
0.20299243625379004
-0.8058529070705107
-0.19332104979858622
0.8030391132128669
-0.15952039009019026
0.9925116059734331
0.32303380755573996
-0.933849238178454
-0.7340253685401954
0.4559051326653616
0.002577254708751253
0.9253351811145905
0.46520650372286965
0.6154812594580479
0.4771546562124547
-0.650743550997978
0.13524615408424978
-0.3673871055709763
-0.6404734358786963
-0.0554276641396525
-0.864435849927188
0.4520373596079412
-0.07107085770528032
-0.92681683133121
-0.6899557772767813
0.2784948884996681
-0.8672807689951139
-0.4065019199587663
-0.31258503860843945
-0.5465580852175438
0.8573529532873798
0.42063224874721983
0.11979392240627451
0.3952743160260872
0.5373720496219079
0.8892846140539847
-0.9891451977267562
0.5860603769038446
0.4529446835939688
-0.16884858619511256
-0.5356015741917735
0.9919924010422336
-0.1204409132540325
-0.08672009478126297
0.8750342665162711
0.9495557379405637
0.7374001026409316
-0.21740810200991345
0.026281753851744805
-0.25948410891721485
-0.13250171178204462
-0.6279561408558572
0.9515507593396049
0.2149433012133446
-0.8155423625705049
0.544789339166275
0.14337195978032313
0.21575461028072662
-0.3408338985458901
-0.6219763583573914
0.29216405075959484
0.15106711337820533
0.06857643651410239
-0.15073914981592984
-0.3449909847782582
-0.21467614294816406
0.03366119756805408
-0.49376064329178204
0.2714931128321967
-0.34167348409024334
0.8523137344204861
0.6251136257002865
0.30660541678851594
-0.4685751724695717
0.43055180485157285
0.16380731718808894
0.9273500558562002
-0.33517139942700847
-0.3724303512205156
0.5820842493876908
0.4118613115929435
-0.9804330662161416
0.5178013841462876
0.2313780877703302
0.1787545953257672
-0.6926497646478635
-0.14625096846371965
0.6808159303065326
0.8391207723075795
-0.6187778662728047
0.3990119550466267
0.14445868156151076
-0.9676356698496935
-0.9131857765271358
0.31638156439789134
0.6434801388973246
0.9077380351281519
-0.5082210805020206
-0.8077244832148109
-0.6002205302114234
0.8315809808734467
-0.7031213325215468
-0.5041609097835487
-0.20933639981561725
-0.842225207275167
0.13211674157204456
0.9178407780704436
0.2828526902959123
-0.9367666520841573
0.24589021581181814
-0.44910371134374305
0.8425335956201032
0.7979811776031269
0.1259897797351135
-0.017419896865983553
0.4841057610902113
0.1499635584224699
-0.15534266433387023
0.3715382703530574
0.016539304570051927
0.009873509926794588
-0.22385536183247368
-0.9663796482904541
-0.4317307510401449
0.8548159524704104
0.9977924754055048
0.06430558279644183
-0.006513356541381965
-0.4699456940973026
0.7045379500767242
-0.11805545439768639
0.7005830806235183
-0.7712903922143286
-0.9915412814341873
-0.9563093365648958
0.9827754796449419
-0.29025458862419073
-0.40263764811971225
0.9377606912998564
-0.41424807332043767
-0.5999957918873997
0.9899096889192747
-0.604105606864711
-0.5818990776130537
0.4113444534191899
0.9450305949132698
-0.6507502690421256
-0.21639350897069054
-0.7208031027437576
-0.6637701324363747
0.8042860098461919
-0.23446727477706042
-0.026720991532491523
0.9012286866233066
-0.9878540436838319
-0.3094750815206173
-0.5507047414743225
0.30713356056483776
0.6555920545967973
0.6455180524441273
0.569599159327538
-0.7746395210139885
0.6012281461941644
-0.3987594842772537
-0.7280393346821141
0.3537737535374801
0.9359175082945068
-0.7262983665419471
-0.01892799181874505
-0.36992268295216046
-0.5765689948024229
-0.9891361817020445
-0.4091220767679571
0.011402720094688679
0.4348842054238675
-0.09836380989187488
0.6917487890484217
-0.6267417181992336
0.6189881900883236
-0.10206733323491757
-0.9944541842302859
-0.40447472054232825
0.922150063380293
-0.9341844913296427
0.8050713000065957
0.6887113810706675
-0.4993320397554628
-0.14692180901121032
-0.820934638914063
0.5408019500882941
0.8376909916827981
-0.797260204812791
0.8621597285294245
-0.3206975894556041
0.9319887492930383
-0.7750596970188879
0.394118364506026
-0.31712789796089913
-0.5915464531458416
0.6637676375481814
-0.10560171830551379
-0.9904680826801473
-0.7020114580547538
-0.20060645158174784
0.9524526447078896
-0.3975059634937912
0.704766315861098
0.014963470300221493
-0.39376553657293134
-0.894533985274212
0.763279591523508
0.8935866507211778
0.0018259558418975974
-0.7667957921657376
0.9912697984491141
-0.4686108850872055
0.9393822632152251
0.12765716201417288
0.7420103548964176
-0.28287520631166885
-0.8571004864325527
0.7790099099705241
0.7427804388480377
-0.8907108191284725
-0.30642817865222405
0.22918355764468967
0.9908476613376398
0.6924494628108406
0.3625081845862541
-0.6985820102821272
-0.14591039530877947
0.12966842187220906
-0.7851384693794519
-0.7485965806093229
-0.8945352707235639
-0.6477082060792361
0.3954982047644682
-0.31137509486142867
-0.23222711696023324
0.8891263612358191
0.24953685051960073
-0.6433976161264432
0.7745838614699132
0.9370958533427507
0.7969097839853625
0.8476438846393379
0.7640874370835904
-0.49115903084496937
-0.23952512056122544
0.9586848165802655
0.18999986235967903
-0.01324694902414425
-0.14748248621768134
0.2206632762835754
-0.41733827336328266
0.41838779995708686
-0.8582854636145842
-0.7635346464273713
0.20040283568799255
-0.8856697161654106
0.11829732704521034
-0.11844770866329646
0.9548026697305174
-0.2561576395219771
-0.5554152090347371
0.4524217701556652
0.11504368456564196
-0.7409050650049249
0.8314060751742547
-0.7191247745838008
0.6830975154641195
0.6661165507982783
0.3197486563870391
-0.30847754823376716
0.79640286119783
-0.28746674221206314
-0.9402143915513308
-0.8845618469731162
0.14744321887972678
-0.5576247245447099
0.5186901210692936
0.8040025287807013
-0.780414962579906
0.8933306004002317
0.4272529695249643
0.05119282116982271
0.6031069091458228
0.7837739377828381
0.385105459958502
0.6211800457402383
0.4607442395226453
-0.46252688682777987
-0.02196276622288118
-0.9755217008596497
0.40451371845267925
-0.3909560811997237
0.8755532887560677
-0.8316270880021899
0.3184869817916618
-0.14138038868965652
0.6260627760769142
0.630767683718793
-0.9111503633426619
0.3778793460115599
-0.02455775764234569
0.9488766256703174
-0.31359972664841784
-0.073226442134112
0.21599342046439096
-0.3254540768470504
0.2853514450212411
-0.5076721998824603
0.7305636162653264
-0.6071966239296558
-0.5979003562613641
0.011649010748739252
-0.45079045288905895
0.923077284705851
0.2920017397828929
0.7378969699758693
0.9513978511643915
-0.8104377355850196
-0.32432113966322684
0.04625369886817099
-0.5189405440339314
0.5790485447206417
-0.7602496315040099
0.7494911915137081
-0.22855076827786447
0.4458142505722935
0.6822874349525909
-0.7771347786799212
-0.8225361964794708
-0.09430395736890107
0.16469147636524584
-0.04736964996127324
0.46996202747045634
-0.36749292808439993
0.9256920133502982
-0.04528863541959405
0.7082065976892236
-0.3506383383513243
-0.5520610921274813
-0.27008538544440097
-0.18305042657209536
0.36800933012549186
0.6356850521420125
-0.20048201012122102
0.9993711221655273
-0.438583568821044
-0.19915306871368643
0.8416491956211187
-0.054454616392354493
-0.7869897973750284
-0.38006760453048094
0.37437245605825287
0.9921847742267429
-0.003989851215185247
0.17204510373858817
0.4760997856116034
0.6242094742060691
-0.9609628542407234
-0.7787148560725776
0.32470192602973524
0.9212367744603278
-0.6182150962811415
-0.8475422808366493
0.8472535211190326
-0.3098324105136565
0.6875540061690066
-0.427477569423623
-0.13083204211872368
-0.7754916002573953
0.6989418486132499
0.566219882193169
0.3923400039259859
0.5128517422441057
-0.7088174123798523
-0.831942239562609
0.6420316536661101
-0.25560553940746766
-0.46013055775707823
-0.8063512792993588
-0.4760337477781418
0.41765299889785745
0.054815100829286756
-0.4296180895734909
0.575015939428626
0.15811750229031163
-0.35215014653028676
-0.8778241525727384
0.9267058311510521
-0.02464830954524233
-0.6094874572563156
-0.17769906473043084
-0.1871007622038099
0.43636390850009965
0.46837697637191766
-0.7178399413271788
-0.23561972454350588
0.1940434040168042
-0.568606536085388
-0.38095022528468747
0.6600723204976691
-0.3740723304163751
0.4294423925544333
0.23316031992266661
0.5744575878827904
0.17222748518933328
-0.8057102731410446
-0.5042458640062384
0.033911023500340365
0.7238140601938168
0.7217687917131816
0.12180774940722827
0.6100979990658073
0.9387442192438424
-0.5166318988304264
0.6072608264853867
-0.4190008503529592
-0.31326187579095244
-0.6543009098685615
-0.9413592657011913
-0.7502334518527953
0.3642338891507553
0.5083662494563463
-0.5856607814832477
0.6096679026023502
-0.5884599765199015
-0.7807410621032098
-0.7692302729806166
0.22154181327939004
-0.5193178122968916
-0.4492377230818081
0.30533120006490067
-0.1679021144602637
0.36538470544374446
0.9590392456518679
-0.936993553705803
0.11291861765490263
-0.205864743664663
-0.2189675111593299
-0.5924493335619612
-0.6005085753470378
0.29196031417618773
0.9408513001097183
-0.22433967570047586
0.8979929998574983
-0.8769619008016301
-0.2749260412574477
0.838389627306386
-0.38497115744882104
0.9091014582709265
-0.174959182793329
0.7561984526830579
0.9747238385752242
0.8475214235602833
0.7964998674792756
-0.7757029782909988
-0.7655612116623685
-0.5431544859374287
0.48137435745357915
0.2136066897888691
-0.7719069699020895
-0.7723770728540167
0.3697562196500732
-0.2914893258936482
-0.4122273646914796
-0.48978057825944044
0.6516975077102443
0.2287365146596767
0.08053374104427613
-0.5671198357231464
-0.8889804995077633
-0.3898819449663278
0.9768688623984236
-0.8400152620181083
-0.0043729093078515024
-0.6427801027933564
-0.9267732778580926
0.8286763781810222
-0.860190857624868
-0.7357491043217348
-0.729915075163456
-0.3429114098305903
0.674876324561966
-0.26209257035514266
0.4461453711053649
0.06524592971874532
0.2507632147529808
0.6849491207859948
0.511957590718497
0.16751535422653663
-0.18928962624365253
-0.17885435828158847
-0.43402467426765856
0.36600082859692407
0.9988824484349212
0.46526022612385787
0.8583342696485095
0.5794110576115905
0.4786206376035722
-0.6795857181296545
-0.9014213143618424
0.27917597714354336
-0.4264208420296014
-0.7313103733971811
-0.21459784825192796
0.3941410076980727
-0.5222919736346598
0.24014821787801965
0.8272667895236991
-0.1472538976830351
0.9311305246944082
-0.7562048691984946
0.46581392377985376
0.8914335677598058
0.13231789331107824
0.2875598534692767
0.3102083507461466
-0.188507459487675
-0.8263292383616245
0.479661891738687
-0.19301622694968823
0.11513529829545743
-0.015833569050957674
0.22714966554188343
0.21448118944113514
-0.17330846782380904
0.9113477161167842
0.754120363990207
-0.5420945438895581
0.2631509149888098
0.4115668809470989
0.8510766643369643
-0.9027428495867513
0.4009652041258098
-0.5214305841855926
0.545267681960163
-0.8406604469841159
-0.5600370080574126
-0.7693506595959809
0.7570574999909776
-0.938191504390945
-0.16297452506373222
-0.7071665283432422
-0.5463719570576624
0.9079401716923166
-0.025857752058594752
-0.9265375704579284
-0.5226219761408832
0.836476593016801
-0.9637551349971303
-0.19035154533506637
-0.6661084392111134
0.4301399931121601
-0.11617378943512979
0.05248880783222809
-0.12681155581330428
-0.7786998383027768
-0.8842003201102304
0.39581947687353636
-0.3370142439345052
-0.8937093058175292
-0.6871949630481626
0.4554650086431944
0.028257753437174182
0.5419144331084391
-0.2753124768142212
-0.8203504844459979
0.07562572090696662
-0.2434491556682512
-0.49634235841807306
-0.9606582423014072
-0.8435650155541385
-0.8208418736578726
0.956787439608596
0.5513558129109555
0.029370065077669594
-0.2058768507165325
0.34160259969103435
-0.46153296282886536
0.23743109717815813
-0.23012027612455976
-0.5004813213581802
-0.5086163341932362
-0.3824857609417871
-0.8033951229614222
0.5443060286150956
-0.01634920241910942
-0.6001301085522113
0.9292357467871795
0.10846801941691342
-0.9455343865849717
-0.2148306770177988
-0.7215164195186354
0.3661251752545933
-0.757045630512895
-0.6890629363532548
0.638175201455282
-0.11037995653664301
-0.012290532811629395
0.7359106464600984
-0.29275518361352404
-0.2550095204176168
-0.8543208289548183
-0.025849139448500535
0.030071754416618912
0.6868171776547625
0.18419217136013133
0.8655235256721314
0.7660458323476627
0.07998684494136077
0.04845864327728577
0.8104863107737785
-0.8625997098546339
-0.7989750550895351
-0.05774997388664849
-0.9408388849154152
0.36806701785316354
0.3623891209693022
0.7752111178540622
0.0843133923490973
0.7189161488789226
0.08386648976718836
-0.27943882657675934
-0.10215489867497785
0.4207098046177704
0.5740637364145946
-0.6773736957729648
0.7170872613003125
0.23327091483631568
0.6217725917405177
-0.5906186993966915
-0.5160608575703047
0.047841876538801786
0.48817048826946685
-0.4235601615413995
0.02651963569234117
0.8480027884270502
-0.8785012995024215
0.7269684011368138
-0.3236329319092792
-0.25667893671242004
0.8964453565372146
0.137569886288208
0.590760449550342
-0.9321696915801687
0.4335112189211583
0.12808327826664567
-0.7738832071182584
-0.5839766752352129
0.2725216301486877
0.24168666816173068
-0.7242073354302336
0.28840282110990856
0.044741868679092134
-0.2614694753888951
-0.009496557132978811
0.07360820605878371
0.9167437303351038
-0.227441507353201
-0.9921805264973154
-0.5257867044563693
-0.9393735948313435
0.4496838327864776
-0.3330710970119686
0.10854477080605007
-0.29531724902921996
0.14455142829804868
-0.19533100386958124
-0.6029939951866274
0.15017711692161795
0.3731915986944474
0.8239496190829794
0.8459349514267325
0.3912737395166004
-0.43378508029379637
-0.3514566967522186
-0.8100946279509902
0.6543936219627209
-0.21671905749901743
0.7233381197755602
-0.5910946271927138
-0.3804009169640894
0.33257961712682027
-0.39101642010020465
0.2597995138832212
0.02894470892436818
0.8727943736007453
0.6439011648061486
-0.1602879538257702
0.15433886779417527
0.7112936236970784
-0.5335049182136784
-0.8875598658218873
-0.11194515713105857
-0.9112286225042574
-0.5468227794220262
0.28590198345527607
-0.7480258056707194
-0.8473957508378145
-0.8613399406052753
0.7569265000025276
-0.5670483940518438
0.3841561627411729
0.8011765192880753
-0.5866963346563618
0.5555792049927479
0.6674724636663214
-0.026205218703720057
0.24099880733089796
-0.9766141362574288
0.4867414260842087
-0.456983683398166
0.6246651958233123
0.5223961478948438
-0.9905521833855546
-0.38286998751682644
0.690326249840308
0.5724337801011006
-0.4627499718872543
-0.31256702065396613
-0.9866827875578579
0.4485439510780238
-0.5896338231538518
-0.6774720558245051
0.468050214142121
-0.2713293058998405
-0.7479248973480541
-0.8005187126622075
-0.46390067959857983
0.666951610848987
0.5130141092641582
-0.15008311901397042
-0.4752337110561564
-0.11449226856283223
-0.02204601720504651
0.2776562441223851
0.5339198839849768
0.9982874211367168
0.04099734331096361
-0.9379924919493392
-0.2840304187010525
-0.366454182401583
0.08551665931341024
-0.9922856835804363
0.8513851053776236
-0.9115927307586131
-0.9417668925429616
-0.6569718623309997
0.7349444883991341
0.8799439492108001
-0.5503491633665762
0.4608222243095934
0.05770699337377505
0.7812596446048654
-0.08664619277919794
-0.44933230706123806
0.8860504099597473
0.13210972791534337
-0.11665911116257743
-0.1857886886915392
-0.19611662643848038
0.6073043174007386
-0.14629188210102684
-0.9098930291948162
-0.12875784878625618
-0.940273434784255
-0.31137165031467773
-0.7828567396863764
0.6959608235966546
0.2814714409126895
-0.8381247670949201
0.5108796742990753
0.03473109561634047
0.57084659469734
0.5343240101488944
-0.9792092897144204
-0.8567555647663532
0.31493070076667196
0.19298604428873167
0.9498305808864023
0.3677793396540452
-0.17246278373540225
-0.48047659258963504
0.8840459480953917
-0.8205902711465838
0.8616629001023939
-0.4793888012111702
0.9905461484015938
0.7175665263919031
0.02515150462375626
0.07588373679140115
0.4809277504449663
-0.6066148596165744
-0.49420402937003827
-0.7310518073808703
-0.9615446635506821
-0.06385522142089917
-0.3694422200313816
0.9291588956940462
0.1373762587129479
0.01111336868354007
0.22015736361596128
-0.14933718937524132
0.8465526784491821
-0.7326914545034313
-0.23899042011298732
0.8135916183879268
0.6424161849966452
0.21088269295852236
0.619313675270939
0.37162388974217064
-0.6479925811025553
-0.8322297061160906
-0.07550013493379826
0.2635126524293141
0.3587059304435707
-0.97725840583336
-0.7287985522056948
0.7976929853597745
-0.6379072027742598
0.39118434995943896
0.7468883526810406
0.2769068221894415
-0.5106920215417836
-0.4674766495230982
0.3321248206701142
0.5780072379789114
0.6337756296983137
0.2591295292331781
-0.36486408034742235
-0.7772232753237394
0.26110707930513954
0.907481034771104
-0.5212298962686259
-0.47413039092032205
-0.5024228403638396
0.293751226469279
0.6156529562340904
-0.8381440583993167
-0.3882614291869748
-0.8161693240971442
0.5622523781382966
-0.8450739351241694
0.030298856242482408
-0.6639543309810911
-0.9564740759095778
0.7963286997604737
0.884420810739386
-0.11759201856057988
-0.4642719903568322
0.13924591744000603
-0.9069041553784265
0.14183361875251466
0.5600436282807069
-0.4370645246930016
-0.31951644641895727
0.5582056231141062
0.652810435013438
-0.19665049127105938
0.9868659292692195
0.19895925701066508
0.24189382256983993
-0.5601905066746753
-0.2620836050093036
-0.07474944460708333
-0.9348505347064402
-0.9549331632263505
-0.4157616534087689
0.47440747017398643
-0.4667872221316729
-0.6537459240747576
0.457912849660864
-0.6309773438038262
-0.17717618763740783
-0.14178218885074356
0.9729107011978666
0.19003532660641476
-0.2189823834959448
-0.15450955688453338
-0.31638230791129973
-0.05031683415935939
0.2589566584615002
0.07962393449034155
0.5194991066566559
-0.9637561565551309
0.3923945902793846
-0.4510688916802783
0.32528597411540194
-0.3615655634531334
-0.6079205943766304
0.9217878724326143
0.9247673901425306
0.474998616558977
0.0700988996145051
0.6250960699864414
0.36076336813476906
-0.48732353182656274
-0.18245252747454854
0.5877358647362694
-0.6791658002042646
-0.7671986134178364
-0.4873251260271352
-0.6330672797760661
-0.566905309958784
0.3530258107730082
0.5130675872409045
0.9810168190376165
-0.765693836602328
0.942985167649971
-0.5529359647794019
0.598775738366826
-0.5566448659359189
0.2261329838037125
-0.5847590425743081
0.7505433980198968
-0.20564467154801047
0.8054645704807459
-0.015591966232453291
0.39538303278360987
0.3550894048658346
-0.5353202746039347
-0.8620174725004737
-0.18062812152479713
0.9921842016205609
-0.20121358618749952
0.6745765750980919
-0.7051191865834205
0.7545255473724701
-0.23108411131848672
0.8551782200418026
-0.9982511961751908
0.7178922519909521
0.8548701196658468
0.25344012241456904
0.6719664106800405
-0.4037011462182192
0.9630263917378163
-0.9192224829241566
0.16359388873853242
-0.6249348160352819
-0.693160867374012
0.47794440246895564
0.09926634627964614
-0.532294117018121
0.11210847828549442
0.8159766807244997
0.03102624452794278
0.16870337248669798
-0.2952450558119235
0.3673866895970286
0.40204582194081273
-0.20514444017111044
-0.35864948184506806
0.6000419481330168
-0.9924804873652575
-0.7914623711925932
-0.15656649480716034
0.29825725326147356
-0.17822109129728503
-0.5694286558288237
0.4372964028753368
-0.04866753872461915
0.4649013056711908
0.30246246079275996
-0.7522835644327766
-0.7959550114409089
0.6650901036396641
0.8799113415881439
-0.3080712884143244
0.19808808258175636
-0.976149207426394
-0.18958193144596058
-0.27200910367604525
-0.2594818975645181
0.7246485622527814
-0.5938702834748817
0.39256900846160225
-0.29787006559839346
0.45591148922921954
-0.9244084386062241
0.4948518208752797
0.38317686306384213
0.26322731187432935
-0.8323951990788656
0.03788631172204604
-0.2823319406937359
-0.7845021704851245
-0.4107492354378568
0.5147315351160688
0.5339525270779137
-0.5831698558466287
0.7476427422790872
-0.5031081757347913
-0.041517769182999764
0.24651585332784065
0.4542612098468233
0.7058961771241383
-0.35930435808648764
-0.020536615878319342
0.4661055998985768
0.9995583934737049
-0.8228200533109717
-0.40173222879440984
0.5301484585439764
-0.7532060604252622
0.23989209430800296
0.6180293271108583
0.2890693064232459
-0.9524494752242441
0.8226367412310787
0.3396953275301382
0.053162961445924806
-0.8907967257420597
-0.2712268074658639
0.43502806989767606
0.6607049103362546
0.5002596106847632
0.34772198492152473
0.8986258603982187
-0.8850791967883667
0.7761994067594566
0.17940205092684058
0.6262647833219461
-0.7044112252110362
-0.24027243846076018
0.622306843419896
0.668620821718773
-0.37075963086030184
-0.8104690985306986
-0.07852842574419783
0.16497777871177188
0.9395374280549955
-0.22609898310086396
-0.280203648074967
0.834402785781329
0.8789063660139713
0.8837922556928932
-0.606926577138234
-0.5505322198632305
-0.2878962889640535
0.16878329195603836
-0.10304208739245202
-0.3666671908592076
0.7914515088840706
0.8453474597086952
0.7584250630304297
-0.6878191492101429
0.2025666828908217
-0.9198022715837797
-0.07541930930631047
0.9534821823382638
0.6858404949719521
-0.8773793629581275
-0.18829144807026732
0.9921735569157448
-0.581433725168417
0.9680627969225639
-0.522611610844051
-0.33674094134471866
-0.7902083361887238
0.13394828492758326
0.8174956827031834
-0.035668787582469275
0.7342076470391288
-0.21442588093607795
-0.4589068022563738
-0.05486289850682602
0.9354318134717432
0.2055083399211084
-0.9726754164760214
-0.9805843290801397
0.8594035132711071
-0.4850060863730399
0.707119495110845
-0.6378552789802099
0.3551781778069445
-0.44199800798379574
0.3077539207616107
-0.691683564237088
-0.7719425575421457
0.19633393606849614
0.44483506109034177
0.25159208809033906
-0.7002065507975872
-0.8956584565116976
0.6977867572641006
0.846345457983654
0.5453183414456269
0.00986033765258254
0.07935200005104726
-0.3580140112131953
-0.9519653966064214
0.4884671603606927
-0.7323231223626274
0.14922985365415453
-0.41893560537320984
-0.37895741086166446
0.04089613633951594
0.6688831178088406
-0.5559711707844557
-0.8942946877211029
-0.3752744323910491
-0.33061793006606344
0.5483873374283137
-0.9254846483222543
-0.9868738626341151
-0.9692627286449782
-0.7292730399908527
0.41737642757197313
-0.7859348624714133
0.723089760901517
0.3150007176326086
-0.4932600946621588
0.4494215158664918
-0.05706756769576282
0.9236443587879684
-0.6222253048565114
-0.22944616272099494
0.1553014468232088
-0.013128128172084086
0.3560259841499005
0.08524302864037026
-0.2794545763051577
0.720040460588804
-0.4468614643478117
0.3115993033184634
0.525319984994117
-0.4005537299129902
0.11589754679432906
0.8865709809464908
0.8631153659217039
0.3209468369553081
-0.1724963766079286
-0.9186905936443508
-0.15267845354715126
-0.3065808836757431
0.20144865582151028
0.9342751673746326
0.7956934168811012
0.41086867377526004
0.6757465840187389
-0.1483139062276677
-0.008778528204852032
-0.23100960278468552
0.3353504111936345
0.9801142959447655
0.04242785589962961
-0.8465380420631727
-0.7565496958587039
0.8099383051084219
-0.9256714330057332
0.677212331972473
-0.5608137674309182
0.05769403774930493
-0.45206738617263764
-0.4083408629768974
-0.9137423504879298
0.39470896116667564
-0.40780307716437325
-0.04687144357963979
-0.7639859826107107
0.68287106350709
0.20318532088258268
0.6203594840268227
-0.29655870720507793
-0.26998926156887815
-0.6795841410096004
0.39712988716076003
0.25628351064349864
0.03544623980770489
0.5522921493323243
0.6164901486069096
-0.4910759391759818
0.45756551971059944
-0.03521397990706898
0.44660887691136497
-0.4155055984758058
0.4059913451511583
-0.3481545713140115
0.9893438874504283
-0.4467248831518773
-0.9121344169641419
-0.8550757624037855
-0.6416468109343183
-0.5795037986874292
-0.700600015718642
0.1000890483140946
-0.7465217562837714
0.8883077332614657
0.5164184581667053
0.2730662412972622
-0.6500073731554479
0.9705331870687135
0.42496984119597214
-0.2728998215293512
-0.5306867378801603
0.1059333600629242
-0.8385096058553738
0.41085580322275406
0.35308872208840136
-0.5460139466961051
0.9008957496981311
-0.0025001107241025
0.6921732012249326
0.8873978420163633
0.6087182563011939
-0.03308705783655497
-0.15569436390474678
0.3142499782528627
0.23710433568553824
0.9390959317823384
0.4892543409980381
-0.817946373198909
-0.7145673236740544
0.9211174846074806
0.147062162133198
-0.25810332645425094
0.4681040418380442
0.10586381228281039
-0.6546909345804399
-0.038127916990904565
0.42491507273445506
-0.6386531129527384
0.47511834556227606
0.8474383192387305
-0.21338886992367456
0.5816845942909201
0.8201923886192215
-0.8969122115082566
0.8878180642062781
0.2630755269239051
-0.04372901554838893
-0.3154020131767281
0.8443199816077285
0.41205304925225983
0.7968164472692605
0.6087316805713903
-0.09982360915192756
-0.09619823208865741
0.6647429712579596
0.43687293746230327
-0.24544221325758353
0.16174692761863474
-0.953896940169449
-0.2887024272208991
0.5216954984221687
0.0005851841531976376
-0.3958408782634315
0.30562929265473393
0.7536276949273752
0.09216361838602505
0.3114351218094158
0.7491002396749529
-0.0010294225153060221
-0.19369915828071527
0.9946240498452419
-0.9684133712820218
0.8979658634841492
-0.9671073607469527
0.3653058969639751
0.2947744564502557
0.4552813085330456
-0.3878482192247319
0.8848496805793964
-0.9242678707304557
0.18876361413582332
-0.6366349760455783
0.13467688617357143
0.3420990903161454
-0.7308562819903637
-0.801988863120852
0.13734690695396923
-0.05687670510251164
-0.7006088956066565
-0.2990849599132537
-0.8356044275333812
0.6832230990993311
-0.613486202075546
-0.4061179475467982
-0.3652293954512056
0.14223773583039856
-0.35580698934946664
0.08041792427451133
-0.04931459738728883
-0.29814285159313125
-0.24904816875833014
-0.9134670576769219
0.14473870729041605
-0.2101195908821789
0.19460980086091606
-0.16879471249385913
0.7741944419278819
0.5187112684091222
0.4731095189627086
0.9843045419960157
0.45874675951988975
0.24783876226749868
0.7065251155923966
0.914008710713329
0.6971146268404755
-0.7198249033410964
-0.9283834703333269
-0.9618434615871454
0.18878745486432646
0.8119317372879473
-0.21939706113834379
-0.5729077107319958
0.2773493103984279
0.21576281286577315
-0.5548877897841056
-0.6745930264719995
-0.08520100836085276
-0.4297488838930992
-0.6023400578451938
0.12845398879193803
-0.14674638009082952
0.5887241898535267
0.9526390896498187
-0.8431524272378434
0.6868372062325157
0.5065307043042417
0.3616287237237408
-0.7595464055865502
-0.6947056311290154
-0.4774305728732735
-0.6730391403444127
0.2565576723972429
0.344573388279789
-0.7618022307999261
0.255022149276638
0.11509019957381073
0.7616666527631766
-0.0019747306153932165
-0.2663852493868375
0.09821866829045733
-0.37734377862236657
-0.9848310869351748
0.9139346251803537
0.7630959084763107
0.5938514231504848
0.9593357781339753
-0.8240149210789913
0.5949785579282494
-0.6607905505311802
-0.25097176140231925
0.6917360742333067
0.9226460043387898
0.3330859402954307
-0.6066477214897448
-0.22600832666292248
0.9603347080055564
-0.08484480479455736
-0.958559801964499
0.02409171660001519
-0.052337895933770806
-0.8810730217251785
0.5662377976014934
-0.30366177498843316
-0.437272166992428
-0.1365002588353228
0.7748947403613302
0.8279854912115905
-0.288961521607908
0.939887363894889
-0.5613441340750032
-0.35102984952332816
0.006810512838859362
-0.5361743842568063
-0.7878265537513303
-0.5331697923492509
-0.6223821885800467
-0.5532278762679697
-0.1887552363740166
-0.1009689933974578
0.02603217392163293
-0.6336944734844612
0.20138898904657165
-0.18943075278722343
0.2499607090260174
0.836095190615807
0.2978859143745789
-0.688957699894003
0.11468749770687636
-0.3030527150324027
-0.25040669052194886
-0.7068463693273073
0.12771881076428349
0.12583893645938393
-0.32402156115177716
0.4295234120162066
-0.012580205161488722
-0.5474909744179703
-0.8123714273485474
-0.43603579946548554
0.623430019549186
-0.5540586744470688
0.2601623154582544
0.9010673664119213
0.19743976472235336
-0.4442109346090899
-0.18148617668367617
0.5102157818900026
0.8621203730408913
0.18550229842323196
0.08104504969409221
0.4111750596992132
0.9144835340012774
-0.9266104963308515
0.336936423003364
-0.8424556702214818
-0.5182240947601773
-0.9126796239844781
-0.6844362085207025
-0.0036793133972115033
0.09135472254360599
-0.521791379763126
-0.3712536756413325
-0.5748353527433248
0.43259376431948504
-0.6235303056343098
-0.3289783028640303
0.102655112318357
-0.2020099628855454
-0.7665062990439351
-0.7353019527211624
0.9537614861958579
-0.8281606976441216
0.8321464247922057
0.3048619358447491
-0.7065692918188378
-0.6710465535561869
-0.0077540690941095836
0.7267702463852359
0.37360843982368896
-0.06146220664479407
-0.4793118219092509
0.9756911064775022
0.06478832786870825
-0.4001221975182394
-0.8096217308491493
0.373461995095689
0.9897026225984435
-0.9695488063535862
0.06036465067930186
-0.46293905570301686
-0.9616347877839804
-0.10491452171748095
0.10534265401781195
-0.8226643526233297
-0.02519214419113469
0.6197238629483532
0.0057249319804095755
-0.9742595360937145
0.3329341600974678
0.16480195636823547
0.09511857336028084
0.6382852073098277
0.24577712402802732
-0.322894629158722
-0.13351242647468142
-0.29406321482637754
0.27238629159610017
-0.09780280728951785
0.7110310504915096
0.5561806712157678
-0.6112459131414527
0.4867473661308881
0.590171825609018
0.7169645398573874
0.39004601755652635
0.23753114867621883
0.21766955202216764
0.5121231939088007
-0.453379414004329
-0.5208623168641491
0.9333313569468464
-0.39811398913217033
0.5638048962216915
-0.11057499540329818
0.9825449348826698
0.7930880714173023
-0.7194263046280431
0.06918895287049653
-0.04929874154772862
-0.1753253788413689
-0.19215759098224816
0.006394891836743355
0.47151343320263495
0.3517406912621601
0.0972197232805101
-0.4007291726696549
-0.2547112229442603
-0.9710428863025031
0.524715027777896
0.460791620968805
0.45682253683178997
0.4280592092413651
0.9848484446559596
-0.16160743360586327
-0.6556697968279674
0.5032602051356709
-0.930286510758797
-0.17027113289637708
-0.9657745766950729
-0.7833325787663439
0.026981477973668344
0.8455344035335894
0.4276039854946243
0.48891279573095425
-0.646993942777726
0.5409956113414047
0.9667157865019125
0.3896770342146725
0.06352209497957806
-0.45263460420074697
-0.048034762397468844
-0.7113381624681017
-0.020256931248916477
-0.4160996556460508
-0.7008647434142532
-0.04690900976476442
0.6504698843082435
0.4234516368014989
0.40262334710419667
-0.6689353639945592
-0.21054221520106187
0.6803039947742286
-0.3022015978092911
-0.2518240756865311
0.12653406240881626
0.06845933256595282
0.5766458014959928
-0.5553112030627336
0.552997727447399
0.8281950144518415
0.3779354991458632
-0.18624533252375297
0.8037865236853801
-0.05214706593455398
0.22397001116862847
-0.48453475019039893
-0.5530858341757936
-0.34214554633519767
-0.6724225454929902
0.022494535566566887
-0.6893903007331055
-0.763426226359547
0.9330402074644109
-0.2720250283147352
-0.2689423170043712
-0.9799995245699848
-0.6539254883740748
0.9564108499652066
-0.4795738052967715
-0.8940217974655627
-0.30428264739521005
-0.4157011221082527
-0.04306571704953055
-0.07228778089753107
0.17958697975222138
0.49813372853581184
0.060694547596118475
-0.10973709335216308
0.8057713388684278
-0.6161743799566806
-0.33571054520777244
-0.612285811953692
0.5047290838261635
0.5058128529858636
0.460365126862436
0.8930970435927892
-0.6095083992567778
-0.5768322941399897
0.6693292418741825
-0.43803944441343257
-0.6967580042665968
-0.8418450991503186
-0.21237167690578596
0.40449961227991826
0.15427287060950778
-0.019855531655372127
0.3887046365775684
0.5771764936087174
0.9495845547396198
-0.07964833645813107
0.9430663276037092
0.4519829416020633
0.5894348624042733
-0.36382834701021927
0.3684253345985624
-0.5808744586448935
-0.5853583016200781
0.04474279096949707
0.9116845157167037
0.8489905340073605
-0.07622153210200233
-0.6870541062228734
-0.22491302222603093
0.3698024849097934
0.5663082142648199
0.3586298395299339
-0.4389813593307166
-0.08446658092647863
0.020983505615266296
0.46000597169555335
-0.4032802561679003
-0.7266988658429656
-0.7727963895551733
-0.0684116745691501
-0.5006292929887843
0.2785747052127383
0.6060608816288267
-0.2894975015891159
0.7059613483791904
-0.9886353868758373
-0.7091239467563797
-0.9520917545241694
0.9275003622040812
-0.6583461747102162
0.9473480993281334
0.806345833109714
-0.5816837964047643
-0.0019284085299084985
-0.620553280505248
0.2827760830720487
0.8755323786230453
-0.3583022772281137
-0.5766310836262605
-0.3719550062941699
-0.6680776751034718
-0.014856739323314994
-0.9471422046450144
-0.4276181759162234
0.8320466909685273
-0.5542881112251228
-0.15285290882376645
-0.6740279587655025
-0.8729273336583867
0.10199738452395857
0.1705137290346821
-0.7550208287068947
-0.28961351742257935
-0.5248632729407494
0.5653313396649724
0.8840030028096311
0.25759525671637196
0.5273706470962365
0.8225436699708661
0.7753659343429431
0.4340719373377706
-0.7123667129590867
0.21576570274866524
-0.9591957976452703
-0.3635867812629425
0.4744468895450007
0.8254922059796097
0.9054139589231331
-0.6831856727136549
-0.2610559837273896
0.6816503864250787
-0.8243242579830949
-0.07670451004110812
0.13035065452094718
0.6926813399901877
-0.9123015720226397
-0.8235546613713014
-0.9487145044033596
-0.05771698858857488
-0.35350043238294604
0.8856217126198394
0.9255038401574718
-0.5595292341801603
0.6776320397126827
-0.3687482176940491
0.9726307276930177
-0.5094989398046814
-0.10224727971446557
0.15208392278312766
0.7930511593684639
-0.049462146929064366
-0.15134622361896866
-0.19256135278439968
0.2202024537907772
0.5715207503491986
0.6482994427924162
-0.7574103808370733
-0.2024416244018432
0.7711177086918175
0.18228897053951698
-0.5141394585751937
0.9588648053085367
-0.6782273401532282
0.3038131459787019
0.7781658513593155
0.3280476683615441
-0.6055128082764809
0.5807856749672085
-0.9279956030807415
-0.9710110473319473
-0.15061739870615343
0.9016349917944471
-0.6628335391501656
0.5774947611649552
0.42041741108009556
0.09270772492485335
-0.830033067433261
0.6563231575245778
0.19125123323683058
-0.05512626682949873
-0.9256359765594273
-0.06626285505045204
-0.6470815276978286
-0.21163485686890815
-0.5347110504104717
-0.26198229535463247
0.8949535889158808
0.7075117805795008
0.28419245846263275
0.5543029792819849
-0.915693430622327
0.1761942297842407
-0.9742064918093598
0.4395911101897201
0.740951733222267
0.10301488038434536
-0.4411251818086128
0.9055942092557896
0.5521538876731134
0.049360096041391355
0.4053944271066843
-0.618335391435135
-0.41399736701389034
0.4364165305713683
0.35247488426378726
-0.25792038989474
0.044092130010044306
0.6674151810157851
-0.23707785943048187
0.32452873438008
-0.4545823011892176
0.4751224198079429
0.08626695071594259
-0.6277524972433177
0.6072920342892068
-0.6214986298584197
0.9075612352984579
-0.11397506817024117
-0.07506095454273876
0.5458028899226277
-0.35551805600473196
-0.8423851980612671
-0.610389933530787
-0.35285544800922186
0.4144457896402238
0.37430256588373756
0.6622826879248338
0.2840065561237861
0.4309998891411313
-0.19463967858189712
0.710361868337374
0.6095027027568052
0.48204849236069625
0.7415901387384412
0.6194105128075507
0.0007979189542832721
-0.29952515315998784
0.8986071774138928
-0.7853718879227924
-0.13667532011583816
-0.7150939624752466
-0.4631224470241022
-0.0778223109561067
-0.7493410736869808
-0.8517918329436875
0.4329142282008476
-0.28726785006503874
-0.8327878616521849
0.046918700299815486
-0.07263422079049531
0.8973582047046971
-0.13807203862769346
0.10432034573182913
0.14954273893808656
0.3217561380185321
0.030279854927890426
0.0948589321362634
-0.40031714667994533
0.5911486363990257
0.5619248816297377
0.080017687279748
-0.581179135578221
-0.4059642954167042
-0.14072290974359736
0.04016306420416216
0.34775240090344495
0.3597776445985832
-0.48307196962329124
-0.3159729509935951
0.3456427763943126
-0.017733534779780014
-0.4906369101521568
-0.5012288362115749
-0.9585016208281034
-0.8459061303146862
0.6194293587814701
0.099198005593929
0.7738823348543502
0.10255756678508976
-0.4157027940805964
0.08703967942887769
0.18273968800642226
0.16696779385018146
-0.30514276680679253
0.1708425853545461
-0.9215156169001961
0.5546855560759725
-0.5238733422378608
0.014729818660834448
0.23526801147654597
-0.10684178043679782
0.27828607911754766
0.15079684821405626
0.9530861893781442
-0.4439889767840355
0.5507850121715283
-0.5133481060827279
-0.3620775956653395
-0.08268158062113606
-0.6624848109766626
-0.6537009328945433
-0.21122145440928497
-0.6252439086472554
-0.4227797239868465
-0.19208158177288293
0.5437427188694524
0.24036523078757033
-0.28660644063619833
-0.5822562227153267
0.27172334840794177
-0.8622852984090112
0.0025053432796491304
0.40007014015874365
-0.9774943695475438
-0.753524855144615
-0.8039980556949116
-0.12747335991910558
-0.12508755583078934
0.40755267741086865
-0.6957894075765809
-0.4990325820993735
0.8752011945194447
-0.6104626803294197
0.4547463132447145
-0.25388616970040934
0.6506309456624695
-0.19687723168548255
0.4512295397534023
-0.32454844647984893
0.547779971003276
-0.10461633708835749
-0.9579896713160836
-0.264879408631844
0.17140153521911317
-0.949310825823017
-0.37018130347740774
-0.10366244987695161
0.42465448401778105
-0.46972465679802755
-0.792715103610643
-0.9033884780577235
-0.2579063550274552
0.9370161979511953
0.6729847409383414
0.37725630336197735
-0.9026063604632728
-0.9619297785532304
-0.9816416589070764
0.08059529016721179
0.6298072209074848
0.34894195265724326
-0.35715354099684027
-0.6391327267619036
0.9635051682450824
0.3226115960315403
0.34917676691019817
-0.9677098970608191
0.974089032902941
0.5165665994847397
0.42691788369035444
-0.1344417902490458
0.9476702213914512
-0.5931076729811244
-0.34636540160205875
-0.1776644749559968
-0.5914820579615843
0.6926583130149977
-0.5307487874902252
0.5093091052726817
-0.4515700999995984
0.9285994558046264
-0.9533526913391024
-0.6940670970084475
-0.2084071403437917
0.7638185681389393
0.44079710758746726
0.19679165488385308
0.5450835182307685
0.21017544057023585
-0.8417230266009368
-0.5629542616048193
0.036132425864279005
0.026490901881521145
-0.7915090211182036
-0.47151103220728396
0.9840884743468141
0.3216316485597497
-0.4613021154205832
-0.09586946071629665
-0.6177898468921519
-0.33857238128768485
0.8856346756445135
-0.9039436787576398
-0.8962554007028869
0.4071734015149078
0.844250713151274
0.8382602191151483
0.10303941229845259
0.20517183814805717
0.3560797641629203
0.752943599875608
-0.320882456318198
0.8349014993974397
-0.47662710475783343
-0.21879817966116377
0.07041792189554075
0.13878212434714854
0.08593162255549336
-0.19308557518055802
0.7156984610760428
-0.38674239540954924
0.6970493786760907
-0.4111345185679651
-0.6881136798556962
-0.7802508382145605
-0.0637088497453222
0.8139033627355454
0.0029694164944027435
0.6891615358557348
-0.5211376768284766
