-0.8018427410916837
-0.0142114161984499
0.3844975493303804
0.103881332002975
-0.6572401538497175
-0.1337449884735713
-0.10580036997567355
-0.03262512175808929
-0.6515124151535536
0.44140441243993367
0.26344065721702603
0.8894130757926368
0.8445560563763599
0.3813746477562301
0.8658110564606165
0.1066133939255689
-0.7859116764907168
-0.4066812405563931
-0.43313954501115015
-0.26316371915626635
0.6331233494166235
-0.8519413020515472
-0.42971501529714673
0.27242578927376515
0.26712160672821295
0.6347007513948832
0.49703662370317825
-0.415000736906628
0.6053162066666651
0.7378126372641445
0.08442127577342085
-0.1907241970748066
-0.7196559941328982
-0.46438987356226114
0.7025635165591553
0.6375472213088915
0.2508288740780127
0.16356312037924714
0.3501538776018813
0.47191505579927373
0.9523723274064537
0.8678375369855296
0.6996079383915803
0.3561711987655105
-0.22659680953896677
0.18189671206233493
-0.3781803030877462
-0.14557016409933077
-0.6530740496584277
-0.29856190162289087
0.9393102976272185
0.5470154598874217
-0.6425810254487061
0.5937397030331679
-0.3639355322816267
0.11621625036273886
-0.9934673738020783
-0.41341068919818547
-0.3633220298257327
0.8134146313855763
-0.82723727296521
-0.6713615082354887
-0.8705914866657871
-0.2848024370694322
0.9506832991359826
-0.5358706029945361
0.9288974153088321
-0.8773652494775512
0.42140145738368906
0.9394225653843926
-0.6073127104209837
0.5092112970945859
-0.30601633341012335
0.4760428105197074
0.6803113343232763
0.5093910956710612
-0.17769091918268387
0.19440285282600045
0.09205072000621528
0.844755541694096
-0.6700590254215115
-0.4223116334171415
0.1365323134753944
0.1702159482749932
0.7006448583277327
-0.20780149965525863
-0.77192117210687
-0.08366842609631164
0.08554692275474207
0.9254762310439706
-0.4146019724099501
-0.6312358480647737
-0.865786537101737
0.3539850302066667
0.5378383298121576
0.14322625077222217
0.10794165536023703
-0.6332506865617678
-0.7827478198009084
0.9514524184189037
0.5654551509732542
-0.05080688211741724
0.3366826215472778
-0.09788131759613172
0.5120113474092947
-0.7950632894163134
-0.39160255933338806
0.14283168590256312
0.6162803856910188
-0.04697967580379747
-0.4027987830022799
0.1285268698006874
0.5800719342899701
-0.2260258214609112
-0.6641211148086901
0.029825819425777667
0.39033640272045167
0.15562193431506977
-0.5460749489426195
0.20013985727154493
0.8175816596950443
0.705680241702139
-0.520892845308309
0.4190272910724717
-0.7692810792641775
-0.1923476978654608
-0.4677144767193797
-0.7611871470090437
-0.31947955503906145
-0.6115938514199946
-0.4853991425231503
0.5982389346905461
-0.6857570995146305
0.8276073552762313
-0.31404145483731316
-0.31348040986112347
0.06483355606169905
-0.6884101495303951
0.1555117360664775
-0.35719347614613284
0.4203600532830776
-0.6093824469321545
-0.11575320257736554
-0.9100221215540363
-0.1490434952243027
-0.08136480792183876
0.853107531348672
-0.20753434532349613
-0.44387125557109575
0.9941192110099055
-0.369707652713928
0.5756463662690567
0.4222646136645982
0.9369487993174443
0.6057734969118138
-0.8121464920540442
0.2767896308401272
0.8254131201017989
0.26156891067029964
0.4673177147127052
0.8045965442408853
-0.475838006761345
-0.7438609784664925
-0.5089195015978965
0.492088252588436
0.7649909984782299
0.41834269760157605
0.644583950271753
0.21972611458827274
0.9609352565921205
0.2696128828861777
-0.7729637742801572
0.8151284816751168
0.18819961076424008
-0.8564401506389325
-0.7668883523684833
-0.9157402811642927
0.124917517347235
-0.8462627859207792
-0.21719394768774425
0.059436730895561896
0.7645809107790613
0.4592048371406068
0.25612056097484626
0.7560724417502613
0.7985088759469918
0.2948736790000128
0.24722521556275656
0.5451187651163731
0.8184570458511031
-0.04315485149216536
-0.8052602836343192
-0.6057857570709424
0.6237238202878477
0.9404725879648019
0.588122497650476
0.31114078126584377
0.8405975228075027
0.32384984553339935
-0.5717504595903111
-0.6832839252572811
-0.5957962484586559
-0.11985717647039595
-0.47271168387781626
0.9355436312727228
-0.6084706794120653
-0.1159591003544822
0.2951065507180637
-0.023104844410111625
0.44589790520434036
0.42704829475253026
0.08127106752092605
-0.5939144059044237
-0.5372710244684544
0.2768417796412861
0.3540510472279874
0.02944879530403921
-0.8501605318452634
-0.2654755707666092
0.5841092910384953
-0.5927634993327462
0.8880978919401443
0.31710094304457925
-0.014773135471247478
0.8159595894776224
0.5372271713376395
0.22680619764273757
0.9903814358450582
-0.5077791685998774
-0.35249008956100636
-0.24859885002893756
0.7118295980227611
-0.5954030978107041
-0.7603747952440965
-0.5442338569655518
-0.9658199591220502
0.22782988975736895
-0.735244969923631
0.2383677602809815
-0.09739810523843495
-0.19679084187914553
-0.7824126652608971
0.6306008053675474
-0.6119615903789395
-0.8292171291364376
-0.5165903308463251
-0.515051712773406
-0.6808857233392371
-0.366724329698902
-0.882003054812702
0.6016981510314598
0.3519626430879639
0.13867521002896943
0.047839996337673885
0.9747839367128599
0.6792814345647669
-0.5405873917238693
0.7444518094230181
-0.137850008276998
-0.8081375076156241
0.9393766737563707
-0.6489103191551775
0.7496544482617731
-0.4330913006667383
0.9968748524648567
0.5394447049414837
0.9899508178997785
-0.2579910066323965
0.5204061049254878
-0.9269502102625367
-0.38917094993389556
-0.16885298838091578
-0.08988020393479856
0.3510584810563959
0.04004269698459084
-0.5704322226651999
0.04753582424572711
0.09998111721446401
0.631805346419384
0.13745879793617655
0.11128356494381686
0.9999275165658139
-0.14308628195210238
0.3842438366723755
-0.7498481781721649
0.242490347052553
0.08332133078515636
0.6359012468302008
-0.6064841152722487
-0.9606760093753404
-0.038081229492071156
-0.17661223484587651
-0.6679552338837311
0.05110606669633566
-0.4083442940409525
-0.6941426934326951
-0.7357204385662772
0.21694742570124204
0.05885440968972189
0.700352511581557
-0.16988672446188824
-0.6130075744324655
0.7206207858000078
0.09344672419113231
-0.8294572182551583
-0.16068490135464697
-0.8504438572376452
-0.9442319895356319
0.015410875212937825
-0.9235782040183806
-0.24474364682601069
-0.41998545797010345
-0.007784553836998498
-0.09224445193649977
0.019163502762054474
0.10436579323119433
-0.8179117437185832
0.7070351055839561
0.02181094086089419
-0.4748388340633136
0.3185539480703272
-0.2530721913319762
0.2793752112378889
0.7224522680099987
-0.9649579099794985
0.8768424462564541
-0.6114597075717785
0.38599886827849006
-0.9067328518316771
0.1997221524771704
0.8762050978246232
-0.8821775644055976
-0.46568546733015204
0.1957039855525584
0.33469031971115526
0.16892889042523018
0.7720523476631516
0.4227079815576038
0.9893482567781773
-0.3110372643325241
0.12785746275180077
0.02845561134059338
-0.4282269351494028
-0.33427346226507626
0.45991762887264187
0.4315192992329371
0.5270522428647277
-0.6863396247434415
0.6491386086127902
-0.4513727847030031
-0.5934102121257578
0.657204939089389
0.5973346123838594
0.7318199581998164
-0.9964816425387644
-0.31571890775556843
-0.09237786423716354
-0.36952907841099525
0.44564181267063785
-0.7781621233848712
-0.11235983755010737
-0.7184099189930482
0.8104861809862114
0.49101506753468405
-0.6493035824174358
0.29696341173934737
0.7049246699105458
0.5596487840983264
-0.6449513286065056
0.3901607059799099
-0.8698011404489572
0.11694041711326908
-0.1862117594412147
0.39224271090097296
-0.08275649921508621
-0.11191733627106415
-0.6890533839297257
-0.3798069565182005
0.8352585431473174
-0.3377827037396528
0.04396252293095726
0.34121414009813944
-0.41353154900771893
0.498377588456252
-0.04302534055931573
0.6668210353987247
0.7601738309754953
0.3295734138156776
0.9235764999536278
0.8054946066302331
-0.4338087315426187
0.23865981017965243
-0.20500066178753817
-0.001707032836591793
0.8068716178256248
0.5860807476307062
-0.02851334182172649
0.8302115681312934
0.18118495141370605
0.2133388520188524
-0.19440668926172022
-0.7560944383650927
0.6620419488438745
-0.1659487545634546
-0.07561880535163934
-0.04587447355540486
-0.29448295872660224
-0.16506829086157637
0.42896069789144753
-0.496280240716509
-0.6157071376872127
-0.8923244270558077
-0.5123880144738628
-0.8189675119165547
-0.7324277612476844
0.4937404178841647
-0.17551818186600676
0.28386598307377
0.9185368063765234
0.15053869950246868
-0.2563905022485107
-0.7656149746205558
0.6129271622999943
0.6814135915603836
0.3771332224136279
0.8690546358743636
-0.27106926941141407
-0.3981757598969471
0.005021307099939865
-0.5814773033505554
-0.8501519341689767
0.8377406750151022
-0.9693848720647427
0.04711701860413453
0.2740772199051327
-0.561119062933588
-0.10794953033895127
-0.6610840814865218
0.6707932691681449
0.6007070814275992
-0.5767143731624864
0.040765836077990336
-0.32232333468145513
0.531986326479732
0.2869856822694905
-0.2842245616197787
0.9053739126883917
-0.39749576171775347
0.3350935166428197
-0.7024205380240609
0.4470620159491967
-0.6002011998129682
-0.34071092636133704
-0.3940700999758888
-0.8443317206048979
0.6416969312992018
0.9865830019696624
-0.8655561289129827
0.15895833507464086
-0.9474870686061967
0.6948396790280942
-0.2612462374201623
0.1592633950339084
0.5881746382954389
0.09472187707158941
-0.918971458444239
-0.3791855982528849
-0.7811027248972238
0.40013682016172836
-0.2059254655712457
0.49077401054079495
0.6912781890488844
-0.4946292562406789
-0.4805902947112304
-0.04618841275413499
-0.25689999327763746
-0.37016481319335615
-0.20722405843663205
-0.2600860616457614
0.9711228142306372
0.4219818703622653
-0.6527535422900288
0.4207581928616917
-0.28441314228848547
-0.06531356695693291
-0.16702176215847087
-0.39835259318556426
-0.411988780783056
0.11865469449127608
0.8000042007219474
-0.7647941168083427
0.9687391227600872
0.5948685359841781
-0.293263871837
0.7823853418005247
-0.027990678872926056
-0.5674423233148937
-0.19173757543739423
0.36674401881080665
-0.4922059387728457
-0.40660903065525567
0.5226808497229911
0.5548023033858285
0.908858348570686
0.7046152910558632
-0.7295911851377952
0.7251395474967053
0.10807182196428
-0.6374651453882803
0.8795665940576662
0.13868234689672843
-0.49245529485001494
-0.2133978328804571
-0.14514765475533786
-0.9215227723599264
-0.7905487664098876
0.21215356261828688
0.7265532130650569
-0.1707789376760207
0.9980714431611986
-0.2189467241120182
0.35571702530441174
-0.24260649558023473
0.06722787796439356
0.48103228175827417
-0.772187520528085
0.2498085332033806
-0.1846968503344555
-0.007049972158432283
-0.03225440343154684
0.9252987458102842
0.6832805208422146
-0.9493893119649355
-0.8656037874364704
-0.7915870355531431
0.498170389709063
0.6784727625004294
-0.9540557009796378
-0.6011529807491485
-0.11048366552269973
0.6384967979160192
0.9379541928608535
-0.9054848689756436
-0.2765367584830083
0.7228166921388341
0.037257700020787654
-0.4941383128737604
0.4136881715687899
-0.9799961772152981
-0.07079446174222248
-0.892570808774511
0.6349895466996598
0.7669195899320567
0.220830687085676
-0.7508532307743605
-0.2553087624025161
-0.3316786470162365
0.20160082360515896
-0.20077364900929906
0.5520029782322324
-0.9019777582224746
-0.6013135617493872
0.029567353468787916
-0.3078616760064987
0.49296588949005216
-0.30373276124036397
-0.5696725552538027
0.8506381248553658
0.6274840625836446
0.8663986924902025
-0.7788890548379925
0.7049195679854112
0.08657087139995534
-0.01211867549752288
-0.019466306639370767
0.961398607827944
-0.8857109240108265
0.06876644396532461
-0.4399730544417555
0.4395054674393104
-0.46651021323734576
0.702972799593288
-0.37468184388155823
0.8660098522238096
-0.7337472317228
-0.9508268173002532
0.10726306664792506
0.8444982267304997
-0.5992014464146815
-0.027008606700670734
0.7744790859451367
0.6935531665495456
-0.4732660412677987
-0.09702251750877577
-0.6588092697856613
0.22996465196896043
-0.1518043013302297
-0.06448160870482544
0.8067946346535158
0.1877783229118568
-0.324246370638019
0.7034668034653522
0.07596727062958464
0.1362550432796723
-0.10535764415806192
-0.702904404799352
-0.7095501315467292
-0.268851217068355
-0.800200552505304
0.38567834221970876
0.32586812738977233
0.8286727289296842
-0.04737692984154451
-0.8269174887897046
-0.8895615225725182
0.5872891275565812
0.012440842909592797
-0.2419816219610369
0.3808188360918452
-0.26950082674752496
-0.6998176438711174
-0.6608174368168249
-0.0291000076757868
0.09643897406080093
0.6827952921688978
-0.6546712244553978
0.18733435540774845
-0.8150000870436991
-0.47375306621452196
0.6147646577046593
0.7077178525073147
0.9781567677027387
-0.9381338161549757
0.23591872951268233
-0.11141077712315339
0.021147326320724247
0.7696983497563754
-0.4673785885389765
-0.9463583853752406
0.6833861556253866
-0.5492097861138547
0.5872201107026356
-0.2992409963706444
-0.5026977083143584
-0.7987320492066432
-0.3186299678581075
0.10464394650989384
-0.5522069266023355
0.0389118867211109
-0.5892715587146995
0.28385217514727135
0.5277828698084026
-0.10445536501145414
-0.31051524238105643
-0.6654811479188925
0.039734187599308246
-0.21613767427538044
-0.872983735753363
-0.6191359148546183
-0.7319120274896507
-0.8589190194389551
0.637698579745684
-0.7852269827076324
0.11643288229964566
-0.5186749425090209
0.831245022289749
0.34468566719024296
0.17932540440755607
0.6342867806440533
-0.5193105888322493
0.6912317009909934
0.6208323343519755
-0.6379348652917758
-0.15577789535646303
-0.6359820010381398
-0.5896364410931096
0.838936319181288
-0.5374717932491484
0.5547613202674144
0.9318205479038328
0.14354511096862543
-0.4557243334833876
0.2397264829526189
0.8265794781140519
-0.1564309994957287
0.425565973331131
-0.7054123679342574
0.5327905168286362
-0.7251485792331747
0.8519421545513262
-0.3389012032385672
0.596719180673992
-0.737699439081704
0.33600219531817266
-0.00944807829794625
0.42960904986083537
0.21819920300759232
-0.5411052267072622
0.46835866462515874
0.7406548484657671
-0.6067333167384164
-0.27372896232098265
-0.08033693032711064
-0.3336846950338608
-0.3911718616848263
-0.7540720459842178
-0.935080568890696
-0.36678780691960955
0.13235680563346475
-0.8184220440735197
-0.008354057222193623
0.20863865559083083
0.36742183602236334
0.9515982561018272
0.9014423041308492
-0.49667873583355004
-0.4313598205346407
-0.6981939817971896
0.9174109282008605
0.7946851959662682
-0.8091161700929084
0.35727841489855683
-0.8424881121641943
-0.2635840277326058
-0.9918016374859586
-0.5229553321231935
0.15259390303016263
0.5136865017803465
0.14750565768764035
-0.5679087419005493
0.7926375757352004
0.7437548667566534
-0.5786695475409382
0.7699899409673352
0.8394203336095416
-0.5525465084962704
-0.11393930116716233
0.9246452042674294
0.9809147069727717
-0.07165269756288595
0.07618424385841505
0.9859610527398108
0.9826498206573515
-0.037314986338711664
0.881152512254985
-0.4558735350918295
-0.2592660177946928
0.3449309374915488
0.1518456117039726
0.6963068996046975
-0.12167136746993346
0.2204357016268088
-0.6281680511184449
0.057127309742654786
0.010007125561593
0.9962618284951361
-0.7402556908629463
0.6763374293933322
-0.5947351089436277
-0.7208791190077541
-0.6040066028256141
0.8215664034025278
0.8450332488456862
-0.9213177813970514
-0.4670356471400219
-0.23289421063291438
0.7527694979340456
-0.6252764378373155
-0.24087870124223043
-0.7210948170788964
0.8408868931174311
-0.113297256733216
-0.04162002240876572
0.8728085855013552
-0.4551338267486609
0.26743847048692726
-0.28420113512424594
0.1570020101105265
0.8958321249866676
0.1945379942152461
-0.23436568294392424
0.5943044880364605
0.06270578602003263
-0.9633071352136537
-0.017363371182609555
0.6324076713534084
0.4379564591638141
-0.4684882225532927
-0.137382855267272
0.7191473533596768
0.0003939385356797054
0.45882210755961106
0.42061220709368397
0.5118457164674262
0.4058946734090785
0.37071735852327503
-0.5714575714302361
-0.3442130787664224
-0.6950669094824835
0.9677297235112094
-0.46255802639851673
0.7889231303975162
-0.3897213902331582
-0.4953650617219296
-0.4430689814620732
0.10166952827387576
-0.1139546732530583
-0.9896155584144457
0.40125942156231353
-0.2268538731272054
-0.1682650409329116
-0.9807271190263762
0.6275673524289054
0.6489703890407172
-0.7330026247162564
0.009760424434616333
-0.9924323602940841
-0.14323931761593656
-0.8399565442667538
-0.926426509726735
-0.9037723656678582
-0.8897170894207118
0.7183239630648648
-0.5360964598831051
-0.5595856590574222
-0.9088880541991347
-0.2015773754775172
-0.4762270166565854
-0.6576096993568603
0.7025232943853577
-0.5325704898549406
0.46522970564065624
0.26810486932152866
-0.7685459150074321
0.8618673118365197
-0.5093326447307724
0.2999140668859024
0.21522171590807693
0.03209859282083083
-0.9740006976671975
0.9810410625970576
-0.5695143601792332
0.8644900392217483
-0.6840424090782735
0.47784559979211916
-0.7095956830220824
0.918150240605097
-0.22198649317564678
-0.5252458553353447
0.5018507246633146
-0.2642954941003661
-0.5220355493210735
0.4122361935848444
0.5206062140092083
-0.2591218553552308
-0.4744043138200531
0.4531055774062407
-0.48855036757798054
0.3465167419962667
0.029400405485353387
0.8652816917293844
0.07733234316635396
0.0780710314291364
-0.2714693322840447
-0.6032075681230853
-0.5505338736314578
-0.382232451582591
-0.037479259358357275
-0.07190884749216009
0.5725392044265551
0.8975635483421864
-0.022143066570629033
-0.98480684810097
0.8165355286029565
0.41487694921748663
-0.4620067373268808
0.564726999159542
0.2232406105708531
0.2261910907413367
-0.6823278659799503
-0.2645785048846432
0.6724655750353092
0.6087686312245657
0.3841016968501827
-0.9395633276810715
0.505111459649406
0.9150037431872418
0.42640425606871957
-0.46278906968854194
-0.08512868439932819
-0.6833364215640418
-0.1625218157783772
0.8223350094363802
-0.5238658158267151
0.42394946785284526
0.9519775777780022
-0.04983801251923614
-0.09945026732234297
-0.4523888104064284
-0.34250325680903937
-0.43957028650084307
0.4537934000706114
-0.7059395121420182
-0.06210039563785119
-0.17045179801329824
0.812620213225923
-0.48255521363682385
-0.34461587352454526
0.15861037054106597
-0.8124624772813671
-0.6678194069371484
-0.1324633791031964
-0.8353744250503954
0.7793334440627335
0.14657898356081467
-0.7464969243277682
0.30814523462166
-0.26326001954650624
0.6428934812959217
-0.7382386450827054
0.28470378557365894
-0.6176051921415942
0.3122019621563714
-0.9360347204281152
0.3342918631623566
-0.8900489830549745
-0.4361834118225363
-0.1640542413473094
0.5174294141804776
-0.6184694298197191
0.8761787684646221
-0.20914492752060032
-0.5374649659348607
-0.8408183874198458
-0.15657090544970131
-0.802749167822032
-0.0702383228961434
-0.9690554158913733
0.08389403958888031
-0.4628923895949868
-0.8224403983109438
-0.7264406414692572
0.6100059407813856
0.24173219493377784
-0.39092029241459225
0.5627903203703271
0.25077615372790474
-0.556261294968992
0.3712183068509538
0.5359820087762539
0.16843580376993295
0.6476846227938626
-0.9963121660321759
0.4565032185141995
0.39676208543440383
-0.3639283097610502
-0.24607297699515218
0.4644465625131744
0.9411116633935472
-0.7276830690943914
0.35171751797755046
-0.7817468433568953
-0.20417756445208957
0.12829515121936708
-0.19864171994916457
0.23835519075749478
0.8546398513289213
0.8248836456877826
-0.42961514487276875
-0.4405127755043907
-0.647123749865971
-0.9202319614698091
0.5276348855113644
0.47791678543550487
-0.7187786819069228
-0.22637141642919767
-0.9418415537582772
-0.9996862091059162
-0.11593063129692349
0.35592335577560474
-0.910184672219732
0.24448672182187048
0.5722662313074447
-0.008298546169522636
-0.9745856974064588
0.8473234906883944
0.6516631379607392
-0.6863841535985324
0.3651313894534767
0.8252330365296647
-0.5238980455512694
0.32984411543162895
0.5856709280212389
-0.23742047062180616
-0.8751588798628236
0.39147268202794683
0.23715503666817583
-0.08160123935331343
-0.7981319160250777
0.4459544079906663
-0.5749643838653591
-0.7389794288109277
-0.7094498993995317
-0.9102727602014853
-0.8870876471930178
0.813261794418995
0.5600269386648642
0.9140149493104108
-0.5276311190694223
-0.23411187220381713
-0.8086538799025771
0.24019808838635548
0.7592524357368806
-0.2714090467519721
-0.1750787456582943
-0.17971539243154777
0.9488452858307703
-0.5018195047783962
-0.18175097085205305
-0.59745719990664
-0.6587510140564525
-0.08815010289130387
-0.5235469528606416
-0.04051733390155654
0.1269298723158505
-0.9608649604579778
0.29857193467325693
0.5074855255413193
0.849192347986282
-0.7381360798708927
0.5462454620544224
0.4876399097685029
0.28515540556158836
-0.611655217456335
0.609622973916502
-0.08093713964727423
0.14514267822423
0.6174322375840688
0.5905391752914726
-0.9488090346009899
0.3396076962787282
0.6879402207502476
-0.07947359209859162
0.3931642341360517
0.6793736660573539
-0.8214846473778383
-0.12119310908684677
-0.8865259526253049
-0.7778607174242358
-0.4599211445300868
0.8304263515360661
0.038212153623458756
-0.39969485607633515
0.2759879601124966
0.09505671918969583
-0.9849099261455263
0.13848619501686588
-0.1056346080946573
-0.3619217160068593
0.5078275844211546
-0.6129928252267562
0.48407947020693376
0.08987832776591698
0.7987989816022318
0.36958368459499114
-0.46920051889708403
-0.9305736691854682
-0.7753367668183584
0.32333087928100857
0.110328708613596
0.5325021004033736
-0.9832111782313993
-0.9396472311787305
0.06014681442808123
0.8120030770284206
-0.6934950458329021
-0.35654444910849636
0.46041266777331735
-0.7626129108016622
-0.2061378458484624
-0.6409905614485434
-0.988200056797357
0.44396700772898523
-0.43922388610772956
-0.030206760007839506
0.9666919062369836
-0.8349572700083119
-0.19833158334466106
-0.043823663515111244
-0.33452159532405235
-0.8333264024269711
0.6785294005578677
-0.19888187564494486
-0.5035659965618777
0.6250070010619182
0.1780980099707865
-0.7634042429916317
0.2626656380841961
-0.5765970187220564
-0.8062037838441165
0.8541190208436458
-0.33235824201325626
0.26109274114963843
-0.9288898377398858
0.7994102967714287
0.9698268783783586
-0.774917933343962
-0.7499019225385226
0.6176760073828755
-0.25258149998569723
0.366099694650478
0.9389119397856396
-0.214069138730542
0.3874458018674267
-0.015756492375612385
-0.4957818751780796
0.006513490210457551
-0.4809758799934103
0.8272603972255725
-0.7114523236774897
0.7868758498412349
-0.19835366990885328
0.5277686797996048
-0.9487320552191274
0.7360084097464756
0.11234498470085108
0.4233915324086106
-0.9876225940123695
0.4535524646789284
-0.5698521072511449
0.6706676981280666
0.6044373226752691
0.0528055328080026
0.5222937353364885
-0.7813962279028148
-0.5192664342566167
-0.21643449263766068
-0.8035955304665066
-0.5302605348240212
0.7538374977693585
-0.4202279004838645
-0.6195435288448674
-0.8328269060586828
-0.2036283553827063
0.6950006371400328
0.24129075049444593
0.7825742550323886
-0.2981104593454642
-0.3894901180054069
0.4101272634642519
0.7899182866993628
0.5649486237446018
-0.5563349683656491
-0.056145021465473066
-0.4756094966457969
-0.953535625608577
-0.42655673016228923
0.5589492338087918
-0.41337912277290756
-0.17885318947689388
-0.7531843194450254
-0.037891152150515195
0.8205497620840192
0.2069329319236788
0.4358876141640913
0.2617732540288351
0.42930933125872484
0.059202398249931676
0.7500960681975593
-0.9241538952957404
-0.8643176501507412
-0.8699462959375222
0.2243130315204549
0.004681579316596185
-0.2898795015616584
0.018639742039317175
0.7879423138634323
0.7959246867719729
0.5108139908635312
-0.9804717008565398
0.5358855896876142
0.1812987713409333
-0.7349896127636644
0.6064214686151326
-0.990446221525138
-0.833843276615051
-0.27491198664231664
0.4210276542843072
-0.9778085023965344
0.5215165802689476
-0.16774007202843144
-0.7857077196535793
0.11880439321619019
0.1965506954352194
-0.4507271048062904
-0.29583099977099425
-0.828700595295685
0.20381826142732073
-0.47172231254598374
-0.8152416670683784
0.9189037185140163
0.7327661121863027
0.034897653444978305
0.9496631865730594
-0.27364121423442844
-0.8238556130520609
0.285642920357269
0.9389201334965127
-0.20136617511652188
0.7170473448549712
-0.14017553337061606
-0.07161550991489318
0.43041125891166376
0.17757394912346713
0.001906153919003728
0.17491663439636462
0.7845314314310963
-0.7838163330449563
-0.25306942331906535
-0.9275262132011082
0.8028897460152016
0.7170469169617479
-0.1944520235452767
0.5576936231235747
0.4647440969279393
0.5907959091272725
0.9507196600422831
-0.2681060182489934
-0.8282970518359971
0.7011524609742983
-0.6556781442979069
-0.38093153787177303
0.9905045292119119
0.44570696929402653
0.05096566579135864
0.8557151102155929
-0.7882389030613761
-0.30684765799927094
0.4977968614291628
0.8159638223678332
0.5001567284703956
0.7527182067223006
0.20974191621406635
0.20636906636193753
0.6013957145311077
0.999110760305018
0.549811169914121
0.7885996776611695
-0.9899121234475754
-0.329618096400895
-0.5838918555227732
-0.4364622039029842
-0.16844889573227206
0.07074902529941096
-0.33062208811517313
0.6950708921468465
-0.33082072979364185
0.6888306890326166
-0.4521824931842948
0.5258605720425835
0.21414427394659175
0.27210549186824085
0.738782157009541
0.6330283562058683
0.4913485532924253
0.048907721601865184
-0.10365737434079025
-0.4017579785753598
-0.34407493810910683
-0.1620334260828138
-0.291073061688508
-0.5823103045834794
-0.11908035496101554
-0.6279474513364953
-0.7885891201271784
0.627294391211517
-0.4174476568233503
0.5109203935369635
0.013050897997229027
0.02717952314434391
0.9022144885039973
-0.9970254534298102
-0.8244227928161361
-0.5281324894144275
-0.4493686726875623
-0.5963227088374004
0.5031866894204755
-0.6796284273229165
0.3694167418530443
0.6218958006528605
0.4233867151153039
-0.643463623069557
-0.3080922635862178
0.9247208622479346
-0.09582206410292726
-0.8751443052505514
0.76445799801826
-0.7820301981732367
0.1275979921567767
0.7408787011817513
-0.2115375957108645
0.5140350036459047
-0.3791891075181779
0.778094356397163
-0.41109164083219074
0.008516677720660448
-0.8907222311659682
0.19750062690161152
0.6244562069458055
-0.07758318741239889
-0.07503400489920464
-0.08271870230157785
-0.27629309605622265
-0.7930335084228182
-0.3085908547222005
0.8957840379079447
0.009308838674272568
0.8151057569897513
0.5136825763708606
-0.31005347749388057
-0.38967138477043517
0.6914331546838615
-0.9547210291229247
-0.04233748923674119
0.65214035638647
-0.617693343474579
-0.9436659858885745
-0.758934767567728
-0.28394405390553423
0.8179751600981808
-0.6239418700652146
-0.18350534420279185
-0.5693399510634367
0.6752731923090536
0.34262483115561504
0.12247920319727479
-0.5000432450569701
-0.8125308982550907
0.056205343366207305
-0.14131956163095838
0.7611813145122786
0.7594592204027619
0.8565710939450533
-0.9727338519644835
-0.9466273738239428
-0.14600012724025224
-0.9549329657374068
-0.2810431762485517
-0.49269171957625835
0.28918423827876394
-0.22745595364835336
-0.2833890467976805
0.5522281684581327
-0.3240706928168158
0.4019905277951985
0.5410617817237526
0.5813796168561711
-0.6054505820016469
-0.394292210222831
-0.5843596767912536
0.5177369263114264
-0.20117668425988255
-0.7590561545787873
-0.27679181646293305
-0.5141480860661898
0.36518903272830827
-0.010006448091049336
0.33509657969098017
0.8945031696732102
-0.5817807147751042
0.08924944013561453
-0.7992907895777861
0.7374165037065117
0.04759740117891398
0.2893141453117094
-0.6367371156899728
-0.7719932246287518
0.46716242667643404
0.14421456798466248
0.7312005003137014
-0.9900534474502334
0.17509993253841438
-0.6238293000870927
0.9402619429772583
0.12033585984224104
0.15422155851231212
-0.2128362952986771
-0.8178790001889411
-0.00505604947284688
-0.6710650256728463
0.6792737689181425
-0.8135684803798018
0.5949045774790551
0.018970259447626647
0.9006691849353683
-0.7473665152425979
-0.8450393229731972
-0.12985978269017573
-0.3476863237398067
0.666453017436123
-0.4504112170243133
-0.22925429702372124
-0.7607549331102514
-0.3298280248293537
-0.6271440019281997
0.14944195204100108
0.26045236759180623
0.7754415856808174
-0.6862227581222433
0.38072221381940463
0.23682675283939214
0.7126525409639719
0.22147330648244878
-0.7829176509271525
-0.1875033480445385
0.2787669839524183
-0.10543389723174412
-0.533585374005686
0.9979237013699926
0.455311687357427
-0.26455479162571693
0.6480852883406167
-0.8515139868800188
-0.8058084361516338
-0.7491274048289851
-0.7897578360523607
-0.5642298898808025
0.19044838832561517
0.5493985495886937
-0.18585671803210668
-0.5171664645208367
0.08528621020479399
0.5437864261483205
-0.6362512563376277
-0.7723048680083451
0.12155388032922576
-0.5386791002946896
0.9586175092905593
-0.5142908118273688
0.49449998481887136
0.8860755976277297
0.7258729477064525
-0.22631188945193692
0.7439745563785849
0.9021645684097628
0.7923238453115227
-0.41524236309990625
-0.9227066671330952
-0.584131145773086
0.6260439292084738
-0.9184481181737971
-0.062252481336950716
-0.06926457391607288
-0.3056200552806849
-0.8118725143555863
0.3940186531171186
0.7333023298202053
-0.2375312348783729
-0.7956412486476223
-0.15751544908609705
-0.8613354621166078
-0.8181686169555025
0.8062960576806348
0.20937756351775394
0.25558718791869195
-0.06017034903381968
-0.6822440738132023
0.9110243049719535
-0.3387069234425182
0.8256275395804926
-0.3502938047520634
0.2425585580567715
-0.39900030865823544
0.13407939197553742
0.6282940033129043
-0.9379545017257145
0.8956048522610807
0.03557568074012729
0.4315570858310793
-0.1637846725027754
0.39543418716758416
-0.21397854598103816
-0.8159874349932117
-0.10096587246749289
-0.6394510485527114
-0.9107994394314582
-0.8228878610539754
-0.058810332780152796
0.3269843829708514
-0.15833268772680076
0.5366501804663848
0.20893035833684848
-0.25886417202042167
-0.39873217525747706
-0.2743607998683977
0.42756971507383734
0.20492823073985478
0.33433760361483533
0.17669901937038746
0.15842424982906111
-0.40536787743595304
-0.031145770894171143
0.23927691653698968
0.06305493921856153
-0.33188155352889637
-0.3737303528413758
-0.049272395717013806
0.7091223116323062
0.2862171879863258
0.9125605359298783
-0.49575341207632495
0.05566209036698733
0.7092356668451523
0.5677867336167817
0.8010201022604433
-0.8037568637130015
-0.3855190732654912
0.9482033995361423
-0.49495919024127666
-0.9916114857002765
-0.777697848194709
0.7886578004354703
0.014122408789290164
0.8304852781179168
0.06156572955620199
0.6771722539975304
0.24037181451818435
-0.664041518887053
0.4178272362763191
-0.41927806676509793
0.9934133706981119
-0.3528336614864531
0.3322463120696626
0.6993879916770531
-0.9014863328132432
0.8224373684433455
-0.14455273069543062
-0.25520906208084226
-0.7538200750594752
0.7894304431556196
0.3394245509529117
0.9415646737018077
-0.7462179187690972
0.0710378696467826
0.21005727246495498
-0.34980824074489547
-0.7845624859931002
-0.5330053576741327
0.39821655648692045
0.14259353178952971
0.058321192963394664
-0.23876504918460872
0.34519605477153537
0.16734743801852936
-0.9204450820445491
0.09342976519707213
0.336812045739753
0.5562933719619225
-0.21500787192432713
-0.9028290478976666
-0.6060084291265149
-0.42326277358852415
-0.05546142487618089
-0.10795261235269171
0.44200108317465014
-0.06681851124315519
-0.9563321503501057
0.338727816739923
-0.895089309552088
-0.8632538377997028
-0.6576020367315223
-0.07811170233361642
0.5723332475371077
0.5206422522440302
0.7230223403560012
0.4383588828228182
0.6522864553850434
0.9699285518405798
-0.39079861400136195
0.7957490368660951
0.3654120294716021
-0.3336256420415118
0.696342796085776
-0.08845436690721242
-0.1128191767304656
-0.8315531615934104
0.33612620493792855
-0.03892668362688467
0.6757199879232303
-0.467099963195968
0.22604670822237183
-0.010851523798667051
-0.5451157849505333
-0.845068364896089
-0.5106590903880002
-0.0932131018925233
-0.8022494363703243
-0.03622649318185611
-0.9934200234009651
0.22667106812748683
-0.053580097585739894
-0.8253544966570316
0.18410270361284176
-0.2938288352099967
-0.5214428710878791
0.9825451866430392
-0.8559408836788256
0.47260016426738516
-0.4533913240332479
0.7322651774988698
-0.7002313182523905
-0.9657975213356815
0.8037494050668286
0.47300078095015663
0.4668208653097181
0.27758411608686684
-0.895186134710031
0.6433029689421645
-0.4014880309721838
0.3666558825168318
0.3894201536194124
0.48720140314041904
-0.5382752968302107
-0.08490268705922244
0.03814428726246799
-0.1349814458467553
0.556802730213817
0.6509680580064745
0.1367133858021039
0.35540839019658677
0.3139430011402704
-0.044858222117767355
0.690790706082868
-0.8695621653716206
-0.5273986134715156
-0.28339908602671704
-0.4504778172934265
-0.23253844525432
-0.21533104046629448
0.14411325290903054
-0.30091737349453385
0.1662011353478634
0.5116592000908355
-0.7781326174750889
-0.8322780991547309
-0.22274554005688652
0.8648139170203615
0.16064883168391964
-0.33811913009918926
0.04856346557015323
-0.6893521943515959
0.011028795170530348
0.9145107382281386
-0.4594849251944426
0.8937960258683761
0.6865860878897823
-0.3539649907578801
-0.6462495070564949
0.777611142907902
0.3837291262750433
0.40776460937619996
0.26850921929007154
0.6211550715296377
0.6605222345198132
-0.2893733483323335
-0.32491885563094636
-0.22552838317768198
0.7660007979663774
0.2584554879135832
-0.927504966769817
0.4908931621295429
-0.19151205568754848
-0.7739200977501266
-0.4563976863330528
0.0978783476875118
0.12216174070285479
0.4768170761556296
-0.11030845064654193
-0.06354341342448677
-0.8290867026645548
0.7949738481637916
-0.7620701477335765
0.58865000850633
0.5922715870291335
0.3959032371763789
0.7081309643357536
0.3634254907985415
0.6060421355954255
0.4422343680615122
-0.6019988879103311
-0.20240079839714253
0.6459952075674975
0.2574886923117592
0.9466353462285015
-0.6684871452065604
-0.567155830782857
-0.6745147917148053
0.5564602629576214
-0.7128755367268007
-0.8399513259973195
0.09005414948569723
-0.22058391021568835
-0.27387955967105837
0.7811031478206361
0.5866642752322031
0.7756929158544672
0.9522262337235021
-0.9291089084254778
-0.4550019780035597
0.3680814909118444
0.7039843660602263
0.46753647933785736
0.5028018673437964
-0.1449898576153279
0.7933228119834046
-0.49822325025702296
-0.40114280062989893
-0.6975902821777284
0.1642950189976502
-0.8257068157342142
-0.551414479028727
-0.15155847109461162
0.35364663166791477
-0.09892806052380898
-0.4293520782595832
-0.040271142577334995
-0.03634608429710373
-0.5077846843365446
-0.12263544893945677
-0.5368772554017915
-0.6030270254428822
-0.46358589642877135
0.5481407826148101
-0.9709581585354186
-0.01385520654300687
-0.5582516840197194
0.39602654166175477
0.4333388275463599
-0.2025519814043104
-0.5824870043145791
-0.28310269960793355
-0.7347483519785458
0.6873485487536821
-0.7108673467419286
-0.975819677112332
0.6226328327716897
-0.656990075906452
-0.24694564169348698
0.8154359133238096
0.7355179320276173
-0.3072777372354756
-0.6964542710174169
-0.7750112438288459
0.9894416475755383
0.704325394203811
0.030818273694392495
-0.8445458159146786
0.7594352596099054
-0.6913260354394672
0.222241322764404
0.3340681887663324
0.9322479351577428
0.9938389183202261
-0.32029978784728264
0.3743541686331697
0.12578672459161377
0.27203133473522034
0.36010702311280696
-0.4030717597067852
-0.5440540242238967
-0.8620263860434112
-0.12886606168850578
0.1428239938601803
0.4389593482678742
-0.8673176572367365
-0.7629930410531125
-0.5193493965271463
0.020432978856363526
0.5793900584251694
-0.5909222542173294
-0.7232471986231173
-0.995131291353162
-0.45925358031791763
0.16826174125430882
-0.34622475116313867
0.3887179091496027
0.10037246364284824
0.4591351876706844
-0.08834987303396402
0.2078681273844294
-0.33977535421237026
0.5591644239036377
0.6471790806889415
0.15776074976595966
0.6757979447482576
-0.15117779662229536
-0.9996491938786365
-0.9008662257880007
0.09954824007106722
-0.41232864432444294
-0.4711686507943331
0.4903612946547109
-0.23712481997957724
0.17048550880970192
0.3971163881809574
-0.687157510590575
0.14934746598630477
0.2859052071416368
0.23630053493388936
-0.054342843729080714
0.8194808461682603
0.717311471430736
0.610237760348497
0.07030163295416192
0.08216520769184776
-0.09203435181371789
0.0028839245920015966
-0.7256360090232044
-0.7998922936976267
-0.6319522312149204
0.0016358154503544053
0.037649649262655016
-0.5647019957187971
-0.7758159124656123
0.6961317758158345
0.7799317786534672
0.5479566879119255
0.8605624723481766
-0.10942103290230643
-0.38026530612053455
-0.23222362270627772
-0.17109226770918928
-0.8593982354760858
0.5401690182579073
-0.03764182596874899
-0.9229689807838604
0.7667832998781372
0.4427607066823458
-0.9105734826138867
-0.01557713607285005
0.3203776697572527
0.4620835654904063
-0.2214076642136884
-0.21577135476614795
0.31786428966606306
0.42174287427591306
0.08220428934587742
-0.9056457486344036
-0.5557878135103995
0.5360306791849787
0.8297805406968719
0.18814737096492196
0.23496369383190974
-0.7919065958355143
-0.9464889792498121
-0.506286265493709
-0.19853919289779642
-0.6559989466026854
-0.17991615243325176
-0.35884800552429574
0.5329297181960944
-0.7133380843148434
0.09599590726408991
-0.4866127959255311
0.42792103541866267
-0.5732968414482875
-0.7393655149566305
0.8080555287824847
0.07642336481980716
-0.7964041202120471
0.30183899695158867
0.2722149051197429
-0.9244452425475498
-0.002598064967670455
-0.2879924606872388
-0.6457728006034547
-0.438821882971683
0.7381179804244977
-0.310856748724353
-0.2670384500705316
0.9105006523896142
0.1839858951009392
-0.026469504253640475
-0.6153628939604168
-0.6477773086066776
-0.4487641764543562
-0.5941556284033409
-0.42117506504750235
0.03376612418714875
-0.5364233817499069
0.022519649038327705
-0.9470643465842352
-0.7279320300095813
0.8772758798528644
0.16078895303166574
0.8485146874837326
-0.24873262690739528
0.35037744811639215
0.3547804333309712
-0.5041226607603946
0.9629011345968601
0.7182537148352599
-0.4376156057257736
-0.6253865661254367
0.2312866008175909
0.5400224860228535
0.008586526436522801
-0.948790097819993
-0.3165051080258403
-0.37172645633481327
0.6769866599870309
0.06748026383015282
0.7289308994307311
-0.9704066351742309
-0.3645901323485303
-0.3426810664944049
0.5837637571614844
0.5140543866708451
-0.44115964382852946
0.10719301739353049
-0.5005126900914236
0.9483781755496481
0.6566266177733537
0.5469545677504628
0.48464670371440977
0.04207291285034076
0.9154633678964672
-0.10380471517525569
-0.40763156934826683
-0.7871947429785369
0.8185592269081579
-0.8067251735124352
-0.2877300182268223
0.7457084153732338
0.2690527607828235
0.3345645067002132
-0.8966809220957284
0.06061395689461979
0.359708628257011
0.5593222142328682
-0.6171909200787067
-0.41539027318824306
-0.41382667869223133
-0.017193294429592276
-0.9285848486206174
0.6340171066347013
0.5726911939547665
-0.8499732161852807
-0.4158708400553188
-0.7877701646046416
0.6147358881003679
0.7566654867945319
0.9897014352145408
0.02403508595172288
-0.27943162232648855
0.6442792171974083
-0.26255780475190593
-0.9617814130500577
-0.6603960005604879
-0.4197239076904351
-0.44549193773978324
0.8080266117742412
-0.6080125897785265
-0.9594866294926665
-0.5322655000223071
-0.9288542493487928
-0.27307567532422916
-0.6513455270189492
0.8937683835950492
0.14619269915155675
-0.788408701436166
0.8691700436214695
0.4012842043639495
0.8100020456521135
-0.01986906272575406
0.9265263303819768
0.12150059527904333
-0.03714689440746155
-0.5822244731418302
0.30823987068417424
-0.7466324390142043
0.1755029415013334
-0.6664407132844914
-0.049815798341240614
-0.11716695388732945
0.8209318009451994
0.8329903155440619
0.13104968905105263
-0.9880983326141743
-0.3129675403182879
0.1304424196255658
0.6141304211674206
-0.7865477895788444
-0.5191075995160253
-0.9732701824604855
0.30453918900587484
0.6001115871091682
-0.24426665231592093
-0.8345410252042205
-0.584863345559852
0.07518471846709263
-0.09704388027225974
-0.0030119795618890333
0.19845578637164296
0.921745196751055
0.32990170482687287
-0.44428013468621774
0.8686910632815061
-0.12317810373861948
-0.05469270512388036
-0.6446042100533147
0.9286064353289043
0.8498828985648437
0.11803547163035222
-0.21398975851729074
0.682255263720182
-0.5933259095659202
0.28396979885118556
0.6272045239315083
0.4176998824291618
-0.5345375852224503
0.43943162183446693
0.3827926596685167
-0.29536962095472563
-0.03379657484353937
-0.7550980082799474
0.41251220026142454
0.7951409115052599
-0.015519830637868548
0.044910856298553625
0.5722067434846929
0.4349621114909725
-0.8919270563716317
0.11630371692750474
-0.13066302325840629
0.3406767706061167
0.30566151855527446
-0.5412608957036109
0.40119910114668556
0.17154909044911348
-0.5755688064948945
0.19718186968765283
0.2467790376407728
0.4323602420448238
-0.11626075768098953
-0.8501258520884143
-0.25234553787246927
-0.7253552924120554
-0.811224560121192
-0.6516460735093621
0.13218042214200487
-0.7431398304835102
-0.267584963185735
0.14054793406366572
-0.4590840723392138
0.4426875909687513
0.6385380876508706
0.49192354245323844
0.6997765295511333
-0.9821847054282036
-0.7279656741335676
0.48493281847353864
-0.8409101465216071
0.6676439248458574
0.7623498423170347
0.7968511146570412
0.9097607382260742
-0.5335129689734186
0.3669712135633705
-0.9112478326224693
0.5463422311937931
-0.7530978191626325
0.6718647699451927
-0.025908407944138956
0.8526987437000744
0.13169333906545266
0.5064375824724658
0.698741741854439
0.57955757630003
0.5888516065540255
-0.04927184188507794
0.2712121323580683
0.13434616750552886
-0.011378367803052791
0.4437587795467688
-0.9818683095639404
-0.6382095321791232
-0.31326643042188773
0.0013647216693746245
-0.42126019801571757
0.1959035731586094
-0.7982198183064586
-0.25215476636960465
-0.4981305275839416
-0.8725621550301608
-0.1344534300946436
0.7072361624496806
0.12082010663264886
-0.36431762563703907
0.6080983220891014
-0.8624811261173682
0.6903737029194754
-0.10081884135636399
-0.03345464274874055
-0.6985284081349141
-0.5904331612252285
0.0726914078630605
-0.28890253965770274
-0.10792292048093666
0.5373600848646998
0.5097670165042327
0.3382943569337282
0.20222321694684786
-0.10786138051351113
0.7650934322544989
-0.23353629307086976
0.5499285217890915
0.7085837524300331
0.22108662874828822
-0.9727447055959177
-0.8784455051119338
0.9042653611442202
0.22334216429758103
0.6063778134142184
-0.2240594997443841
-0.8480152205389921
0.8315970242663486
0.23165635747333524
-0.3535720252101553
0.7058956231226587
0.3133702171410997
-0.02988250388216729
0.15373452360774564
0.07232124319762656
-0.7706862368400433
0.6843772366098615
-0.8553829607277181
-0.08623566068852373
-0.038814882683836816
-0.9963923238045234
-0.1668520475929336
0.287007962180688
0.7629188012302965
-0.3329258717560952
-0.8993512892523763
0.2883790733054281
0.6935273106265569
-0.3575018091375075
-0.5622275119363742
0.08372340010182389
0.5881387890861125
-0.7128335345815806
-0.983343967756817
-0.05617371916352232
0.8065947414929666
-0.9818964966508015
-0.4125665407356611
0.0005821746390051175
-0.14609259731349633
-0.726550868842585
-0.6606237587837311
0.5899868714296541
-0.36567258166990957
-0.776914228030019
0.7365703756561643
0.023867115019841956
-0.9545867061101716
0.30030887993004085
0.09530810258201772
-0.492327238462023
0.8423610073895957
0.12612759179898747
0.620669673099927
0.7722300202191241
0.7758165579866181
-0.15655026049919107
0.1542846748428266
0.5066564695219835
0.5595328288575641
0.5913133267601305
-0.06961570719033938
0.49521789572658426
0.9855406686206265
-0.9664520625630759
0.3772527753442598
-0.03469619699008564
0.6485254630309474
0.04990040573680088
-0.342098282083372
0.7388204809708572
-0.2464952000446765
-0.44200068606357523
0.16115667172947457
-0.8618622106948619
-0.6319460512910391
-0.5550866631074116
-0.22284381364523576
0.8325785331540054
-0.41535590611830897
0.658030496431693
0.2750494921499933
0.9527591243464308
-0.6081842498415262
-0.16533287578811007
-0.6428323564855827
-0.506788564670624
0.047876361126663936
-0.17352679459518172
-0.45060770318566434
0.966077817562125
-0.23571166703688573
-0.9419830033668293
0.6738820976616211
-0.8889592787255549
-0.15383576695710488
-0.2612585890106982
0.5204904078148123
0.9258233667841791
-0.4002596440421655
0.43912274683432395
-0.12290041479025282
0.45664201727733156
-0.8478029097536539
0.8740820722827665
0.5889318875405172
0.754113370961701
-0.3050748835363908
-0.20545109942452466
0.5433943416121321
-0.1893186801954656
0.864958625112823
-0.5627946144486407
-0.1449662584228002
0.09104244476925194
-0.598301135242244
-0.040505275240352745
-0.14416932057830345
0.4018560097708299
0.0971968492143076
0.5271109177812099
-0.651595201390349
0.3731645577314666
-0.4057030792499432
0.7025597298611337
0.6614670781158476
0.8054074214695677
-0.7106568685962256
0.9046563668357186
-0.46610140706273584
0.09906241620658718
0.7543503504758284
-0.1214921625209171
0.6844416115378296
0.8960793264110956
0.5220790676630087
0.5853332181759929
-0.9155862966949553
0.49336515141787896
0.39004933414734233
0.01024853579365903
-0.1969011582030522
0.8257915809982488
0.13397587484032436
-0.15908055238364271
-0.26695354159802687
0.6412654966970739
-0.6677563586381086
0.3262413512929594
-0.8594994178217177
-0.02129046609866192
0.08054540813686395
0.18763880354246787
0.6130738541002267
-0.29165883700940975
0.12177154456818151
0.2844806446252601
-0.8251601159465383
0.5310028554761197
0.602103975328077
-0.4249768684884352
-0.3958684844501206
0.24216150555607197
0.5499861924564526
-0.8403468748793932
-0.6509829970513648
0.025699378087932212
0.9696893062434746
-0.31564585263166856
-0.08851180515879076
0.0208970588702464
0.2127160835554771
-0.1790212511883198
-0.2574012705286588
-0.6838367348850072
0.5338977888740344
-0.4555791647575489
-0.46368350860853
-0.8984539709665054
0.07516246559003847
0.5740857676377884
-0.7107390717456523
0.828028719200566
-0.6233139747051848
-0.8061174359281591
0.06431732950443858
0.6095386444333801
0.5470741190270463
-0.8244841090127519
-0.7703334983964119
0.5101364385253309
0.4455381183772644
-0.9281115547794005
0.2675982689935432
0.07420041012954326
-0.0559286143197979
-0.6305461998475075
0.9688349487797845
-0.19759461456893224
-0.26128517907926474
0.9433920508344007
0.4845255071443675
-0.3055125262793845
-0.09716142674528316
0.9522872720294595
0.32549778289925246
-0.004488536938875187
-0.8082644349475374
-0.8797725920576169
0.645196376236441
-0.17711857138295084
0.6788195817685623
0.343893190060937
0.6695430323943354
0.19145041434198884
-0.5589991819241507
-0.21731773098781848
0.031014729779792694
-0.17740408690526333
0.7682100012577153
-0.8608220287504478
0.8079726324737839
-0.5660323967401786
-0.9806310416633386
-0.9883433175724663
-0.5200314585588928
-0.725230376325334
-0.8977040407343626
-0.6095526946979994
0.41544873245161607
-0.18732903623356711
-0.74624554662775
0.5520838460002444
-0.7729412844222376
0.8036596275651726
-0.3343559579057971
-0.4534868549205444
-0.7786845957124549
0.55908823293088
0.14553486121448955
0.044643754255372814
-0.2418131715928875
-0.7665473451140341
0.4027982086406936
0.33757702028559256
0.3956671170428234
0.36232518977241734
-0.30997631573865303
-0.1685085352597091
-0.13147394620439212
-0.153112014190127
-0.057457243883871856
0.24198645665652774
-0.8228916766567813
-0.6934969154740422
-0.18667376382969159
0.8233812179193609
-0.21923592931409353
-0.6450776664149331
0.6989308053569461
0.7254343965381331
0.16017904592788512
-0.7450808491402894
0.11276623835267485
-0.38460749206571165
0.9937708837083912
-0.5248705725219638
-0.5228129163775046
-0.11262173017203181
-0.2110528589600511
-0.4549677951185733
-0.3869860234747007
-0.4682205855259054
-0.4077531774555545
-0.059185829168824755
0.21843111458306463
-0.17891987868490244
0.43939963628301726
0.20762161306207472
0.21577192422839997
-0.7151833917620536
-0.8448506821186235
0.698941582911182
0.787040033818412
-0.5246478955838545
0.7471610518299745
0.19147547496040063
-0.5198170627978769
-0.9149561693076562
-0.00025672887061234384
-0.6943867872894756
-0.49163083522085826
0.4699324816444179
0.025028999914020744
-0.5354819574010143
0.7221849166028584
-0.4679971941103991
0.14196849707479342
0.6851138687107214
