0.04095649258297018
-0.3337638190309189
0.4249594600474005
-0.8492070255884923
-0.49936399566398926
0.03823342432618748
-0.5106440571148614
-0.509675645181582
0.22555411364978895
0.6556699892147517
0.21380120446387574
-0.8931784386180766
0.9520221713519843
0.8921535509223395
-0.41130158887429347
0.21271898041332138
-0.5100166282085101
0.9181023669121888
0.9536968861180841
0.0645643734588297
0.3771003918015623
0.9956236763842832
0.519091904096928
-0.7846416107810543
-0.13937535611619434
-0.4291227468257537
0.927003235345156
-0.8695296948582014
0.9858256538064529
0.7940121016634007
-0.7016181150592988
0.6393568108289942
0.5551669201129983
-0.9960833543011283
-0.3230011423160499
0.029026723667121113
-0.2851698652150074
-0.2941398297605291
-0.8217291859483442
0.11849799927727389
0.9114770248231641
-0.00812989160608657
-0.01543521142414539
0.033184230643530155
-0.19640869482315537
-0.6969250958720812
-0.3447407972429437
-0.19681249356292008
0.9322157684350145
0.5564348518048738
-0.15455208498297002
0.8117457618374899
-0.9583372886713988
-0.5257475465852723
-0.20986418468887136
0.49640837654444403
0.05834370955871915
-0.5357863539961507
0.11768316735452311
0.521606394252141
0.24635730510239418
-0.07787364289354781
-0.9656338647720415
0.851837053524048
0.19300261013103603
0.07031842514570785
-0.25303454444817763
0.13696307658179618
-0.5232742815692304
0.42113054584155574
0.1348447169156437
-0.4474612721863962
0.33881527518961563
0.34520096254639143
-0.07740350859484169
0.5220636079465721
0.2967717801162715
-0.6067501588992834
0.7220881799903862
-0.5787630928829779
-0.6687830181195125
-0.6765480030708924
-0.4318701975208066
-0.9028624190317442
0.6663494771328169
-0.5444150382658426
-0.8952582912741822
0.42339270275208984
0.47966461666877214
0.6612300696449549
-0.027805412298023136
-0.054840758875153384
-0.510207352210863
0.1499110565545816
-0.7830779488471795
0.6687074277301894
-0.41485733161088123
0.6793734345409757
0.2571185577531565
-0.2520648912968
0.6730238977625544
0.23666070549269969
-0.09963533274827396
-0.8951678138172765
-0.530588225567177
0.9488479607130544
-0.7997938228275179
-0.4271797219302027
-0.33622336217481896
0.9534754380272381
-0.2988107616808111
-0.6794909351448595
-0.5891718764156415
-0.16780441648312272
-0.6042150843228682
0.1816794933227135
-0.6801925817022456
-0.6846301867493176
-0.0884990210643053
0.24553779211735804
0.6824212223617678
0.36719718268121926
-0.5012731320519519
0.9763646024449468
-0.6412471181879973
0.9282273972034953
-0.14535912489279723
0.032302291847662534
-0.9539371911042986
0.22507618874511826
-0.792597623124417
0.6097653046359377
0.8765164437882071
0.7459582666083842
0.21859697869622807
-0.06317902152293975
-0.38862190981637257
0.783123833615248
0.06588984539878773
0.4015028217033654
-0.3981801070361499
0.18212476539332867
0.8980042387750431
-0.4439452849282155
0.29967748261988136
-0.07758272484504136
-0.42985525185072015
0.9408499295362471
0.6429623279762977
-0.46834987223964863
-0.27964184172935935
-0.6754950257051109
0.6644204475428888
-0.5472331045961905
-0.6284983722040367
-0.5039163214108835
-0.29762098489342104
0.7778583350778818
-0.17150139189530922
-0.5235473163081552
-0.07674261161898932
0.15017781905899352
0.4672897671961451
0.25848262376269604
0.5545058339382454
0.8493978049509625
-0.18157314522989343
0.0736809985838296
-0.9468635683712929
0.42199087316809214
-0.706582497553826
-0.6858152201245551
0.2686837157127697
0.41047316079993146
0.1456463196979103
0.3388900239980399
0.5441678289728138
-0.4279290243374376
0.09600726049279573
0.6505324581562972
0.45643139049062476
0.9367578446800464
0.9725372285063434
0.33449510785929415
0.7003911628225259
-0.4523413575748354
-0.9079195902276984
-0.5839150569166385
0.5483449743142339
0.18238133110831822
-0.8735146660032012
-0.7379974420061155
-0.5343420278712889
-0.26166186776841505
-0.07022323027381439
-0.18683645331122678
-0.8025554647147961
0.46872880263650063
-0.7605184100336286
0.44494643799732336
0.9612240932308334
-0.05702016497061524
0.25749162953214344
0.3015046741703733
0.6552513066180308
-0.5943919682695358
0.09950432309518842
0.817802706636757
-0.38006113942883557
-0.18219447154491442
0.23468473212907193
0.32752397160291813
-0.9745300062750559
-0.586820105606283
-0.2668746854516897
0.18924987231392287
0.578665974418046
0.7312916830188632
0.2618045470114465
-0.6336163443149181
-0.6277869162221918
-0.3704970343652352
-0.6015231310831164
0.8876028178767195
-0.41169881558071686
0.9364904952673583
0.7822100237604215
-0.1410748921634617
0.047217579890292294
0.3997452033164757
-0.3002853096760434
-0.5992521460581326
-0.16108259642676925
0.2052657137390479
-0.7273056767330768
-0.8859558442390689
-0.433812096003799
-0.10954446042524446
-0.38378200466016543
-0.6780830133448186
-0.4649642229047053
-0.9281430891975675
0.9748406347979974
-0.10401809581240373
-0.8819622958673137
-0.17131593717552018
-0.48135590944994244
0.6086576543461464
0.7187326658670028
-0.8340089598300595
-0.43021703232277186
-0.3857627217237294
0.5751224857445734
-0.6739855757740172
-0.8613189972079076
-0.08080329659959551
-0.4553984098538044
-0.5578998426499844
-0.6137495973970641
0.3387965687500232
-0.88865079796662
-0.13194192810747452
-0.13198873312531245
-0.5393413803348099
-0.9651316257185429
0.9282160092794352
0.3347638202004499
-0.9853969315257791
-0.7068227762811947
0.4637744696939705
-0.9898406112740357
0.4393259401264342
0.36135957580354483
-0.14923455072755676
0.6635283444077122
0.49750432692609436
0.47898354143385014
0.023435850918320567
0.30976519517127743
0.10302801613263823
0.8055452304327899
0.4667820100436497
0.6220912548125508
-0.9988010503674938
0.09214350272418059
-0.6180115349484943
-0.8979919874508093
0.8870301295496168
0.10592861934931008
0.45237146094569924
0.9657176878173233
0.653393942385105
0.839808410746097
0.8941329132625013
-0.24413356919802287
-0.3658147928657147
0.3695977873472407
0.15494452030309258
-0.3848447500147689
-0.33550831891282473
0.4458868286758777
0.027761435863366213
0.7998572757362243
0.05739226561939259
0.03197218729572082
0.31674782188846184
0.9782908308787202
0.35634036625601917
-0.30576230475735877
0.9726244282251932
0.872485237528613
-0.09802117160523127
0.8298600672171663
0.7539546228696099
-0.8524260174921614
0.810543597575258
0.7056139843482403
-0.895296254444669
-0.7142307129856496
0.4530703426862388
0.25355000872003153
0.6083468742122473
0.6939202781731204
0.48360525088654804
-0.8058050837260688
0.7948707459641924
-0.07527670690386801
-0.6876097036848279
0.03612229957613278
0.1887524879170095
0.2191323404573362
0.9455340377954127
0.47968663095723696
-0.3733676118825551
0.4839286944101533
-0.8836940148181462
0.8810385010267443
0.23710374038341642
0.40102476523826014
0.11507178490297543
-0.053197026225060284
-0.283866337451836
0.016047267063048265
0.3463859736062931
0.6026582938985077
0.28863278161702444
0.17618095913058696
-0.5130291955433146
-0.684041237347349
0.6412711909876592
0.319094075920076
-0.528187906603883
-0.8699212894442552
-0.6331598309574686
-0.3123900620519049
0.7567574026182173
-0.20411445797906347
0.11892670396581928
-0.30453147298516803
-0.8087827616906942
0.24589511322434365
-0.4434371719774788
0.7785410947694837
-0.15234583656628353
0.5203214153274223
0.5153619545841994
0.14254074507425596
-0.40262544971461756
0.9417890164328031
-0.4299870166472535
-0.951042498938707
0.6158725491300998
0.2409548537029882
0.3771525140178307
0.19126052443716435
0.099844465178059
0.14528558410976333
-0.38490291094163775
-0.2645437823294565
0.029315059102820173
0.059512381011123106
0.40348559365335146
0.8292710191398565
-0.3452504971985628
0.26662903581223163
-0.9663069453467095
-0.06357886277298053
-0.10049548424094112
0.2786247770295396
-0.17549711292228687
0.7422339850185056
-0.13221684934243605
0.3318220772195273
-0.6803692265350019
0.23386018591283353
0.3019371982669301
-0.681679243996417
0.6735037474417376
0.9246014402867249
0.5841948375225832
0.36595020033912085
-0.8350961018394378
-0.7593711536915082
-0.45523650597969856
-0.7777806188494014
-0.7626708062316128
0.2945947046961699
-0.12558074428098553
0.02348063818002366
0.7554922452844941
0.5466731542982044
-0.24637068966523912
-0.6242510094278773
0.5388182088330598
-0.17855165590904298
-0.16705773376164745
-0.47333500226162606
-0.7490002259862718
-0.2907477689586493
-0.4133498472828452
0.8009419158806248
-0.4204584826709796
-0.2246694062720882
0.5020482452805781
-0.2190661227101458
0.01816530825142304
-0.3370931907678274
-0.47439842414895916
-0.7020630177788989
-0.2582832829162123
0.47602743619296817
-0.9462040911368279
0.41692457823134466
-0.9618518502127473
0.3628856496010493
0.23485086653807108
-0.9247226508436872
0.04354249216161987
-0.22831853083819253
0.8797208475453546
0.04369101268134146
0.6176774212581251
0.14681932597427716
-0.04296689503683293
0.4767024946473557
0.4497356617091435
-0.3659404359945224
-0.07901955493359059
-0.06201575588357855
0.8748609100367981
-0.2812795805691377
0.4196142329083219
0.38824039508546115
0.8922759230860122
-0.03332528179589245
0.8242555824175701
0.23280272741772978
-0.4597272892557558
-0.4614802071892812
-0.415247834266548
-0.37393811991769055
0.4937040517999549
-0.6363212028154688
0.695061236257001
0.6737862129235785
0.8634682021043198
-0.10261222506267575
-0.5463139723818957
-0.675195660071009
0.9363509088863524
0.21962020775950375
-0.935646171845544
-0.37462921663759063
0.6808436310003776
0.5549355833998593
-0.18987151344747355
-0.956312748227802
-0.5408073267201701
-0.07771585037521245
-0.6078481946535181
0.4907973446773921
0.30805035635384703
-0.9844639607553425
-0.9183751172654466
0.2531831180282531
-0.6045779319107751
0.4277687315043883
-0.3750336747170533
-0.4078834352901195
-0.5291038246881163
0.8546031253598458
-0.7568833512811157
0.14988253433767618
-0.5653744830294436
0.9229344192345206
-0.7287602017853738
-0.4604129646493098
-0.5067696393383816
-0.9847925734688638
-0.49181304476234855
0.6637715341740078
-0.26329505225998706
0.7406240548857013
0.12080178273370157
0.1429827438599871
0.88809815318592
-0.991105330453022
0.3844595027967457
-0.9633353585960909
-0.2716121878723239
0.26231516588063575
-0.6120454704653693
0.17730281932289516
-0.5918998897891343
-0.6827563479642411
-0.8419230902625865
-0.28728993346467235
0.6303692547952156
0.25040768430699645
0.8498176388379195
-0.823372223130193
0.9094970633523574
-0.29472881647212024
-0.061393362120875095
-0.1653520009403462
0.18786605413249924
0.6179001809424773
0.9101854507455571
-0.7529297519134952
-0.7898234842875875
-0.37306631332415674
0.17318338210920237
0.2757055809365705
-0.47763737250374283
-0.09841320546574339
0.9902679412020239
0.6457300997009117
-0.22777579433959017
0.847925069056616
-0.36524813787778476
-0.9542133040734384
-0.704582148261337
-0.41929961092098855
-0.921098237153966
0.7366853098845472
0.007189505953034692
-0.3160566593843337
-0.5807954553025794
0.3146485712008038
-0.9042580218088621
0.31287644746747456
0.13067522829703426
0.8130212526563012
0.09622506440531486
-0.8048749525676147
0.7419203743196132
0.9593942881193716
-0.4037366915705487
0.7628020829403572
0.6680821670187487
0.05049657289419329
-0.2782149390620918
-0.6380121500180793
0.9884629568405852
0.8741803220936644
-0.9442699530393952
-0.8699405185758327
0.08609611004245932
0.6196077561488478
0.42779181061525495
-0.6627266058212897
-0.1924360944281236
0.4015243926051357
-0.3551544092354255
-0.45605464471007195
0.17508635341380852
-0.7267298608582424
0.7636386752014339
0.6433571706056795
0.8098378328775893
-0.779780529066374
0.2194843247770928
-0.9918488362805133
0.6358522977387122
0.5084725706746098
-0.8001655601028426
-0.00890548050200457
0.708733571983083
0.8741223467515511
-0.6351578034063676
0.6157139079557301
0.8773793962135097
-0.6403090517447987
-0.20269080871431955
0.3138063847482211
0.7883142136425036
0.01355508274733963
0.5442991940423672
-0.9629586709338294
0.904771940822354
-0.44868505321634045
0.4334828338513663
-0.24465831122571258
-0.3184980563291091
-0.3635809066708904
-0.5184299065827487
0.5014255595947168
-0.8801761637938239
0.18705043902887342
-0.6393212415173757
-0.8018316063747217
0.028880472396031864
-0.5179505966818307
0.9021466839659182
-0.5607755867240829
-0.16876679330350042
0.353072495152289
0.8997665239683901
-0.8587636542837578
0.9487122173185474
-0.607012090014382
0.1079265745974789
0.37810783378472035
0.6910205890572136
0.991214289719865
0.41528375226156555
-0.208287946657989
-0.23218599950223284
-0.6878141220738272
-0.8169731195781502
0.07126004068198899
0.5789404130079949
0.5514079515251438
0.37038283643416925
-0.682320078148972
0.5096221489301345
0.43383002085861455
-0.5892602499934512
-0.0939045057796406
0.5014504813778529
-0.42107331904496514
-0.7225382202467363
0.75426021220493
-0.22265861880140125
0.8283556133369101
-0.9701398922372189
-0.5952698024740479
0.945622389629057
0.7563993603007257
0.2057460719050459
-0.6033266436238378
-0.47060210509857403
0.2590020428027442
0.8650759970942772
0.1132741224655538
0.6901251513420865
0.5118006902344829
0.9077609470682519
0.014845205715308118
0.8145287367602203
-0.46090816513013544
-0.25529146182063966
0.033711286669396934
-0.958848065358082
0.3414430940672186
0.5152079275794959
0.7376224899926214
-0.9674372175723067
0.4078309830964859
0.6419147734409403
-0.47160519605206175
0.9105435442936125
-0.6704014728665972
-0.474094172284766
-0.5321981266768174
-0.20029940805091462
0.03762616619971726
-0.625738432448459
0.5587898290875477
0.7538880741291312
0.9765119164075517
0.4549036691052202
-0.9601395344396737
0.09115658641581326
-0.17238625452414835
0.7261369130992164
0.703214024882777
0.12739468505670182
0.7351678676912767
0.056238728089728074
-0.6391556849715958
0.2302244880079487
-0.8435549626414149
-0.9924394601520694
0.5216734827603591
0.10745262569039515
0.9647413324202168
-0.07846518424819582
0.9308748918803498
0.4512525222421089
0.12763724432668022
-0.9674342342753022
-0.4300590424951254
0.28244711162268854
0.8256996583823821
0.6050503892263528
0.5181099355516514
0.0825907244347086
0.5542096424297525
0.12115936884343159
0.3120169960189503
0.27337409203913743
-0.46493086824873275
-0.5647686072825309
0.28984682224153
0.39686550573860413
0.8007430522978065
-0.7055327722816105
0.404466447279624
-0.9859966033612397
-0.25596960456612217
-0.6185053922141421
0.23763289601586735
0.4858321679546451
-0.7415387840974326
0.6516936911578735
0.21756666177826922
0.17722322447145666
-0.22318405330619684
-0.4467198915526369
-0.5041030325515228
0.7998348801241988
-0.04093622797569352
0.6950365477643135
0.6758543917013748
-0.8877955375600755
0.6009411637831836
-0.2340036030300312
0.2351685622550046
0.6313195269883576
-0.6022088383891422
-0.5854351867336138
0.35873756226935805
0.0750983195013144
0.42654961308616435
-0.42660038668877953
0.11006783890650218
-0.6130045254483703
0.4333010751552899
-0.5517660891871039
0.5201098561465136
0.888940486599642
0.592168847898765
-0.9579854187150827
-0.16736700729133025
0.9778945345457368
-0.23869549625289532
-0.6211802098997825
0.8092177616033818
0.9558607281774036
0.4539177144048021
-0.22139844671112918
-0.5885952589482892
0.7872926958477471
0.3193709703390659
-0.9091853565983627
0.52716927537737
0.03051979887401668
0.28232897221714603
0.2368826298144755
-0.5536772913426535
-0.17447680168144797
0.06526356514507925
-0.23212331873313263
0.736400314084569
-0.6221351088164035
-0.7264534053829284
-0.1406864242725434
0.20980974918864148
0.5712638607197258
-0.09793477663932082
0.8723502580383815
-0.6841183232003638
0.7039471817345802
-0.6157956495415047
0.8370421614127916
0.0034899627042923598
-0.17075241032097543
0.661364610796997
-0.5726997529778228
-0.005758957898367001
-0.5543426682861823
-0.44270002367336914
-0.8214975101599233
0.8870524232660479
-0.5293740689065236
-0.45834022177030964
-0.7414432554426065
-0.7963269126815566
-0.9065307702145298
-0.9390496205183574
0.9976196516880551
0.08380893070750806
-0.672337485248582
0.8907963329950026
0.08267539776351396
0.8857021678398498
-0.4280343984539854
0.038557140431367376
-0.8492031740310928
0.0870372627197058
-0.21600774116129395
0.4566733613231184
0.13132177135310696
0.5851932781237186
-0.0845949037499516
0.3759824222606656
-0.0650361034714666
-0.7768786989726086
0.30947877737552454
0.5418965801101225
-0.573489383394908
-0.7615582651631128
0.14862040043494718
0.5533052027115664
0.8505525127467064
-0.5635364252797646
-0.7860497538711391
-0.9005200323273106
-0.4411117461121785
-0.5770944857543552
-0.08445891220760049
0.7582020810306642
0.7056030898645749
-0.4809113632216644
-0.7656246424630277
-0.34370539041140336
0.3534542608826283
0.410072989888411
-0.3657555933245691
0.9447847019420961
0.6852288324487448
0.20174569902280104
-0.2006492017016237
-0.27656529431778853
-0.8222578578086217
-0.45190001677577785
-0.00029170341048834203
-0.5005393555009918
-0.5921731158989887
0.6874167907969884
0.04486946903274225
0.4824366496658361
-0.009588248152271994
-0.92743672034668
-0.8028387413447802
-0.5768686655664368
-0.5223374525792581
0.6272829851983599
0.08221157763936215
0.35603884329666236
-0.13453998795899724
-0.3569459177850185
-0.8531637277400412
0.5804991161207371
0.3907995270065532
-0.6885122145210638
-0.9839818352645331
0.6608733743265374
0.22901566743289248
0.06009114320430409
-0.7723107594904459
-0.3935117456257713
-0.1319544955109322
0.7749251843878124
-0.04077323422828072
-0.02687160133723543
0.5616412269775821
-0.6845682484351032
0.6818190629289003
-0.6163326139100831
-0.6774209545114134
-0.7800276385649278
0.41627706573255985
-0.8939404879270862
-0.6363538086555176
-0.8241809803883295
-0.7914165211865984
-0.32056772026502456
0.8218173368648247
0.7618632237654306
-0.7472017653543526
0.18829904746298487
0.1068890675681704
-0.684121900901232
-0.8919449948276805
0.1036057390386016
0.6679861242122223
-0.21704497983089888
0.31556475660844696
0.7091490475026871
-0.09541455313141256
-0.37408392186619577
0.8442816513704772
0.2534039761897553
0.5878103468480358
-0.9505078844512962
-0.14068183589342143
-0.9169891762455404
-0.3440155958541995
0.5589168033470198
0.17564549993153156
-0.5282525223879417
-0.28823292409103307
-0.4628340771766799
-0.9139347261360105
0.7861935800384934
-0.9991784748301904
0.3445905841110566
0.07541314634350749
-0.4866258548113318
0.015011926011686327
-0.397974693052505
-0.49928621594012457
-0.2819902038545472
-0.2564706215149237
-0.879510540901183
-0.3586737250558303
-0.32846052283439464
0.38729219294869943
-0.2966238543230344
0.3134450959128221
-0.15622596636383457
-0.06540717764524251
0.6973579481633743
-0.6710570352124947
-0.12715280036347654
-0.9711331776915308
-0.8249595423530549
0.8324028644164481
0.14043051339359724
-0.5471004153947134
0.7481883348861726
-0.20200958049154538
-0.3206839004383897
-0.1273435047071878
-0.79190154958627
0.9043522571940898
-0.2502420168350443
-0.5069067255902646
-0.10517102527081645
-0.0920800497891121
0.4458965392379781
0.5633474092469797
-0.06472292088335152
-0.24447898006720226
0.7592783853297209
-0.7545150197412422
-0.8306495944429666
-0.047929258448340395
-0.602530039812843
0.6714206416179953
-0.825971404109695
0.3820218437589966
-0.7863865127903598
-0.5541808420109184
-0.7849281375553405
-0.5053430653794808
0.6790739461110094
0.5920644987177264
-0.013614412685698518
0.07678915900581806
-0.20706449026151885
0.3654924068496932
0.3604776769717404
0.3137324746020158
0.957358753176506
0.7051577852507633
0.9483126718595747
-0.12374437641470637
-0.5856138774462802
0.36419033496856956
-0.03487741362128283
0.6435015281740903
-0.37692477449835904
0.44042041802912757
-0.1716156467261587
-0.9917410519162342
-0.44029523996348696
0.331946150590245
0.9202701634871995
0.23528341626959315
-0.34638012689489495
-0.7771533626691467
0.3485558794109589
0.4054381502665325
0.02144972005672874
0.4274188690466776
-0.6726220901209699
0.2460848838675347
-0.5799192390050338
-0.18354161386725742
0.695424902128748
0.06827341527057373
0.517335965330701
-0.28217784399654255
0.5907613671565513
-0.8119821096788777
0.5654878233065952
-0.497018214842893
0.8196195888974365
-0.1628211854879309
0.4843495691402704
-0.3063250717927657
-0.4259506950264773
0.14547809928452815
-0.49373780152637026
-0.7821850448116763
0.24094708838675705
-0.6701526796675847
0.618447592051419
0.13530376532737431
-0.540318737533761
0.5003955107056226
0.7228141770329908
0.2999486203527373
-0.2313025140414282
-0.24018025987414182
-0.7637445321820382
-0.08520545517464839
-0.7734029116514112
0.9530108129676167
-0.8284426260903455
-0.6894662354751393
-0.8122008122836659
0.6861989647379805
0.41939808017064273
-0.1573204316285468
-0.8862107622815056
-0.704643153522633
0.2821531636204224
0.10979226900010697
-0.6723134085112883
-0.44155799772298177
-0.24585287064613315
0.6149241203309088
-0.8075357409477348
-0.5363983594636781
0.42765206532919553
0.16571579887775578
-0.8337348669721534
0.14004584612894422
-0.0031748482768410025
0.653699944476182
0.7664924167038416
0.02881918647772519
-0.9252175834435326
0.5112606828250326
0.689525765725642
-0.5217042207467273
-0.497599094031568
0.009967089587042066
0.9114994939369299
0.3308544768567432
0.553969875400538
-0.3469766686945115
-0.8845095917015715
0.14304391440365594
0.2036499784995618
-0.10118748867814165
-0.29340348403462224
0.1560749901316516
0.9660167914379545
-0.9958149909795779
0.34293791874009494
0.168945911113338
-0.8320191845000457
-0.6406841636300462
0.05313311383282038
-0.9864868869326278
0.393525543037621
0.7538741973531964
0.13489161187850973
-0.33579020848233454
0.7910186555811443
-0.9992686547045786
-0.17663927093400966
-0.14669257414392312
0.3098178963610356
-0.9343271968601432
-0.9228109591072455
0.9311163101646405
-0.2547504088966204
0.5446027492254522
-0.940191378852945
0.23660907752133875
0.5322906922582262
-0.707094684138512
0.6681064005517325
-0.15882097733972067
0.13265395485023102
-0.5479855568470258
0.46775214384395425
-0.023751592357563522
0.27016777432175787
-0.13671058181374596
0.5947260603014071
-0.6556922530803708
-0.5770999181891046
-0.670385629489956
-0.0740640421003973
0.09825020910956916
0.35504465421083187
0.4321870436478461
0.051037352494127886
-0.7298896629781184
-0.8980450346205615
0.5073253949652441
-0.22431569341774815
0.7639672200191492
-0.7459797097217469
-0.19056167005000324
0.4299326523342448
0.9709914336856542
0.20299144339287944
-0.880702935857127
-0.3421826919213895
-0.23838754427647846
0.3884148074520204
-0.42832895734374166
0.3470719605314807
-0.17323502692146087
0.4440804855690097
0.19694673430542164
-0.08825275468677529
-0.09404969869291491
0.7836720549526608
0.6010596815314941
0.9533908668493432
0.420619020153284
0.056851506205128244
-0.8767697802538985
0.8069497656981552
-0.6631858536317694
0.7124365843070177
0.37457570897537273
0.9384459296106382
0.9151452040007797
-0.4937676094304486
-0.04483309838396843
0.2503790614750705
-0.8567186377811229
-0.14909515558386954
-0.5811177097563696
-0.7722059074189049
-0.5522273646299471
-0.5704950675601428
0.7755439061802107
0.11542440009320276
0.09702950039439684
-0.4795170567657696
-0.7676967298459967
0.21150308378274785
-0.9310187120708937
0.15085799044143644
-0.7466692054884154
0.045638751164178926
0.057422408776969025
-0.8920672582022111
-0.3636304036182034
-0.062176690444227134
-0.568883682315408
0.8937472205591455
-0.3583611249185745
0.4928202623621498
-0.836979046029577
-0.7774461228624829
-0.803981508393117
-0.32841647273561914
0.957348538251416
-0.8676993309607235
-0.05678685082822055
-0.863355123171204
0.9534745431833389
-0.6087632879590377
-0.7025563512220896
-0.7432598948078684
0.35082831250302116
-0.41391008370342663
-0.6553124373763275
-0.6053329844207209
-0.12073773151032019
-0.9768778942812517
-0.6439857578391242
-0.7604302305566206
0.8205945511539028
-0.5883566918893839
0.07836453532696686
-0.38906079063460997
-0.8316189935719565
0.23531647174836512
-0.47491824067238664
0.6554440791611973
0.7286975883242746
-0.6782866284620284
0.6152443719250589
0.28462150225781335
0.44228491308047957
-0.9288668468198835
-0.8279898676188056
-0.41497012329448135
-0.8906509656652515
0.976659866609797
0.7586713942187058
0.022266916487243105
0.6567410700655776
0.885680842253312
-0.7713318108103044
0.7993795269411794
-0.7951489491999033
0.9127643868632691
0.6673995614853825
-0.4855833975441626
-0.8714226146666006
-0.9083386077234374
0.36913842553112297
-0.19684242624445392
-0.11963979901304267
-0.13779621820482957
0.20164088322354434
-0.9369872531160122
0.07442021422610012
-0.6229345171430292
-0.9677713448838128
0.6219874520255944
-0.2106432735685957
0.9749035608471786
-0.5060629933673579
0.9831886774439784
-0.8271836552668894
-0.12642760730413038
0.3010503740910573
-0.5748618995355141
0.6694894785299665
0.7633218541410469
0.11262143862473706
0.7105886598441542
-0.9133685791284067
-0.29034922298752086
0.9224656333598216
-0.537644755006806
-0.3346722499180883
0.738073377729062
0.669411321379334
0.32083371918882975
-0.5461903889684976
0.23526681562130314
0.321950809543164
0.11281898139942004
-0.807986244650204
0.4998702160614501
0.48621373118664923
-0.6204800155194179
-0.7402191847303845
0.4197733475318579
0.43894838177729345
0.6317155520285194
-0.41023856022667693
0.16565569045124473
0.2674866501315616
0.9576331735294057
-0.07938239303243555
0.378316876010484
-0.16424778652105476
-0.08570805254534397
-0.30988143137933744
0.2372215333416705
-0.877285261927774
0.8117858606720647
0.2531559393910927
-0.9846293990051005
-0.3974221615105824
0.0827795460701426
-0.3097137133395578
0.0783109851810615
-0.49723325062170365
-0.41254834812772767
0.8755045009078379
-0.9897776684973807
-0.3696620197138638
-0.20789150950605806
-0.3252050508891837
-0.7827811577604817
-0.37114808562433077
0.4255736996556312
-0.3486764356257033
0.1479067235358127
0.6928558867221954
0.5043322962433767
0.33930504498650293
-0.5185222548048987
0.0008454109508055918
-0.03515045718477605
-0.9806766964795013
-0.20637166930221618
-0.8514201760682927
0.8184568191318731
0.043009501180219845
0.7899547581961883
0.5956437863230155
-0.5265009419666147
-0.8181504872055636
0.4504911379770038
-0.7096717638915122
-0.07015012045570379
0.06931629012835216
-0.2229156332139386
-0.32548266515815794
0.7391853231197765
-0.7469109674360013
-0.7300306498890916
-0.2366355268661593
0.3880956980110901
0.9761067777682484
0.7577978930686897
-0.22806351567324512
-0.5995167252055233
0.9654290243575923
0.2755639024008891
-0.2226188866664336
-0.6582438383613025
-0.5436799143100961
0.5337578645055021
0.9414636903703184
0.7702336592466485
0.1494291955999958
0.7082384631964251
0.6085235706397152
-0.9648788063474296
-0.8625074034553937
0.7659144007757128
0.6685885673713539
0.48869060904792505
-0.3786077788840341
0.6713471435100486
-0.6371390870474649
-0.782717017444376
-0.15330679160920235
-0.13246734539184124
0.6448837603118167
-0.12559181626989546
0.16165029544056542
0.5873455936538747
-0.07283830090884491
-0.10707888453848646
-0.8822673528680389
0.28489088729514944
0.09494355338814486
0.2243623659692089
0.8406164548782806
-0.9071453691728792
-0.011413793591638077
-0.2860661797268784
-0.07354700127968528
0.3365432116644418
0.6262268103050586
0.129629914269904
0.5902306518878366
-0.7211051138837199
-0.4026828869549419
-0.30535256069692784
0.6077358682499829
0.9002220674073418
0.035530706102619325
0.629847253573623
-0.196145864590632
-0.34213231244264364
0.650224109085205
0.865756527049734
0.16133473392001263
0.9665781707551995
0.2697371959976935
0.27122630543056014
-0.013107940034708943
-0.6744107223163363
0.7981522272167416
0.7114631999388505
0.07378737007466318
-0.0884188639547574
-0.6406972285530479
-0.8425241237835741
-0.9955324675912973
0.5777699679980353
0.3736471875091889
-0.6262643661789573
-0.6642665624016704
0.47548703692233185
0.22300505562747053
0.75050700865016
-0.3962926088920893
-0.46119549241646784
-0.14942028944838381
-0.6776717939311256
0.17144682117681742
-0.3360633096974637
-0.2589412493774106
0.45319415840273236
-0.8603968470947128
-0.18966822110027137
-0.23050527713271007
-0.07968505448843355
-0.9284979666380742
-0.11781985568295905
-0.12994067588261382
0.5934185550742526
-0.15112043429802702
-0.21173299467876205
-0.2464029757621402
-0.06665101072940582
0.13343968474073153
0.43143877162574795
-0.996212979152143
0.7821831810096984
0.19044553999147928
0.28651649532912904
0.6420334403287213
-0.08440592053525142
-0.8722373089475806
0.5224396095890997
-0.8402091772793525
-0.4425102328302768
0.35099155585710995
-0.21514437327130875
-0.035412099144628284
0.8945059541661147
0.2003968671094114
0.7972737836462509
0.9032307313202994
-0.68952915420989
0.5013497935739519
-0.2972346602254039
-0.8722289247258987
-0.8910904861879285
0.6017188097607968
0.17035395894559202
-0.43541890862394994
-0.1978073792452646
-0.904864493038853
0.1562101138940757
-0.17683748503732755
-0.6268764766769142
-0.04036290030214018
-0.30804705967377566
0.9078606801059597
-0.09216579288738336
0.766378121212562
-0.6375201589439077
-0.8780568747860058
-0.4945225289002091
0.6703050430015733
-0.01810805326925924
0.5405296448142949
0.22425540935585353
0.05006777215900149
-0.9134786213531336
0.8454976106438339
-0.6261123482581243
0.11698594875279711
-0.6781550611922331
0.26866224764531843
-0.5294364709779569
0.10619695051217426
-0.9754516679473815
0.9170234741009071
0.3544555888836094
-0.7917779360563402
-0.03337093347992948
-0.8263549066445031
-0.42329993015747336
-0.4457056751782311
-0.0771498587363042
0.8309466558902405
-0.4731735512736317
0.6985402199480542
0.21726207242426177
0.45295659345563744
0.5343475146648737
0.5372473074456696
-0.08414921732653013
-0.31066148319781495
0.9481869919225601
-0.036717203188885605
0.07134831761787752
0.11632721705043503
0.38185230055389985
0.8003977946398526
0.18374127384223615
0.25095653492794656
0.03654824482055696
0.5291273678593824
0.42131586486084616
-0.5173458081459417
0.5088133687283052
-0.7035855676893239
0.43798458458610456
0.6023649668928039
0.668915187378619
-0.3066348669577874
0.667207196906209
-0.3729950904465249
-0.5100040664897592
-0.9759365836802927
-0.5749315664129004
-0.3383200396277135
0.5660369187750256
-0.903390373979273
0.19397709212335035
0.07852465486431881
-0.20819854720218722
0.14524287124844704
0.8922946641449745
0.2631692641375418
0.7349757132369177
-0.7620504160163382
-0.2027978462386062
-0.48594571259370967
0.7378017452769603
0.5022436219718032
0.420646462259463
0.0409389747899187
-0.9733285849536091
-0.6232832708532996
-0.8747715770741502
-0.5505307958337247
-0.6556749153789443
0.7569013897791343
-0.5185548799892494
0.6672768911546934
0.5138701641633026
-0.1840145605973058
-0.983939056594425
0.6714560715894311
-0.33575789878947937
-0.290692957605182
0.838106557367915
-0.6929174994893095
-0.8375275419669337
-0.7272341807061298
0.735366022720841
-0.587405351301661
-0.00823841313858975
-0.08897652119563904
-0.6512762764174171
-0.7478325568144897
-0.44553593814944303
-0.49554050670197225
0.6211234611907637
-0.618877109604056
-0.07606296567978421
0.4862869813228301
0.1726150952450447
0.03689264741327736
-0.4965576008409598
0.7260721192598258
-0.23025976449778796
-0.11367933822851839
0.6797714270724591
-0.5414529268011097
-0.6196702290231371
0.378679989517263
-0.7816179893143647
0.05180142969005419
-0.8379047711094085
0.514072497397654
0.7552630452303928
0.10156182851358642
-0.2856423898564855
-0.8657281026682699
0.6836399637455512
0.5569040157945191
0.611061929270865
0.8446204577173191
-0.09193148400586448
-0.7865374863994414
0.48676593107250654
0.29132335258922426
-0.3412352145709936
0.8066015813567682
-0.6892147786180998
-0.7730901798722811
0.3677611725968404
-0.00020553762849395696
-0.668421651645019
-0.6197071941094183
-0.35566532818930274
0.9899765159858009
0.37849003452787344
0.09718571118162056
-0.3337201222098338
-0.3641373194324682
-0.7235758781900641
-0.40067356628204487
0.4267286186124202
-0.6248172537265502
-0.4849394232598696
0.23344571245930057
0.9763354258826626
0.24758880554858487
0.09894648491339808
-0.43659486086848087
-0.5068557860333898
-0.9041218542026086
0.6697729004217197
0.679335522930234
0.21384996588706917
-0.2532494594259842
-0.5424373748530651
-0.6404523919082334
-0.9949961636484672
0.09431414207170485
0.9030087727320788
0.04475419349339527
0.9328186707997308
0.1698158145849178
0.5955666768095944
0.3672851562313657
0.8323122416486375
-0.18046980791881162
0.32799048432504696
0.19475407219741991
0.2886516776953705
-0.2662580209331775
0.6981998181413742
-0.9299328475590387
-0.29211515199245275
0.11620433093248606
0.059201492734576755
0.7619205107106564
0.24450865891534646
-0.8241498167541905
0.29805574137745094
-0.4516746621079457
0.3857612668364203
-0.8652076126591481
-0.54154374276003
-0.017826676427153965
-0.17364184787743953
-0.4233826543788386
0.2969082999472352
0.12800281266240354
-0.2524388893110461
-0.7920735030869195
0.24455265491065048
0.2307455763998103
0.8848948084345105
-0.7412318811109049
-0.061655504839192465
-0.6038300922451783
0.4562928925532832
-0.29817015846508066
-0.828286374978995
0.5466234880315841
-0.5932775559901591
0.5639091987205764
0.030956506009391482
-0.7322478820426361
-0.17978346969038594
0.10179569206573769
0.823564825338533
-0.24276431338310012
-0.7410977403768211
0.11155587181422266
-0.8925420147759608
0.13607379988718193
0.6558713192357373
-0.6884339706794949
-0.6536873329040911
0.484036892304458
0.6769870665611677
-0.07576174581525064
-0.38055886567536024
0.9954611863659462
-0.1742569365959976
-0.7762818661822166
0.07281678705255379
-0.5107428867846184
0.1659327226485774
0.17867371163113388
-0.030207692544310438
-0.27176625238511987
-0.6083322660778288
-0.49210697820751936
0.9630589292443648
0.9988570345405743
-0.7399353349615199
0.6607071804007971
0.3171006292739127
-0.7041646805697468
0.9527525386533
-0.8149450249989865
-0.34783538390589497
0.7502454644452787
-0.7011959805026147
-0.8557808854612523
-0.20889514330230008
0.5691735394778656
0.8360328531353447
0.780655092177013
0.9124859829964973
-0.9912679057244203
0.2125042219800053
-0.10891610724691514
-0.3453629653931567
0.6437282516385101
0.18222028635160115
0.7465631907777066
-0.8531186851833499
-0.6102625551565175
-0.9599912473220062
-0.32832919605217303
-0.1309429213188702
-0.5244946104381236
0.28362371448244605
-0.8099872780756907
0.05785143785552749
0.6433112592260117
-0.68465627343708
0.6383015162214449
0.6900680165589375
0.5681042011156348
-0.8707439560108505
0.3976081293331124
-0.46428634058456186
-0.9440313215505167
0.4385335601172735
-0.7947578118074565
-0.8075479820471756
0.17328151183090013
-0.47652487559435475
-0.32961911764303364
0.5164068825212893
0.5572673616039281
0.03984554791494088
-0.5505072352504574
0.9889954787151889
0.6615568683170332
0.9830581082172329
0.719162899297398
-0.0737569116585417
0.9664650770335794
0.22800111976662052
0.16565434965265813
0.8031933001096294
-0.36736911215192447
0.9149111752619963
0.014703820338366036
-0.26945107430392845
0.46920800032226895
0.4490653940135365
0.07762175758486856
-0.5688446605712654
0.13071735234080428
0.06881879412678082
-0.16509754112060815
-0.8552708556587705
-0.8094607596330119
0.5444690687827312
0.6248600649353431
-0.6148400580851494
0.5753084378092981
-0.4006260125039123
-0.10749381707109129
0.4941926329196351
0.24429623783320364
0.1157257365352653
-0.4803825340914969
0.2616490906780724
-0.780750463240792
-0.130886134102828
-0.8832870369670358
-0.2840008830543541
-0.2635380786804171
0.003579515520524268
-0.1637551235752135
-0.7638176912172578
0.12372663831825581
0.37366402295238577
0.7050808224872058
-0.3154271066305623
-0.9263041116209332
0.24632379376375457
-0.3296138233749648
0.12980620666256337
-0.5604829423124824
0.5299294079130905
-0.812326004321843
0.03103687076316497
-0.7305266289874126
0.37900789090884324
-0.6028242237495656
0.9615377799757758
0.10899775855933158
0.4343100412057166
-0.30512883072886754
-0.9373592185939845
0.32218089576289155
0.37436648569065567
-0.9436726572613221
0.13146969453219715
0.32498977176798305
0.6956245088363111
-0.7995584582058564
-0.042838708521121704
0.35216100686469387
-0.28261159950670334
-0.20892461448989308
0.06154593361745353
-0.09731640660805185
-0.4678936907058522
0.6258507183266577
-0.26172518561626656
0.5190626059246899
0.16993376314263764
-0.45434480327790494
0.5985552237293239
-0.364865113633309
0.877041751328056
-0.8554767412509503
-0.701694036784833
-0.3069779605078693
0.5813883733617331
0.336854809215251
0.7986941377434995
-0.5111948836905107
-0.10402409872249696
0.15668631148924117
-0.4973914939964099
-0.5215949989331579
-0.7406708739212775
0.4794302729879534
-0.7443705878154971
0.21509407529060298
0.40555929205165975
0.5348671820548074
-0.4302308515995883
0.2588679662545694
-0.32099563301985556
-0.6716227103553376
-0.9842599198895006
-0.5155534095903824
0.7163219040063513
0.8207011690407875
-0.08042868758934385
-0.369484421779364
-0.8884302301998879
-0.6325440651068457
0.09318245495533617
0.3371612152110657
0.987161024164714
0.02612102255194193
0.46825439062196517
-0.918765000400932
0.0943952225796818
0.01102317688743315
0.8931859980207162
-0.23914719149804586
0.4802572672550056
0.467866791724741
0.7522627871812086
0.055008993413711016
-0.970687073645899
-0.3623555015773279
0.5645107997773355
-0.5510752677031816
0.36341723665670056
-0.4481366515046974
0.6282247787736579
-0.10680927914940153
0.4040982077345181
-0.8476972725696277
-0.3810716451690477
-0.12629153491041878
0.78290574895504
-0.3625103913001835
-0.27260895589078116
0.7144887309839603
-0.5625041392757957
-0.7167686733026912
-0.17607370173871195
-0.49472072056352334
0.46128567278381816
0.2801356245295663
-0.3198039060859865
-0.923778487708774
0.663186390065114
0.9576074042162792
0.9994065739826619
0.6394335078361517
-0.7022796020010655
-0.281230577285031
0.7467735122455736
-0.16145855305033985
0.5395814263774097
0.7137896366850425
-0.6606062349148378
0.41035447817018667
0.046190836943943436
-0.21032358333343204
-0.7491800520985246
0.22908660834198713
0.4046123897603495
0.29019851321112466
0.6235773627628425
0.26664702959169984
0.4865251827678643
-0.23077229253996112
-0.2979195387426632
0.03980562561037582
-0.5177058594030342
-0.8036851849075861
-0.06307052741465125
0.3492848546960221
0.6138476406842546
0.30855630891480734
0.07831987112623251
0.9374117159144884
0.9307258171587456
0.6379464246638953
0.7853613524023457
0.11480160444961318
-0.33604068982722324
0.4799142194770063
0.6742377223071425
-0.16132814812066698
-0.45182724100243
-0.5484909890957932
0.5033662757588033
-0.20613988770430725
0.9930858189076666
-0.29974354771721945
0.2793691344893392
-0.799652979329097
0.07316457255626663
-0.9344293904429333
0.7964457735589936
-0.6197020331898659
0.41424256457306075
0.9254462329059263
-0.6411694150071978
0.5270574132201566
-0.7938529045752636
-0.5565590765987409
0.8090242161590011
-0.32153072798113125
0.08882109282594053
-0.051891670124947
0.13049495758241925
0.39711200128363044
-0.4326717746007174
0.8227025172571294
0.014855708023740366
0.1372126187170304
0.8045460961331026
-0.3424597421520146
-0.14012523712758407
0.7798486260671744
0.7803583415791457
-0.8597632756923623
0.5470357588225898
0.2838235765299668
0.12807547229332372
-0.3166031436663581
0.4841704179160842
-0.7260258981149403
0.9388186194065742
0.9132470945436799
-0.16756276286300542
-0.08255488644486353
0.5988637684228881
-0.6825293203215232
0.5534130563180635
-0.4787180053657809
-0.05326299388064615
0.11919390536798335
-0.2497329540209552
0.9742260866848205
-0.13578831451173867
0.817325304323421
-0.3874394487457018
0.2662242368934873
0.1467087003404528
0.6085252618015624
-0.86177329581825
-0.9991265988258031
-0.17394937382619702
0.8122051046156993
0.7683012804063527
0.2667860394667516
-0.3679874370298506
-0.9395197430208166
0.2534783313419007
-0.4361505774411727
-0.9152769006288526
-0.03232688810288886
0.7150149417537768
0.20124947864647802
0.3403246923379657
0.45278193069094486
0.9184079376115588
0.011643831290445439
0.7742252009013513
-0.4580982983115809
0.5448885898251747
0.6360134588230748
-0.6434420013228648
-0.19035309939070033
0.6514239332458804
-0.29316349419407794
-0.576218697309381
-0.7089640676069213
0.5224141269477149
0.7785204652940498
-0.9894048441209489
0.5902480041905713
0.7588819087801
-0.5408487854421198
0.597112188464314
0.9840188368365714
-0.31432744627560516
0.6248532012537984
-0.84629428939868
0.39075684588222215
-0.2909332950500849
0.20656097589588907
-0.02814184658260066
0.4666354545578264
0.4355186817855834
-0.20921096787110804
0.0012503615008152558
-0.5758983113855247
-0.17075743717862069
0.8585716116715398
0.9745538290436848
0.06227779739236605
0.5117819822042391
0.04042056468695465
0.4436807082733796
-0.13530208606939897
-0.07135525125371123
-0.7317042502992734
-0.6269411820137547
-0.25047138901491195
0.02173487177346556
0.6867788121348961
-0.20266917329135703
0.7103154326610011
-0.09580810814728724
-0.06411621169748183
0.2099575097764812
0.3968812233785628
0.6097194923346274
0.7604160934838635
-0.8484381554034168
0.7926820324977528
0.3503457840464559
0.8185937510125103
0.6225791050178864
-0.26158456008891284
-0.6326643555426172
0.07541137140928145
0.5942253816387328
-0.7595565100244002
-0.570519321732506
-0.7366366513637943
0.6517913759663396
-0.0886475608498809
0.41442929821102736
-0.3882633980556096
-0.9014225158848761
-0.9141185288010152
0.2338862214627757
0.5968200486009811
-0.7792208778881744
-0.1553829524778525
-0.5204326783732682
0.5663710263678272
0.8905117791595112
0.12245253829138969
-0.9469091257255404
0.2702333169472828
0.9173043574531159
0.3748607832863422
-0.4718961088854774
-0.8251974012118342
-0.191868183813668
-0.3454810876629577
-0.20144180861639027
-0.125750739062783
0.2074734487700014
0.775863670702692
0.5815878867999591
0.8633408170195425
0.07486311196599438
0.4385562260610356
-0.43088505717782355
0.6234250629558891
0.1914590218409813
0.7765182343863284
0.6708300599099741
0.6364372366054263
-0.6491489381194566
-0.43137842786371694
-0.27639094980415235
-0.6622666234677985
0.14895372176299726
0.3780668239081144
-0.766765948149803
0.8822056861470136
-0.2736796724988506
0.5969970212899067
-0.5412167872641946
-0.8248715545571927
-0.8751492917340431
-0.3909960871620075
0.42094787775241804
0.9993276747531274
-0.8296091978003988
-0.6016205561631023
0.09662256122015256
-0.2790300146769138
0.13027730482583233
-0.9654759739299019
-0.9479160670712468
0.028955911654127586
-0.5987422569026897
-0.07708087851385925
-0.6930571342651659
-0.5469193154588212
0.0964517462922021
0.635222219563613
-0.9568071148194226
-0.31807931876886975
-0.7556504095430352
-0.7464763392088101
0.12181043997445462
-0.8299179829705099
0.877812736796429
-0.22273341049845552
-0.17205678782916034
-0.17300651348413898
-0.5554502424143
0.18828118865190735
-0.3814414832735642
-0.4820453695946456
0.6773427139369068
-0.5011329765639341
-0.45129755381244285
-0.45112689760823454
-0.4306654092500666
0.6185400461741142
0.20296325914277658
-0.2408282478278725
0.41993678120907796
0.7352704321346892
0.7336904106545816
-0.7235032713804355
-0.9785406765819911
-0.17937007403357264
-0.5631597670398589
-0.8200229283030245
0.302737790345728
0.2546349836240438
0.8225125297771634
-0.3092545230239594
-0.7855005878094843
-0.004111895090307849
0.2085352097985831
-0.24641651259904296
0.6772493844478733
0.949858305581059
-0.9850543954843032
-0.8844252890340976
0.662645074778708
-0.6589545768861296
-0.8023734351694705
0.15639918939148045
-0.7198163566578719
-0.9856946319225082
0.7885062719746596
-0.5094349910982243
-0.34514695367926707
0.81586911936535
0.815258277560839
-0.8532320746180717
0.7508144906750744
0.5420530605657958
-0.2623477514150485
0.0067607717975461945
-0.58896735526713
-0.8670920086480276
0.09583337536409764
0.39518043402201064
0.5817711638056113
0.11645355300790872
0.9157212818489804
-0.959500712468532
-0.10368086861166814
-0.5818323121508593
-0.7979571731970214
-0.5851996391979248
-0.8020207999692384
0.6727461013181328
0.6855816820217508
-0.38557246208297413
0.8921207966811946
0.9074412497620339
0.8716415944134592
-0.4529409536504734
0.5385152983015811
-0.2853119166104332
0.9650040913618969
0.9402481026999898
0.5595139995572602
-0.30788447036130906
-0.6309734997383902
-0.5611405046927327
-0.6847627697942051
0.6815810694086724
0.29543913918536124
0.5377393916506252
0.8277267277222571
0.8528685255978699
0.12577020996994492
-0.11387740083572662
0.1536299553808529
0.5169337077495562
0.3120891232962635
-0.5153758862409308
-0.16000538047950563
0.9646209652282061
0.12772531930047837
0.7238668254601646
0.10427003247788069
-0.10472792671709485
-0.8037139722394073
0.5936651765649961
-0.3258935996558241
0.30147845188722555
0.5151628732695421
0.8257449900903888
-0.13710674665338418
0.5534051814069412
0.14140180719945183
-0.799945342045721
0.7409230360100163
0.6438464511652837
0.7639945360962546
0.8688932040643218
-0.41316815145603103
-0.7866328180845776
0.19344853217168434
-0.2464977092752636
0.34430459996141405
0.29335485214319146
0.3075114369801737
-0.9101343526273771
-0.906696997287818
0.8365211345482209
0.9023528368610065
-0.8479596277498398
0.1618887832645879
0.7357118591734249
0.23423181240525404
0.8846690008218026
0.586344291682666
-0.9175046144442165
0.23754784625555248
0.7765760346414798
0.17054475449222295
-0.32925753501128896
0.8734115433103129
0.6906806814270345
0.1863759326922636
-0.09490439506329906
-0.061853650955225215
0.5714033845745563
-0.17016154081647894
-0.7900198683823088
-0.7932493651924701
0.8324792083011661
0.30335845884253354
0.38860365324853796
-0.939015122907586
-0.8291863841895011
0.6054788936900266
0.8461295246204277
-0.07533234059141103
0.36350945902499343
0.19190882345091675
-0.19334973679735024
0.09758394760911449
-0.624633841822525
-0.724924965061758
-0.11393621580354751
0.4792356525554675
-0.06248357202443411
0.7468714441074182
0.5116347538847448
-0.7244173701793515
0.01912244773234395
-0.5538091429583694
0.36694688485652405
0.595388248385387
-0.03912548528939541
-0.506801794897644
-0.3320523568908247
0.3852535491918172
-0.6785844254808868
-0.712459946347195
-0.05866103907642373
-0.3199374238770871
-0.9124561899852868
-0.17413335989884016
-0.28383895958306127
0.5254517492820507
-0.6279960134758806
0.34525982962201973
0.5734034707199918
0.3883147436485974
0.7307153161759996
-0.9838924360026842
-0.10671704859817277
-0.4031726287423152
0.770048700637785
-0.8017542866063936
-0.7376504117036555
-0.8235284302279386
-0.7335959078918173
0.3885021498285264
-0.8678078896996149
0.6917661287195092
0.9465087557258396
-0.2370441132960086
-0.6725152522036897
0.3392509452551007
-0.688599149591657
-0.7113329239504331
0.6370358555438127
-0.20289244172170018
0.2230949452603217
0.886033873880667
0.9287829498910884
-0.5075934770961417
-0.7621901899099548
0.8251122191497033
-0.296880190996341
0.4894236048523217
0.5928378340436582
-0.23135179790778793
0.22631841501320782
0.8982653103947233
0.39425200764649837
-0.6169294173196878
0.26104500892122995
-0.2884252986335438
-0.31074916510762596
-0.5977721629574166
-0.7110330327115142
0.7233713757123801
-0.6102068856614176
-0.36147183361986146
-0.9935192275961062
-0.6914832779543572
-0.7326348482927325
-0.9952931736135759
0.40621648872727234
-0.36612877236202457
-0.15069869874508246
0.3080260121697165
0.7849402367450566
-0.48937166297254664
0.045284032632588955
0.8318038163429686
-0.9585365428364532
0.9755031859356831
0.3861186854517822
0.40339053558906013
0.9576380987239483
-0.3193061012050331
-0.04146370979404712
0.4153841412534367
0.843648060309397
-0.4438912403974691
0.06135871600823806
0.2320825568890621
-0.052373906147896054
-0.1572911557921679
-0.20789450378419572
0.07049103881291918
0.018697975811262424
0.6492149752078415
-0.4806450634963526
0.38034446575430403
0.027715007582121087
-0.7713094831559739
-0.18702814985933558
0.37578427733195996
0.6330066703681105
0.4179111588488831
-0.3239317635919121
-0.620538180714286
-0.4749123932276371
-0.8219093306018608
0.2557408197245159
-0.15693592155084413
-0.018627114581976745
0.02930178296224417
-0.9602022893929383
