-0.5866185647070108
-0.3039625714025509
0.30601336926354095
-0.4211343028678902
-0.7371691764570938
0.15926810400711866
0.15721161689972996
-0.49429988925521995
-0.35897774755628475
-0.8521212109566685
0.9508934137030425
-0.972372721495453
0.8162527049254262
0.30320773836818415
0.8647076571910397
0.9041760952588711
-0.7524550692192808
-0.8741063372412128
-0.28833849332814787
-0.1342349690455853
0.17175906069664704
0.48565592203181795
0.0626006871729552
-0.9236636223469883
-0.18725994793388634
-0.4169401052720385
-0.10574811041978283
0.48876061677749805
0.5770711001907876
-0.35476864334642544
-0.6670296479549631
-0.8151872273699006
0.5103419157380218
0.5937108236934932
0.6223126072684564
0.0805979092549951
0.8818525089025608
-0.5760885732758987
0.04529746467472018
-0.7561481237520993
0.1827812076046098
0.664572046587576
-0.1989127197829963
-0.20054134606683083
-0.4807704827838517
-0.126198334972629
-0.9167034713039617
0.06463900705551051
-0.03164184829317729
0.16774479277761545
-0.36393648590551386
-0.9428836135159055
0.4171518708224202
-0.8346496417002669
-0.24769837763475566
-0.2610600064439379
0.2052458115753828
0.8926490898779256
0.7287941198340957
0.00853893942526196
0.20951896102499634
0.5857481068264219
0.17079289432971323
-0.6179754467406244
-0.18131033666029284
0.3251889677203297
0.6109019559932587
-0.007181344705354364
0.4497909604065118
0.5541258396739916
-0.4941296244764337
-0.41679424896565975
0.6423502912016155
-0.1652979245540056
-0.6405087074150089
-0.17814459740840194
-0.20710598111886824
0.1352877902514813
0.36700551953121985
0.5519132621789626
-0.05739733565853733
-0.3330012316573978
-0.29848167193978914
0.11180194098132978
0.9051400399874143
0.9869239269650021
0.7560426657048616
-0.48931573631588887
0.7436888486879436
-0.5213213686776541
-0.5738019270625501
0.34767718788398017
0.9347425794750339
-0.378744620901025
-0.13964055633656902
-0.3097221048418213
-0.18508736387259095
0.2367754037408052
0.027131120823854715
-0.8934779400404851
-0.48378491495935627
0.22723651501724018
0.23932732533091539
-0.5391209356482258
-0.1340023753946582
-0.9029979704253928
0.1763044045113884
0.5276012214361951
0.15250051645156493
-0.5350127939935589
-0.8505962014844486
0.8363650215866572
-0.520222004299786
-0.9666480091853034
-0.9965049202176712
-0.11962161983047248
0.6031585210143444
-0.5546589190227615
-0.3433543860762083
0.9229791747525926
0.1477876505531801
0.1403017444441812
-0.7480729729680711
-0.6709080212070138
-0.37598391202989556
0.3393328490088805
0.2564378507433569
0.7325638204002562
-0.40053308661289466
0.9492033663881911
-0.5059974188893284
-0.5966093320057597
-0.8409680558020576
-0.05096971514655113
-0.7225225712527521
0.6051694480534704
-0.41735073788845733
0.8095450603061654
0.9805382486924905
-0.6515142561322553
-0.6957480768295046
0.08024490884832125
-0.8290823490013286
0.5521070330143651
0.702960201780733
0.02060395159136319
0.6458393714141808
0.8807364525668295
-0.6768012673801478
-0.3697688934924359
0.05354510360374665
-0.645825144233797
0.6580275189937124
0.6623575091763341
0.853145369532091
0.8629097354052868
0.38904497809516103
-0.06233095355872886
0.8583833296386758
0.5888952001982888
-0.582446591465188
0.18040081714475997
0.2852806472633893
-0.01956072431801159
0.84187926543192
-0.3005953885098458
-0.32867491647268476
0.7687275776643157
-0.9370885682779877
0.931739872694588
-0.7273249508620634
-0.24688697370819246
-0.00406615646412134
-0.6369286908081631
-0.25574507211365516
0.44648075237511553
-0.7816162851682744
-0.5566560948368808
-0.39576200577669307
0.3263150539653268
-0.8293425573293958
-0.47238493755374233
0.8830205418406221
-0.2070267698017898
-0.983405272271525
-0.8323596494037364
-0.7302201326001059
-0.03638630797156961
0.6195697664821804
-0.4946435549533561
0.24891796083597262
-0.5683053071301876
-0.8269126397573896
-0.842382698651341
-0.5668641141719177
-0.4339643926215935
0.009176177721770484
-0.3513549842650414
-0.2956822076248482
0.36804113601195754
0.05600137901248048
-0.35908108603604405
-0.1377417263443259
-0.8634404415280832
-0.4068359691262762
0.9205921059702193
0.08208849923147743
0.6288772970495824
-0.5540000400110701
-0.14121123583087236
-0.011358846539846867
0.75644369776277
-0.9987220372043804
0.19894565724140678
-0.8594124739340285
-0.37834721937551996
0.13457637084606255
-0.5405596496951932
-0.2677279632830558
-0.07669642528219689
-0.5791859724913553
-0.84885641373073
0.8332559271970894
-0.8559047780078246
0.6926457223910314
0.30336701309518466
0.7408556247912379
0.6557486317895875
0.49977685192202714
-0.19100616447387186
-0.05756919106886027
0.08132949797323463
0.7523508104883068
0.5332507718950019
-0.5263024226324646
-0.15393916464667745
-0.10606471174870014
-0.6417556962267674
-0.7714435644437696
0.46104897907579856
-0.3358397565965514
-0.36291779768600296
0.15228009580158064
-0.639584828726455
-0.5989519246407218
0.04344616350413899
0.22130317358026108
0.8479936177282856
0.8298358093950517
-0.4141335021920214
0.37615489904058075
0.6918124697111507
-0.05027010353749817
-0.9365933960213966
-0.7981097805212141
0.5437867422426521
0.9215142991237855
-0.03243426938999239
-0.6193943759469716
0.8122278839397032
0.3728855375968567
0.6409131720914618
0.11704118645338668
-0.27610774867210397
0.01779649770354763
-0.30327619808208417
0.8666804180778462
0.9711839924506502
0.5955304799416714
0.6299059555523869
0.5354861504116797
-0.5161038123081905
0.6002919474087582
0.16390683896418667
-0.4819870071974479
0.7275294405412449
-0.4309330493454504
-0.3392367950473838
-0.5824089134783501
-0.4259623818591558
-0.628693314246008
0.4120140009008495
-0.35472071267208616
0.8106640327395755
0.836955793340515
0.05982518641090229
-0.539079884308377
-0.7252007512735714
-0.06604747058732263
0.42207948860629885
-0.638400127605804
0.60545618785688
0.22266437193891098
0.9287353707057255
-0.6512335120861601
-0.9277685911505344
0.292337785423211
-0.08835184965396037
0.9631430025215462
-0.4794559815207917
-0.9196710356137832
-0.46106684167353906
-0.8067670709023846
-0.3736380834298856
-0.18335215631468915
-0.15871322904272844
-0.17955342202319668
0.5817578472249887
0.6629864371734542
0.8962544858035608
0.30143461833468455
0.7205490751681669
-0.5469312781848621
0.9480051358179573
0.9248411783157644
0.6532674838479753
0.2444452539081312
0.7592106086175074
0.8877440280698414
0.953844342623984
0.06284289359349238
0.4437940774153508
-0.029979283528134948
0.6879861384033803
0.38208032012730997
0.9339184938498042
0.5602446060590416
0.6230034149770742
-0.44586140312000944
-0.3455242816909021
-0.9726413579701938
0.4446473008490146
0.8860769357220064
0.2404167128958523
0.7779237167486099
0.8961776311610821
0.524456117930544
0.6336484868197383
0.6313658404275448
-0.776269343931687
0.4892363314476993
-0.9021339726991084
0.6581250609533451
-0.750397102605795
0.24430901507841862
0.37872738368778114
-0.3773641553394169
-0.9727645518209758
-0.06461108126124082
0.8120856246939323
-0.4167575708003457
0.2628522052216704
-0.1327865826648591
0.9731948519448006
0.7221850771016758
-0.8015629823168915
0.4933605822274121
0.24738642220117146
0.934782120835254
0.8714669268497763
-0.8197352247899365
0.3929222308631266
-0.013622034099888491
0.19680034894020348
-0.19259288385604934
-0.8233650017067289
-0.18277245266824016
0.903950965580578
0.35141801408059603
0.30057437505618956
0.7263674263143798
-0.15670211276703827
0.17912870704264927
-0.45107633957410465
0.6733784628672039
-0.5028501388568596
0.7604659836357537
0.016675032320820238
0.830030180793075
0.06422382740490318
-0.35460437042714155
-0.3762963656162639
-0.9714828849932955
-0.02959183863016679
0.09415452409086367
0.23698389463976732
0.42669590273736047
-0.1283336642659374
0.678877149051015
-0.3366805894724829
-0.1372685460975751
0.3953162348184007
-0.7304837213549029
0.07912896529673641
0.4406660902260635
0.15607927018244339
-0.2669165387484964
0.09045224697453924
0.3972335491447154
0.3850967113831931
0.7953725945032686
-0.7619564798552074
-0.20080468518246075
0.8019438544154394
-0.9082955009523872
0.009333762656938305
0.9786735713397461
0.7498589024316531
-0.8614510909037876
-0.09313940907415597
-0.7749825810655424
-0.6466422581659859
0.9872284616077776
0.9654037947263545
-0.639056066370272
-0.2824192365739735
-0.9301445320928832
-0.9458155375728214
0.18571267653415569
-0.48366669404287954
0.3764662308606066
-0.8151114368281092
-0.24033021350473538
-0.5389528514777406
0.11161605407552688
-0.4759815216192249
0.8109076906285699
-0.23189406002628066
-0.6087804385020634
0.3110909745921979
-0.8563483934946574
-0.12061683592633465
0.22015825983411696
0.27810746507228035
-0.7049265689482314
-0.2334729944400551
0.7186014565380736
0.44598374193098334
-0.0729988672982016
0.36001440929950723
0.7314592174164198
0.32074325523146485
0.8451098310859233
0.14574549923659608
0.7186039137819291
-0.7458998941555208
-0.4096360231384937
0.32016143660464613
-0.42651857043780694
-0.9583670931146939
-0.2837742062621347
-0.5393045125256635
-0.6892570505499187
0.7683794289816477
0.4963037795752525
-0.5008133256049927
0.8629317654150572
0.6546064961502744
0.3312879878776196
0.5501517592604852
0.3989672585160544
-0.21161042550187759
-0.3508402527133794
0.3834833188889408
0.23558949965512332
-0.042450645216039806
-0.2663429635950958
-0.6585417000385334
-0.9611174186260476
0.29211126740474436
-0.6276212255680131
0.476672086160977
-0.03939299356494841
-0.9721907584380491
0.3077984354339103
-0.05382222825330962
0.01610256578452396
-0.338473047291169
-0.06921479360886451
0.8926233109279662
0.0003780786363229982
-0.5478676963302791
-0.31627319394367404
-0.4384469793461676
0.2600146833914947
0.2018347940249563
0.8690375467443126
0.7579449361716997
-0.0975096668319424
-0.945172682755409
0.8113387687703066
-0.9977693421906619
-0.2867221822079069
0.218348087725029
-0.06901422257043488
0.9470164748685563
0.47193503202378273
-0.11615209733481535
-0.42044505950820477
0.07430868516944056
-0.8821749175310125
-0.9602548277443754
-0.5122033692038139
-0.2556793592415201
0.5686689249730739
0.13078861589265967
0.1697858005362034
-0.5644818604617778
0.4381008606480905
0.44610527328368854
-0.31467188042536964
0.06170648779195331
0.07411193898169799
0.10947107930573452
0.3370783136844224
-0.5983928139029575
0.9083340021146549
-0.8770358530219031
-0.25737399878375045
-0.34589750233234784
0.27976263597783135
-0.6451474105026438
0.2588451854592677
0.5509515225795802
0.2945517925402177
-0.8443905943640255
-0.13272755418907312
-0.6395285312895616
0.19285241880016568
0.01737799359614467
-0.9033151957553647
-0.38024175547703476
0.8401908126251625
-0.34999719608058766
-0.2485813856613608
0.6393821699657747
0.2490735375664308
-0.4859429291176156
0.6226844851166511
-0.29615259269503036
-0.43681994559422344
-0.08195212647130257
0.9888565612100055
-0.23995287694029255
-0.007167549809909746
-0.29725348278634733
-0.43164411221330923
-0.502763361699825
-0.24118480378542517
0.494605298394154
-0.7412948219402298
-0.6564811503887302
-0.7206195699340887
0.9179733945517052
0.8650313953567037
-0.8213822375787474
-0.7529110737447273
-0.6803674051139206
-0.0933239873676126
-0.2575090051896789
-0.668346020578644
0.8900296995383798
0.5194600371740181
0.7690926881269613
-0.3039990714704943
-0.5612266391029082
-0.43860669499101723
0.5901231874678614
-0.6861916006292632
0.6353076782838996
0.011784767226667325
-0.40261112288693224
-0.5217253488881985
0.7678527792148264
0.9554157650922694
0.3358105954909234
-0.9335145498933153
0.23716838928018746
-0.7863336230993245
0.15204409814225173
-0.7959771284905812
0.03321255658202649
-0.39897968980581466
0.9593259557421423
0.6137588372145442
-0.42619059470152476
-0.7796841700652863
-0.8161644699178274
0.5099665131305364
-0.6003450398342338
-0.4852228683068669
-0.8412812463073243
-0.9577189582462311
0.7252775340114117
0.6413687080934851
0.34545874740481364
-0.04810774872782586
0.630923776297021
-0.6453916458537361
0.3481208189388445
-0.6934612822761015
-0.9732410623201766
-0.4895472303829036
-0.3606177728498905
-0.9543444122182829
0.772000068688965
0.20755316551264058
-0.6049477961760401
0.2918408644120212
-0.61019325911507
-0.49482896952163347
-0.7773560919654239
-0.929129372011186
-0.510440174626098
0.8700442544538478
-0.6062553525887022
0.4814227149357866
0.5843945443155394
-0.17333643779903118
0.9364214040687904
-0.706116880791642
-0.8300920079178806
0.38497049104391157
0.5055354216709294
0.2836715062341173
-0.517061599666353
-0.525804758518454
0.382508941712667
-0.6139952565649363
-0.5780826045773426
-0.6001034619299135
-0.42794416204036057
-0.16599743725175875
0.7410999760342527
0.9520024968376293
0.3544737156680582
0.5000952630717441
-0.950119513825425
0.8062806551723922
-0.3831937868658353
-0.1318469695775557
-0.17316856998432684
0.8177969350030989
-0.07096006008299227
0.5912721716044813
0.6891448037906107
-0.5025818454720619
0.517822173638472
0.9966414794122909
0.061564035395298866
0.22041325995640548
0.10176675029918547
-0.863536233322771
0.7493505021604467
0.7703958165815818
0.6965310764072266
-0.9731438590919474
-0.6633445300189984
0.91051720648301
0.6892807069405154
0.2989411084187288
-0.2174105475883379
0.892397397794521
0.8222575611146261
0.8388004704329286
-0.8137464558254008
0.7535503698420403
-0.019483190778656345
0.8008550560195948
-0.3882604513732031
0.6446000200676338
0.2577041084087195
0.04220161537358025
0.40439711099773157
-0.5128170130810796
0.29231114543131387
0.4923342954927521
0.012014217284617823
-0.6245884437376037
-0.3473687995092669
-0.5835302686213817
0.12221237703402599
0.6698408918200862
-0.8422986118813769
0.06887094203003508
-0.9747561513657508
0.39840914801502003
-0.9025644973664488
-0.5143116803788101
-0.8624149594520916
-0.6022906543986932
0.8977570137653281
-0.04049555904768942
-0.340929609149347
-0.2513441853958722
0.7309052072947613
-0.4159177452850449
0.16529463744947104
0.952781162660757
0.7751431846510761
-0.1738638531439196
0.03594642047311436
0.21652208495725778
0.3215252928546375
0.14267322547360628
-0.4821040681165556
0.7340088308661428
-0.06851535337281
0.44074133921388037
-0.11536892094290452
0.05804059855543531
-0.31692182416034353
-0.9600745038082845
-0.155079561641281
0.5546187219145922
-0.4758789856568144
-0.2059858342907135
0.25227888464336856
-0.36797988068403575
0.013130496510765033
0.19217569119122802
0.8819497311515072
-0.1801112826216511
0.49552338192893486
0.46285591121273173
-0.6278658124513559
-0.3132458084066241
0.03309126202565116
-0.15999660407776783
-0.79730048521708
0.12408781424313275
0.2849729499081566
-0.05020263294581073
0.6854992389527155
-0.4550165485691704
0.6775050698704463
0.7660629147086191
-0.7374056569171588
-0.3056104058489637
0.8917938045879956
-0.8475813519322355
-0.3935033990145398
-0.4304186192242745
-0.527675770997619
-0.6351615099914072
-0.7173442758171065
0.7401629041829789
-0.20299913587468676
-0.97151098702983
0.33694393116566146
0.033619344819077135
0.778115464715545
-0.3408483445984958
0.2639827902271725
0.7457461122330411
0.6105192541436297
0.43570968814151434
0.9337313146354862
-0.9355583161087666
0.06027433698561624
-0.45578556808040815
-0.3187885810957327
0.4412331934619833
-0.4907487909445172
-0.5750260331856172
0.6894302726034329
0.3533337924572857
0.9270019947717905
0.5995372136939463
-0.6053902511771985
-0.8979788738445402
-0.24929664171230836
0.25925070240773995
0.14080472585749337
-0.9920856430795921
0.5817082884905138
0.7507141361383589
-0.557838623153649
0.4090467994050839
-0.3361230190705249
-0.24917888454163895
-0.541694547625267
-0.9808486946741306
0.5935484120951426
-0.12250062126647321
0.7963979823851737
-0.8948918491750131
-0.2897709470353327
-0.2805600202487739
-0.02819999535775919
-0.16796882171122718
-0.37733293572296134
-0.05687084600321368
-0.037195961158120294
0.01863851228160862
-0.9765406333026327
0.7563335953338253
-0.7098573239037089
-0.2683115375489262
0.07518886086653676
-0.7624047743811646
0.25096599664302577
0.5180939545073657
-0.4437765346480076
0.458007488035439
0.3042293178687574
-0.35903725401857756
0.10897797608074922
-0.6643093001314471
0.9683468535136484
0.630031194963552
-0.6153164645421085
0.5982152268042229
0.5510641079080703
-0.43769726669675735
0.5953790282453555
0.16410648318180843
0.4641942395709069
0.661869794396649
-0.4667426749340764
0.9468308051896763
0.8301397837953985
0.0007356405980167846
0.23325181511758264
-0.2135080489439427
-0.34622880982152626
-0.21133547607545444
-0.938720372741157
-0.2586137030221747
-0.9091110515269303
0.0005011179507641295
-0.6703513184047201
-0.0413980361800943
-0.18322555380082295
0.6546138025981079
0.583266988701568
0.8522351826036276
0.8130311362938181
0.8737068561479571
0.23890840405686098
-0.023671785509926435
-0.16333780885416482
0.4620035479952722
0.20062367113680546
0.23147841642717082
-0.7915997010809928
-0.45743846456133985
-0.22461439908227288
-0.5480448082820064
-0.1632130738892661
0.6288471157112769
0.7317039297499879
-0.14146486534624625
0.9188751056843629
-0.6924291510328402
-0.23484484481150392
-0.1428356719751649
-0.601904906638286
-0.06462806871611093
-0.002376777302205868
-0.7946614262630771
0.9811311815367445
-0.3686392001047336
-0.21927890259594096
0.23588215438440563
-0.12129297295534691
0.9652070905806387
0.9974645664332618
0.8300562324151388
-0.9796105960241488
0.8515984378151664
-0.3385188127861549
-0.6041520944675405
-0.04601852133147988
0.19589761985427523
-0.48761354380187183
-0.27082020254024886
-0.14560342552413053
-0.17551493826317888
-0.22930954996556197
0.332599885435382
0.22845849051582823
-0.35530495566785225
0.7427996461042881
-0.47617190732148185
-0.030580522133441645
0.7437817706339165
0.9936979567712965
0.03645366083606638
0.8998882089523037
-0.7769723045031833
-0.39558522865318047
-0.9836800379837782
0.33400498656738575
0.3171748617547112
0.5501627455806017
-0.8665890126451539
0.7389851797202716
0.9662723364148889
0.8415990672899809
0.8908749090399015
-0.28975178511681876
-0.09158746079618707
0.6488875723020293
0.9814485628357905
0.018705893988993916
-0.06664708474280245
0.016290582620147154
-0.9765974252571441
0.8163011023618503
0.6288303402484836
0.16945409260812117
0.8580745879666094
0.9858451317816646
-0.04826629741975097
0.30523633021618246
0.13010097070228488
-0.929207979502596
-0.5796826618430921
-0.5133094957072546
0.6528001056865333
0.8340999125541129
-0.39521329932164484
0.9334978454022793
-0.9150518800658403
-0.5954158251320514
0.6296171213338826
-0.29090888999154463
-0.6291883227923365
-0.07230993111073292
0.08526478458098086
-0.42193505940108067
0.46980622504092007
-0.4040031162077449
0.9541837920554765
0.8769826685003168
0.160535373257934
-0.8315211270500587
0.11985448573994173
-0.31391916935092445
-0.7378558967399522
-0.6001309844627782
-0.4753628324996586
0.94499002614161
-0.7841180021707588
0.4033087476092514
0.2971647225196006
0.06751931673158795
0.11558698164444658
0.8270639952232497
-0.799362024476836
-0.7167688722830543
0.9945688417170262
0.22034239397798427
0.07877453221971797
0.8738836172393958
-0.8580632534183916
0.22149140586781924
-0.7943503068917379
-0.3444979080168329
0.5977974684526648
0.3979206508028308
-0.19846213334207485
0.21727347868715974
-0.16860701621565166
-0.08739301557204815
0.3298539444301001
0.9831662385379063
-0.31813308140988106
-0.9925845737176575
-0.1573307668853301
-0.5369038433289626
-0.5574860530024484
-0.45478857678177675
-0.2879399761060608
-0.5357914234961065
0.5527427822146458
0.4615657359512273
-0.422839652790475
0.9201477496365071
-0.15473839720749782
-0.4255902123035675
0.9461645965981877
0.13116446042270202
0.6473475583788832
0.42551086743471367
0.21096702722249616
0.8497752814319641
0.8302521094323716
-0.9427250797729656
0.928235850002703
0.38156809992983187
-0.07954755305462147
-0.7018557618497976
-0.09312512237491455
-0.09056255918072398
0.6967908118398485
-0.5068334055787236
0.3089524641844026
0.9283452880856655
-0.26496844737161207
-0.5743607121932885
-0.05604204506499677
-0.7257274283925468
0.8260563997863557
-0.5134325268614537
0.25491409226729367
-0.27339335369216267
0.562260668628199
-0.9716581703861733
-0.20424865299359585
-0.7170064842897177
0.998226446186945
0.9167707514837811
-0.13700991933186946
0.9516181467852776
-0.7422759321366355
0.1853622408266995
-0.7497218688601075
-0.3228674502583828
-0.851230623028294
-0.9887107542052063
0.6926855697317906
0.5762709494844387
-0.84819945502454
0.08741116076346223
-0.6172114434640485
0.7187585608292633
-0.2731647337542855
0.06347506542042547
-0.6794722410757721
-0.9442248839247125
0.8998377844356613
-0.1389276734158913
-0.6898356201524187
-0.9893416137337705
0.9456900119830303
0.6649939267525591
0.43978887082664775
0.3877054143073202
-0.6535014411741149
-0.36163127741616585
-0.6217877524370352
0.6917310745302321
0.9195997233385442
-0.5149320097996157
0.13258653205224813
0.04400679958462894
-0.14112169260970586
0.4909632127138557
0.7538974328093393
-0.00345546095178495
-0.5697720003375173
0.9129184624962727
-0.3968672904357333
0.9524715321342268
0.6151755349256256
0.5101430012088439
0.26241790931762243
-0.4497247841873355
-0.472194444633973
0.028031899896524548
0.9367530706981586
-0.3571026565190092
-0.9315836403750477
0.21584698878577901
-0.15961264499262295
-0.6680198329599782
-0.17839057541986225
-0.12031407425392415
0.7542731137978822
-0.9912997553426315
0.009435241145700601
0.7956699790468817
-0.9510782240630344
0.018456602161294633
-0.39407780996070474
0.45469617919826977
0.5471787306152618
0.15940676650687635
0.4984188858659686
-0.14771139476013384
0.11058703866607966
-0.6056661996426251
-0.5606411879150162
0.6343569393189241
0.12419935967271045
-0.09967840203797018
0.15000177697417416
-0.5368433146341798
0.5359257537328364
-0.19219038045476045
-0.4432283262605463
-0.04009828261666604
-0.9902046085942304
0.704324956913275
-0.8449084877676221
0.2388710417518305
0.6854951295163603
0.631085478836094
-0.7816181320777755
-0.6472584258606491
0.5778896939289335
-0.9968100816517058
-0.41477117549152065
0.12212711821064826
-0.02474029517037324
0.7518202791988267
-0.9410575486120101
-0.17549365671917894
-0.35943656149008096
0.38660536056996264
0.6932412987445224
-0.8102341028014344
-0.6486431574046612
-0.8000332112405417
-0.24761124251052125
-0.2873521400854029
0.3122704419018816
0.5992412693145837
0.2040974614644513
-0.8948551617858413
-0.9998171267129055
-0.561121111893462
-0.45782078349130617
0.5925603721375214
-0.8038216000790916
0.11904868882620856
0.5584329758047251
0.6563435551164178
-0.6905044206581441
-0.7649970870725409
0.03980528846338194
0.08835916559397838
-0.6214491395366877
0.5428644461342782
0.8357113648688854
-0.11201669246571844
-0.7679905187967104
0.6706069087121753
-0.4288550982726447
0.35837567979920926
-0.6785750147715379
0.0623464083983849
0.5053292010613137
0.5439356686551877
-0.1529095924046695
-0.36144412810491233
-0.2613939575620645
-0.8141700093885433
-0.9321283287205655
-0.8959391071949381
-0.9301631124308238
-0.2731954369390419
0.853021289264311
0.7984433519939456
-0.7636387890773075
0.14201103314842745
-0.19702857694101472
0.3824520147033377
0.2044520348282537
-0.771110502684696
0.7825094910835553
0.07384960188527678
0.7963766485185857
0.6212100016167519
0.6408106246071352
-0.5437254846090882
0.9860576648009836
0.21149019248179846
-0.910772666033103
-0.6941563739611736
0.41350884425330814
0.35477217755279344
-0.7251503753958557
0.3789791871926409
-0.5288227643556884
0.2676080019978897
0.32088101396979796
-0.747540460786313
0.5990524579782002
0.3836576731216048
-0.8511998416639601
0.795826379646422
0.061212099755070914
-0.6318397628404606
-0.35285680430064703
-0.5426350394377715
-0.1345358958093601
0.742538723776341
0.3656466901137241
-0.14371842523622536
-0.08509390243425807
-0.5521452064034544
-0.998967903555289
-0.016282691896725376
-0.33372168693206383
-0.6267008946037838
0.9413572386951297
0.012682280597410944
0.9248874566776275
-0.870184145211536
0.5614433189042769
-0.32506179798638946
-0.14557095369876594
0.08908886250980408
0.6223729369987472
-0.5205788099572284
0.005814810322746888
-0.05477611473275745
-0.8909870301878764
-0.16098631605443492
-0.07997902320275574
-0.8294591095257007
0.10684231601671867
-0.4522745538632793
-0.9700727737608392
0.7110950004438941
-0.26696120073517093
-0.6475423792013915
-0.413489759663088
0.8259624676591295
-0.15995292818041928
-0.138300181945749
0.6366136489541516
0.35534648249171963
-0.8866049928638287
0.29823884540683077
-0.8869718022723361
-0.5332779691614742
0.6130122500003645
0.8245296771888038
-0.34760682620562444
-0.7271362372863093
-0.36144108958028376
-0.7850630724008145
0.012602389464373864
-0.028602411190106647
-0.3028820390015414
0.679829806560799
-0.20836263435674862
-0.22772324771301622
-0.1468181210104631
-0.2963799926848474
0.2317905534036966
0.952280891533164
-0.8366847627220761
-0.8982148355441422
-0.026586256306291967
0.1439417733473991
0.7718047765956448
-0.8055034480863914
-0.22299354161830198
0.6631393407021111
0.4365195191796698
0.8650129374773561
0.31344546640023996
0.3801854367549551
-0.04869926799375213
-0.10342178842227301
0.9391310778700881
0.21564629740880492
0.7782301112821195
-0.5560882861229144
-0.677135957507315
0.00797788322647186
-0.993452138412583
-0.9356169760818012
-0.3931537618852603
0.8779113747603471
-0.823266771672496
0.02097555939983664
-0.6838614317726823
-0.08711114763847716
-0.3193110237092951
0.7802175669415865
0.03809503684653626
0.37733226178585344
0.5513480395588066
-0.8961523545397139
-0.60113163898378
-0.20132936183697447
-0.8331690396338083
-0.7374693826461558
0.6965941262283217
-0.6200542395107187
0.6213126173557266
0.8408489684672795
-0.7691611458656609
-0.4342363867572747
0.9021438570992268
0.3189916942026243
-0.32431087323369123
0.12828513872196212
-0.8598230094473625
0.1815319212012627
-0.03252400606897754
-0.8177433280866742
0.8920422973384656
0.6495898990249063
-0.5996674171713114
-0.3342190913593224
-0.9945943175295437
0.7253576416300676
0.28029906613605715
0.19509078640399213
0.791108852919056
0.3063838679377393
0.12606609573532834
0.9085233807571229
-0.782084832469095
-0.5298615260057087
-0.6591677251101347
0.9141496798540389
-0.17621359329949438
0.3938842277477803
-0.782121803160954
0.043724954016264084
0.9566109534342786
-0.3651313849716771
0.10311519127642588
0.821341876160286
0.05321188566897761
0.091373007733488
-0.3249502534331843
0.06287317995448172
-0.175690956914752
0.8078878662202595
0.9892969092681863
0.12273409170063343
0.6395188218034695
0.9329978280279105
0.6122780548360254
0.7619647233247124
0.13661605568566526
0.9967065781389033
0.27562196810812756
0.47480581652879983
-0.3135399591820123
0.4377036752977095
0.21850406150662072
0.4114345997567692
-0.006024431130155605
0.2275084374362224
0.0494621609899748
0.0708385153527673
0.18977109018396132
0.517194719857027
-0.31750674164875425
-0.48198326959429716
-0.9019870408132671
0.39800436292543107
-0.48632315779366775
0.7388193020581211
0.9295580510562422
0.020708543819099923
0.08671847518537246
0.3254895805409779
-0.20692064037932556
-0.26093389467033345
0.579031230524319
-0.8873252361190938
0.47706030212747796
0.32374816446685784
0.6488622720451478
0.261111397782835
0.06423111584328378
0.5495437510340793
0.08316361536962691
-0.29264504856524987
0.7066537729648872
-0.05982405260051049
-0.2076646396466535
-0.5556304445028311
-0.6186635931102988
0.6927450539824418
-0.7683460556215769
-0.49967501931944325
0.12481570888511362
0.7012206120453259
0.4892488458343762
-0.5260072818497468
-0.13930164790123323
-0.7985104388081636
-0.6389401226742293
0.04869018502640943
-0.6026904739911996
-0.9044216498197624
0.3911582973950092
-0.411622676585619
0.5536640060082598
0.9035193754968462
0.09342104747860724
-0.08059729884120403
-0.9929381056202584
-0.25939844098643805
-0.5362314503248795
-0.9126051196221954
-0.48799208545167594
0.4746506774053063
-0.7450340842676524
0.6629823704425939
0.6938877105832735
0.5670429770183063
-0.3556373612946486
0.10057890250935819
-0.09409060019795601
-0.6198639620783466
0.47633073110181745
-0.24801234590955845
-0.5621655704595596
0.8768613362722195
-0.5723429474087489
-0.11975337055170554
-0.3742213117896174
0.3782118881362837
0.4056641446754967
-0.5793136146363584
-0.014693637861930231
0.5450788752001037
0.6305368070921205
0.9656162219638953
0.5425337473198619
0.9732318856904245
-0.5013141087599728
0.6565875297629711
0.4727935988127965
0.27792619307204935
0.5845964765561642
-0.6196234374236016
0.32226249675870666
0.9817031071185192
0.17488516972376478
-0.07348669203219349
-0.19062291601877845
-0.005623807181299734
-0.5983321070231391
0.23526670706823283
0.04184599629569785
0.6004491231852971
0.5767313801488618
0.7396033191856661
0.17569782814766244
0.13386268213078534
-0.8415660993200618
-0.6250794797952182
-0.7558809058968265
0.8372145923670757
0.6249869902087377
0.11964859141084538
0.7641771891592144
-0.6954696509966289
0.13709110865533924
-0.13056202463238065
0.6214228459426723
0.6686274789330855
-0.5173627021336125
-0.4803130729136138
0.982617683646611
0.6088298579799427
0.1649483653944841
-0.021881778497765625
0.421448032303682
0.520552934142327
0.8538226520750862
0.20129072098098555
0.9203390550630164
-0.4592642052706626
0.07372196885763804
-0.15441276684309968
-0.23460791829723338
0.8308308485783853
0.03650577658821241
0.5730110903273051
-0.3321275439824658
-0.22015977674312115
0.31451724777833845
-0.6826158459945162
-0.2203370176006607
0.6014071870058135
0.19160683713005722
-0.49784985639969825
0.9602041521904701
0.316370503643443
0.9111055658912424
0.39119890674137814
-0.9953014806218652
-0.6012995843126445
-0.5096297644092251
0.3455482514180406
0.33400178335950637
0.053417569802269416
-0.89101844702531
0.21639016205501416
0.4467956428004711
-0.9094939095629799
-0.6731851528460402
0.6425632624527597
-0.7085260040983676
-0.9686195028364446
0.6987696574043922
0.16683405418483765
0.6748968226888477
-0.2093031562248706
0.1506091255027664
0.5871229782493019
-0.8429593711094636
0.8256934001426044
-0.48140809389658035
-0.4669883646063471
-0.07682581842978853
-0.7664646593792508
0.043534616932795034
0.11261439021454978
0.6333896181331935
-0.9854094530983297
-0.13615879654345675
-0.8464180709095681
-0.21176400528922046
-0.5143038521588132
-0.28851939295783735
-0.7630398710112825
-0.13787137987232434
-0.640454696654283
0.4370665999533012
-0.8732387669488837
0.4143959514282527
0.021847872689832792
-0.5467243886619075
0.3994616824093318
0.6769148554292364
-0.3289837000175171
0.9965780091622356
-0.45387180182647935
0.6786266248635444
0.5871805669401244
-0.13271140772836532
-0.5749157713406647
0.7231871722553529
-0.9642447782721897
-0.16926451188627922
0.6464320733519711
-0.24253569091479021
0.20237575189366952
-0.3641172651279314
0.3248018148133931
0.4854513765919768
-0.9008284556157529
-0.6380579596479463
0.5926941080790114
-0.9829812118296923
-0.2267157893756524
0.5867404865165327
-0.7769457348568796
-0.6248708235458569
0.6614144360177299
0.17033214190678647
-0.13312345177506857
0.8594912896712965
-0.6132783457506725
-0.2232284060387546
0.4571366330410729
0.8108176092172128
-0.6097866618443077
0.6536411715794463
-0.57564142514432
0.33105188092227356
0.6340296913374988
-0.9584907374620228
0.9186458021183146
-0.21647621116127236
-0.9266712426561017
0.8764840037059101
0.08541380452450498
-0.8764375092401959
0.3037974498011715
-0.6650690034508353
0.6765767322071754
-0.4570183765114306
0.23828029382984495
0.2588517749267427
0.386548370073756
-0.5473269421363409
-0.5129153017794055
0.12077982299730983
0.5881655983138885
-0.2773512919068173
-0.1824187345121986
0.5492183016170156
-0.19268528547167962
0.5288104180873094
0.4317835445938023
-0.7036569043991958
0.35263255119027415
-0.19390947982033668
-0.3661758575871443
-0.877652478013075
-0.40637529142105744
0.9216856849235937
-0.2322714256464069
-0.9290347582802272
-0.5225703863833471
0.03544204521351313
-0.5352806949417488
-0.08170487232833556
0.28401270423908076
-0.7859101372100927
-0.889982879525093
-0.5383442133919987
-0.8136099049655676
0.5680928247157009
0.08014512460460455
-0.8256001504274506
0.7467788743631745
0.08245236206489381
-0.1535022227238383
0.20462420995619013
0.36387289214986906
0.6743801111832144
0.604132202594919
0.931559653949956
-0.7422611315183698
-0.565267477842816
-0.4976744825627677
0.4852958024784968
0.20750810024761668
-0.3763827159520101
-0.8090909323237272
-0.9752701796875114
-0.2558082287818291
0.6273600390239493
0.46430406708582006
0.21571000879861746
0.008228850304943247
0.3559557235404318
0.18312116984381066
0.8154741545508057
-0.7467210070126591
0.5137964035635587
0.7541541658175339
0.2894790865858041
-0.595617421093322
0.33659271054520046
-0.8484103120944988
-0.46335152585096173
0.12177291517659428
0.00023576001417269232
0.7577275236601213
-0.11705086684844157
-0.9821848976162035
-0.27248406794972
-0.9267846596888971
-0.11896288223023888
-0.1681312772222514
-0.07715394326850933
0.656759648903368
-0.2894895674212128
-0.512523814316169
0.9834583557390284
0.7586666618311035
0.6205198852778635
0.0012162283081336156
0.12536841059333503
-0.6288117803996469
-0.6229234479482932
0.24668647264343568
0.06416758123352517
-0.3864698977408081
0.3632091094341865
0.27502941801739
0.4316633786847486
0.2995006832789129
-0.8635922423416929
-0.020334995795853406
-0.4761711403661757
-0.351698143173627
0.5192048115043086
0.7201414800176127
-0.8610386292354604
-0.31692433596784175
-0.3845758808470794
-0.5652595904701638
0.4629401486621778
-0.6046278335838213
0.5053276194088525
-0.1283056292250495
0.26420228286311365
0.20614339825630057
0.4150661796028565
-0.21558302024335574
0.7035878865843281
-0.9409422097101525
-0.30114026844492003
0.17457334210038744
-0.6326585320249172
0.5594150062511869
0.9262915810833854
0.31786924693884044
0.6817953381104931
-0.5414735258152643
-0.3538196912750782
0.5834506507707578
-0.9303493678614836
-0.8820964190076037
0.7418076228374297
0.8047090283859029
-0.5793920477950187
-0.17693849328549383
-0.24600648954864623
-0.13662200351087894
-0.8083109515089615
0.5429564534583322
-0.8316857543539795
-0.804500016326704
-0.782119667929069
-0.8311163522077443
0.5811963535134941
-0.08988777850394403
0.042949904737141775
0.5265096931642788
-0.6368908522669701
0.7087486400245115
0.9085249489848575
-0.09355457253599586
-0.9154653165133773
-0.9319129622904938
0.8800433726394883
-0.24789845454572124
-0.7287669865220932
-0.8470466816034243
0.8965784958086078
-0.13322193674419447
-0.646843363165509
0.1492740591075381
-0.22282685715603945
-0.9676370350024799
0.8156911606562374
-0.9866846308472863
0.5950749344974033
0.8621693806334332
-0.5833097575468384
-0.7410336330369858
-0.7131152233068754
0.8676764648661814
-0.30592850133800753
-0.37821078305711797
-0.29989332908321464
-0.544287912512611
-0.17209119624484925
0.5757393559001549
0.9146300786217265
-0.627834352671641
-0.29845550918661656
0.6558168368402664
-0.7079343412222687
-0.01529167496789885
-0.41839198189402027
0.7780440082281894
0.9667620719183521
0.31636613447493
0.07856740566844067
0.5103515357905462
0.861547318553618
-0.6816145827194018
-0.8123180295991412
0.3992580122830831
-0.6163380389924691
0.8494218257789488
0.46116544079479116
-0.39486559301521895
-0.6794507278804061
0.18194168489788431
-0.5078435594071213
0.7788783772042887
0.29223573862542107
0.9249021951903138
-0.3300250239326439
0.1756130418053019
0.7933450254712593
-0.9576497334466556
-0.5497413675523275
0.3364151143622114
0.4775592739625678
-0.731321230885853
0.8735554795365532
0.4220844966323416
-0.023853107213703595
0.9945249674118248
0.7905508305929714
0.1283985267693728
0.5384979136534072
0.47207103327834576
0.28701092769527636
0.1527790521035497
0.3814575511018672
-0.4309688585895255
-0.6654632440586745
-0.44829277508817045
-0.9317008699811835
0.5471132477495406
0.009954349670819651
0.2762589837532936
0.417723476125033
0.9300923245220043
0.842527216943987
0.4452874951339518
-0.7644911776963739
0.8456776788520528
-0.0728793389122826
0.05387076369966959
0.4003256603968186
0.8646122972871733
0.9098120854738339
-0.3826771743845545
0.7882633012626037
0.6222659993515751
0.7330747430201527
0.33837818580379464
0.06467371371979636
-0.24385152950597644
-0.7037754604760031
0.7043383957086806
-0.5101449332780039
-0.5629993132392153
0.14780310319258705
0.7413973437445276
-0.482036386506945
0.05358604588207805
0.770747863986923
-0.04730974461775839
-0.0436376649773309
0.06633607141661324
-0.574013772393329
-0.1955027085097183
0.647418585898349
-0.4991517910543275
0.9069380498964894
-0.8648091100243531
-0.17052562501197555
0.8935239681881588
-0.38909539585652575
-0.5603820580691941
0.021473981394510178
-0.8268747532945917
0.9315166566654409
-0.43837531949541964
0.5028285404104098
0.7246826290130735
0.20779444923403645
-0.07312369315672873
-0.9257624071908377
0.8425232552450475
0.00020056393469669587
-0.0461994046183809
0.3988837153294089
-0.9279044051920584
0.6837492157699234
0.07485528327669688
0.19438184781137813
0.6171747097489249
0.07727192966301644
0.1538382722843621
0.8439091280453161
-0.14889301634270868
-0.9040586706351437
-0.39624138896018013
0.30903847265159157
-0.4770884955980812
0.2111563527496374
-0.3408074768079101
-0.9829767239216636
0.175824859671452
-0.3385693996769905
0.6364181961914965
0.5902307713496255
-0.10877186998619504
-0.8131183576198839
0.6422112388204291
-0.573634603258399
0.555290722977053
0.38138284986047766
0.05477662791329063
0.42588494711787983
0.516287491149493
-0.4467665974479351
0.3612276667736971
0.957021895690787
-0.807718629643055
-0.871828492591548
-0.6371908190688926
0.4376686313269924
0.42622063599202664
-0.42771625884243747
0.735318058633847
-0.37014956868159277
-0.22116001295897814
-0.5996019456295938
0.9438726835582587
0.7252754596559916
-0.3094856477977803
-0.9393563637472231
-0.2143874466361293
-0.15488503541806242
0.9410194094060795
0.18803181954130288
-0.8109476396946471
0.9730234825874868
0.8035730779752499
-0.620483124918755
-0.5249184713656909
-0.7930866640114906
-0.33056883652037117
0.3773264299811143
-0.4085368019849358
-0.49958248704675734
-0.18654976666456435
-0.7089331854336316
-0.9770320692073537
-0.7675814032990704
0.45044829770005634
0.9836619992156583
-0.8335539182938554
-0.4875831309620975
0.2882356843438929
-0.7453980860685923
-0.28940716642714404
0.7650967529306958
0.572055778906472
0.20042407693399888
-0.6436669056102413
-0.8943524762755013
-0.20947649261374934
0.6667146001456461
-0.04283588000105598
-0.7258986104594327
-0.9022569865860683
0.5287972191227468
-0.17816338377065333
0.7706297949560967
0.8610512154883654
-0.21795464816635968
0.22626389433686978
-0.11622807112282074
-0.9476931853575903
-0.4103962022938321
0.3924360650373102
0.20873754114730625
-0.06407651283636562
0.2319435458603829
0.7034830813096202
0.46104072226041115
-0.7393383308670436
0.660579642928177
-0.5539546997144262
-0.5200724957080458
-0.6384239841311541
0.3879339308371379
-0.7488679471636372
-0.40109248486412485
-0.4834862882547244
-0.07513181176708983
0.5347794951477483
0.9019669808290991
0.5155387770716797
-0.00438188009899676
0.6429292467026895
0.03171277530586547
-0.9681966149216248
-0.10413902431950617
-0.2857525917997039
-0.09432305006240838
-0.11191057312352148
0.6397677645303854
0.6272004025456781
0.30166027008519913
-0.30992286934647484
-0.2018115602340378
0.5430113390067433
-0.03973707744348576
0.6698345174425036
0.5569348665561791
0.38963964257547734
-0.6628482690383626
-0.5498872937947823
0.6648536594967549
0.0005367267058997705
-0.44540619103575896
0.9266538540931621
0.8609889760611182
0.1948090482389473
0.006597316422231492
-0.3755733487960493
0.5242396373199751
-0.7064298320539519
0.5272801450080646
0.5691213912193007
-0.2577568100496126
-0.411262937563444
0.6071597515019655
0.8563807241739796
-0.6878483421323895
-0.36612204762292966
0.7174491404119727
-0.3933069006617689
-0.23394019732232874
-0.6046322706938738
0.3936183758693226
-0.8602356612129942
0.9818952200980888
-0.5117470138073985
-0.3493816672288381
-0.6628261126775918
-0.5263864844265769
-0.5924238863923572
-0.6821198331236213
-0.27494166037234735
-0.658878432644175
0.10545142764621729
0.13134976465465842
-0.07893324859562822
-0.27853362114641755
0.925652415959634
0.8597389639316897
-0.34520224012473943
-0.974732387138654
-0.5385249315563181
-0.3066980480515289
-0.9142050059217324
0.14608011684145028
-0.7784202141142473
-0.8722184075575743
-0.6813886344951974
-0.8332193187151591
-0.3630055033070396
-0.4789599593036431
0.7529071689397988
-0.7338665283776138
-0.08611867036177068
-0.7476531945728075
-0.6012497119683824
0.6940627000131683
-0.7663402912265533
0.28116484111025253
-0.0032469620499797625
0.10046051171505654
0.5035481612213171
0.5317587704530666
-0.2662642836649265
0.15686914362647753
0.7120387462779552
0.9775628310273061
-0.2608400227268486
-0.6952091410311405
-0.47592735145769405
-0.4141073623505178
0.9299813124002181
0.6854028746816627
0.10540067996150504
-0.6528962921273089
0.022459870140765226
-0.792716220355536
0.6306947559569203
0.06661395026349437
-0.5968107572219097
0.8660144891299535
-0.4467416208812278
-0.08812406411716522
-0.46187763831332385
-0.7134053842743773
-0.136710648184297
0.545795462174459
0.7945121947883689
-0.6455872223440062
-0.4676447628987932
0.2183535822814453
0.17816983397925812
0.848951219892484
0.6352921167542511
-0.40929090315855277
0.3175304989255643
-0.621661309927839
-0.6421834304345548
0.46945388541288535
-0.38007449379905656
-0.11937371375083172
-0.007082465280923822
-0.3791918277293642
0.15184062081108674
-0.0931649837028019
0.6398702701352457
0.0642648013162519
-0.21522057880510448
-0.29691653263357143
-0.03300551652004624
-0.16861180929630581
0.06352674570274575
-0.5159687045938373
-0.9843153314829984
-0.8883758692746333
0.13625157102426866
-0.03527687746854813
0.2319898219844856
-0.6184182358113859
-0.6972642141833598
0.9395413965795689
0.18208070117729447
0.8909898952344952
-0.7815516420074045
0.8322179353735655
-0.9171253412359348
-0.5177087063934771
-0.1261668213068734
-0.36940888188584386
-0.3733160741985144
-0.0885484323288126
0.4958750068659923
-0.7734407853532619
0.8040821245050507
-0.7940860399292968
0.504934353687712
0.7057074776883061
-0.6713367107477348
-0.04665160884657449
-0.272591612990825
-0.47534621054143344
0.13881847069879938
0.2599956052121577
0.6228060352144187
-0.9803750638672759
-0.8324647798691207
0.835418817840861
-0.8232172992150835
0.1801633571471013
0.3149916573932725
-0.8548033144438745
0.3756751802895213
0.31260042122003195
-0.6474806723913538
0.6379854117496582
-0.6172474463772355
-0.41733667451038947
-0.31939659663273967
0.5734356216921794
-0.40641639183432576
0.7159432192354354
-0.29383350333492997
-0.14761836766330605
0.26983027028997664
-0.05899102608717799
0.9751815140896487
0.6228807184879088
-0.280658566775817
-0.042608651648773144
0.8464257780981759
-0.9259559847818668
0.4930587974625493
-0.8367499639846583
0.17477880137152457
0.9289096076718195
-0.14369798350158858
0.11768132497435091
-0.09088657939495604
-0.3452013011532242
0.0813690539827101
0.0945465070352447
-0.008371382468700839
0.9733395933971196
-0.46688870074156963
-0.582228188853311
0.39754796225947886
0.4494388117287449
-0.8627548593077976
0.2172351798313663
0.75416011099643
-0.07652355799592847
0.022782008111659202
-0.6666846495873007
0.6562719806610298
0.09104568179603412
-0.7836622166716063
0.8943491325719508
-0.8531354268017441
0.9056375135266794
-0.34708661392780416
0.43125632336666375
-0.3320085145890572
0.4272180744531897
-0.17683599646949277
-0.3039609709179798
0.15940100279530411
-0.6782460462980546
-0.35108229730456175
0.12660497137617321
0.14344404175968917
0.04663012986123971
-0.15702370290626866
-0.17076749374445388
-0.6004320684337534
-0.6383792556489711
-0.9914848185533784
0.02865198084309517
-0.1705203906883206
-0.9683595437001202
0.13074214062657608
0.37309055467140073
-0.47245035506744437
0.8764423099144667
0.32897513730833783
0.16162538907421853
0.9944480141198924
0.8777486396191456
-0.3663653486933278
-0.7283355273107603
-0.02889364033629893
-0.3481485353718825
0.795449697227081
0.3059006523509762
0.4930367696177538
0.537096934225745
0.01651863525698616
-0.9807340204144595
0.5199693596896262
-0.5116981102599805
-0.440512150358507
-0.5850167059223417
0.4783069148433927
0.589870400036749
-0.17907021526720035
-0.4407771475004487
0.9860775744379169
0.3693289468453198
-0.05715685370284951
0.8807043568624502
0.15236967543933133
0.5711655369968294
-0.7713653827041689
-0.8212640235073663
-0.0906946062692815
0.8318002819227788
0.5935808581631223
0.2433959924289082
-0.9204073405826376
0.6611192286041363
0.2147975264342017
0.3765049277398602
-0.7233735966869901
-0.3689956307184965
-0.5743465866878674
0.806631788083112
0.025337972401992204
0.7314986123435463
0.2761191022316911
0.8077187213711754
-0.1623957703514316
0.3214533204741614
0.7973953403072547
0.5050943879375762
-0.7911974936297788
0.8566157453017818
-0.8182369992810155
-0.8794759080339152
-0.4457357725623403
-0.11597570726760109
0.2675982294584591
0.5826981450836333
-0.2433019797733278
-0.15148303571608257
-0.7796611086580725
-0.5083976484861841
0.9178108181053299
0.5940226910109188
0.4109101701955895
0.5695561063754859
0.2276676941206952
0.23290948396779765
-0.6131275053166989
-0.7618472464764428
-0.149878931536519
-0.18906583880607486
0.17894951657047353
0.9637619471789698
-0.5046191117542278
0.14335237638770848
-0.8893382250166839
-0.19228967916824602
0.8489790390586078
0.9930154321217226
0.157377403732599
-0.9476105092630771
0.8895019899953964
0.3420659335602314
0.41097874254587596
0.7026919295583043
0.6613025605533194
-0.9503723600154561
-0.12515211410038396
0.9618539465138041
0.7573932643639749
0.932232943564044
-0.4833150472119212
0.9555865367118801
0.4752839508275384
0.8651845283406219
0.9385887933130903
-0.6051690465279806
-0.7544346023011215
-0.0865607112177822
0.1252746559707456
0.6515171937216446
0.04292616367292856
-0.9761488695941165
-0.573747514333456
-0.047582267839964
0.7689521974864406
0.9359232218419142
0.5970180186947132
-0.17524816627373063
-0.482445194699324
-0.990561836104761
-0.5941892434576339
-0.7216085671281951
-0.9010254567405065
-0.2646951485148641
0.7304105479137797
0.619747790612619
-0.43527390266194566
0.5377541681123126
-0.8789524310603338
0.49168211792843874
0.9530811905843504
-0.6064819839850333
0.27485822598994836
-0.27531941363241774
-0.9950408865743854
0.8179945021520809
0.08822768573479278
-0.29239895831638885
0.9279996390603682
0.12063067754517465
-0.5949151429011552
-0.5798639043497176
-0.8937554602447169
-0.11308810374390821
0.5407522004433252
0.7254007388108052
-0.927623943238886
-0.22853657680416228
-0.11775552361539621
-0.8748736145213316
-0.5070995021107274
-0.34491615332525916
0.6234626116464144
-0.11494357560697299
-0.8778461745317894
0.32437025545245857
0.8555348484213285
0.5229549152306121
-0.4489446475832133
0.27386126080067563
-0.002774895958713497
-0.869962275499885
-0.840110417919697
0.2067319175983442
0.1702754414322707
-0.040903919068242756
0.14632059924230867
-0.9231319389639714
-0.7412057651180299
0.9495946933969486
-0.8459559776664316
-0.8943515727692806
0.4191414403532374
-0.09515084571147958
0.7006184773499904
0.4473819416776028
0.6700695093340703
0.914286354158149
0.7358182631426118
0.16004858092246632
0.5773615662900073
0.285052769683908
0.9523882099286203
0.21705585421673956
0.08381756763894632
0.788962823778919
-0.3755954626093776
0.13865883210644148
-0.2777208909286597
0.8298827267882496
0.9140757644828266
-0.3384613464999686
-0.6317548948688534
-0.5288412274665324
0.520408647551154
-0.12594547496539077
-0.22832591556827309
-0.2878291111196116
0.6752791528585667
-0.25420460013063484
-0.019169677393556794
0.20401795365289965
0.1671312061425121
-0.17526181186788303
-0.2569571342808008
-0.3399221798934573
-0.04732543198748851
-0.7966106615950705
-0.9674750610890512
0.3013581415435038
-0.49623656948708983
0.18277418370131726
0.04828823720861175
-0.6209447228661125
0.8130071494017006
0.02101761919899836
-0.9465213285332421
-0.6186855176157393
0.40363797789381906
