-0.03190152850207406
-0.35745677974339496
0.6717083876439096
0.20828152176874415
-0.8369720622583599
0.5103878184540254
0.46996894504711895
0.6224223971832124
0.40470245089451784
-0.37173993350398216
0.2193103455890968
-0.19079284527216211
0.2726642197242921
0.9833103727737686
0.0977727219087614
-0.8954247779334119
-0.011758451560670347
0.3014761034406934
-0.470634775191761
-0.16956912823727044
-0.3662127925350478
0.4677069965765819
-0.16461630643922875
0.6003729491293899
-0.7918082159774511
0.03160897743768598
-0.06880410320040964
-0.46922141483848234
-0.8192445290945558
-0.7162775158456971
0.3151930789279529
-0.9480643711954202
-0.7950615145745374
0.5197223996170075
0.09940587851244342
0.9967121961664118
-0.2822942289009671
0.5652520131491334
0.7574487814121011
-0.028087464443289134
0.13131760542586424
-0.8915670328434844
-0.7439365727737972
0.69744106839094
0.4971037495542119
0.3598366600866778
-0.8235122904455336
-0.22815217874826454
-0.40965764703641216
-0.11803544652347608
-0.3511028772564224
-0.9712432587349191
0.40628941810502717
0.20049425479101735
-0.6455143716398568
-0.8604178776080025
-0.8509869884175008
-0.26299576083156473
-0.35026824131604384
-0.1328997822465805
0.42884801015877394
0.3376152026321182
0.48709771007777536
0.15898773009289657
-0.2596144082622929
0.48808928044183264
0.7769624821480245
-0.5663834621479282
-0.7121808236043341
-0.6764285289748582
-0.44769415069796614
0.6941317769008661
0.3087386050216723
0.27358981984980235
0.7306189845102109
0.9342975852956015
-0.4429550694493056
-0.03137460141180437
-0.8394773570632776
0.4709841229550624
-0.14822638834752122
-0.43004515667993504
-0.47618468674674497
-0.34789680973285764
0.0537075252208683
-0.5448356212454704
-0.8579275714165042
-0.16702209869486118
0.16462907807909755
0.5346920989233268
0.7195307485570221
0.010084673600938343
-0.9953222903838994
0.6283001990232324
-0.7333154499432208
0.024004604807648544
-0.923111704082767
-0.08292648011633497
-0.8497137647541502
-0.5573046569648668
0.8220271528158805
0.9210703745334359
0.3172398316997942
0.8469502072769319
0.9156913844417991
-0.9055598544342809
0.7165755101143085
0.3270233258491253
-0.4662216218342339
0.7695724264902035
-0.7000833354477687
0.9610673840221635
-0.1700128437716315
-0.6872262600019303
-0.14337030084162294
-0.9397520181292673
0.7387393548980292
-0.2092508685690868
0.9673064985409872
-0.07989874671439257
0.37102144181899077
-0.5917880429014271
0.7358633489452049
-0.6364616189516694
-0.4356469076097136
-0.7718289046487565
0.8647793219064128
-0.49372210558545904
-0.28508458030082773
0.10131308801360128
-0.4749895940085094
0.3184233981831248
0.47502936147885766
0.9950321173936727
0.8075730989166612
-0.4539111922195471
-0.9975491912339434
-0.19955195827280225
0.7237469491290582
0.8378921348196748
0.8962313963530599
-0.46181385773785566
-0.5460914016478571
0.7074020333383011
-0.28366608608281263
-0.521866274266036
-0.9739297858316065
-0.7428007396799152
-0.003935423015067663
-0.9880921447930644
-0.3474918188351632
0.016671702278901135
0.1233937801364009
-0.15557877029196465
-0.26897852555482094
-0.2725398704989652
-0.2105549503828541
-0.20133165494614813
-0.27178802649625355
0.4915349168533585
-0.9854788985125191
-0.570952838247234
-0.9143302290635262
-0.7656960531305115
-0.42547589797396324
-0.9477123221531831
-0.571804676485745
0.929031549634705
0.9488519605181183
-0.24197757212447346
0.2274402323536846
-0.2980010573134777
-0.7461301368001401
-0.38017156720738865
-0.5571476373474356
-0.18404427406083546
0.2897505268524996
0.19422751360473356
-0.718112837389453
0.9897549189931432
-0.47941609005298247
-0.496306202886853
0.7447282495502769
0.969709399215869
0.8895299305392406
-0.16564591528196493
0.9264423714070926
-0.16494204182010708
0.5539302455910162
-0.8052450245108542
-0.5084190561991935
0.8313740938238472
-0.8000972508471507
0.7248471307110342
0.6324374144697664
0.6703381037641432
-0.8826571727840862
-0.6795948697274434
0.06451811074701808
-0.9504480025431381
0.17456806074053732
-0.16039127921900675
-0.6770216358774668
0.9515879140446868
0.2712798162868011
0.893345907755394
0.9701857999023982
-0.9512688184095479
-0.7829649073409788
-0.2903640983224738
-0.6644488240098891
-0.5190462777360565
-0.0757883370643464
-0.5719016494293998
-0.12086977818590072
0.5349508288737634
-0.22200895659079967
0.9558487024586342
-0.8618751055217486
0.06426291927121008
0.004996501857913449
-0.7519091573758798
-0.5177252584944743
-0.5842335083130061
0.8105418342352488
0.8327366142280022
0.8279403673477086
0.13201086280448626
-0.5844198283079185
0.06013304410922915
0.15926574443356567
0.03957157827629709
0.5230224516986353
0.5829333131736416
0.3356304151437295
-0.14389894012137927
-0.879883700188778
0.894230135583064
0.33196270011316686
-0.8496437623908122
-0.6656294099537556
0.8485390789975766
0.6275007241936654
-0.47713105893334573
-0.07889621976642447
0.10124120267272274
0.9030007346883733
0.9886446160633775
0.8520975517130598
-0.5562218263460492
-0.7115040194778106
-0.32969661465694644
-0.15534756206528488
0.35753078214910183
0.36627639903680964
0.4593077537639736
0.1836164301228047
-0.968263058829711
0.6592162720132952
-0.7180398620318269
0.7462782661987106
-0.7137253479375971
0.5522337922045275
0.9197871897239507
-0.2758398345834936
0.169915681160832
-0.34504384094828433
0.08125073642124336
0.3605278658962099
0.09537984195003046
0.7669877645121015
0.17124852535889956
0.1068016401654095
-0.25465959577988273
-0.17222620937830135
-0.06278720062102039
-0.8911156983558361
-0.7070698425678918
0.2558890141698087
-0.3706588112781575
0.6343561544970817
0.9764709018169684
-0.3736775860954942
0.050197265413691516
0.8073233127624226
0.851868566389151
-0.8078071004724994
-0.29788698866301333
0.23072820736825173
0.6788559639702163
-0.4464202666455084
0.8686761092161521
0.05692817042777398
0.6022220304598553
0.37819673681598664
-0.31637952188342466
-0.22831640332279823
0.7535695705950636
0.2153071947452685
-0.9408928363175684
0.12993638657333229
-0.0771491410554388
0.22697596387611374
-0.5706405861773047
-0.8240713217463376
0.5062220518852643
-0.5112836295545746
0.7262112377792986
0.07801925534747323
0.09328183316661476
-0.7428251236594048
0.2091477421991772
-0.037360925908516585
0.49860289650718626
-0.6865648164164471
-0.45739954306994357
0.13068148855719408
0.9031887516928914
-0.019710635244294616
-0.7019750705865917
0.9999286234919502
0.28008981060051497
-0.9374199115346808
-0.995533904868974
-0.12740437899256052
0.3081148837954335
0.31218341251748694
-0.5232720036534317
0.8310043419548028
0.161713919171099
-0.25763795407624035
0.7268853839964227
-0.6030967561006866
-0.11242371158065145
-0.5264559115032439
-0.25457405594069615
0.2900498119131809
0.2867060852487511
0.43097124737048786
0.7828939467447573
-0.9810656700788747
0.4904480749124036
-0.41560775150004226
-0.24357070073991327
-0.1918421353820805
0.46594284650025375
0.13187857837043482
-0.723767471862891
-0.969408786750086
0.21354320994827636
-0.46803542436674106
0.06509835228869143
-0.165684091395794
-0.6755956050479981
0.5827338983354915
0.15390600341991667
0.8571274770043276
-0.29930013054046456
0.017127219251410253
0.3476923958986302
-0.8882036394279791
-0.656751015281472
0.012634729485847096
0.6699084405596407
0.11980810421410704
-0.298221406077122
-0.8278090856686076
-0.26574604815408986
-0.5046435738203123
0.8381470048170203
0.26097405131088847
-0.3543262147245727
-0.9055651381967471
-0.4917431373525236
-0.1867909815709201
-0.9734335633085565
0.6194332428948552
0.273166523817695
0.830843905392723
-0.882914433610597
0.11814721557174979
0.42366981943725435
0.6337631380157176
0.17612468207815368
-0.8593100637172737
0.7890226738542427
0.48781077290882013
-0.06556791952651753
-0.7058039793970405
0.21884930994060037
-0.8640861263072286
-0.20945049078272882
-0.2940729675856357
0.9657263251006036
0.1385443900883352
-0.5584603068995397
-0.1420377195056728
0.33427104158991194
-0.3710072809344358
0.44515752283631227
0.35194982798250196
-0.8406100861967398
0.5813869624257344
0.4881258717949726
-0.7218739417524169
0.6080246897372217
-0.8552482647584223
-0.05812906012847985
-0.13773851578160579
-0.11822519791185182
0.8472678255960806
-0.12719974055912409
-0.13261531348539046
-0.3623751768447332
0.2355353497713537
-0.1565104107668156
0.13131265687394822
0.6663287837746339
-0.563506186976384
-0.7336742549844499
0.6585531226045087
0.8596242831755008
0.2763309703561574
0.09224896313017772
0.9916118734363428
-0.34737057331730803
-0.6334249020838592
-0.5774352274530246
0.2793564382965916
0.7318718466485541
0.13964268531028967
-0.46038107451539867
0.4677796714843152
0.4557829145180159
-0.8223493359672267
0.6443658135267099
0.09231637678907734
-0.6938280532794958
-0.3509493735326801
0.3091734555534362
0.944310708494098
0.05388308120485941
0.2715062085786324
0.3177335406416195
0.5180437379484264
-0.7943621076852976
-0.6287540793246869
-0.4819974358217609
0.08783502255846098
-0.6261640522973957
0.2864734944339411
0.5798234923594736
-0.2036356337650329
0.06512779501805843
0.11685615324834098
-0.200974402701801
-0.41983382736465136
-0.07420043429746648
-0.2439153695137628
-0.5255698500761905
0.07936383525209156
0.160973533686805
-0.42239147624434636
-0.5447359935025187
0.3924617371111887
0.3552489878771423
0.05383844625073442
0.41048030246740064
0.6543376364446161
-0.4888702698915819
-0.8637083339867409
0.8120308140115655
0.630287566868662
0.4243537447821546
0.27698334071116637
-0.02110500655166092
-0.0659169579658565
0.448135377498351
-0.9016986697155434
-0.18885281323463765
-0.7111741434882595
0.4575380556775881
0.8455239623738868
0.4930006591352838
0.8449570042360219
-0.4506457140296398
-0.08778662574837814
-0.15012726434664914
-0.33485120186847217
0.2602646873291381
0.715190167981615
0.39627091271792536
0.8253797288866136
0.23424458114183744
0.44555920392686055
0.23073091401630852
-0.7133161382771422
-0.8915204427532393
0.43906283962666004
-0.8138509735429333
-0.38998736858567806
0.9962187020899109
0.259252009143244
0.7010407329091657
-0.16573973111367124
-0.18164594945922352
-0.6880572008135606
0.5359252698833099
0.9121022632060367
-0.39986378180470683
-0.7807080713293442
0.6491326745321779
-0.7077490001595659
0.35063700641491535
0.45024720876533464
0.4752648036245388
0.2711021999440917
0.8523264265394146
-0.6232656979411284
0.1662278503763841
-0.343691373747516
0.47799723640977176
0.027297465566941792
-0.49411677343006044
0.49465647443794647
0.7578275557853202
0.317068002888508
0.5869310868568489
-0.21582848286878753
0.7801712359910868
0.28057858334189434
-0.19372216949120724
-0.2095156199213506
-0.12319685389255297
0.4319062651158554
-0.8577954505949399
-0.48785683554003745
0.5704973322662183
0.01710144211169906
-0.2673558100003104
-0.6717672416646678
0.4260332289094122
-0.8940885552950022
0.5265933077334517
0.41658578299695104
-0.8563207460859623
0.46732822913052185
-0.8515580511049738
-0.5652705478317999
0.40194355874630716
0.16804774715532633
-0.6421698959984976
-0.45475209751642454
0.9116377443996388
0.5042268724091594
0.08660251316185397
-0.7698507654637345
0.6320054315490313
-0.8347326926416558
-0.8380620597653423
-0.8403943905517985
-0.5797774156597943
-0.9718673258591461
0.5668508479481464
-0.28091489291647376
0.8689276360079368
0.6632412069740337
0.433937051326428
-0.4450122599025732
0.6294037331859219
-0.7264662876686616
-0.581996843607949
-0.8599706929557132
-0.9096833720968747
-0.4705699115301154
-0.926376131374189
0.14340401025774874
-0.5468195247753933
0.35998949308600303
-0.573998963237349
-0.27894706283004855
-0.1703352854722937
0.45192223347259075
0.8050211086124299
-0.6062196232295283
-0.6085731439541313
0.9290469173595484
0.17899501018706543
0.4180788536187996
0.8372980401761037
0.5429844571004989
0.3852098318984354
-0.4721356140421662
0.1991206927461362
-0.6936763540741155
0.0018847556535872556
0.3805001302713029
-0.21624954899235793
0.6730562894068439
-0.42982862641642927
0.7674371723599982
-0.18724171889440755
-0.9843944735880961
-0.30463992233180104
-0.7044491450429835
0.2979372512709946
-0.5374776100133443
0.4954261694158888
-0.9255388734350753
0.6085646971562504
0.0036089008261801503
-0.5782158299046789
-0.9024201332183452
0.35423572858478214
0.7128340384900456
0.786539895015292
-0.36618048409866555
0.8619353537605297
0.7113588703832983
-0.6289441349885672
0.703256496987352
0.9594421735596381
-0.9605469504163195
0.009649789594648572
0.33996886530290205
-0.26015057205582015
0.9056039194860621
0.8224078038195
0.5374324409957789
0.13994917984030075
0.6467841274012927
0.03550782880443415
-0.3888313109895669
0.9062977236389844
0.3474380240174446
0.3222679397271415
0.666172016804558
-0.9133423387432371
0.6515317333445103
-0.2068309306942333
0.12089248722038803
0.3310626707830473
-0.5910302624939725
-0.1020779682022972
0.38351893204176135
-0.8918618138646013
0.8334831119081221
-0.46090643004527254
0.24323462872148616
0.5849261067497347
-0.40479695490320955
0.4543561109177827
0.35270623511412036
0.747903375966025
0.8507642259182406
0.300939867757146
-0.03499558243899337
0.6975281843495553
0.8581034536785184
0.13526212982516506
0.7372550041071877
0.06059179310385154
-0.1611936395399156
0.8738418620006052
-0.6276328877957511
-0.875345080745588
-0.3807540165563461
0.7916082599280703
-0.44059441593219684
-0.34733400526091573
-0.7019131477197273
0.21956775136958817
0.07345386316685976
-0.13428769496083914
-0.585801893135844
-0.5017238047640105
-0.42128852497672065
0.4360600068251972
-0.6940032478520464
-0.23399538788740126
0.09269750567823665
0.7992135453854681
-0.4436752686772272
0.46357943508063837
-0.5065463716273253
0.7071923628269918
-0.6209542849601997
0.8477671844082633
0.2118967926240165
0.04629843789412513
-0.9628834843992642
-0.6119073267036415
0.21313964960338105
-0.221512725086354
0.6004419115278501
0.14708625508267814
0.6422784306184188
-0.9265623156188809
-0.11873441016873132
0.14791379647314362
-0.5547664015053064
0.502685209200473
-0.5371785945788441
0.9859088673923102
0.6457749749517185
0.9548977567663159
-0.6649870160098683
-0.2772790381883281
-0.9435094585045891
0.05008563198746785
0.8399866036159502
0.026305620374816208
0.29971176988392045
-0.8897074686957764
-0.04056097665406311
-0.15160174241901925
0.943551436263314
0.6654581765334229
0.47983410828958717
0.06485930624960612
-0.64737284789534
0.4384917374424364
0.5373721049064608
-0.7371653008096586
-0.9239247547114122
-0.3578330920777899
-0.3761898505476293
0.9639915699036725
-0.11852931171985892
-0.6457687831643213
-0.7219557907455072
0.4294663468911737
-0.6995290249981296
0.46313290158282494
-0.32889939270319424
-0.4018272189515266
0.06293053049706865
0.830222340524249
0.5873034366635275
-0.8504370369224792
0.44415111833795784
0.6603109275290644
0.6675679772217828
-0.24505155107935273
-0.191606820628329
0.7732098163074876
0.9650407013912561
0.7251704160471932
0.5105031910502411
0.782604883608814
0.6247956742969434
0.7559549033960904
-0.03233486044999978
0.799952763675325
-0.3524872014881608
0.27248132689970483
-0.8761256987023398
0.7791534499928943
0.8557505344885117
-0.4438537878077129
-0.391073524099554
-0.5363421860199513
-0.48505861670732453
-0.16079700903889393
-0.48272910839684413
0.22909555186296648
0.9266353733182351
0.15002754305316524
0.915011486120122
0.5181237863790826
0.962112993302106
0.10892960748335656
0.018971165643028254
-0.9430920601618129
0.24692885296980394
0.8746205729560916
-0.4732773633779712
0.1477994989758482
0.8754902439144683
0.4002144118366202
0.7824534690714189
0.31530088951335977
-0.06551092548954873
-0.619051043268551
0.297562177848836
-0.7924202832889315
-0.8662849333263942
-0.23432296538497832
-0.0953437494590259
-0.19305050663555878
-0.0835180039839929
-0.07313390323936497
0.4323555486343429
0.9452743415091676
0.2273934050208566
-0.19445092635251426
0.04933647132932251
-0.40819701383263784
-0.18516104716077142
-0.26754582514400105
0.404872440595081
-0.7393448977187156
0.7343344265561593
-0.24258765341115152
-0.4731208305254111
0.5070403709672793
0.4581022906676895
-0.2806803781909186
-0.863741853461631
0.8025661043785908
0.8741670995667346
-0.5362405612119028
0.07032348422292145
0.26238472296437143
-0.3102362100591225
0.26970147348246076
-0.046864227010050774
-0.8060651556490901
0.7883346508721321
0.6221055669220756
0.6974740209203891
-0.19645366858397662
0.7741294110517554
-0.39516164749859506
0.26993931216264144
-0.71797064920556
0.8104619910432254
-0.12173877766272412
0.9969574877360499
-0.9067362618827806
0.7505904548409672
-0.6915827789694566
-0.6738756354429691
-0.6421840597159751
-0.45767971720506195
-0.28356072727522763
0.7581131942395707
-0.5089206432856901
-0.1794430241795988
0.18711961330037474
-0.13250789297211174
-0.5953289933800814
0.08579174730585737
-0.5737886770902307
0.49600138080747835
-0.921342557292284
-0.2605135558091578
0.45604650905040556
-0.6187754139070969
-0.49241113446299756
0.19069076981971445
0.6331692308514332
0.019038190974008273
-0.9468138344922081
-0.9149719804312755
-0.023514630767736522
-0.19028416950939886
0.054495804709539186
0.31960264458713183
0.5178758530820031
-0.41379606378455547
-0.5270986784996585
0.3303145823954916
0.7986644208050773
-0.7482850364423665
0.4565993711927503
0.9306691691028937
0.30148661036414137
-0.37593965854675004
0.31616240171684695
-0.32927239927137286
0.5730921230121031
0.4662695805331025
0.3997075335275919
-0.3443704896721782
0.0188878542427946
0.7831082495862669
-0.18396460479674426
-0.27975133098598026
-0.11271091075248085
-0.9044932384141564
-0.3558904465212067
0.1775507899103541
-0.44466253125945854
-0.8087613708061843
-0.6487028162529958
0.45492992323943726
-0.0995444676200472
-0.593377286935689
0.020831086669441
-0.46666816968386526
0.25121703000017837
0.00048218576166525473
-0.18269892629545104
-0.2403451035245623
-0.2889735785514971
0.13622161591337645
0.7151882125057203
-0.20440636262672474
0.1135726588591579
0.4221035226684535
0.937749520643486
0.6756572553176063
-0.950752085397101
-0.13705930214623607
-0.8028510510528657
0.8484719482555056
0.09401736456769183
0.5250676694751897
-0.6649152666629778
0.1319274512635802
-0.600605929906671
0.5969296448831547
0.30083845048542934
0.5953996499237326
0.9124436152725695
-0.5607873347273968
0.15906212835133382
0.6999693850263282
-0.6554196262526486
-0.5563393201422113
-0.13424803199171365
-0.9659066755385652
-0.26710890505367013
0.7883282908812406
-0.3463987734751235
0.7034768765697124
0.14966974126223542
0.5300405189232777
-0.3006692825625794
0.3159880085270321
-0.6543625951709231
-0.8592968650102069
-0.5816075856173861
-0.6243115983956409
-0.0011857738225369285
0.1629479389311288
3.914506686952812e-05
0.5792269244785169
-0.6016122329662761
0.5537058801434969
-0.8871724548309312
0.9362271023032438
-0.007092091531937461
-0.5601688432617522
0.5686523284780363
0.2899281534134197
-0.4172472708206916
0.5854608767201741
0.20732747973595722
0.9611251229006406
0.8915144446926502
-0.7773173896954362
0.8848195800283487
-0.4620412187551739
-0.2891012826002979
0.009668947073562029
0.6750202766118765
0.1345160837357806
-0.4862511912079417
-0.8502219207429127
0.8232846718851985
0.8253614786990502
0.7082403376790722
-0.6012104917762158
0.9824862715615492
0.9373771690784629
-0.46505887063538065
0.707057057811179
-0.38623811491724025
-0.010471551245119004
-0.6211178619729227
0.23244711549723984
-0.2772213112370676
0.9394125781230465
0.4213421833241513
0.3817133690534391
-0.9472302936288364
-0.1615108094346296
-0.5250494097285934
-0.963438785791624
-0.9947775658636291
-0.1878033816477802
0.4996321936474639
-0.7695525334181725
0.5195124390159644
0.3772514133560496
0.05970937918352193
0.9676807694818272
-0.3000703373075053
0.2594494799341125
-0.7361571979237078
-0.3768039382414723
0.4368471037834796
-0.5377683447399173
-0.3731550308247584
0.7965345393910546
-0.2601729708595373
0.17305938648726737
0.72162646207103
0.33051917093514827
0.2544496685318889
-0.6090901713677019
-0.8279423206593564
-0.12437084294529499
-0.8418128793258937
0.8262978084734305
0.5111975915897622
-0.3243532046861677
0.0839652547395846
0.30356710657790154
0.031663514130191306
0.7245963632795327
-0.31785887985481986
-0.26344999975339567
0.3090290265957154
0.8833879679614474
-0.25242902566018444
0.7664548949983909
0.552215818847342
0.8721440588078544
0.8021500242146298
-0.5021051246459773
0.2716007889230079
0.9854964411997191
0.2848881137615511
0.44996986631336977
0.8661182579868538
0.5015070220840823
0.8107146114516361
-0.09360839122815912
0.7804202423173039
0.3123712660204674
0.7300131902521445
-0.14733853025293087
-0.8452622921182
-0.4826000790855889
0.31857163030488933
-0.07835714853802322
-0.2654769540973556
-0.24168711494908934
0.8010941953817579
0.38651125674628894
0.37661530930752773
0.6626352275370364
-0.0018953946303656988
-0.8962350296051227
-0.8149953750316801
0.11730783745750473
-0.11132309186566425
-0.587624526509531
0.6463533397101004
0.5288088475112507
-0.1166179745727649
-0.8668438921526782
0.7355066738255034
-0.1954921669558256
-0.4050391246629337
0.28384841323187504
0.7098258771870332
0.8812476438116303
0.13195734688423988
0.0056011910863593695
-0.2527697178903945
-0.8840475532819598
0.3891471862983189
0.4317046069292909
0.02326297452936732
-0.3647914869508857
-0.37044802156298373
0.3592939571296192
0.41834023345893545
-0.5232507264944801
-0.5916087890974286
0.6252920506870248
0.713274792919177
0.6677739543363832
-0.30370623935759267
-0.13259016554347358
-0.6051089315824361
-0.28468663844308284
-0.9368523237982709
0.7246705127522386
-0.9518618317135037
0.9233662785168706
-0.3557706639881737
-0.47561919421517174
-0.8868105645981001
0.11106178973452252
0.1443693183842223
0.2920697886621122
0.8075424169125669
0.006224113340615345
0.18295266467003923
-0.15052569623345824
0.45511128372999643
-0.7743866501187344
0.3475972520877597
0.3605366406938244
0.6806851106426195
-0.05076499244802246
0.22432773305376408
-0.6107726974144487
0.6380445822573833
-0.4448031105765833
0.7535076279087256
-0.9966479149876355
-0.5175203708349105
0.06864370933295949
0.44530136311768587
0.13582864907048298
0.24295219960973236
0.12587563001977364
-0.3918990074618731
0.868418856834068
0.6872636577384159
0.9478876847812521
0.43624489919233667
-0.7313930489589737
-0.04837343653813431
0.5748983116224173
0.14861127995024237
-0.7207689580717453
-0.4851484826027721
-0.5965742082623164
-0.6922569524689719
0.26924609577100744
0.46875706819753793
-0.8425249646034996
-0.3208502683461245
0.705844967942044
-0.03485185210014463
0.6229128246535869
0.6819401348275727
-0.5123649229070963
-0.44979581642607247
-0.9517390558898482
-0.16404280902138302
-0.8939957473814635
-0.7390889698136476
-0.618373781269369
0.10585481990153167
0.2270742735185134
-0.3897730647681643
-0.2591697550934118
-0.5490222778532294
0.13970753575604422
0.7923664044694663
-0.8912063635848304
-0.939277088487011
-0.2451907150133965
-0.8121431171799534
-0.2908774752957184
-0.1387216828722404
-0.05073247150942506
-0.9401827611428748
-0.7588964709854342
0.2905948544954202
0.18595192894021695
-0.2982419740302167
-0.5600439448927281
0.12650724317573703
-0.06706527469649348
0.960604942090155
0.9700717308696212
-0.2617176301521429
0.8428922113695763
-0.09761551610461505
0.7255438600946342
0.21055644843617993
-0.7280922193799118
-0.9210224404783256
-0.29302697806851086
-0.27699111679564337
0.5668646918640825
0.15857210232827046
-0.14664011082900452
0.06743952897004157
0.29872262485433954
0.8245574945400858
0.5844777376354231
-0.2763109836805602
0.7147006133392919
-0.2856586281825251
0.8369582930164492
0.7335274772829261
-0.8434238766170479
-0.16825525331986846
-0.9800255960535624
-0.6323966993308572
0.5238425308123749
0.5577047863516931
-0.6364759732563903
-0.01666683249809564
-0.715538527133984
-0.12773410624185821
-0.7250380405122161
-0.37659889240095157
0.06787013853162138
0.7063843549070361
-0.7438890104360416
0.9620101397841736
-0.8498236879372172
-0.4610804038294727
-0.06681960897824513
-0.8902299771406101
-0.9852650314837754
0.7325362482433364
-0.7801245206483507
-0.49571653875751354
0.07119603461194446
-0.5554532268145003
-0.6377516346297303
-0.3501198050639003
0.39529999672228744
0.4674279478320975
0.592333945702699
-0.8890022746152857
-0.5679325871967484
-0.8697067307524
-0.8721449059073243
-0.6816023173219952
-0.2012040822701333
0.367958667217291
0.8498850524124768
-0.006135425203440237
0.12164880197908001
0.9692765650728428
0.8958802881619898
0.40094927400291214
0.11139691982712452
-0.7025321392275647
-0.22282626176745945
-0.2633038499433902
-0.04858880307382574
0.9975115854888688
0.9446708851660603
0.37431490065073225
-0.6203955708099895
0.1426752645280407
0.8996882294132635
0.7691041530466727
0.0784496948985911
0.990550660761299
0.9186813893184456
0.19644264132915645
-0.0010177182699482312
0.7568405546972063
-0.6011674169315819
-0.9747648172381222
-0.4228490330436856
0.42772002355796035
-0.29654750890646775
0.2459375035758704
0.6177090284480331
-0.8775736119907005
-0.5027244448964765
-0.465323378234775
-0.9139959367046822
0.8457876607339159
-0.4076198770475643
-0.026190603926460998
0.0006678319893542728
-0.0843132209010744
0.37386849950410994
0.6614490144439653
0.33198214873280607
0.6536812231740285
-0.6921636321537328
0.8444854108280975
-0.44182551217500454
0.06393357856544069
-0.6822274487654467
-0.8694655620967195
-0.005579546643155853
-0.37204609313531334
0.5972170411124096
0.8808209479867228
0.7579777911522623
-0.4420478453465573
-0.4225463632918651
0.84309959859059
-0.9435065960609601
0.3566095008510528
-0.7092445768019191
-0.5147540734363152
0.5879319385866209
-0.4670344305098708
0.0818748330784731
-0.21778137542408982
-0.3515475706041846
0.5381790688599601
0.19092231600269205
-0.1195657059829991
-0.7936370474968515
0.9033767927973608
-0.4189909855074061
-0.5947514731259778
-0.06276256558727455
-0.3104307933615107
-0.610625779861834
0.02314483601435735
-0.9075707623729161
0.24265125400457932
-0.16998756445256546
-0.34210362361687086
0.9089737665599837
-0.9791110874513804
0.7104666174192682
-0.936955982183314
0.784999974218243
0.11260422971522144
0.6135683317984002
-0.5998619134095371
0.9697893510847848
-0.7862647147885395
-0.7640138121321127
0.4937905135076428
0.5658563169741542
0.4843270563472868
0.2502337156370833
0.585982406769004
0.10590850473499014
0.6728700673419172
-0.6816684949356817
0.16622896360749984
0.7315439289255445
0.8768554435028002
-0.45434144049961467
-0.4045624493723201
-0.38100919259768684
-0.8979725504030944
0.27004746256822143
-0.6795292658872929
0.31560424020251543
0.5876987579626349
0.6828670705758062
0.6529659008091675
0.7749053153326846
-0.8071209715305891
0.26497202250540375
-0.267671561276692
0.10058771812450407
-0.25267946966296595
0.8220555215372298
0.6769250652646586
-0.7940731157621828
0.22230516558335567
0.3088164623520906
-0.7396462788361229
0.13151739363347326
0.6297697068654211
0.7606963614189766
-0.4832930135694855
-0.36969891304933733
-0.40893204228631497
-0.8185872253105002
0.0876796721177886
-0.35186515815352437
-0.11982322125948852
0.987348269197335
0.11528184875215963
-0.09241694776280829
-0.9866997521842551
0.5496529790955977
0.6761505381487387
-0.4678234185840655
-0.38703532527243056
0.4034353091648666
-0.7143337391436884
0.07280284137304127
-0.41157393116258767
0.901268997231413
-0.7019641472027482
0.8692497852110286
-0.9771121763762731
0.704415695287179
-0.7818995383328555
0.9677123509939036
0.40104324044082196
0.4661979759322463
0.7400332887095817
-0.14660109778236063
-0.46556982164745975
-0.36382280559660396
-0.7612192512955256
0.8284308155505271
0.21639057411693874
0.0075127472226208525
0.27506023185611395
-0.4211439695989969
-0.9859020954472064
-0.09498965103147006
-0.0011401813397544647
0.299878257851915
-0.8818401369430242
-0.7629069933921142
0.9687252022526378
0.31648965964978726
-0.05123455228473417
-0.32241641386800635
0.32377152814930166
0.5929726981860459
-0.11336745895750933
-0.9860733666548926
-0.3105701566686119
-0.723621455503783
0.6076384525709484
0.4495710472615655
-0.45206885868629665
-0.514794253502447
-0.2411133878283973
-0.520789895548116
0.08120951549524347
-0.8903385482635113
0.8224475868408054
0.7030504522709815
0.9320161119939006
-0.8637579849954404
-0.09603633567223535
-0.9072865789426876
-0.11943575769407389
-0.9465369109797925
0.6003935112881118
0.20298725507261817
-0.9836839368696326
0.9724114203060295
-0.6596285319176036
-0.9195257371054868
-0.8918407155556844
-0.40972401219595267
-0.8206710452750583
-0.230272590046797
0.2583093899442852
-0.6259828801031673
-0.21522655407393354
-0.19240091863314124
-0.18015155170655195
-0.7078062559139155
-0.0242161818192419
0.11226247603275197
-0.3095900379042955
-0.29806288872326125
0.4965945123447504
0.11079815595741982
0.16884440932073885
-0.5557939663250182
0.3369126061509977
0.7087363945126282
0.34821641470541875
0.536711786995429
0.9609154203618129
0.8041626534093944
0.9894632776013188
0.6560703027545571
-0.5327677738397874
-0.7313529301876078
-0.9061705607558541
0.5863832808553662
-0.09367289911927235
-0.7244826063849414
0.6594148024153454
-0.1876011027127893
-0.04429971636064023
-0.9252887111659205
0.3618102292518417
0.42169068249148056
-0.8596381251361529
0.16089876765288502
0.89839657890073
0.31406026229720285
0.175206599522018
-0.19145189394393602
0.7164278401491211
-0.26464875876033545
-0.7056570143072389
-0.8742892137781606
0.315885418733848
-0.8851647722464953
-0.40559022590804883
0.383219446679536
-0.4815895417614877
-0.09768561515416474
-0.008665441127991391
-0.5966549405045765
-0.15139570359569787
0.3491789988531875
-0.2546429948647144
-0.8405401016529288
-0.18503484602843834
0.4596795797853164
-0.26113737678773363
0.921802065856882
0.2339997391472015
-0.9676903741263099
-0.9292295545574427
-0.536938687607579
-0.5094708468989604
-0.08118635077921144
0.14467986030221303
-0.25976788548874463
0.5527199629215958
0.3379322127727922
-0.2421553193597361
0.8654838074438771
-0.696878811063701
0.857376836319873
-0.6735160532147575
0.5805864437764203
-0.6635315795522985
-0.6196353341765393
-0.8638418322899302
-0.8868655137054893
0.2860447824158856
0.8569693834583105
-0.07394088523092468
0.8456903161728335
-0.721125900148837
0.595481564916335
0.054795306921032516
0.7682315603755849
0.7971484857445186
-0.2865965026508621
0.5715628594041784
-0.4442630114628334
-0.7751760274230741
0.31253376029708524
0.6882871166971793
-0.5676330942260577
-0.8720994747086437
0.8379316963434169
-0.19032254856131692
-0.38086892012208917
0.9681390795668778
0.761445375454235
-0.8106237071167812
0.7964263837944499
0.7937449238158998
0.3188855477844612
-0.9076653201061555
0.12768658516085818
-0.5408780696863935
0.53673559959148
0.4623443098072484
-0.40712422157400896
-0.387282131068158
0.017608501323895576
-0.39021405019317945
-0.056402913355903195
-0.752587206642163
-0.34543031126229606
0.6282651563996129
-0.10520341739240058
-0.24865453950944216
0.09353494235880255
-0.9254595140930677
0.6501165102883795
0.529045314259426
-0.03147496141709483
0.09480919868568227
-0.14536614454082386
-0.6668382583230585
0.9726769664540384
0.15347461645047855
-0.9837609627127568
-0.7658318628587004
0.7978299233102462
0.09520778741342362
-0.9270979636767389
0.8601171490488408
-0.45050778897277377
-0.6311438525654509
-0.6282673727024595
0.6716681635859583
0.29365461901401213
-0.5052087046716682
0.9220124542921735
-0.12654099307386013
-0.9227955981370104
-0.48066234473066105
0.7253443141649532
0.12399255955210786
-0.19864171115352836
-0.9295356495271816
0.44726722249458506
-0.7854200501792572
-0.027782829962051503
-0.9477792414302388
0.275591968179967
-0.0310416432243672
0.66277538655428
0.2239582992806739
0.2524086616406358
-0.9528351442895919
-0.1706024069126688
-0.4210564268308894
-0.47694673667032683
0.5223812300584216
0.4933095608287059
0.5757887372289863
0.8020372789781445
0.07197276313910184
-0.4662201208604211
-0.9522023173076672
0.05427862180501464
0.33052489531110885
-0.05002106517694882
-0.32758224396344926
-0.5974176385748609
0.9521689025311395
0.6367838521523812
0.7614068796451041
-0.020816913198835163
-0.1436837546097267
-0.9691252669384547
0.8963116446647346
-0.6220500966720472
0.34578959378112795
-0.9598502659895645
-0.6249608353570071
0.9918737071041683
-0.9986747164882461
-0.4907725598156969
-0.15488868514992005
0.7664907661148828
0.4490187732468067
-0.6131645568463451
-0.04535949308560072
-0.027526907592869243
0.34944189072719034
-0.23340409898655334
-0.14747724973236354
-0.29797724635746237
-0.7752054484008413
-0.21406245852663996
-0.1685328901295311
-0.7397499404549945
0.9299872677018295
0.8759400445868757
0.558106296045737
0.6095615373072092
0.7369158015606674
0.33835276926670543
-0.9692326231542627
-0.8498965748339395
-0.4800450131306935
0.4357150877111058
-0.07723573391663696
-0.5884145850053537
0.7778299950954266
0.9243576986044792
0.17995306323184113
-0.41259024042178893
-0.22104940106290583
0.020076565668898372
-0.0839457023941721
-0.7825179835154532
0.6555442708163532
-0.5037138796819427
0.5767998591749963
-0.8868839179210057
-0.8605317036752753
0.7015273118826548
-0.7069932169534594
0.6490382892683424
-0.892246763930777
-0.523565382665921
-0.7864552166683583
0.8253360364176809
0.29492759855688155
-0.059788289541659934
-0.4078307266873289
-0.08171488159588036
0.6085195234538809
0.7010372522868584
0.34350604043443056
-0.7596355605082585
-0.7635103762607736
-0.006282491371068399
-0.6698550558408622
0.386638525761966
-0.38197517899292466
0.48833669047534345
-0.44750980066813884
-0.5005894159011159
0.43633981719125736
0.9319970285691443
-0.1301242915999794
0.5067786774708294
-0.5710012815081771
0.343711976237451
0.4082169404053284
-0.7406850988620235
-0.6170717354317992
0.2242512327490862
0.44112546546567244
0.7397814415252733
-0.3317817900118709
-0.47128671436318226
0.24462167507113963
-0.5607826482681693
-0.8970494235928352
-0.5351260337701125
-0.4140057808544779
0.22195208929907162
0.05109546101361184
0.14005773966487056
-0.7514796175982019
-0.04675205400051019
0.8569042290167972
0.19143743442957573
-0.31692254572374146
-0.01991563556504161
0.714897728752973
-0.6428021826584793
0.012783748528654604
0.6430227677180049
-0.21496518140093435
0.640552786964824
-0.5948535086526194
-0.4838636061476087
-0.4973849660289358
0.47567912567548465
-0.7903226975033051
-0.5349110617194797
-0.5659655562179182
-0.40769548507323905
-0.8629667709588833
0.9605996983048808
0.19353324701645058
-0.07343553653857926
-0.2937077375944843
-0.8824683780352165
-0.9938121976042806
-0.6925842439323744
0.4044224907927858
0.2391850003871887
0.5311488214802267
-0.825790815309593
-0.7509497708258126
-0.6703872078666417
0.909747843509296
-0.78683650307768
0.24887880210111835
0.5602026940785787
0.4060305045267967
-0.20103074379971142
-0.9674145818802726
-0.43787358397241793
-0.22686127325093253
-0.44099369823558265
-0.6083927881488147
-0.7848127150999464
0.6335556632829917
0.705403719346781
-0.19367497889745855
-0.2641926844690976
0.7224572394283462
-0.06993041790552801
-0.17396797111727236
-0.8144003712493451
0.11830868533908223
0.3441455796520918
-0.005203990737270958
-0.7574553577597365
0.19690155913169627
0.7148073892180753
0.9768580615280655
-0.4403085950494863
-0.386268064656059
0.12362865247933441
-0.002719312888504133
-0.6492714451385737
0.9321994727765202
-0.7634550529178978
-0.552598736137718
-0.24112015677898668
0.017492583324059785
-0.1523725586397362
0.20994085619433211
-0.2461053250110441
-0.0731022910390553
0.1016581562920742
-0.752131041131735
0.5552479862292794
-0.6325091631118458
-0.5430063302593724
-0.32486159994206254
0.9582508079489509
0.44126211866073617
-0.908877991672395
0.5076087822738269
0.7353276513628391
0.9260294967446785
-0.40134244734628166
-0.750326747225287
0.40042653394951744
0.6973556419239557
-0.4461600309371452
-0.11558416390647186
0.33211080367730905
-0.652481314082695
-0.06971676206910926
-0.0022688641357184736
-0.982585099013003
-0.8953845438395682
-0.5243205507904396
-0.751870545791651
-0.9200036088785712
-0.7483409574650113
0.9223080799520749
0.9652529750737884
0.04586359284437447
0.29788615700613263
-0.0011272549131133847
-0.023398125320322816
-0.7668262100578629
-0.9715576438734135
-0.2786549254477013
0.6415050244857177
0.05287684087042854
0.12757784200517164
0.7263500447983475
-0.9644431237452136
-0.06513900874402112
-0.040557170130626874
0.4823505253027831
-0.8519361600210948
-0.7353163167037378
0.843138478252687
-0.43772853378692544
0.6275230627330657
-0.661840977475983
0.9072338079367257
-0.5197704379659154
0.34409822591510486
-0.7366159095578202
0.6570952011402917
-0.8800716228844763
0.30957307085686714
-0.8386068105664193
0.8315489299912631
-0.8156297801962964
0.9194322806130348
-0.5913262232287464
0.3795007126929779
0.4175857831352978
-0.9905361585239121
-0.11945149082237139
0.1088991853791006
0.610874557624075
-0.871004401688106
-0.6074739657394734
-0.1406684201505113
-0.554302191460744
0.7121221897130787
0.2629188433147982
0.15564083252163918
0.9737345776391817
-0.826588460823205
-0.37206294169844356
-0.7303568585060358
-0.22985803654947667
0.19080390559785498
0.7299603757592494
-0.5775217190053794
0.31915351747119725
-0.11591591595066353
-0.27156345500658574
-0.9170719903060065
0.6635688223041682
0.946277551780975
0.9712742674326922
0.6528033906663129
-0.7294364401598532
0.38210515484801366
-0.17417296256127757
-0.17929438817548893
0.9666620047929382
0.7475425005285437
0.7376960004363866
0.31372144371099164
0.8447895325338508
0.8202594135397374
0.903868227642306
-0.8144641545811071
0.6049438241622518
0.678590107934159
-0.7905401920632877
0.08001487303081034
0.7570329444740669
-0.3115899876709416
-0.8780357839706592
-0.07226439087811465
-0.5935733785077779
-0.9300306377148468
0.8592748889905053
0.8032887225263263
-0.17458046270433725
0.3386324414981696
-0.13905381180518295
0.07544134710308859
-0.31080398521623387
-0.6288828334566152
0.24285209156304766
-0.11098764306604747
-0.6594248902575421
-0.26211916398953683
0.10683265712453927
-0.5328020029300657
0.09185134847992504
0.5707389384981063
-0.5587787215775326
-0.4850294382043263
0.26974238937125805
-0.5655378606212056
0.7211101079434086
-0.38099069461594737
0.26834913519444914
0.6852710675466951
0.7493505916737082
-0.9293149351032379
0.3416287499333166
-0.5861501578163124
0.41730725181030603
-0.12357168609964453
-0.5044059088915431
-0.39041919565484173
0.6542798741204015
-0.16024869225501504
-0.7413841544868136
-0.6640043602060444
0.3315940477946011
0.6411618416818685
0.16089954690252362
-0.005787317589432073
0.7660747483847676
0.9647388705424185
0.20770532593842206
-0.17970827042783433
-0.36809531280178454
-0.9074072910994371
0.3042432361063585
0.9738978163580025
0.40286636715662416
0.758489895846655
0.998521406899818
0.9879283990227496
0.07822068940347604
-0.24751386843110823
0.030857258054271197
0.7693375677488987
0.0946613059946746
-0.174148956326462
0.6903656494782104
-0.20261600769800747
-0.18939136433644332
0.4616455187436477
0.4884510937715456
0.3350656824127909
-0.027721649063291443
-0.022507458489611
0.11210167456490772
-0.793805879025469
0.29780854389599853
-0.6273740336940974
0.8500764263159319
0.581266563984121
-0.978862003980085
0.3137399051903229
-0.17129691104837197
0.26663603745770903
0.004258500746717964
0.8793649982154905
0.3442757322220076
0.17413150992898663
0.9582388881603692
0.7817100356606506
-0.35051302645160876
0.4785176303779157
0.3064307963377886
-0.07537586306113164
0.4830288911254952
0.8553866845095237
0.13388992838116232
-0.5910361521806142
-0.9724238855159566
0.9656527898575857
0.09211601490485188
-0.3081943273170893
0.3339530878231478
0.3466627970941045
-0.3114135135321885
-0.29709472193350495
-0.2483076330479872
0.4237938876700902
0.5548599811575787
-0.18159159907799216
0.8923562351117429
0.05839563115575008
-0.9541970236728525
0.7570878677005493
-0.29592509643948817
-0.8558983514694076
0.36044858018462267
-0.3254896020692797
-0.693223851981766
0.06380180228807708
0.2612193028211254
0.3413739463851799
-0.9105438283006162
-0.3970215711321228
0.39170855871958743
-0.8582096568026321
0.0509232486398854
-0.2106613096855574
0.9934602642606545
0.9731449751540713
0.4629964320169302
-0.6651060964271418
-0.9414338579802912
0.4579715207952686
-0.4942469163979708
0.5517648999119542
0.7688893303563689
-0.3989080640580731
-0.8375230040909667
0.5172138100819859
0.3621140065743631
-0.6604987951123844
0.5778078932514641
-0.028730381605679867
0.6058200985669318
-0.25317264642690684
0.9782738556599984
-0.6822969647072106
0.6267892993037969
-0.4618873874239855
-0.5538726170400283
-0.11935959566790011
0.0673871039758751
-0.9459448990255075
-0.15139456917154992
-0.5322298907682375
-0.9345639043717933
0.6902350041005911
-0.22568191995858533
0.8939962904119991
0.000559970387140174
-0.8922628011644089
-0.056444319611592686
0.6340875939723563
0.332157195586102
-0.41723626364347455
0.07937247508197776
0.19655094855176825
0.25119015724206717
-0.1318393744553774
-0.24091072187155427
-0.20474162860817313
0.6659549407365399
-0.32847433155128214
0.8067239567999855
0.5575190035696811
0.48582266122510376
-0.8945458428676747
-0.17172476638822376
0.4938844853928124
0.5062521356800225
0.6868882659386064
-0.780963524800736
0.8306557496866624
-0.18172995069967635
-0.9611825781551919
-0.5089032607081916
-0.8917404222027598
0.43410540093308203
0.2175495699675405
0.8558834616023381
0.6760618326915528
-0.9106227404076979
-0.771261242516323
0.6357948803971718
-0.22012364794005057
-0.3728459020328243
-0.6670591094063407
-0.008155127488730374
0.9731834382752724
-0.65525685699126
0.42303641575920015
0.13759887172959417
0.9373858582702015
0.4586285240745056
-0.0426256508246321
-0.8377246636627573
0.18124380030119114
-0.8502644815701266
-0.5520759260020474
-0.8254562199611661
0.6554541916162293
-0.17558860315331204
0.04719575394944253
-0.18655040361186392
-0.5505865941752981
0.28312112270967016
-0.7201181313298164
-0.13313705402986775
0.4702586667338782
-0.30579424958245083
-0.15451031531443404
-0.700108306798642
-0.020025954671996082
-0.9478516911443151
-0.7231645558624245
0.5554143484722067
-0.05220073671483094
0.9269423996314887
0.32004776517580535
-0.7774641527188704
0.5755399403669947
0.2605075303538327
0.5514024131955806
-0.39560934881554743
0.13994915269745278
-0.9494037602977234
-0.6351682749022642
0.5892498809680042
0.6146172947305786
0.5169639754602713
-0.6223834009418159
-0.2542314284351923
-0.2920967269358148
-0.3447515955626559
-0.8092111435151987
0.32212495760154125
0.11534713517124962
0.6757896913655244
0.35924755401083797
0.6227778324327558
-0.9253522104370027
-0.8291439089617239
-0.018755544334242424
0.5005940564070577
-0.5659491356869399
-0.9574091881868572
-0.7983916860829683
-0.5487701092332269
0.41178646897605886
0.8115186557145095
-0.37447096674582725
-0.7285691346444552
-0.28272212804782226
0.34057264047073765
-0.15180411083735756
-0.5470255404240638
-0.8187269364594245
-0.24629760359548758
0.7398341548833491
-0.006593225358426658
0.11734534063276314
0.04989914160316289
0.19399310333511588
0.3794411853899544
0.9951065594453075
-0.5938084630280667
0.5789700045685384
0.7547506485132185
0.6787932167772337
0.23223243760709655
0.5438023682845003
-0.19265545024922015
-0.7350873450810842
-0.01820981869672944
-0.9454258951298751
0.10133498473690827
-0.5537125691798923
0.1622935114424986
0.25059729025178323
-0.4360744791091118
-0.9920733808555358
0.4152291174204765
-0.15389292947874678
-0.36855238637955523
-0.878570993385885
0.7228452136073886
-0.5711135796717761
-0.6794496197431583
0.46758084588427806
-0.5180467088306921
0.8912064512676761
-0.6345696672867611
-0.604819645547745
-0.8244130732487613
-0.9263060231035525
-0.5708267720600106
0.4390867257301898
0.4943818552858643
0.33629900230964327
-0.49656371173714753
0.2635790511854157
-0.15789686790827595
0.6761028386634413
-0.16993085694036236
0.39417484124590363
0.2797204837334428
-0.9838401059590591
0.8940658426557058
-0.66328806993095
-0.8063338062550771
-0.7384422961761641
-0.6121234767364743
-0.7364866613073222
-0.4035541910974374
0.9928919620844929
-0.8247501695724755
0.6377876422153077
0.9188073477543717
-0.9434377167958996
0.07585346426237294
-0.8539249013260266
0.6683633888228757
-0.37818080087700645
0.10104885636900018
0.1539904512855752
0.2237843308090428
0.07438953300541251
-0.2791449171850704
0.9326113799161542
0.5485443456586321
0.3324882046488433
0.21590202150338933
0.3453472455753557
0.516810266122524
-0.23124240416954422
0.39886505028530506
-0.7061175915405076
-0.5763943224792705
0.8218489188983711
0.9859715211877653
0.7054275234432923
-0.9972058235600185
0.5538564610622196
-0.28785633913065745
0.41122627258794253
-0.844500001731832
0.710235540103942
-0.9345169300258036
-0.8048624930472799
-0.744394976139777
-0.26208102069800776
-0.8613989665638606
0.9067569681596699
0.5368432366196074
-0.04388018583447706
0.2436707322288365
-0.33671302704149
0.8356475641533097
0.5154781036935647
-0.3363511585905381
-0.5362817870162684
0.8006980111564443
0.6646025143914425
0.689540106097672
-0.31836470656314053
0.27268093326105447
0.21035323076285528
0.5664971458304933
-0.040942771695939184
0.10623452395044808
-0.20323428330950422
-0.2917815814711411
-0.021709565698803557
0.26157950593895984
0.8221964185928183
0.7802993785044259
-0.8085417338729801
0.8718570884073977
0.40219786664200896
-0.6617375549877871
0.8759001612359321
-0.5490064523454388
0.6138295450202842
-0.9506505744664755
0.7852336904326906
0.5550160020161023
-0.01707829243208936
-0.2704887554450799
-0.9388111362665637
0.8271974365805703
-0.807373956412325
0.396021441589683
-0.2960153767666802
0.596013349438951
-0.7631728651626004
0.5117212935050377
0.9970804632201109
0.48707815499924934
-0.2132933378698807
-0.5911706155978889
0.7135905535254647
0.49356907952208373
0.06461898828644674
-0.8302241332894629
0.7520387175267187
-0.6359023297420252
0.6613516425586938
0.24290611358179026
-0.9321966352566944
0.0381185555841812
-0.14024678636714882
-0.16346266946388432
0.9841685139932104
-0.5163947460342324
0.7674818200413474
-0.8674715605665702
0.3150686352690151
0.7926862162648007
-0.9286219090898644
0.11770591232651784
-0.8435767895324537
-0.4476732365905136
0.4241381935373132
0.20417903016564964
0.29481152841037384
0.8336449455963815
0.2930642904464418
0.23585069193838493
0.09588797428595286
0.3910159870784229
-0.2417040990296031
-0.12152788506074175
0.22538138075684055
0.24388962307750117
-0.457885082885122
-0.9184087247442341
0.7043859987031413
0.7037516073947263
0.2880209884981162
-0.737397585878393
0.2600590551556936
-0.9106593887191257
0.30368753228935974
-0.4815179539841359
0.4871900425672997
0.9526558820296767
0.8062967711599065
-0.2505169686391455
0.9575885768913359
0.6291226243596049
-0.3038370927000251
0.7884004879907509
0.9663811400404978
0.8485033744136472
-0.6082204189814455
-0.5144956552776176
0.12538138005123867
-0.3255843275512329
-0.4533530032892479
-0.7493413057264098
0.2968353818371463
-0.7111901851689084
-0.8669337442139138
0.5900893260852698
-0.13647133138709022
-0.7032671506853352
0.14379239568802715
-0.49826764190545214
0.3222818099290041
0.5341704318071843
0.7369697386055256
0.9248393756838669
0.7995625291826394
0.5817996768250071
0.19243368342239497
-0.7400583172034783
0.03288613073700386
-0.5493361259650769
0.16193165533754694
-0.49288359840443685
0.7649560057019267
0.8907181600334857
0.5572899857508524
0.18463248253747544
-0.30343143263400973
0.7127857419252046
0.8889202914828949
0.49970191950433906
-0.6225934311271613
0.24489672696951925
0.46884851674425954
0.09285839811211871
0.47410899821596564
-0.8456221087249458
0.505498488223086
-0.7285339117092948
0.3705268728467779
0.3192294075261972
0.06121751727288083
-0.242594660226233
-0.6740808011458763
-0.06838611936692307
0.3498494413627331
0.8772972375180867
0.21096613611049508
0.5158737118159435
-0.7557074511921973
0.9209224339154154
0.5618743744663814
-0.4433048154664876
0.03541566206626001
0.3711826518609087
-0.38022161050337244
-0.010488293469032683
0.12056758685787305
-0.9578697513244063
-0.4673497006060119
0.8049104453582856
-0.1328124854891053
