-0.8807349248467613
0.027626522606990278
-0.8609621021163383
-0.38815937757954844
-0.9509018441767023
0.36961643905558383
-0.8549415620707592
0.9896724131372701
-0.46682131634440727
0.6291717538656898
-0.2246807013089771
0.7254061189949792
0.7996144248061745
0.19391837670908907
-0.3764638267194049
-0.3913573551324585
0.839936391312853
0.5116134039540574
-0.5409018829327006
-0.018481149279848674
-0.5793756242860624
0.07081522139815144
0.4175708038960084
0.902287046571018
-0.4063607820736761
-0.1173191241056708
0.8560594617084489
-0.7105741425894627
-0.9413897769506723
0.026840735056625542
-0.7810837220357141
-0.802400056267055
-0.18294068599441804
0.13912305151202808
0.9160324290933364
0.6674860960815407
0.006989952618625672
0.8747547657799708
0.939171991703901
0.7977223939714571
0.5076745014839013
-0.2956372991309242
-0.41601806249092554
0.32866470674886217
0.12889504474335878
0.5914362033977278
-0.44394634922199994
-0.9913416415953116
-0.7039927472766374
0.6356072803933401
-0.2108598762367977
-0.7504463821814955
0.5803072097381976
0.8567464678506671
0.878851818464814
-0.6734950942944744
0.264961658798037
0.02994403749099761
0.5106045935511234
-0.6235823709401433
-0.9241346117584661
-0.43095472112479505
0.163274433591017
-0.9131494751691684
0.9750798297119629
0.8527830403228511
-0.8394571821644725
-0.4860611312645391
0.9278634780905914
0.40586962137361926
-0.8193366080855922
-0.7965781488732113
0.40143806255779735
0.04242826356156315
0.302251775932983
0.8726088862826842
-0.44595125257211143
-0.9503750923255387
0.444833648155734
-0.5882222669889017
0.02958115900291869
-0.3076939512696495
-0.8321888145547978
-0.0176717361079477
0.5538861154502186
-0.23957322584350882
-0.5592142916782259
-0.7210621280583285
-0.906917137596021
-0.9670391547014614
0.4773030652966459
-0.23048013247236
-0.8188874353976856
0.49254319796750545
0.054316705581906044
0.08644090651574765
-0.27718026425519016
0.4039473310289259
0.3953217258678421
0.4449978178263341
-0.24455056204719128
0.016851753477152176
0.30659462488837663
-0.3309892454956527
0.9916476376037702
0.9622402830354297
0.3984798764136306
0.20874710358047666
0.9207276237183757
-0.8027593237059774
0.4744577476063123
-0.7256775980666827
-0.6761119231064878
-0.5712111798389845
-0.6776353381488307
-0.44313935449872854
-0.8281763828111115
0.9865462326242596
-0.867022552820222
0.22592076596510235
0.7627828250902824
-0.6119768188185986
0.9764651717409121
0.9287176791571468
-0.9913036724964697
0.7329134607849721
0.23300357855569276
0.8723478394050408
0.6205054281942401
0.3553543927956426
-0.7355325697854926
0.21457594358585408
0.04713344095480765
0.38840074359480936
0.41786216890397565
-0.839617570181241
-0.9041332127916759
-0.5379999327215652
-0.1378637689096318
-0.5164213090307228
-0.8336688985076128
-0.2455415166719892
0.08154269055301233
-0.685086618606322
0.061552582854829785
-0.133162801527124
0.13530617252774446
0.32461066280442274
0.8582721714697512
0.5488571389427388
0.8632018882544723
0.4097733437769506
0.8964488137262345
-0.44567992683602276
0.004211691395821893
-0.5254222213715647
-0.31340103607992
0.3022494608807549
0.2053474712501071
-0.34420891231230755
0.20181294590330823
-0.2430584595466918
0.9789910813164924
0.17104069172349168
0.49851527906440407
0.7310552343411227
0.38900496791604655
-0.1326088375820138
-0.4019723421101191
-0.729875652910722
0.2565958068762777
0.3627935974170804
-0.9314194884327376
-0.44079481680148125
0.014455625391063043
0.6594632332267756
0.5608295926711304
0.9430276961815107
0.5326505500520773
0.8522307540922986
0.14699385090595984
-0.8309944238333122
-0.35050045159263443
-0.2534582033786821
-0.6990137222727584
0.14101323049821413
0.7149599893260032
-0.8954244333468455
-0.1481312962345891
0.3075953147405628
-0.5705370222856985
-0.2826998955242377
0.3999201054828103
-0.7379561747319809
-0.4764896949761901
0.3423412540526489
0.6805834206125683
-0.15200105960632104
-0.7995835917914824
0.19104449332475437
-0.3228677567419822
-0.2607284781446597
-0.6236898275867062
-0.5059939559901305
0.7279928310701758
-0.9309020957746292
-0.16186803509665904
0.5737273340435896
0.47588372645406474
-0.45497584655248535
0.6936251963796352
0.06050950668390209
-0.08510256707861319
-0.4891828925009103
-0.9014259391847259
-0.7527999417697164
-0.5933817113981912
0.5241018029225821
-0.9561337285372231
0.9007773008740976
-0.4750361277025492
-0.9028260637515348
0.7681804231054747
-0.094346926561647
-0.7835957398687248
0.25857814958963354
-0.5605704468785502
-0.24691495015906906
0.9869327783556407
-0.7645642153089778
0.3115248855316617
-0.4039275133370155
-0.11596174688320215
0.41240593700581285
-0.11641522882562372
-0.8885834269934676
0.34603320606096366
-0.318650836011787
-0.5001172915544654
-0.6987771222838179
0.1396429532341299
0.7566092719067301
0.9547125155431089
-0.30389687475674676
0.1568394553669339
-0.5208501722261067
-0.597756412372759
0.38047507733882213
-0.08639841289281902
-0.6595275169988932
-0.5831875147117411
0.09929457278921694
-0.8452222587408902
0.8417491948819729
0.131445138067932
0.030500463144897738
-0.6472230822349918
0.8321902305377211
0.04379374682007575
0.5491376272436914
-0.18434753697064643
0.005200946978103804
0.999563034597625
0.09651444587809332
0.45170196507339555
0.40094029689705746
0.7281832799540484
-0.7093405101191861
0.5399917167793191
0.10362695347425155
0.7406662141060334
0.07013684602143111
-0.9512965028117844
0.6906089757648024
0.6657807580948394
0.5061376739878978
0.015575028202810204
-0.3640680662606748
-0.4042035023731194
-0.18817144345306214
-0.8285541361450359
0.3653890371280504
-0.5162525913509104
-0.23796571176275783
0.2740305832524701
-0.8652101887042589
0.05920540178049749
0.039386050020165264
-0.6638890473701657
-0.4407715601944835
-0.8640703588704686
-0.199202925285362
-0.7905746436929417
0.46841153250792344
-0.849321930377656
0.3552901116976157
0.3138850470272656
0.5474941845527261
-0.8545188781734823
0.09235049758418645
0.8962668914345227
0.4217168904405175
0.5955795727044697
-0.9448689538669457
-0.5025316334863426
-0.6779269114464872
0.8184137548165249
-0.8715287384915127
-0.4332105815538172
-0.3237567913960506
0.23763033137897827
0.9684696263636725
0.9757623728250406
-0.13101721427129842
0.8817860246970457
-0.1678019522309271
-0.47732499026022657
-0.9307275915131099
-0.4213095498450934
0.09294590001604686
0.11208773039464903
0.6372860432810401
-0.3049469053204339
0.3004020019035556
0.9246315227856692
0.6795110542418961
0.8991026388907359
-0.27720504326925766
-0.2864260803917349
-0.8405734582224613
-0.9860320787280166
-0.730259023697017
0.5677812218661891
0.3622176937396271
0.7235339364085422
-0.35991234038524067
0.6831945379822539
0.22617108027984423
-0.3675045072949119
-0.2641091649193652
-0.7252383444692563
0.8065627987898549
0.4394535519316578
0.10055938034965384
-0.00737671069658008
-0.7848121653887479
0.3514206560472657
0.5456796264217365
-0.4791383317025335
0.20977193475318368
0.4283561558670266
0.06758014011495228
-0.8524112744246961
0.7908473019741453
-0.23870135031391526
0.7869469021670596
-0.33125203981832474
-0.08598448162585925
0.6395005836281071
0.0869190394155237
-0.7198891418301234
0.7217213369942068
0.868044898590099
0.03651747225633972
-0.8068985345391926
-0.6724226786199465
-0.8904869066547347
0.6497816991726058
0.6059565158562044
-0.8007753494200418
-0.0545245720580827
-0.8532759629766653
0.33223938825919874
-0.7965531825128507
0.7841440081195079
-0.5454961222525396
0.7176058912798373
-0.9695874828576749
0.6064203240955224
-0.8511852228235695
0.4977956317654666
-0.8572292044784964
-0.2813263558015797
-0.29215019573626466
0.18631934274785644
0.444891234128584
0.9537974906281643
-0.21330537397490956
0.5597032361209031
0.38098088202586067
-0.05628894055519762
-0.0801759034419709
0.7360833125527937
0.12465630452260879
0.34393867942091916
0.42036291090184075
-0.5850720669508636
0.9167497986601088
0.47023909310309486
-0.9696517618605105
-0.957849939723183
-0.2312807077384842
-0.0716063180853117
0.4311415500244691
0.7998959460077488
-0.356722911018015
-0.7575803112588351
0.7439082395434877
0.405809903329148
-0.743333170959551
0.5699970984145728
-0.3900515627040355
-0.4828823061975902
-0.08542200996627813
-0.6342427447219519
0.20388001758945684
-0.33208783428339683
-0.9207737739625814
0.300025739212058
0.8888053170786054
0.28613498386830694
-0.16327055560637738
0.8421500527101626
-0.7964579073150029
0.5670865750065159
-0.08006186984253993
0.23285318329300364
0.06525134203883631
0.596632994692768
-0.6238192482658731
-0.8246418096123349
0.09322459361196356
0.5686458177410454
-0.33329483247335934
0.10819733371254259
0.36701616332111464
0.4809539101971998
-0.28559293582878875
0.6454732143620718
-0.09540620587340731
0.17836475004314822
-0.5620382631266121
-0.4519869910762304
-0.027680745664693696
0.9385083995141956
0.4345914217611302
-0.5535278537358144
0.6105652507831381
-0.8041100661673006
0.4738336873161846
0.8595247395520071
-0.9496104714718916
0.7619897782418981
0.22147223374754188
-0.24562689673783034
0.1451234063849638
-0.9672881953800507
0.07699534828779453
0.760181206222633
-0.7134406029153442
0.5029448123801292
0.8964292513793861
0.9667476021639454
-0.15644311108105668
0.3123907273394153
-0.44567711797208953
-0.05724815112570969
-0.9658698170030158
0.24967278234702728
-0.8140822213207157
0.7610083262705178
0.3740124295880076
0.5566308007330967
0.3120953724489972
0.24466560031392204
-0.9130817455103819
0.8009058978523282
-0.6240275918271145
0.8261421121817965
-0.19517484959501696
0.5484322399193
-0.911939330281857
-0.4745950243190693
-0.2317439915388344
-0.8135878305047681
-0.4032529910528182
-0.4858530342434604
0.8855899126325366
-0.4765347680344745
-0.1499037611584173
0.8280364242188194
-0.8380257969816012
-0.3312598824925954
0.2878938427831703
0.948687885078354
-0.867367043610783
0.9329715456059442
-0.8468777070481586
-0.09084315794949482
-0.09498503340056752
0.3341051702944624
0.8148686940668501
-0.13382733433571947
-0.015334153016518304
0.04812338967924834
0.8202065279276778
-0.9263973220842003
-0.3348472629116639
0.9553849588195218
0.24628354333872893
-0.9725543749098935
-0.4533561328736031
0.05699905165275099
-0.09387730165995212
-0.6709020006147197
-0.14306102869872195
-0.3817292907867291
-0.21499323359327915
-0.09161023110856292
-0.8141440275330354
-0.3857323330200717
0.9993509048239779
0.03581083314026645
0.9807943374623704
-0.21754642048381356
0.7007793824738842
0.7512393354673952
-0.3058854752725706
-0.1169937374126
-0.844819109577652
-0.17630137966216974
-0.44440611617280235
0.055096444608391915
0.27505960914141636
-0.9411277425838667
0.19840396365042423
0.8449766617121035
0.8006766984333709
-0.10544099644389782
-0.011983403966573825
-0.28506851113665355
-0.7779797690674941
-0.4556096519506523
-0.7111138903469363
-0.9056364197579143
-0.15777754962124257
0.11791791154855136
-0.3762462538069118
-0.009475353999651714
0.3124080633584432
0.2166955103978243
-0.6293974093596928
0.9064082904024271
0.4442554054398571
-0.17212098808410614
0.5850471683141716
0.6312060125176413
-0.9811182527955578
-0.9602406724637222
-0.3167007916035003
-0.44819260770337577
-0.2883860926950401
0.8337796818406653
-0.14814360093222323
0.7775376176746791
-0.3251153112466898
0.8571300497597645
0.31235994185736815
0.23132381192689744
0.07100031065715706
-0.5087137967610884
-0.9323198804575079
0.7026942506990517
0.6503052727650565
0.9831693441232452
-0.42049811722309793
-0.22433811923325941
-0.5340991294657049
0.7439269278419709
0.937927506680913
0.7755443308368652
0.3150031457351088
-0.358028582276801
-0.863345118538938
0.49225206355683904
-0.13758138757694183
0.7582989453651909
-0.8509864140724397
-0.022263653495563362
-0.7514933138944904
0.32454883291528436
-0.5880933662175141
-0.18655546297331216
-0.9754942851838029
0.9706181737084054
-0.13855488618863276
0.36553469659095494
-0.08704550580021464
-0.5416672426469684
-0.5525500945071258
-0.433674111839347
0.019921042964572422
0.26638981657492766
-0.7343535291316334
-0.5656165966715656
-0.05763448246460512
0.8534652905749172
0.08438083047032219
0.39153056024753674
-0.962841740328279
0.2900990115471658
-0.8520576962484152
-0.6197080467423373
0.9038974536829707
0.025768261211456478
-0.5642709573342486
-0.12767966771008843
0.9294887633249986
-0.9576873015814382
0.5521708626675637
0.3348711972066907
0.459456404706861
0.22734277783653178
-0.45553441975109865
-0.856766564667115
0.38426073441968733
0.2983298326642121
-0.36107388812801866
-0.281119435928181
-0.6036119807739231
0.9000331831043511
-0.07388687506730784
-0.9237891192434902
0.2057192224967117
-0.21766533430495416
-0.4065215427088933
0.8505862177225065
0.4116192967980765
-0.9521232567402182
-0.8426771036019522
0.25935979224553374
0.04264809987850504
-0.39997590071017486
-0.5187468602010836
0.014548123557598158
-0.5173961591002958
-0.6152757590727671
-0.09436864701963121
-0.23770835161998605
-0.7292517208917959
-0.14777814579009063
-0.6369745490042051
-0.9938308003463348
-0.7742974115500931
-0.8947613829037577
0.4571895022317207
-0.8900508743502846
0.6250887804740104
-0.8672055172333428
0.5716146797255914
-0.5825366855401728
-0.7664660455987922
0.4408982261344683
0.1735810544780232
-0.18926760359714234
-0.3931556743458382
-0.6422089121970544
-0.5762640032889186
-0.36157249086523113
-0.49583710479227894
-0.43670364356373703
0.5362463803986315
0.1892404589054697
0.13598481998175926
-0.0077550310454130855
0.8117410378248973
-0.5652361784286286
0.15434971290294675
-0.4771091242216392
0.20526729874506988
0.5579827945898521
0.6939283845682507
-0.7011474050583102
-0.6573781987967178
-0.7697261663216743
0.5157348428499553
0.9024347507311858
-0.35465858848848475
-0.5012285572323518
0.300972910835551
-0.9212182182594424
0.4007401889356539
0.27776457905016483
0.10874942611868965
0.9678710001570194
0.2566864205627395
-0.11391598520066393
0.5106552088937535
-0.1490487676337393
-0.16469493169614724
0.35472816405524554
0.46505398809258125
0.3109452299560165
0.00915906817641865
-0.4148991514009024
-0.3000782768071093
-0.053406845854450324
0.9344236493345661
0.5750683204302112
-0.27728885613616283
0.66546890059572
0.948446344778469
0.48053073060242957
-0.6906626631289388
0.4298903822379856
0.13393863427456187
0.0690195229482109
0.9754542341940584
-0.879811582425873
0.8914868115536254
-0.7533587775132375
0.400539659082235
0.6613401664832435
-0.5273028763424523
0.4295184555250908
-0.19909536907619607
0.8362711274842056
-0.9975938676697058
0.9399925374063367
-0.7062863584642636
0.9906654409617088
0.9619650949711838
-0.2037899925237101
-0.23827350425771376
-0.09803521556198058
-0.5371866783565669
0.3464995929044197
0.06689103159670995
0.5574744660405317
-0.25221784306085837
-0.9634981730178369
0.8948075713008781
-0.7174418053042049
0.09759429394014463
-0.9327339356796513
-0.6431590429574672
0.481606199111974
0.5311844644680592
-0.2433621363916525
-0.83636393083518
-0.1693458760305706
-0.03842683235679423
-0.9590810859669874
0.0911869916031598
0.14081187116904137
0.08865799903685234
-0.6293066109438392
-0.6063831962762889
-0.18026935991273696
0.883039257413502
0.5433589689236833
0.2743848310381216
-0.8405730569820105
-0.8285136588337405
-0.3917242186491876
-0.9449972935213953
0.8322186506889324
0.3663846239194273
-0.006039202957725864
0.9647148822139056
0.8237651616876724
-0.2846913908751174
-0.6297059444975472
-0.44152633732497093
-0.2858986469474831
-0.12367595358418892
0.5493259470631995
-0.08670599132018042
0.4995344385484837
0.47450696619387367
0.486368480424918
-0.08981729053932819
0.27995764521178
0.11016191381981733
-0.7916199931260437
0.32493636374749557
-0.2366341296952965
-0.5273048837503127
0.6777659012921953
0.41571451779871715
0.2049999824344928
-0.43088061689275237
0.12403859720163868
0.024175509457741606
-0.0906750904935707
0.9298489016051381
0.2029530501675605
0.7286671330325742
0.07521086580593783
-0.13488690207794019
-0.05510430109076592
0.96247151872764
0.11689024483980814
-0.5549760840859594
-0.9345696795709946
0.4461829449825676
0.8479765928339587
0.38644087771110835
-0.4526657936673477
0.050128152148363636
0.10952665231057379
0.8089373076264508
-0.4511137866942787
0.1027621391087159
0.04870674301919364
-0.5180248403853867
0.7175467380290574
0.05048466140222119
-0.6387263926679014
-0.7620861075660077
-0.6211665163760636
0.05486253918332662
0.5645811146921382
0.03976031259882706
0.7622911351082742
0.8344784507356164
0.10733042040657481
-0.7397716551452926
-0.8347965689163148
0.71858921571665
-0.6388683998293216
0.014967539879322533
0.02057051307085289
0.36096715876479246
-0.94835850927356
-0.5380990232674683
-0.5528384957289396
-0.6358865161441727
0.942320406156238
0.8042999414657599
-0.3701630059218002
0.566995569867857
-0.7713362032899516
0.6376270151654757
-0.1699117769567915
-0.582301965433808
-0.44275836735791074
0.5362721920866063
-0.04924645284053608
-0.38040477072886025
0.5355057829678413
-0.4174548634453241
0.06604852120757831
-0.408954853871903
-0.7382805956923177
0.21771006480842936
-0.2884307416006118
0.9320841173532421
0.4261780997629898
-0.018610540708962287
-0.2109023697163941
0.6415901445565415
-0.5605212343377448
-0.03962666848740248
-0.8798467754708437
0.9707553407843548
0.3365533552760649
0.7463964901148674
0.48786313394363745
0.16729260640801913
0.7316006904958965
-0.03444887701748556
-0.23418306996051763
0.08654929862192429
0.6427814870344788
-0.2220238809320636
-0.050691358349507665
0.3394603654152999
-0.7360603293879817
0.7129736972671123
0.024823817378622826
0.8049096399479285
-0.007415495202518274
-0.9116883964572629
0.42719929058291717
-0.06155149676199678
0.5222712351019909
0.15122320400186728
-0.2581586241128042
0.5271408693822845
-0.006239920711782698
-0.15466219771003265
-0.5036110847876842
0.07249858106745566
0.0474720228528398
-0.4264959620428237
-0.4317439554072835
-0.4008090773320587
-0.7469698148533643
-0.5865191660524693
0.1200838609138164
-0.9991870999357761
-0.8979590205002053
-0.8220531776568512
0.819792237977768
0.633344959213171
0.04505636781023492
-0.5783281818678314
-0.6497445424587218
-0.2532256153164054
0.3395931963076555
0.9594220643424298
0.5955266073302046
-0.7421089858122862
0.013749462475689755
0.691177529222422
0.7703475616035491
-0.46566751674730433
-0.9283801482082934
-0.5455807213412975
-0.5231355653969219
-0.24755021095295415
-0.6231312360932904
0.7614968871381287
-0.17027430239081487
0.49264264006267244
-0.38764305637980057
0.7855345508498817
0.07868522901990294
0.11842246792991284
0.6400204193266323
-0.27199772479546436
0.3426340390292506
0.7733291394749107
0.8619183974684277
-0.16303242324759837
-0.41718524457665174
0.3045828601913505
0.9162976390559294
0.7543962707084557
0.21606551785879913
0.08866398932381858
-0.7890730646449737
-0.6515994521251707
0.9412407685078015
0.0416480348493804
0.5816673228501985
-0.2583093792687243
0.26708836182731943
0.33923093195833176
0.47870219420799787
0.7636322800453417
0.10629192438945423
0.8215587787939944
0.8874840319493833
0.25235385689039447
0.778734775247977
-0.347108120882045
-0.4276722745950772
0.4694130135650627
-0.20674598255094656
-0.5155739936964638
0.26199057741419596
0.8673253284283138
0.0024258722939025645
-0.057924667799741814
-0.4442416495213992
0.4933680626918098
0.14687546394096773
-0.040656879162033865
0.44681073781507363
-0.8792342051815889
-0.7090589037071491
-0.669098276762363
0.23734466221201256
0.3540031748156389
0.25236295807960674
0.04182329061545831
-0.2413048682922454
-0.3006377579074726
-0.7458969169149743
0.5392100116953946
0.5471184287691027
-0.2644926925034652
0.14651261408487803
0.9257916252250249
0.43554761653727647
0.5002338582410937
-0.6503999162239738
0.24210382192863356
0.38253019718133197
-0.9026310608145709
0.4958108028696353
0.029324051880657453
0.8757816854860585
0.04056097074868892
-0.43938077092042027
0.32341859384710325
0.09262217168264275
0.6782640146203787
-0.879822504933006
-0.8721411620816151
0.6711844980975985
-0.5758194649598134
0.6099213834373514
0.8287644086733352
0.5653086639837139
0.014603603554761424
-0.9604229521451058
0.4413599427298469
-0.9496468561369411
-0.3516501935081311
-0.7241029653510442
-0.10223080521055694
-0.36617306637350366
0.1586301273669808
-0.6528507779752544
0.39998519251795384
-0.5870833189094558
0.35051676112050445
-0.34645827684378583
-0.6558696092174496
0.10537040723327729
-0.7098013299532502
0.6543016218685165
-0.6283406006836174
0.7577373404958361
0.22180528743565042
0.09946424071252413
-0.3051211695031608
-0.2223703864871085
0.8097327569599688
-0.04191009363737819
-0.9138804075926994
0.5743197565717264
-0.33252075900376044
0.9749902154419732
0.26571317395429106
-0.4790938756565748
-0.7330248429283286
0.7546624827489254
-0.0003740365732358697
0.31685576843975305
0.8244560263249001
0.3996043441154373
0.23156575852247774
0.8452216528192575
0.2713827516204885
0.5201503423870504
-0.9388272574441323
-0.8852718538914288
-0.6025798302739667
-0.20913089843230193
0.9135134741606399
-0.3403900733176082
0.6739995334388755
0.7098632445428712
0.09730185709709982
-0.29156433482664057
-0.2643013909576508
0.06097533576667913
0.7441533132748279
0.09307270989818428
0.43110840256917515
0.626599532096844
0.410551370151629
0.4529406950869579
0.5121079592862177
0.9370634756370444
0.24013859436340024
0.5772637571068189
0.029985363809696075
-0.23975217938531523
-0.3667189985428363
0.40564051142906266
-0.030795201871820055
0.4177942909422765
0.5724374525421958
0.28437778214166576
-0.7542172211774447
-0.7633237944000058
-0.294777313279331
-0.7246325470864456
0.38482079491403653
0.6811999853436548
-0.738353069798835
0.7831644351782254
-0.9854468518215576
-0.3330652433186465
-0.1615977585882471
0.10184192080230403
-0.785959196589612
0.82752177741095
0.3093199899901058
0.7872336015866328
-0.028515790940432106
0.35593858659415667
-0.37786194559080455
-0.0013837797142417507
0.13051364943660926
-0.034041301038346905
0.7052122142847232
0.7390568091210838
0.2700750295311347
-0.19912922835387148
-0.1263167019079432
0.7950664628923441
-0.4310510465399935
-0.2369866166359016
-0.42433991216347855
-0.11886586982669956
0.8464911545946641
-0.015344010511784134
0.9105255340670486
0.7358144484359466
-0.5141245262894003
-0.46949530904628145
0.5834299053253722
0.1682417116742274
0.5859033927512967
-0.41650670754167995
-0.03909411130961438
-0.6701755164108021
0.9362189986343696
-0.08620030123359057
0.45813210096397006
0.01132850349289849
-0.7707386011389572
-0.7097512645112631
-0.34766210362843664
-0.7934535450035947
-0.13115627781594896
0.4682374015256352
-0.11964867377722777
0.49443544946822215
0.4674526401632273
0.49830852034435624
0.255424192769131
0.14187659863374735
-0.6339932347260089
0.2781965563385984
-0.2984620441778074
0.8737955435601172
0.4188150352433353
0.3053589801096652
-0.03682648013528356
0.5315229524913159
0.34057764655194256
0.2782589749146265
0.689306179056238
-0.13928262811033099
0.5611585044117577
-0.7847394484540313
0.4604689684143084
0.8809440640179949
-0.848443413272963
-0.7006892542150427
-0.5540084800907421
0.05528547916439108
0.22698625799237826
-0.6358263957599517
0.31841930101148064
0.9979759602387683
0.6141048095806176
-0.6192857751519178
-0.4975919512547453
0.44320243114633584
0.7355688497800112
-0.3951839025848074
0.9775230869078204
0.032367348525299766
-0.2113232334912114
-0.42385281831086496
0.46644397438400054
-0.3986183935350791
-0.8194319847978371
0.7496313866965669
-0.7457499630186821
0.8102354031093224
0.9843595743470219
0.2547277237786867
0.30420430494315176
-0.6503946603932431
0.06921019383975668
-0.3421641152444195
-0.2503398812516484
-0.6522219384830468
-0.24718919218630564
-0.9906299031447208
0.7123628422366299
-0.3699910370757895
-0.32288952571609597
-0.17130869839033602
0.2791440848662654
0.04172684348304001
-0.060941263377374044
-0.7555895428971027
0.8527182747744546
-0.1680731702274223
0.47413035941379733
-0.08512837490267255
0.9022721300245351
0.679974603269121
-0.6016148754421238
-0.1929996050188283
0.6106886850273829
-0.23157923956762128
-0.3883545381006608
-0.44283210761579705
-0.7187821508440717
0.3437737463393129
0.13366493136897217
0.48687252797287606
0.6144390758685156
0.984731874408298
-0.4157784343412081
0.03947671869049785
0.8188755506992706
0.4828222255210939
-0.8816835692055451
-0.6364755706403451
-0.08282941743697836
0.2931831568320036
0.30904258939518736
0.6909143649560556
0.3295675771765605
-0.473509383533379
0.5283277265150952
-0.6270159688140999
0.9952195697514667
-0.6523850374486369
0.7289764193272641
0.14667719885002906
-0.10749456760944298
0.18784071932136404
-0.2300934922140876
0.7122522737864605
0.7566999150937952
-0.627346669548394
0.7619545196051309
0.24753551219243164
0.8689343764595421
-0.38707133869333066
-0.4947308038177378
-0.38383370390619787
-0.25189030933909984
0.2070067385276444
-0.21250807766264335
0.6526815558255474
-0.10298678698862629
-0.4536616645306091
-0.0009824586490998488
-0.6333101753223864
-0.610848445972209
0.7417815025187899
-0.6921348825780294
0.24960773541923098
0.06469995029883058
-0.19209472852401377
-0.6534364802376484
-0.9675570138253009
-0.6221993366243395
0.28907311889340437
0.4666537751355797
-0.18917651538430236
0.20966486898958037
0.9788790412266397
-0.05267204060920161
-0.6454374268387171
-0.25403692938521405
-0.6369302610335745
-0.15880105902435915
-0.8958992955067484
-0.5104938547802413
-0.1358977281717575
0.8154715330991924
-0.872133922020744
0.616486414607327
-0.22419909832404605
-0.5706978475085562
0.5590579599133225
0.22058538113176684
0.24089493807021478
-0.11623614073526456
-0.9076986417799366
-0.2223586763726193
0.9913416018022507
-0.989486859779189
-0.27980572906400836
-0.3096467036935626
0.7846726328577278
0.05810603174668616
-0.9497426377766194
0.1733374465471329
0.5965720571764548
-0.56548194859729
0.3571686708278601
-0.7068770293127611
-0.8286168011178807
-0.6344752098708211
-0.7401970562786584
0.999887149057958
0.5665697182571441
-0.4244070747488564
-0.7860950708333432
-0.2268472419252825
-0.013516489344497451
0.5156014340684971
-0.2789227877165996
-0.8029146713786752
0.3735645504552423
0.3726241834225046
0.8098068256001687
-0.6084552152106224
-0.10109238985476621
-0.11964558815345572
0.1250243564928959
-0.7017949853900716
-0.12803024982961864
-0.3512322740296996
0.0585046991382141
0.30815066169207506
0.2652044103714428
-0.3230972630713673
0.8727863381194392
0.10967604217552496
0.6724816282719086
-0.9081199569303862
-0.07351574199112809
0.2016098393487884
0.852111976848617
-0.5462339213463239
0.8524272735386389
-0.4819707510722204
-0.7703197241585318
0.06754514986497906
-0.422160948377462
0.8519064854223295
0.8368670208129763
-0.6600539242784278
-0.5331389407410745
0.8743867264784362
-0.45154664633800223
-0.6518439372962506
0.3937904139280344
0.2145951507140087
-0.062833146090151
-0.44014915723407944
-0.8006927557361181
0.007383331950867378
-0.11956423997999788
0.27472647328701116
0.5255003167644345
-0.9536811286712976
-0.7624026162618556
0.0697296231097102
-0.1485107282205278
-0.2585685251377903
-0.17940258133177145
0.9940465149033426
-0.20470798098894827
0.8341656799724106
-0.8238134776079657
-0.2987249761348618
-0.298155248738192
-0.4406095047831049
0.6989375283918282
-0.9961998705393718
-0.13502245247450384
0.22189603380967404
0.297707481104563
-0.36285079995737446
0.5210007434972521
-0.589920306780652
0.37968247474401795
0.3145620875863604
0.04431607169626517
-0.986529561958698
-0.8467636935363179
-0.40724110844996164
-0.44845261004452364
0.3980009942733893
0.13541658160796843
-0.5672861440501014
0.31251171374831044
0.7830223297516143
-0.6618770900207438
0.06996555281751671
-0.8837092852634212
-0.2316403860577656
0.5595498766217559
-0.7588202370311923
0.044918686602169355
-0.04957778450244543
-0.5734487007668647
0.46581491380909634
-0.1869792564149091
-0.9765299974572341
0.38098795621377723
-0.9164313423825659
0.08509936698885379
0.8072606949891035
0.7981831043265291
-0.8451832466672795
0.591235804381437
0.5460473493618798
-0.541405501223762
0.7936546645285154
-0.6015273695695882
0.9379737497105165
0.021193006107093293
-0.21316719153569363
0.7405065476860808
0.29563341921594244
0.8254278985304548
0.17242357927838836
0.7265756438969222
0.4943689526769923
0.16851696695050422
-0.8287351374728569
-0.9098526875260142
0.5272130543052749
0.23469969930880685
-0.4390083594822298
-0.3070012851610162
0.6260058451246031
0.9314243191495681
0.12962215248370845
0.3534345367528635
-0.2760588398182937
-0.6604173121184846
-0.4096365394108217
0.036640288863882375
0.4246313426815187
-0.5293299964560045
0.5269881136231136
-0.713174652096189
0.3703105674549636
-0.6251217706341641
-0.5933129918059805
-0.548573723351967
0.04732442480206345
-0.3301789103017203
0.3886555958182447
-0.9900373308718657
-0.7555180933333308
-0.5851416266860545
0.40182882193403
-0.6688533243964478
-0.8188717698208947
0.9980978128912712
-0.4875632926594222
-0.35983862534374444
0.3242271594194277
0.6797999329726403
-0.34362283338119193
0.604060272395764
0.7302323443852832
0.07806151228488334
0.47765956447405866
0.27180128936900516
-0.49608805899934705
0.41278002299518746
-0.7345904910226073
0.48083794815351766
0.3237407949995923
-0.2796101397107109
0.8515532267467896
-0.31357387510565093
-0.9605319854074423
-0.12807098748560852
0.08805742567622321
-0.9399209210371096
0.37179366536083824
-0.11988877141813292
-0.8326668523597736
0.7004460124924303
-0.8216798199305013
0.25588566846700767
-0.2034983393451828
0.897145148137046
-0.9077276534674794
0.9204236559081087
0.5328952277288614
0.972820661033754
0.9924455320577865
-0.9444648306995373
-0.3589530716216436
0.050073831117433576
-0.25646470921134146
-0.8551218025883707
0.10294011285620774
-0.6050687777615511
-0.24348227512647624
0.7078820774595687
-0.47749050807111826
-0.1751865967421804
0.4259511046164872
-0.6573937662951943
0.4235377181342259
-0.9161378900426151
0.6234101267004051
0.1992472962363354
0.5951794226618976
0.2070264228747407
-0.5416358468189695
-0.9080070265304963
-0.9233897135230711
0.35452097531805404
0.5000014960468495
0.8944421125427484
0.7265416873238866
0.16522681914126203
-0.5742074062419593
-0.7795134562831081
-0.8727188209808889
0.2728157797601749
0.3283541451804479
-0.045576566996351486
0.05278947952312052
-0.7183218498277888
0.6887422804085226
-0.11221590255388003
-0.09465883647998408
-0.3018657123428963
0.1702193633959168
0.5106305391156907
-0.6617648771996105
-0.7389541102928066
0.7394107691340095
-0.3144438616396745
0.7234813954703978
0.47508586631618566
-0.47918314614889734
-0.176220130704678
0.6451177550743017
-0.09600081279096462
0.6282602121726772
-0.5698417511430511
-0.9360399040718499
0.9446490336376057
-0.4350244595234376
-0.20032782014453376
0.8912711323991602
-0.11945058581389345
-0.7555340743631322
-0.9506090209442615
0.8374191839991811
0.9743762506003362
-0.3973860984025426
0.9642671556443785
0.24686301763591634
-0.4272774907665098
-0.9543042655521168
-0.08423093624093858
-0.5264244429734377
0.23099129551543185
0.7993264275014322
-0.36935641209980696
0.27540580156318506
0.4689133189211441
-0.9872679625539857
-0.1711380593231513
-0.9862387568306719
-0.27722280926740517
-0.4666680894544857
-0.7863208514080564
-0.028536042255360217
-0.38661518874441736
-0.519150616471789
-0.6467355005312365
0.20540205365562314
-0.41596781204141964
0.11597946125365843
-0.7462757516024947
-0.3074645194376404
-0.8047820811256967
0.8020527177949197
-0.9621246393283618
0.7616185050150748
-0.5030927565116254
-0.6471368025142257
0.056765236798517416
0.0572784372338202
-0.7147046841457112
-0.4899533089082977
0.6480106718019876
-0.3753451480176051
-0.7962892837060787
0.6836842475800198
-0.636885942263371
-0.11125522065117388
0.3491312899235737
-0.13427737019641017
0.05334414317050218
-0.3576149757264866
0.9357831517977264
0.24358442439483796
-0.5781363201621126
0.751424253806031
-0.46608782826088224
-0.9550579249714415
0.9446377691518886
-0.3972458884411836
0.9593787772071363
0.6212913664603681
-0.7058630160007706
0.16111955952399337
0.6494876551309514
-0.2756208246715177
0.8610220920765717
0.12175862403311499
0.21599869538664773
0.32905751299335617
0.02551392767572036
-0.19422198100331012
0.29078151873594105
-0.7290790056432792
0.5946887887474024
-0.22283631573760965
-0.6837512109352191
-0.15397133803502827
-0.21091782427463035
-0.06698130276744951
0.7148134012625142
-0.3716870678375044
0.26942932332758396
0.7702375948204989
0.5453155996301777
-0.5982545738537042
0.5087610864620602
-0.9370312732617705
-0.5251607751227478
0.11394938713567937
-0.4691002812173728
0.9031113368453263
-0.3969515630062148
0.6113417529654699
-0.6136145164345377
0.5433415977022213
0.0336428115449634
-0.08787017522358509
0.7049204382472067
0.531948996140307
0.6092066299257748
0.5628387335649072
0.21120073810903084
0.6481583125417409
0.7007176933515367
-0.8764451311518919
-0.5060562044605958
-0.11294130722870821
-0.06627966739712177
-0.8320135124426646
0.3210439897082449
0.4051737575610217
0.4652944541341997
-0.20085424840149813
-0.6208976784866476
-0.7834597053795362
-0.28262285031925205
-0.2588308222838547
0.5460769956988041
0.5550742987113129
0.9509549613238943
-0.18159612332829544
0.4188644802199817
-0.29992543531440097
-0.3404319436940699
0.07515320845952789
-0.8745517300134409
0.9606952264713746
0.18127089908117155
-0.6231761931076039
-0.43772203464828263
-0.10123221681079198
-0.0534677868504323
0.5193710225504324
-0.9010926584801426
0.24530201275527497
0.9640517856643984
-0.5993795820443097
-0.13810196868499158
-0.0720853027270294
-0.7135042709080628
-0.170023606343356
-0.35713421522207
0.5692203447184827
-0.38153562616626613
-0.6527967219265589
-0.9737909217514809
-0.32576443203950345
-0.273740169169443
0.5698901280327044
-0.2076514058702721
-0.5078998998631117
0.16915884554938154
-0.23243560014287246
0.0030920599897734657
-0.5168153951211256
-0.8367387360552103
-0.05736813020437603
0.9598218845778848
0.42630648245509417
-0.8043335223741361
0.7876841461952464
0.05787762851879874
-0.3873079751902726
-0.28456883702960023
0.006335335479560333
-0.8082900677907459
-0.34813558871730255
-0.37913706039408424
-0.06583148276731299
0.28749402427966153
0.5546518213453238
0.063260031906901
0.059484719165726396
-0.9497314396439
-0.9012493114573321
0.5367202591959173
0.9060857509412497
0.44875446977633815
-0.6512718362770546
-0.3442473732830309
-0.9203792220585629
0.358329948311336
0.31045267556454736
-0.4154292318177941
-0.6150237068409297
0.01648735507649768
0.6744186323226389
0.8904294782372504
-0.5618838830506072
-0.7001761758516245
0.544301799245295
0.21432578902228916
-0.3623158875420174
-0.9642728662882929
0.0238141005848016
-0.5345245968959182
0.3718847673008978
-0.7031073754079791
0.9142856859506001
-0.23511164760576198
-0.6592115438592676
-0.06122911114907481
0.979801633531193
-0.9488356610309805
-0.5332596055493839
-0.4203124695842373
0.04754558419861743
0.7351532237573846
-0.16398719898545133
-0.4858605135902321
-0.009728301433105102
0.6778194114561191
0.1434956760019528
0.3216128187835725
0.6592073366886333
-0.31246154982989305
0.3831855524342198
-0.12989692300708566
-0.09537149943482714
0.9754229803302759
-0.23677513726149613
-0.7737293512629972
0.48011266730675484
0.8052711840893714
-0.5892758909172575
0.5278303750730589
0.4460609744909765
-0.24140484262668926
0.3098275308282432
0.612221523980008
0.822094546466343
-0.22248563510777064
0.36575934662446974
-0.32306460767861256
-0.8141461436453137
-0.15472309942069273
-0.043707954220415735
-0.31325746626690765
0.03904872916632085
0.3483563299188386
-0.99289341594255
-0.4389811152329912
-0.9478644281550821
0.42317780611461986
0.9029385825736911
-0.5559314660956685
-0.8183785442881899
0.16193758306215966
0.6073259236039115
-0.8787389953942308
-0.5545913574534913
0.36777786854045513
-0.8059672500035895
-0.8818022361285458
-0.8125866040736205
0.16670807321304904
0.9365768664609919
0.21471174526481307
0.4473095735145267
-0.21716933508818248
0.023536889341237766
0.27788568242005773
0.02248902537343711
0.5457320396843544
-0.5067127511272518
-0.447911257203653
0.23010886099442063
0.5218190701989822
-0.6086207454637378
-0.22430808448508688
0.531882109166683
-0.6686959814811428
0.15839909503113758
0.13920128172534785
-0.43676482268074124
0.7834852530398806
-0.6251554394394805
-0.23037773255787464
-0.780955994757289
0.5040718011320517
0.06243296893652528
0.4283808526065833
-0.21365285098197684
0.17584553794087188
-0.044070912379424065
0.3895111052209985
-0.43231697713164396
0.4625947843363074
-0.24331281015694572
0.16090965185055395
0.35551538015713335
-0.4645207551334316
0.20647536797561883
0.5420663430160988
-0.8911734303290726
-0.2315663681649036
-0.7916654286600515
-0.17194021039347374
-0.6122254804937493
0.6482168936303225
0.9276601286109518
0.5576722137680419
0.21182512232726958
-0.5453037625202348
0.03559118481573176
-0.4941272699121435
-0.7208449359619478
0.10664232442807808
-0.7449430698227739
-0.3104216081732418
0.15570481574716122
0.16270250440232337
-0.9454988712238652
0.33254860146579457
0.6824712971233022
-0.5822071855769029
0.6624051869901577
0.15377410765326838
0.691135331697863
-0.10736774081268652
0.8392853941544927
-0.9567821272397603
0.5188455659865334
-0.6398323223924101
0.24075332127317606
0.3661069316052843
0.731245976492908
-0.9754291149295833
-0.2758861081181483
0.42780166111716644
0.3139563452864471
-0.5726080143413907
-0.7629245294461706
-0.40787508752117674
-0.7221770992958854
-0.6738858901515137
-0.5996767895187687
-0.5383581570362643
-0.21813271154262326
0.5696460311480236
0.29960657948667824
-0.09976052714890837
-0.6895334737105496
-0.13391304656313752
-0.7909848443354948
-0.29755891661602285
-0.3722750881059078
0.46003707573764774
0.08942492103322719
-0.9935055555659096
-0.10448682619973093
-0.7364377223904361
0.754567213745869
0.5536752107239131
0.5677666959333219
-0.8607308395591873
0.6959925900635415
-0.4012203140130255
-0.24246480140392457
0.07623965096705598
-0.06838739328321353
-0.6837858593094401
-0.2002696415893379
-0.2684202585190987
-0.6277565078311191
-0.8305983338189065
0.8935959587044473
0.29787490806225936
0.993234195947716
-0.8222176503910592
0.24435577495427996
-0.1879953224689359
-0.51555485601233
-0.9234458431733428
0.2791395941840875
0.051512475360698584
-0.26892553344174397
-0.00670278740789243
0.4923083073783634
0.5924370307733684
-0.14262419123771108
-0.33365085270510053
-0.7520169989392265
0.6062819959057126
0.2652631229483158
0.471083268159852
0.43450897001259703
-0.7307828422554066
-0.32150050367783733
0.5936607376909586
0.2856581972607499
-0.515529014549903
-0.8687536052162192
0.001112420129190994
-0.24960116092139328
0.4575424558157102
-0.7554688512732792
0.11044204866579044
0.672978358504911
0.844471752387641
-0.18705861066852258
0.7790528816720668
0.8290769242623137
-0.5687295043437515
-0.08447738802422466
-0.9022381885877069
-0.639503772351006
0.8554429378756851
-0.6718374022982216
-0.7881893110195621
0.5484633768485323
0.5907206358887447
0.9953261278420675
0.02804930866799915
-0.27725843084420077
0.6284641908358761
0.4435577990823152
-0.8233618246902976
-0.23823588806650053
-0.12704463870649318
-0.4591365460013488
0.6996093048356384
-0.3135893590858181
0.8456976686810471
0.06863312860706139
0.2735017447581396
0.47427706402416225
-0.6882991398566964
0.8484597236420515
0.5895841255977525
-0.7677395307651471
-0.6108471087774965
-0.05893694827852558
-0.3922919905339892
0.48271717369730016
-0.19923652531319935
0.9661921464986265
-0.3110099154149355
-0.5930432139593507
-0.2511359014809047
-0.5487302886987522
0.6098857637994706
0.5821585865677574
-0.06422975735092606
0.1206998724919306
0.8600031617855104
0.5377130121281881
-0.4374446053814647
0.9915263894904363
-0.659251244858611
0.27824794695591226
-0.7147431130486808
0.4331944862492081
0.8885631389227078
0.49518926593007606
-0.38322160821751017
0.2158148625646703
0.00814367459463039
0.9174330739796674
0.03963812854101678
-0.13305496837612418
-0.5230529105307828
0.19929997153742574
0.9956122197515751
0.045585370494086286
-0.9207808430748476
-0.8318340907172923
0.9243958981237184
-0.08395461293425388
0.1543467238672782
0.8852474336086484
-0.3573675834042198
0.7662894655131309
-0.7875173069409016
-0.5692450719553976
-0.8531036885982495
-0.09860567230060946
-0.1489895133615453
0.4712206501742735
-0.9116575414566044
-0.5826270077896523
-0.620197285552357
-0.216875032355903
0.4082624594322135
0.7455035139094712
-0.7953481125809869
-0.6062211812142777
0.07539130919544568
-0.25737789737401506
0.8774654503894164
-0.8254444502272686
-0.6219390515775107
-0.15108084567845737
-0.6606381672409054
-0.490223651556823
0.06156483083896558
0.7969750722854372
0.6288967917961792
-0.28379468496286897
0.8748950037411858
0.1875362106590468
-0.460847170182797
-0.8495632691644421
0.3190974974422103
0.48834023201399446
-0.9993824255971282
-0.004797792317706939
-0.47952437158051153
0.7905258708439311
-0.11972457815133142
0.16931861793977787
0.4719188494360729
0.5199079442166672
-0.6549757545227308
-0.6696147414756279
-0.4683845207041326
-0.5800317585813444
0.10535465941252453
0.18712492869532227
-0.17960267239417593
-0.0808414544740792
0.303000601057525
-0.9376575817920567
-0.7053697575724582
-0.8577312587262296
0.2220740050882548
0.00397628284561824
-0.8566696583699185
-0.266134738768937
0.7513720299030597
-0.5760233810425301
-0.6432677180557311
-0.322974629119271
-0.16856011960939488
0.44824985199057243
-0.2588156818346261
0.459140386499741
-0.4208079691986113
-0.9288709606347667
0.2462185577863174
0.04448949118866552
0.9203365198865148
0.15648050627509735
-0.97776607526707
0.23003777539454462
-0.3102074750643453
-0.39386288501742506
0.19732437592120444
0.7241153517245926
-0.86876105222034
-0.6801585640076109
-0.7655015252169697
0.6944922882374933
0.7833694114106724
-0.887147095534683
-0.9622021617053125
-0.2633233418244396
-0.8396692753707211
-0.46842524804191266
0.6129264915174213
0.18675393661700945
-0.5412264681612842
-0.8013506915224906
0.2989931838270876
0.8076434364942491
-0.802525552628925
0.15792087213832118
-0.9351124657239465
-0.08042725771489834
-0.13136752119895823
-0.15790728029951007
0.7618365844649553
-0.11161971569074103
0.6688787275902819
0.42991621539212166
-0.8479817946077817
0.445976365671622
0.5514100703695228
-0.9304009870875165
0.6549244416018232
0.8399423589273689
0.6443005895132066
0.8007236081695845
0.8294427526895929
0.5725169968569555
0.45161530958140506
0.7437745784662408
0.0804061135041112
0.3226939946177183
-0.13361916478547164
-0.05525417168691282
0.20857401918809404
0.014897727658596205
0.8976798184887633
0.5584786673076543
0.42580060214284554
-0.13056959377448818
-0.3805129694370952
0.023132086387985362
-0.14430587937798633
-0.05511026262253149
0.6130620472242603
-0.8586108813628126
-0.9790451803797244
0.3843287531348767
-0.32380560761940935
-0.2975561908517459
-0.47320638536810655
-0.554897228513856
0.42332612685167303
0.8788615828674156
-0.8913236221918366
0.059069347536572
0.5397330302521446
-0.8140060282790458
0.932319773627309
-0.9226936477234753
-0.6561991300880721
-0.9733158173359506
0.06618626851599485
0.29372730276740033
0.6480933569259306
0.9414896864292481
0.12751331216585005
-0.7493941197312464
-0.2681227850095327
0.12572904695311005
0.8135453744671728
-0.6002378257143652
0.850277214222944
0.1619279741450026
-0.7324062745893936
-0.5878131882814657
-0.20973505297568873
-0.9384378521154533
-0.2078262569026117
0.3377994473553656
0.032623968829610384
-0.6659609640068969
0.10952213166530878
-0.8730399330897318
0.5733889730465134
-0.9951600339347213
-0.38917158322421397
-0.4136070153232325
0.8411164545811234
0.6999648907060603
-0.559668010556305
-0.21355238317473235
-0.340966200351595
0.8850368049210302
-0.9234986969535044
-0.616450325006195
-0.07692975959966097
0.23407882081240383
0.8777758163982472
0.7979172603493978
-0.6346784825142124
-0.29086621510353594
0.9464817153716878
0.3157593915136714
0.5347546280363882
0.854084536689315
0.9955871598645678
-0.4722133307406713
-0.6896961401005965
0.2193808849734984
0.0037815919778652063
-0.8992347446770572
-0.15471376678299054
0.053296507834517115
0.7327997365669987
0.8936970760795966
-0.8430537909848654
-0.7856004448799274
0.12336714672463844
-0.10462776723568346
-0.8476274053703854
0.17919637434206126
-0.2937199773984194
-0.2939775646679359
-0.7616682384504088
-0.3606900791846275
0.025490923025041967
0.4109301625570858
0.8659773810718183
0.43050525037098186
-0.6810673626645756
-0.25793462102885667
-0.5824314262961288
-0.39002540674706543
-0.8347042610381952
0.6699125006350359
-0.7722514455482044
0.9321222811019498
0.9130853846752622
0.5946613023808156
0.7955858098787709
0.3510545235465474
-0.23224568163841686
0.35004191013642605
0.7827328241489149
-0.9356468570856935
-0.40275994653007374
-0.9939156957659869
0.61432439494046
0.11136948808589353
-0.12953524222271318
-0.3943366699079267
0.7385883736901011
-0.2791092632432792
0.4107541773332275
-0.877159337051362
-0.22208340008974647
-0.8806779254670964
0.2704047168642141
-0.5975983620550935
0.5084895927165891
0.8219815227166898
-0.08470713327922419
0.10239236750076297
-0.40757968140711354
0.04825800710147665
-0.848373488745775
0.3797994262389932
0.07724122941953282
-0.08852510483295539
-0.23172110671776291
-0.40234099692654945
0.27886581437598124
0.23755575078657354
0.04779144905959165
0.02569285093780338
-0.8530893035969926
-0.8544375993512796
-0.3962928236391594
-0.4621800863040988
-0.7534131876891152
-0.26149754211533094
-0.9557305851432389
-0.9698414381030096
-0.4679677397738773
0.27129025229140713
0.45142193951759335
0.9944945150437738
-0.19358636388721373
0.9247702476631023
-0.05595172983297725
-0.6817710050586026
-0.8511268381492219
0.2772259707581617
0.9764811961387165
0.9186115144378098
-0.6861024923600565
-0.7631670052011825
0.7250853606235774
0.5069834488515963
0.25684933074374006
-0.21745492598172755
0.6764867812082342
-0.24072306309705604
0.9469213402107255
0.31147722581523163
-0.8249432701800712
-0.1334417412652502
0.9566624308287486
0.41386177691154113
0.9102661070872866
-0.4967087453134382
-0.5682150236942647
0.12425760632524785
-0.9752030102823392
-0.37802942166952325
-0.5754396207714556
-0.02119532944317637
0.15277028344060817
0.6991078636052348
-0.2808861879919582
-0.8595824637653178
0.20072416655307812
-0.3715499382074343
0.8702809771670514
-0.1943679790513304
0.9890582603247506
0.47705632058905145
-0.19588089679641918
0.25014169938498965
-0.10531603175683002
-0.5708269442071419
-0.9668110331808344
0.2923350115274188
-0.4176233805702654
-0.7418986131442884
-0.26051216799210253
-0.7820473935154351
0.22408727213245982
-0.8352703761675888
0.4207356011036121
0.09272090788356291
-0.15742888155729684
0.16136107730472005
-0.24928876162073954
0.23638493614488443
-0.2826637776591592
0.19621692498890808
0.9452167001379963
0.6993969798596182
-0.866746448305413
-0.042500590687509776
-0.7770390668760963
-0.21338657921601456
0.7823757583147599
0.8098961520362158
0.7960480047970604
-0.2014769633865654
0.7603572207462772
-0.6126877802872872
-0.7636644453466777
-0.15029021202742254
0.9059239616812187
0.8866765599987918
-0.1309802552908763
0.12432180579608043
-0.6990651086890622
-0.6023636675564283
-0.5482160944398069
0.5697834415393459
-0.3174912824237366
0.22122972237775396
-0.15612094256967413
-0.25717846880070017
0.9848982065283078
0.3270321550719786
0.5767229711869086
-0.6081234645897722
-0.8483765778299646
-0.9069136010066579
-0.3663849310349274
-0.8266350433934138
0.4972036899562464
0.7910707865767548
0.6812971841871454
-0.1987962711933391
-0.5501788089361868
0.7994248470770557
-0.7153175262426195
0.130466073617022
-0.9713491042597431
-0.8710959587983831
0.3959291940299168
0.887836783969373
0.5580491973259378
-0.6933686023014132
-0.0050018342285749195
0.06310222583729552
0.7724155797061671
0.015643929825555514
0.7839072907879172
0.443456437410388
-0.36667812088624774
0.8582479059679444
0.9433529323952723
0.6127083982617783
0.9451654948154502
0.9024062611384571
0.12582137194309762
0.7026888097978505
-0.3884385635390415
-0.8660442873361591
-0.9087813018991155
-0.7849989935964579
0.5378868135706616
-0.8597765495074381
