-0.9949198520274771
0.7657818880737026
0.026767499552495577
0.795491831044731
-0.4863552238187687
-0.32295736167219746
-0.3992226437696409
0.3740888931913293
0.7768040087903048
-0.8542068049207296
-0.14308579656631237
0.7278116298639474
0.01770901867420771
0.7281605483027389
-0.16124526066781963
0.8799160684329124
0.8577711865387241
0.607254024995932
-0.7195218120397684
-0.18872917814960988
-0.6745426340477829
-0.08294407333722953
-0.13997724550545576
0.5208319631980747
0.7541908275743803
0.6728165261462116
0.2728056316736438
0.11458301187971842
0.670042933368743
0.8763116354334133
0.08772907561089505
0.6625258986175144
-0.370342543980106
0.08704310253463854
0.13814638235991783
0.06267176903052762
0.29488481253509535
-0.3782629602759058
-0.6958199841765145
-0.9849151127166029
0.930523031209072
-0.3533063430797023
0.5799660861922655
0.6527025090582477
0.20253785744677422
0.9656861861031871
0.42746023749415873
-0.24355108209220933
0.06650268650927194
-0.5985632452180965
-0.37696564192841575
0.7094907301136952
0.7328082907256754
-0.39791112603733714
-0.6726000001479624
0.7420074732649449
-0.22540461641240483
0.05703321733012534
-0.8353314803507352
0.2427244803944919
-0.35220586967491485
0.32365797124169093
-0.3348285085114926
-0.5404267075641371
0.8714014671101593
-0.95747493484358
-0.5588797080413253
-0.6806347187923159
-0.34462247657162814
0.5352878938509016
0.5749794970793156
0.874532253686731
0.008415378717494981
-0.28100823660928986
0.06538516787533788
0.8129202917755838
0.8565487359476007
0.33218151463678747
0.09017498365490484
0.0741932690397944
0.9629870523794719
-0.6345977723200407
0.47942953226397833
0.3746746175176132
0.7524035519605197
-0.927972138033845
0.8360380751926773
-0.8011345398421246
0.16089637834764803
-0.10994643253751168
-0.06500975651802432
0.4146575293502046
-0.4873701966875479
0.031054008772005703
0.8655803229007764
-0.03724475496311319
-0.8694776496066463
0.4428997306091431
0.6630715644704062
-0.9408712845061751
-0.39037509488860644
-0.9854578720215779
-0.7129385365895136
0.09501823429379841
0.4768511032024674
0.12281152961955089
-0.2832481286657398
-0.018335200563633913
-0.7873710185055731
0.13343991164876368
-0.9831104451684376
0.8255881305699861
0.6919669805998392
0.5244088875142183
-0.33431237775332234
-0.5553659722095587
0.7216701146791344
0.497148471241464
-0.09473811839651103
-0.5899896381926901
-0.6151919237560657
-0.371276799497271
-0.5249451621427277
0.09188641817658572
-0.6244461028537602
0.4435294305235067
-0.7124251527220715
-0.4769080638968435
0.36680090045163394
-0.5890433093755907
0.46114574582697965
-0.30909005700364567
0.25091344528861326
-0.30537337947541565
-0.2005725566025498
-0.5223703640241282
-0.4560269855792678
0.16508410765048165
0.2740339637293916
0.8575335142010563
0.5347439429389269
0.18659579649786595
0.3001591892956206
0.48944417426808706
-0.2957906530648027
-0.514790701735246
-0.9606281325664174
-0.07604972493779716
0.48681677151521097
0.6784526556112869
0.08364250798941697
-0.9146931998688779
-0.46831985686025845
-0.8795144193395277
0.9793049637062132
-0.6429532970434058
-0.7265353412198232
-0.9451231426830089
0.5775598550811685
-0.22710803399917223
-0.8921895112911553
0.518872867262888
-0.4517387576562568
0.6871855418221922
-0.6636843550972555
0.868314482265623
-0.4689246586312301
0.6999124465702156
-0.3743632512367381
-0.1828530263261725
0.18366414035232848
0.5091480303916027
0.0756092218022868
-0.7235767840684177
0.8257512003999656
-0.6498253976306667
-0.4193654246342864
0.2350669971337216
0.06391769548624149
-0.012927980924885452
0.06059477339019348
-0.8388005333832478
0.15340725782697096
0.4691085960766359
0.26229330751155033
0.2667886174678453
-0.673274155764483
0.0017916856953927862
-0.05668286819686097
0.9845367600414576
0.3379472074634602
-0.23387215279934814
0.5827296561429094
-0.13453557920166848
-0.8101627329317638
-0.2542231228120011
-0.8349035736205122
0.7915439192589417
-0.6511871150305923
-0.6558145671002633
-0.5818083693869305
0.8071632046542216
-0.6201028153748416
-0.8608954590349323
-0.9316129740008625
-0.9289186819523845
0.8540335065761882
0.12141938189210388
0.9043523813934793
-0.8697275066374925
-0.44630062753637145
0.25246594425443836
0.8852354645255569
-0.7000214228468933
0.25571968200449136
0.573883615095697
0.5061942904328864
0.6632623247232032
-0.5253867805387127
-0.9087928103260139
0.44411975131478165
0.5971363235709661
-0.9687399128549858
-0.7939496968172777
0.4491791104020193
-0.3975691660897427
0.7603410863989195
0.30775110960183416
0.7319789623567505
0.9380100575723396
-0.16374468248133178
0.45128307599695416
-0.3933769475148503
-0.8973649313371719
-0.6253579040568176
0.9126927810627594
0.05555186856138805
-0.127196075986185
0.5413022345180816
0.09031434466463395
-0.34420405555092315
-0.5452540946829556
0.7538959535516061
-0.12973644790739347
0.4057780224074732
0.7388944262758514
0.24022560910249724
-0.9450220780127012
0.07596185018370538
-0.4263736425621363
-0.23462544453365108
-0.7788944769094299
-0.6763568625863026
-0.7387788221103808
0.2895562810829213
0.8103058576907032
0.5571573036270971
-0.9476462546181987
0.8731004296625662
0.3112222913697922
0.9733886500570241
-0.9641643214628999
-0.9233099027083758
-0.3099184506126491
-0.8453544250569369
0.31830231383323704
0.555136913549632
-0.623680848522985
0.24363579032755434
0.503028894142471
-0.4415516819720193
0.41616566728095705
0.9408897508256715
-0.2517801641237478
-0.06455992453680093
0.16886558690772935
-0.7695556460763
-0.5653286588530093
-0.2677982712783724
0.12122352541162007
-0.6226364641224031
0.8437267648762086
0.5170887249414129
0.7844646569581069
-0.3428154898404612
0.8451187028218861
-0.4379850640375311
-0.4718759359202087
0.6240420695032771
0.6058831395155897
0.680308103246047
0.43536643099342487
0.8946833556066152
0.2055857213883734
0.6081909594960795
0.5094315119370152
0.7500221224588679
-0.40753658546978855
-0.4385720481055517
0.69398246182131
-0.916502206387046
-0.8773062269095169
-0.4456784687996562
0.1681462466611312
0.6401806999818909
0.23326015138041623
0.6837108313810898
0.24139073791935295
-0.8067018077253345
0.8485885818515362
-0.9824847418747138
0.493279361931777
0.4862560249148453
-0.6819000104253641
-0.36071326886001565
-0.14017749877488472
-0.26140867462519957
-0.1507287097137482
-0.2887943708906018
-0.9549989437751314
-0.7744922670920935
-0.5892330769269392
0.6018742951337666
0.06562205548370792
-0.745831313396415
-0.04339631187069193
0.3302151218815139
-0.09133019318399338
0.4187009506866235
0.581647423931839
-0.8689717333783697
-0.165281107115697
0.007869130258795654
0.14524481738626416
-0.07336188984339964
0.8339573250708199
-0.7556537709399465
-0.01196139719087741
-0.9057106416203313
-0.3068001296346563
0.547037885851805
0.47425667742327526
-0.23449984032735038
0.8583045112512628
-0.29044066230440624
-0.26429531611844204
0.22152105440498726
-0.12070897695251959
0.8846776989787399
0.8996092939879476
0.6269674745905522
0.554590243366059
0.2215854337313703
0.63282144850129
-0.8658567556911951
-0.38184929241513355
-0.7804518285686517
-0.7722733078213837
-0.30822849648301553
0.8490963395609192
-0.7158330688017058
-0.775511809177492
-0.5012815392406835
-0.5953516088485045
0.9179161553453425
-0.06867825092563473
-0.634716363923755
0.6156487544238445
0.5276920496399728
-0.23497558378695493
0.8495986152584214
-0.8102209937248714
-0.5963997302920772
0.9021496853664523
-0.08851488970234911
-0.5376671128103638
0.7883337770402379
0.8005118640061686
-0.43825627555259294
0.14077110019576722
-0.7232896478268984
0.7537399242667691
-0.31014075624974424
0.08439313256837311
-0.8115010839438443
-0.16835015327924863
0.4647447429178877
-0.04215273566586597
0.9077752109953563
-0.47208837502180456
0.058079996790201927
0.7926520997301059
0.395157978239264
0.42208209347835157
0.5192923959838898
0.39765273485505825
0.7177626199530192
0.6625853563342188
-0.21978361639553
0.5053901988029703
0.5735452700162043
-0.25468183983566717
0.8379349116357913
-0.892427770028539
0.3203075146867411
-0.9977434573325352
0.5233616687231832
0.5914514470100001
0.8751365438391518
-0.15961607361571017
0.16338449364143037
-0.7169991893755983
0.2849307399015393
0.014343993487618611
0.07902855722726865
0.6417630682914928
0.981109521443841
0.46463401000820914
-0.033930542117512896
-0.9102031997049846
0.4382296606849627
0.12875139820466597
-0.5011613937548152
-0.21913788845509918
-0.8908309644394254
-0.8580389546215366
-0.32600924526369135
-0.9487633590044415
-0.488493337414865
0.40024139445394646
-0.7822283687382441
0.1930717677438445
0.008174613678731069
0.9240665374021686
-0.07470719963524064
0.10572254181055296
0.9942231417543559
0.9593384860563052
0.47402124930572054
-0.3524975642111621
0.14348067475066784
-0.24194353734845997
-0.1573213984048245
0.3319929721957535
-0.11889181458579823
0.9872957660195121
-0.3126662972463603
0.6552818429129046
0.9290555290803304
0.5901206572393682
-0.1410947927284758
0.18098355672547028
0.3978949446210449
0.0854587405354501
0.325128737155713
-0.2603913302330487
0.5956166123271245
-0.8438081911981552
0.170988378406711
0.3397796458070841
0.5004208737164701
0.5565984885849007
-0.03766739653685036
0.15065032399825817
0.5825845134967735
0.36721970643428703
-0.9708642106834569
0.16301861052109134
-0.36297786142967614
-0.6704142849054922
0.3438886537368373
0.5399235946915091
0.05177563806740193
-0.5935883186299025
-0.4109622858751434
0.6247315471096244
0.972526351567975
0.7086901504528014
0.7712193846699336
0.6748036446759855
0.9466094389153834
0.3648872395208451
-0.7671992895482409
0.08372397250819952
-0.3743141094091116
-0.8700961446342386
0.8954414873121408
-0.900772882447912
0.5504547784716398
-0.5883593929507305
-0.0831129304494207
0.9349493556056052
0.02501252555819944
-0.4265729858034315
0.5974949633889233
0.9197593045413774
0.9589982862778459
-0.6228859200609467
0.1354340667563887
-0.4873597887399448
-0.6275099395992307
0.07476120584642887
-0.6208066458385195
0.8677839740312969
0.5365190663668122
-0.9128114604372795
0.7551680198143629
-0.8565512466977376
0.7210012998357596
-0.8933589069490895
0.4763767592475947
-0.11990128746144668
0.9237196385372335
-0.7560975417850042
0.4765191464550822
-0.8557511403848137
0.6742465847525712
-0.4476890748507596
0.6429583699336372
-0.5709938502891294
0.9781528854182697
0.11231160428766263
-0.615225023956202
0.4207696979935751
0.7309569224551338
0.919340877094597
0.7851760183306562
-0.7937818469778759
-0.0725994312480136
-0.6116485203853497
-0.44619939070411907
-0.07246692732255133
0.3263462989724777
-0.11800423112352232
0.946210155948908
0.8929966737352804
-0.18533872123838369
0.753954472745058
-0.5752193730070341
0.3163999272047193
-0.7687700974423812
0.25657728594074314
0.09855563811237533
0.7638419176858566
-0.8459550565219502
-0.6508948448235619
-0.26929159010836545
0.9595245225489801
-0.5201422085741332
0.518329664754555
-0.4456149452013183
-0.16025473510909838
-0.11498798784639663
-0.6795871034562455
-0.9199793216190262
-0.0883162791962484
0.6040088601717852
-0.21162635870466873
0.2608520831604142
0.8517483086734148
-0.968024264931745
-0.48345385729336776
0.32701148779923317
0.9803414419451408
-0.8307754387361537
0.6398783705888973
0.6023261240652338
0.5687248439869035
0.4549358554489362
0.21344672981925483
0.2776467115804606
-0.12104707403527826
-0.5745148054484073
0.08710850599616493
0.02591935835024306
-0.7275483197019055
-0.9389260807640214
0.267427866355457
-0.39927961319649397
0.1157441180887635
-0.3915241476851319
-0.8208865908487042
-0.9728091017011884
0.15792767936009855
-0.9816236632255795
0.42801694980279836
-0.2525444422308136
0.8674896900051647
0.7121928622419569
-0.6942337643117491
0.33130065218667504
-0.6958154278015174
-0.7639082288767198
-0.05984819245064288
-0.6253965869785818
-0.8547709949362277
-0.6723181711716364
-0.17289026787965778
-0.2426984883168506
-0.09730092053878159
-0.5058822923836048
-0.27488165432365363
-0.35101471347302193
-0.7821070858536552
-0.8692468483602207
-0.6236768016003928
-0.4080669248139439
0.6828334448770679
-0.24011513398066064
-0.6566334669043998
0.19610841591758654
0.179238793336437
-0.05377725709374048
0.7662393238373355
0.7752660726708325
-0.7783084319041922
-0.7397265949653198
-0.9892492750541493
-0.6498321373147764
-0.25152128686097885
0.4260683147510138
-0.7359015382869845
-0.7092074504911368
0.791424083854537
0.21317333943507277
0.5273064220468782
-0.10724129399099502
0.8005719849933022
-0.575453819956447
-0.6541120843288402
0.32796676450770446
0.08116350997310318
0.7523735742774897
-0.9339862053691366
-0.2697478190306093
0.38327606336102993
0.9677066761601725
0.46803360805263194
-0.7399045275435081
0.8541727178349172
-0.607828530182762
-0.031873293869281616
0.3418780048998713
0.06573703218685845
-0.3459088020669061
-0.3086123414785349
0.05283038681226171
-0.2555994467794036
-0.5810876150546818
-0.00555794631048423
0.013627225827290479
-0.7990351311811645
-0.6509345870187928
0.5472512996872945
-0.169119701003976
-0.5842848060420494
0.018389798867233687
-0.5276013146705887
-0.5539459265472766
0.6181779103853136
-0.6332328209816869
0.14446362663100865
0.765571770851174
-0.33270036467601916
0.596898268192199
0.49043845519976603
-0.25501629793406777
-0.4078422880515731
0.6904491274644606
-0.1432747242620902
-0.5552119238604183
-0.11902788093405725
-0.41303900903861934
0.6323425137368068
0.46654389828152376
-0.1092878234885113
-0.6512922665206082
0.5054381976292144
-0.21260509818445916
-0.028923397194329015
0.7050293675714339
-0.9318053521566296
0.9582437124172929
-0.8554478115853847
-0.9813716937377062
-0.7989546657189834
-0.07622495765262971
0.5162157317944691
0.9779758424616878
-0.24856324096956728
0.16371910373485976
-0.23920405210677131
0.20712591680006964
0.671727963095228
-0.973395502077328
-0.39876537311692606
-0.3063309445171962
0.057220173545341924
-0.8231994330259458
0.5330295655030748
-0.9857636489493771
0.6480257101764451
0.476116818521759
0.9129006267283177
0.23931581950323277
0.4410676588671689
-0.23695926204207884
0.697900874819783
-0.46264611354931695
0.856433502847769
0.23233778392958992
-0.7861046831877962
0.09023467531505225
-0.7057260289716423
-0.4758607085233997
-0.5785980142642873
0.874142084453869
0.09067357744563909
0.6855040598404527
-0.8499744191160405
-0.7440680691971944
-0.3911077261278946
0.563799732632045
0.12770045154731546
-0.998756483412643
0.009176855290297103
-0.08500661871142201
-0.18816904380074773
0.23339117534332776
0.6021319335009157
-0.7051877552004411
0.2755857300251858
-0.14240882625471207
-0.13974216815645257
0.5195426300824015
-0.742493536904802
0.09277845403315443
-0.6818142083903567
0.28469872203644986
0.9372500489013096
-0.09210681308160851
-0.8255884544140695
-0.25395330012721207
-0.9244064173993638
-0.802250880155337
0.07733517204831597
-0.7400435188593941
0.1531473144632387
-0.7874634184418337
0.21908362495948785
-0.5646859372980104
0.46950929240492356
0.9058905118003335
0.9662866540632031
-0.025263656604505913
0.24595007164518434
0.3675721989011045
-0.34399135335517017
0.2602372607542087
-0.9049080697740901
0.19590194469588207
0.6864330117144346
0.38656653694883203
0.5646819179004312
-0.8918552397904778
-0.9822906538386991
-0.9681477901646873
-0.1767647171301383
0.48412510450463997
0.17225288726635513
-0.04191127455161148
0.4882315110336597
0.29445294721797977
0.6665985829058771
-0.050971497713515834
-0.19077378816428037
0.38243037763794874
-0.6921483418542635
0.5104244834270695
-0.4485499415655245
-0.4080028093139252
0.6300623637237468
0.76387633471637
-0.8387483763471171
0.7551731998438498
-0.9624721940173424
0.3882816075771287
-0.43897834819221826
-0.9358269138857165
-0.2806047938890224
0.7695996863981227
-0.017654006213861262
-0.9650295657190675
-0.21251806678317653
-0.5582970379185643
-0.9458159915654436
-0.9707897566797719
0.5047798790062383
-0.3321098689978963
-0.2374566231010804
-0.3626521755004555
0.49340871722837787
-0.3325762559749965
0.4176419074348494
-0.645493568219746
-0.6374792630811903
0.7179364257039744
-0.9686227478473945
-0.5613646050619545
0.29723406130613705
-0.21622604357600794
-0.27267376416640987
-0.3055648893913532
-0.9278431044186151
0.7212049532300957
-0.08320899295572648
0.6269227859046895
-0.6346274804151768
-0.5868857223092145
0.86479552760407
-0.4406835564137279
-0.9434739386231383
0.7438098112086962
-0.4385911967758682
0.5358606746214418
-0.13558738851271768
0.2049043589720272
0.6071237433749312
-0.09643112313835744
-0.4783669166179789
0.7190773345903987
0.11815810461977216
-0.060787194281292756
-0.010710086227731619
-0.9466919532292917
-0.48454488054161127
0.4126256380642386
0.31133401510151937
0.04948466609683888
-0.8771609292289475
0.8953889381973565
-0.4589821508016263
0.9817169203113216
0.2911046104705144
-0.4242427035783516
-0.11784974912806478
0.5142787701187252
-0.3578196174739332
-0.045124043455452956
-0.06723725406340297
0.8930702718809178
-0.7275419498025102
-0.020774018703561214
-0.49324101469660686
0.9034295342050598
0.22405606642759146
0.3283765180179028
0.2298610207903029
-0.5061757702756688
-0.06988820440981991
0.5445268114506581
0.5896150921221512
0.6005156217754817
-0.09959000036413679
0.8887363328259132
0.7082002922324693
-0.3313517243976589
0.8337094944022672
-0.28586476057198573
0.3990804133163617
0.00864146763374496
-0.308586021037506
-0.2379219742946066
-0.5115678307715756
-0.479567818920156
-0.6949648566057507
-0.08677343392639458
0.24676671609337486
-0.3351092352856493
0.9847924150096481
-0.9278757413878389
0.16774947616419333
-0.44409518101925327
0.9271906875130271
0.6147834709861764
-0.2901996132310489
0.5057631880454061
-0.12494234142802307
0.239145474556979
0.5008071624716606
0.5046884868269232
-0.4388237030504629
0.7714353560502545
0.5246890764987033
-0.777598895055998
-0.5081919569493316
0.21891545528861522
0.5424457231569833
-0.48110315961051375
0.05425825592402789
-0.7163563872350112
0.6229940202009716
-0.6575544243740246
-0.7175539712399719
0.9441676264561423
-0.2618121743069921
0.940033458758083
-0.9471666866311319
0.6628906959650982
0.7178083660678118
-0.1208706344976842
0.23488375568715414
-0.25686251765007473
-0.7465119086971146
0.5429864393966553
-0.6099914234106893
-0.360291101382366
-0.6659966306729792
-0.3095764687943212
0.3801847234075255
0.6276431807698748
0.6108411535551588
-0.6789993132451109
-0.24254871604643324
0.3963216978990278
0.7541281131783129
-0.4505048304917372
0.5497394790705779
-0.9797064952126355
-0.34058422569235036
0.44274439592571624
0.14817377643276397
-0.05520710291044839
0.1092331577869099
0.8325118804818841
-0.6234513440087892
0.24066028093796432
-0.5790161265105671
-0.6379310218562728
-0.9545753346561863
0.5854357047816332
-0.5302023657710513
-0.8518681738641976
0.0026300250609307962
-0.8980617214499551
-0.9049932787059749
-0.7566952036075392
-0.4456537985760456
0.8412831677012365
-0.10401291344911234
0.18822967032716775
0.2916629960341037
0.16355851058381554
-0.33336880760665033
-0.14642735360304648
0.9491419897346414
-0.42130249375176576
0.42032153916870674
-0.35189592792596125
-0.27315887309629927
-0.11635946574492073
0.5588214199884918
0.09695126557836709
-0.7710082631296493
-0.11137869201723616
0.7388453076184633
-0.6484803859378678
-0.41762801487242807
0.4059328711699013
-0.02094163082164391
0.6054569496503259
0.19605861599736274
0.7874012359691536
0.6942271571655367
-0.6222681623268427
-0.5482383120531382
-0.22285929250364456
-0.14935393299866728
0.8047366213237757
-0.04384385485522335
-0.6204561729816838
-0.6548747849588683
-0.9941797950774971
-0.967321482108839
-0.23258927136483076
-0.9106967355970303
-0.6546301890589623
-0.34677431576595796
0.381949154802147
-0.004330859053019553
0.41107250021113995
0.4442465285018826
-0.2568337844170636
-0.11707289518364528
-0.12200203115932418
0.3490754339907798
-0.062358294622307575
-0.9725183692425432
-0.6973417530544754
-0.7368601331781883
0.044014562491685005
-0.8708250405743199
-0.5240016564795695
-0.6613455313113321
0.10651117547548972
-0.6480800630721355
0.7024315549760156
-0.24710285170662405
0.8807321107537904
-0.40416045732797823
0.8291978373382185
-0.006635086793821632
-0.9440059935618468
0.2645924270702462
-0.5764333994694237
-0.03600641100018942
0.17963031969175103
-0.8599663881954556
-0.6745119592609163
-0.2613430910764438
-0.2592583304487135
0.4460985007889422
0.33760852028553945
0.6792874951792576
-0.1384990798668515
-0.9238589688704426
0.3637033666546854
-0.34327311283399253
-0.8468919092697238
-0.7165904256542177
-0.593780383103661
0.5119204533288932
-0.3810047312450875
-0.06049134014486923
0.10164746057410223
0.03142932879212346
0.5274537050138177
0.4574272632406913
0.42426839558116436
0.9566471419424949
0.5986870364743164
0.8026250736638127
-0.3292544492377667
0.9687257491574695
-0.004570994712332244
0.12147336427022482
0.26429784731878536
-0.6580812575936033
0.06136987444890263
-0.2368620141154898
0.5074434716995828
0.1736306644422203
-0.9310905846176913
-0.5771224571811919
-0.029465531362161457
0.5372228835957289
0.02020372281136673
0.4251886747336182
-0.26289524346403015
0.055633076862845465
0.4547654477048799
-0.016000978879849415
0.4551255115670767
-0.09494142466629363
0.9696401337591889
0.7055801382718354
0.4682533665015376
-0.304056919106787
-0.8459334625395625
-0.15503882791891255
0.434582499268686
-0.8051839896765309
0.06829642912052947
-0.9192279224996809
-0.9187950076178595
0.1630261841177274
-0.044051187782631285
0.01690703727452081
-0.568642964206536
0.4813522865616402
-0.8664936177040392
-0.11679649728101471
0.5391075607870597
0.4815008639620193
0.3759117239659835
-0.8875645311028486
-0.3789415017916056
-0.9464579297182654
-0.022036771139490874
-0.8769550575783167
0.7758306624392561
0.5828519682948214
-0.5508497209658774
-0.6644312888470782
0.27873917223208466
0.4680946398278205
-0.6572374922837609
-0.5512786388308326
-0.812598259250741
-0.33929718139172627
0.8655810817650058
0.842498207960785
-0.29336182819220946
0.6784099796257637
0.34202978508102144
0.5240409608546257
0.21130315029188762
0.8097045636398417
-0.9710821267112315
0.9266093076082018
-0.80969182151223
-0.4429530297767712
0.5300747457817825
0.6829491760745279
0.26932787017428916
-0.9979552121916095
0.5156167794806967
-0.1530626765045182
0.6416418860083903
0.5317153855808661
0.5477622910876565
0.32221702801980645
0.7476261465568139
-0.0060737892795530435
-0.5031404881544341
-0.7916040415927439
-0.37699393854196916
0.5441868082960934
-0.3642163191605037
0.2324791452127264
0.5266097738121549
0.1818546792910909
0.9802936197529906
-0.8684677268123546
-0.21094669462274385
-0.12718974819504392
-0.47561497634233674
-0.7394804899112541
-0.5176181889564468
-0.4122507366474759
-0.22950396746695478
-0.06714666833872984
0.1560062653008336
0.14415241440224924
0.48164341441454916
-0.19768907438019
-0.2296396009914945
-0.43970256894406146
-0.05937149018272492
-0.30657393529153043
-0.39142958203799294
-0.4390604467608463
0.5900858558984969
0.9512739521085025
-0.7933507128503654
0.3307261070599705
0.060236925820814635
-0.25235051344962356
0.3369117680277849
-0.2391554838755363
-0.8062038985152744
0.16896701662928315
-0.34734243025054345
-0.4903435750498164
0.15190309596347196
-0.19783003092128904
-0.1612742233873481
-0.922666091342986
-0.8541840201793207
-0.6275851144036786
-0.8543856621469543
0.4842471613228332
0.8626999391747496
0.4931757625413993
0.3472538043565543
0.5712639207535439
0.3113183337559722
-0.8750069574142503
-0.4209651214291372
-0.04498788172054913
0.3753833330953662
-0.2578525153045803
0.7565961249384696
0.9095266556041404
-0.7561647992449001
-0.942330486165833
-0.8267816529559195
0.47892023180943966
-0.06398120240897942
0.13375626794003148
-0.7413127797770029
0.5537770601306846
0.5742175950377353
0.22689140061023494
0.38317069639586854
-0.5090563466801223
-0.015822905840612078
-0.7352391942154324
-0.9061300398959233
0.07513612345229403
0.5253826068009049
0.5990506433530349
-0.06424111122274656
0.9502260864450636
0.15513223553823385
0.6771537552333098
-0.5765646144912722
-0.33224836132917157
0.2609768497367675
-0.18147754267033545
-0.5015279042555292
-0.3402839273000662
-0.08878178511086876
0.9052104218561885
-0.9859687209610817
0.1890616439538999
0.8135408243188527
0.32601488842491855
0.6902365596739823
-0.3383985079707543
0.4147444012295376
-0.5753498873803835
0.8848231317634552
0.657295314287992
-0.3199875530004923
-0.9708663643260393
-0.3115239383625221
0.12370758777136426
-0.7054808994439921
0.3587627874604793
0.9150989570313712
0.6818799557386794
-0.04211552398614482
0.33899730857671995
-0.2181736492081785
-0.2833371719521034
-0.6112386241748389
-0.5168688989040375
-0.029890393911683244
-0.6852516113020142
0.17183575249434346
0.533540341510383
0.46036673687310037
0.35624438674080716
0.6154131771419946
0.1197990496780077
-0.7648455258233211
-0.7834670837045807
-0.35221506576449113
0.34087059561748734
-0.8822679288402333
-0.14005975754496514
0.7473090274534593
0.6961585424935348
0.373044988418477
0.7919956127817696
0.5836711559380223
-0.218242110247584
0.4973927649346108
0.13942375188470346
0.8170264275072974
0.38410757135182516
-0.8894460514405049
-0.30438745573054726
-0.3349262043309613
-0.628756998018241
-0.3669561231085663
-0.4157512140643709
0.7143137466373402
0.534022357838509
-0.8907786342331969
-0.9762030330158478
-0.48095878090298316
-0.3164277003044471
-0.8113887739736305
-0.994083429879077
0.9607222564496736
-0.6819345472616625
0.3754615175907816
0.10921570679736448
0.19534377382812296
0.5192511656487377
0.40923733430502596
-0.8887866000654343
0.35424563617711446
-0.3535572019971265
0.2905496007864292
-0.6013963685250663
0.7866712714472968
-0.8334695231974099
-0.09713542857412172
-0.0538442914729107
-0.07361277876926042
0.6140600991487797
-0.6365335511779631
0.20925831035088982
0.6937860115243983
0.37849601847767134
-0.8512079281654505
0.7781585591055129
-0.9686842474291308
0.12204811350125744
-0.9656160709950883
-0.6101285636602831
-0.0479034155563518
-0.8909498794383164
-0.3462469244514548
-0.346756485490886
-0.36678494947039253
-0.9068108047089012
0.5764725934742092
-0.26989617416064093
-0.8552994665106912
0.509967727615855
0.8620265743844235
-0.2773305316503498
-0.049127668033283056
0.5382391609618462
-0.4134882100240458
0.08196683388312542
0.6149124028756066
-0.5199650144678247
0.7730185842462072
-0.2872568208564823
-0.5694497018982083
0.8002596232572243
0.666157946109204
0.9395582994506428
0.5202132378403819
-0.5801513677639265
0.6803085460599583
0.4815052410246812
0.7255597754588536
-0.8962069575407987
-0.5693010243396996
0.05740397196932312
0.9763446127093716
0.7705080442187702
0.41111160371451083
-0.952057872578693
-0.9627525173025617
0.03906121340191904
0.8182961836354565
-0.802006933203778
0.22696256129587256
-0.30514991834246996
0.03163769338334799
-0.6973488462961039
0.15554227665635967
-0.1481401353079932
0.26031816139154995
0.17521240151318884
0.9719898458944118
0.9853678786259605
-0.9641704134436626
0.8466829334998598
-0.08372047253173776
-0.5431646880717538
0.7702471648077813
0.12501679569668722
0.38111757548593217
-0.3319434117199018
-0.3411535556749057
0.8011933658230703
-0.8992476302819086
0.6722336041803052
-0.4180436660911031
-0.21583057290779695
0.07789093909750178
0.2990607355210846
0.008386350344674165
-0.8797114909707906
-0.597772078845068
-0.3407153681012003
-0.5364639971822398
0.8491566620529594
0.268023304280947
0.8760849122271768
0.9927951573840277
-0.015939033050898166
0.38850476870352857
-0.7035467947500769
-0.9624807977214684
0.618225167021204
0.47336070409101993
-0.76918653033946
0.13419740655485368
0.20539251922643564
-0.27000913308666297
0.15269775972334632
-0.25307296939880586
0.0011719640675351695
-0.7319914574543518
0.6134134646957619
0.5541058765474982
-0.14894408332411335
0.7433217488569204
0.8227427784731685
0.6579723883313819
-0.8764323171756496
-0.7352301914362847
0.8385975898991123
0.061821265185593166
-0.878852681505246
0.4635474421894683
-0.37883946736575846
-0.5178695379357237
-0.9149595901007757
-0.7001083701489892
0.752935210581261
0.5229334202576652
0.02164320515307505
-0.9500510180986326
-0.17823553066606634
-0.26017555359969147
-0.5972802246001088
0.5838361147001034
0.9850130539755038
-0.8189192425018523
0.307685782950776
-0.05833947763759584
0.7881616855218234
0.4846675470191
-0.753299595739507
0.9052452957200656
0.7422746962770983
-0.511292059594596
0.958670689973244
0.06793791996538223
0.50998289023766
-0.27712344424308766
-0.6989989325246715
-0.6431835250553011
0.03758687068510125
0.22289422464184194
0.32288890239689483
0.17077349801403074
-0.3694485511087333
0.856336128169034
-0.3160531303785308
0.7391607922927068
0.5753496645212948
0.6124914076219488
-0.22190594051404688
-0.5052886784025932
0.9743651083071518
0.4804685609697106
-0.07231985069887426
-0.575770891934944
-0.025878790757714043
0.8667453185390737
-0.19285122757152617
-0.7216942680305658
-0.1719483715255563
0.8022117021671789
-0.9480175519674958
0.9210879484317154
0.22536693352645543
0.3306456746833826
-0.46689391239505085
-0.7825898412373202
-0.6562396412614959
-0.7391044542462812
-0.5114671875353509
-0.97743534152546
-0.14286298540493458
-0.32766578127722235
0.9120382612862192
0.432244737964957
0.11569615763333929
-0.4280472724758191
0.7037459256996561
-0.22659206438754254
-0.994237449483601
0.8127781133224714
-0.7929455662785461
0.7494418652658486
0.9935711381848171
-0.08062790764740302
-0.5050130068511363
0.9675290720009813
-0.097664903446395
0.9552364970728469
-0.74690126684014
-0.8121548484862344
0.8535446418504928
-0.3897956520377781
-0.2858312232853002
0.6070140994797646
-0.06245569387458749
0.35719595063564036
-0.5411819048098967
0.776430829680685
0.09140693594767879
0.9612309242875408
0.25600013765468277
-0.06690748829542037
-0.5837621629881342
0.18630924260320958
-0.9896139578269587
0.38473340004698087
-0.9513940218195212
-0.5900840532583893
-0.7825585528018326
-0.38717264845813726
-0.33091419289058854
-0.432543415142403
-0.699420012919719
0.01612668496392855
0.6826709707414689
-0.5448733978225697
-0.5539234208195825
0.40196568655120246
-0.12056770919453474
0.5964495005526522
0.8782266886917374
0.543540899718995
-0.9814532428732119
-0.10294986031884013
0.9836858067074636
0.9940857105566039
0.7472352322672129
0.02320134315545097
-0.049245491752634596
0.2907895140597965
-0.676625332386642
-0.5865902027474199
0.20830605153610682
0.24777927010391787
-0.888392328528079
0.32519501349624824
-0.39265470991111484
0.5068401719214217
-0.6953129727554088
0.526084752814822
-0.605402925872333
0.14780409460227162
-0.8535374853921458
0.40500120092260694
-0.24503336876531878
0.038639638019235534
0.19219263650501217
0.21924375261322182
-0.20784482391641235
0.7639469380748425
0.2877231086693124
-0.6192931644236148
-0.025363145416416044
-0.7606029198702671
-0.9335461976787536
0.7608868928218993
0.7237858734708136
-0.2881941059723596
-0.11920427724489424
-0.4266101598261651
-0.28455911822742275
-0.06245926526609202
-0.5159451598949565
-0.32198683541217
-0.2794144125705744
-0.1360269929808613
-0.7807645741989608
0.8777648663414004
0.028417584922362016
-0.6967410727734253
-0.3409113347563071
-0.32486099722172534
0.8209960129902893
-0.8440366285895742
0.4114630851126555
0.5709158245010366
0.8229932406605645
0.9276671487367487
-0.2688699760966937
-0.2311243673992458
0.4657613525470199
-0.21227564220202266
0.1456067894281765
-0.469180673805071
0.21917308556354098
-0.3996507821210904
-0.6864072278689228
-0.21701870765074371
0.91852650957459
0.24970772796117968
0.15186474872813127
0.9526715684783742
0.7742749369864952
-0.16624719400439747
0.7617754953609426
-0.42782603739212743
0.7620761141823942
-0.876929911790786
0.27488750881212365
-0.6474011542462297
-0.9245752095784507
-0.7185747817441799
-0.3511425746932133
-0.4696348231063545
-0.7153936068890816
-0.31571849582000855
0.9216671840640869
-0.7276131686546496
-0.4284567181354404
-0.6316607190270673
-0.4028182369804356
0.09860653535905461
-0.6595907984609795
0.3093576422636384
0.009667842488252809
-0.3372391576784939
0.4877670821865643
-0.628317365029937
0.7831919883002705
-0.14469419760664182
0.6449114774803391
-0.5863026959225208
0.44546255502040544
-0.9264378843271701
-0.29195706963747603
0.8412702512655963
-0.5074194417296489
0.16222092672108923
0.9262963779668438
-0.4255560655238195
0.9948883530453598
0.2526376511788513
-0.4520301613497413
-0.7452021841006784
0.04411684333271415
-0.47413217059213486
-0.4662930732165218
-0.9847188614661868
-0.3471613798862052
0.8746888148747105
-0.8938162844166635
0.4236873008206392
0.6688764847260646
0.7267283401815781
-0.7350479401711003
0.16168388583104676
-0.18737094313886904
0.2757014965090363
0.2872021886596243
0.5714590279108356
0.7415757449291838
-0.6721064275238224
0.7439977738862227
0.34241018675775114
-0.9588585019698899
-0.3737999395914611
-0.8281277951664441
0.47146290313382466
-0.8820881898019735
-0.13034178528528084
-0.4270302285798755
0.5016597050421221
0.14122528999952322
0.22845099386371026
0.1108242935067103
-0.005709087785656486
-0.34231692166529104
-0.3438555301087798
0.7120449666202924
-0.06325752620974323
0.3976747699836707
-0.06462854359029047
-0.819343794324664
-0.22011824261303237
0.938114255728451
0.8257161879539605
0.8754250886048052
0.40815111786109615
0.9784178978619535
-0.7967265923875826
0.589519479918946
0.4847577623271233
0.10177031478195331
-0.8389028773156533
0.17738103883764422
0.12403396529461563
-0.8299571608953824
0.3510851038225149
0.5824984439975296
-0.2994136945122001
-0.42855619744755225
-0.6910580917755651
-0.4965582221027234
0.32434811702299404
-0.3586582780103058
-0.20136945200804246
-0.2827030286961476
0.6038711226005622
-0.8498583681190224
-0.1276863637325485
0.3704145884767067
-0.618448559777391
0.9044632673741759
0.5247450759441568
0.6052100489626338
-0.29195874863105686
0.4870724986606829
-0.28232612223557285
-0.5007338067644553
-0.6341221935464363
-0.9222132078367011
-0.441624890180347
0.23858213247880533
-0.6126272053353765
-0.16671317907140204
0.5985635241341303
-0.2737829065042343
0.43543451912355424
-0.48365375897670426
-0.9097594810780725
-0.24707399271663655
-0.8792084693241282
0.16377735615112243
0.8362356440418728
-0.6203988530968383
0.039750672917441277
0.35967112299516657
0.16026702452849517
0.6815390803340811
-0.7733398192920047
-0.12022227985765954
-0.19370898267548187
-0.8021416376400532
0.1518991213009977
-0.533719217278541
0.3624263135147707
0.8494622524312168
-0.8012845757581957
0.14605052862049117
0.33018661368748603
-0.669478687114998
0.3727402288685848
-0.6090737981227181
-0.02684759750864929
-0.5620767370031832
-0.5287663767588824
-0.09164114463738149
0.815429312318914
0.24345823381386444
-0.5839626268631062
0.19667039427829747
0.7193377728804307
-0.2265832318887253
0.3765040546283529
0.6831322904709005
0.5111477153162107
0.22683849723293092
-0.09669649015935566
-0.47640518748461824
-0.5647811891209202
0.569793251105376
0.7207343884825552
-0.061387236538218426
-0.1727858367605417
-0.992878896497823
-0.8289759323472861
-0.23408040203170266
-0.3335059287342519
0.15676480296501905
-0.8047574582549015
-0.33443477502503494
0.8987719172822644
0.35154602144257474
-0.17356229864870398
-0.4197449162222535
0.6760962681071658
0.2938605144638049
-0.252869714793603
-0.15499237508931296
-0.3023571706434318
-0.9362064889064612
-0.17033872723862897
-0.971510133655779
-0.8959073834487183
0.2321132893545419
-0.4486748721892304
0.3308878667870321
-0.09201465865403047
-0.4639018121931886
0.14572442119400586
-0.3142720437135518
0.14476135768277176
-0.4654594302179351
0.1732828849873398
-0.6348129878659001
-0.5317208920858199
0.1659570068579841
0.6024397541500457
-0.84431067335794
-0.7889872465721259
-0.9066933632308778
0.0477008071823517
0.1501535199555366
0.10627847109469579
0.181892689287674
0.08081760495152612
0.2989660274242647
0.9534350557684008
0.9576153819952713
-0.5711062344868905
0.21669383437325562
0.40740444512666385
-0.4745389719425934
0.739373298696989
-0.16283558097238093
0.27683484485407006
0.3681756267305978
0.15501251832743024
0.2839675134069619
-0.7394616730101915
-0.7658755725803204
0.6849730399337848
0.7327269532765843
0.8694740025001619
-0.8472403692853989
-0.5830304343853676
0.6097620838757816
-0.5634979673609921
-0.20189482386314617
-0.4575657464838736
-0.47996868698837103
-0.15985138322273684
0.9795528830478482
-0.42671306079375393
-0.7941254605901151
0.037652884968851774
-0.2817117980792314
-0.37435417431908613
0.47964027899040995
0.8592631083009938
-0.6157578750779162
-0.6585297417855107
0.33995828582146204
0.7517164232103288
-0.9874475033821191
0.9528458875931802
0.22228814361736782
0.9607763274010173
-0.0796106148827076
0.26961761724862754
0.6004865380318445
-0.8275628225490024
-0.37242302610254585
0.0513507528737962
-0.6092948611786284
-0.4466869208443407
-0.946136214967783
-0.6462600302277315
-0.691325130644016
-0.8650102569570934
-0.7457555696025453
0.9041750323733628
-0.3735245188434395
0.737627333368778
0.6546825255226654
-0.27190508300930416
0.743643099651855
0.4374287898704854
0.4594054188456984
-0.11136588459183283
-0.7225255810544138
0.2159733460735882
-0.6264721578554691
0.19462306264890827
0.48006507300194046
-0.04341143324728436
0.7431987858156486
0.5432074102138298
0.49601550969142716
-0.9284185361165076
0.5391657293529684
0.3628875389800146
0.041688971470108305
-0.025584888320166144
0.10793407647629616
-0.12869236422316876
-0.4107477997625324
0.6719769208105568
0.9054940718201467
-0.4448521328353865
-0.8829901535872355
0.010659784623685553
-0.41112730356353056
-0.20143866690202694
0.9847568090926886
-0.932219128022262
-0.6109694220951158
0.6032710892459059
0.5436410382495287
-0.01033610126051232
-0.40415006833934375
-0.4907431211057509
0.18381751733875018
0.03237237461247866
-0.8907531387706176
-0.010308349048003151
-0.9497357609603139
-0.8415826049363653
-0.5250937130196245
-0.3430148381827789
0.15359718391288824
-0.17275891490177608
0.39788805834828
-0.4646043296653355
0.8616919797468814
0.8928564007735347
0.03235095058519555
-0.8607895709943854
0.9363340112745364
0.691920121181405
-0.0014121249148602022
-0.5899039657656915
-0.9470960736918237
0.2184648815385537
-0.9954546603563343
-0.15066873079206822
-0.5753007051994383
0.6013878403802637
0.027850674609871895
0.5478666895446453
-0.013989000676523089
0.8665708084464769
-0.37011400813522766
-0.9683052298394874
0.15451343469079837
0.35180034480191913
-0.6426226041445215
-0.35220316721625156
0.8331398807300854
-0.0004915118152277742
-0.06222190894688606
0.8584482604068344
-0.7877973714172528
0.6880759307600259
-0.6593737613326385
0.8351249585187841
0.3933493078575776
-0.17768669062610942
0.7805006358426061
0.48815507759679444
0.29918269207887005
-0.4453626536850519
0.8404625952333948
0.9365260695902404
-0.661362106141093
-0.7825134601480948
0.5357609566484707
0.10734864069573691
-0.13839356072922593
-0.42089670676019697
0.5310483186269763
-0.8776530015329127
-0.3140237834977173
0.6682203381985516
0.308733949199558
-0.5847709861055708
0.9550424313904584
0.747256823548502
0.5001532126351129
0.80191996017534
-0.9427442910473423
0.7614401574882765
0.17203859304723945
-0.9587957494224333
0.5992149896598715
0.9545970629774643
0.9919340313591971
0.30313881807041865
0.8418609226870188
0.3467380561670528
-0.3789765238336198
0.9027884328949805
-0.9393493061214482
0.6352241355848334
-0.9920855852557142
0.4620740682584643
-0.8267923073362153
-0.8766660378369848
0.5810167540395796
-0.6336124847698574
-0.8380913501062932
-0.13567413709382947
-0.038182198256116795
0.24386567464851283
-0.6477637137349861
0.29604857535324824
0.32705769345713165
0.8256879588990094
0.44799107305565
-0.7902606876878995
-0.9784123657975015
0.5195213392133511
-0.2702954836797977
0.4490576698752149
-0.2007659448361434
0.4033394774018437
0.7233983420939685
0.13889204491331242
0.5327701405739027
-0.4815060777008502
0.47736706930936634
0.5080545861473111
-0.0071235088995269535
0.3387317333811153
0.4875310147108092
0.18344708495023165
-0.41838884090901063
0.23437210812278453
-0.6593882223456602
0.6381680050284237
-0.31268824559637975
0.009196409761464519
0.43082434995662466
0.5560384102734537
0.6103277610565299
0.547802520436399
-0.939706032785429
0.306994085473014
0.8039611708072696
0.6207409984160512
0.2807441166346427
0.9832966690447302
-0.58697008618531
-0.2972361819233238
-0.030758635724456473
0.1321289082654149
-0.33527029147594156
-0.8615669287677654
0.511767567941612
-0.5748200132601269
-0.735701017708366
0.24969174779567216
0.2874649524879087
-0.24966214156261124
-0.490499503798989
0.41811802987233393
-0.8076029991502747
-0.6176140423495717
-0.0864005200774638
-0.19582878389256275
0.9317116410427004
-0.6982396622253089
0.47024499939994757
0.9652649284669514
0.11190168041024529
-0.25164851166765523
-0.8096793155761643
-0.1863032889852112
0.7790301818783008
-0.20576957685064667
-0.04440460446915817
0.7627043139402048
-0.40101408967115804
-0.48653062454788176
0.9282364339948703
0.2672234381761005
0.8392970958013788
-0.7667636298401437
-0.7293865458785316
-0.20522621682448805
-0.7004537976965379
0.8247457561986533
-0.2454591715737131
-0.6896474094093017
0.486512229186304
0.8579006631851789
0.025111129222090023
-0.20145822493418275
-0.6741983886224963
0.7718402746463502
-0.2766985419626484
-0.07915421858242855
0.9967796322554605
-0.5867129260537713
-0.7496565056873974
0.14395531032605824
0.0086233180250741
-0.8619188055395066
0.4185565272921199
0.267690754340004
-0.002200644524540163
-0.8361885199188044
0.6456483414876062
0.6555135309171545
0.9981961310885312
-0.9657102691918904
-0.951151912997291
0.22930587891418042
0.42046914153856996
-0.29481430043621737
0.16022408792248366
-0.8067456156181565
-0.6057156891053765
0.3825553020825718
-0.9723785954783055
-0.3833887600602186
0.4607940832460724
-0.33730489706490996
-0.5742856942122354
-0.5325139716823792
0.8373985060185436
0.47890435241871776
0.8042141878630094
-0.4356785520985842
0.3689887571122854
-0.1014506207192658
-0.8163758235170673
-0.8178407921203723
-0.6177190844359042
-0.9599294393754003
0.5179179538138057
0.5794164696924664
-0.2077046837403751
-0.4806166279956221
-0.46322196505328916
0.4134315832323945
-0.22796897161107355
-0.2988042219450029
-0.5593963945737419
-0.9726008194241087
-0.14624375482320762
0.3994495129201354
0.5348514698193065
0.8602005027734976
0.795407501758135
-0.9638146870678053
-0.5016219497849086
-0.8485311489908545
-0.2622002353404256
0.7750521041224474
-0.5654770965102638
0.3573663321851759
0.12619316481465126
0.8311230268865044
-0.8284128502461081
0.8787154688891416
0.7948973268464576
-0.5143382032698351
0.7107057650465296
-0.3928355812816313
0.9598770090424766
-0.28520541511194075
-0.06490202124404898
-0.4917952145204707
-0.8291533939261748
-0.8843448834821783
0.7817153701149997
-0.5482710925177647
0.9014018394142911
-0.19712792396946832
-0.13694751601278354
0.1542113477187701
0.4711374862311226
-0.021054289367411272
0.41431251497111066
-0.9417593696606708
-0.9881995101866414
-0.8378010737748918
0.6298106148025546
0.17449816763536097
-0.11785351365295815
0.4973553966994819
-0.2570954182349614
0.15961003513340777
-0.9297173239950578
0.6802687651574393
0.7875048094610708
0.17494164908047116
-0.040109019278152136
-0.5108056824732568
0.7758734807376626
0.6372908018150565
0.31096114290494126
0.31653436109100386
-0.6587330319262006
0.9960815523515165
0.34865443172772204
0.22567584016172404
0.23041721814658733
0.12171293910351677
-0.22406358326149367
0.7972202642584769
0.2082220383488511
-0.912247548104999
0.3400109941408449
0.004412905264279399
-0.27973636220287923
-0.9356281683532635
0.08219043110125401
-0.860395231549546
0.029043399695627414
0.9383215284696509
0.3973942289071122
0.2553859858678813
0.9834366405788362
0.8469182855236634
-0.9088850683515721
-0.2783955341970632
-0.5789824643163377
-0.6346490164615406
0.9584652118615193
0.5957239975210686
-0.9982271912721805
-0.1807042898466682
-0.08871464794384387
0.8735224078536747
0.24763425964070906
0.17703651236338436
0.009321788607944193
-0.25679934305596075
0.00034557651031486003
0.2435034285666393
-0.7596061086107153
0.5150271993470292
-0.5503693162652055
0.22827063729842045
0.7020806005406921
0.8197234073970796
-0.44371341012013943
-0.7310428172176264
0.3488938070246319
0.5551722807469548
0.42823330258972114
0.09948812896173465
-0.6071229837209018
0.8366672972376688
0.44679068897874297
0.6534420768815934
0.3988641255986918
-0.10866451969096569
-0.3158680725417935
-0.39261036048521913
-0.5679418096360063
-0.49211501975222394
-0.18228724173680289
0.27814268095691697
-0.30318286407128725
0.8665888234441428
0.8989836706174679
0.20822572720258536
0.4489189606774806
-0.2703272518072726
0.6509374430477322
-0.5450345142683335
-0.456131325024163
0.7862883222622881
0.4759331604211483
0.7578282661496822
-0.6759822052703544
0.4137793451127829
0.47141111771456323
-0.7233548039934723
0.7367239117123725
0.4323551154487806
0.385902560965369
0.11878726035403853
-0.46081461108907495
0.8998425251222959
0.6645322719705449
-0.14904578184363815
-0.13922059363804062
0.3501278614113543
-0.37091403413913815
-0.738395200661802
-0.1779993309513761
0.2515531239512221
0.8125207772591234
-0.09443094814460817
0.2953322152443256
0.8773196855489893
-0.36771096977688655
0.9900201930223205
0.2138199727868555
-0.3456971923412764
0.3184621933472014
-0.4641930848056539
0.052750905202826104
-0.9468931866352019
0.09582427406980054
0.9974996412255357
0.20541551207550257
-0.6411818610879148
0.08192128459757742
0.13800980966677945
0.375765824482845
-0.10805956809848283
-0.12183449153971293
0.06916033528331922
0.37115696050263636
-0.36782327540883597
0.4558048642983976
-0.05383957451446131
0.26223000363278737
0.15890591253619202
-0.3190245061011945
-0.2822911272097939
0.05480407365479656
-0.0632738987010042
0.60361110186123
0.913416382952835
-0.4992268928649486
0.4555931525988637
0.9432389051658705
0.8496785583054356
0.5475650968577181
0.27300841120323094
0.3469370904271738
-0.5011905625891364
-0.9085951543550783
-0.8076179352816175
-0.9053778307269904
0.6588545106321537
0.8232972068094606
-0.5444991247596438
0.16372700902113269
0.2924567613668265
-0.2054905627460859
-0.382882537700479
0.792469713542332
0.634867641301786
-0.18434631462465179
0.5494951017112368
-0.391088499267628
0.7378834584141263
-0.7123399834355162
0.13819416973253063
0.432334420691866
0.6849378389060785
0.3833702051542447
0.9496490483871236
0.2375754218737527
-0.25303614896891014
-0.4260258365409444
0.955564178038047
0.5822322705319551
0.1289234694407413
0.43145302920484263
-0.9525921938293909
0.4854250366477497
0.5544702809381212
0.7662874795767907
-0.9541997956870298
-0.8228400680868635
-0.20071404535015036
-0.49607859591709613
0.08735027079466962
0.7895014349420317
0.3268357761056617
-0.45127241780516125
0.464677490008899
0.34741645116941466
0.7668467357395639
0.24061474726482812
-0.2685707130444679
0.9892913808129173
0.3045170827047814
0.03842014868942201
0.45873871739811034
-0.7306437538040247
-0.6353795613255888
-0.8000365107611669
0.5261239905234396
-0.1702737491666484
-0.8625082110793365
0.32748503936270557
-0.11467603815412697
0.6608039556596301
-0.044268947577956075
-0.5411025657859596
-0.3401697408993287
0.8974292812058
-0.6590342621924363
0.36029763029552275
0.0010911276110217027
0.34433709512049515
-0.2869988628896212
0.3856881542719719
0.17591668281207906
0.2703238519335833
0.5751279801125928
-0.12774918892162646
-0.8562728898813512
-0.011394937843657749
-0.5150622471269675
-0.03293513111422541
-0.14962472092504342
-0.05901369527299316
0.3140984977077108
-0.8420505459418273
-0.22587637977829278
-0.16994112648264226
-0.035788258233142356
0.07528137185400863
-0.6585687129596633
-0.8924599686551573
-0.8267874227721277
-0.6515318642071892
0.017055858736680474
-0.4582857085808998
0.3558555000643624
0.7340186136207274
-0.11834630921266176
-0.4242564521984826
-0.5241798398928499
0.8389990599266317
0.6101760328531267
-0.4005529421482936
0.6199517333049076
-0.8587708938763543
0.8952108755011792
0.6003645916936107
0.696297049401305
0.4668448424240026
