0.39197994228833566
-0.9593323570545382
-0.2824774070227336
0.35462690778524486
-0.37802274287304205
0.18978435095916524
-0.4190694860528206
0.14340713827084328
-0.5445996739291643
0.018299475271744248
-0.053469673990820255
0.3785185744918915
0.4147354427571268
0.24333681652361205
0.8765398697347859
-0.6690796301493716
-0.525034208870456
-0.2789200195017165
-0.5371658400977515
-0.4416415985027291
0.7504478686171143
0.336913877809049
-0.754975949771683
-0.4466690662630408
-0.504122422477441
-0.3064909980522492
0.32465693641274607
0.2100074072709568
0.5193491379519584
-0.48570536050084967
0.5588817046502697
0.018486845959619913
0.16777569689719085
0.7314975204898406
-0.8612254305021301
-0.4453392213108762
-0.580194903398561
-0.026211840164273914
-0.4561053692066874
0.41626773085700797
-0.002305003304314379
0.6845507083331159
-0.6455112834071226
0.06034062412802088
0.1400196505524014
-0.07230533656971683
-0.4863933249386727
0.8065918143224797
-0.3972274145489403
0.04244630718653486
-0.06511815748391414
-0.7059391363084879
0.49870751171659533
-0.14887341808930854
0.8788081154138496
0.247524755608028
-0.7556468534045195
-0.637096139519731
0.272311157165964
-0.9932089865518916
-0.4515661041852974
0.5872706110249653
0.4803547215657429
-0.40873208315645937
-0.20710347094318915
-0.17218635973621232
-0.4531998001633626
-0.2498920505528166
0.8224824498633498
0.7180466046520237
-0.7387066808718619
-0.8273291158218934
0.6093038528104675
0.1557577917931725
0.37683976214011605
-0.42137508177788563
-0.16128158390967018
0.6143750463261333
-0.07318773838915393
-0.2365163853741381
-0.19675374032504744
-0.6095948387186398
-0.9482460297681787
0.09899340005166102
-0.22345586921748817
0.9595817659708086
-0.44247760548345894
0.4124046552662559
0.5430881094993916
0.23573344202465218
-0.29097598595939456
-0.7985657096589276
0.8029709736721338
-0.5324094631507155
0.5924241104443853
0.6799149007646943
-0.8879840304214621
-0.25517174612224025
-0.7425069698193929
-0.7324155322207946
-0.6138839791598849
-0.5708136005288638
-0.4574741388524646
-0.5780772757845214
-0.7345644294758857
0.11959051326350978
-0.6126119906524052
0.5921115436243665
0.8371773933062845
-0.860824522688032
-0.18074736215729303
-0.19287193430192118
0.048445907509212516
-0.07746483937079285
0.6399295464711134
-0.5564162304673819
0.19734815311017107
0.5251161288173183
-0.47342150257023574
0.18049454503655205
-0.17099320889199254
0.3630347308881743
0.647247609139179
-0.4630862402926925
0.8742774924936134
-0.5085369293028961
-0.8067281780291105
-0.3179006746564359
0.71071985733528
-0.4719768047246622
-0.8855719989507362
-0.6625557586637787
-0.8338857476958454
0.5881700894916473
-0.539212973964561
0.2511494068519178
-0.3536555746592642
-0.5411262717271608
-0.8946972887680325
-0.6639157666663174
0.2188314712948496
0.3883491188745387
0.2799380631873365
0.6159464675698008
-0.7345274042609025
0.4925133407245528
-0.6091846390966407
0.7426253090714228
0.9915635029361756
0.7233682722151327
0.03785229841077409
0.457041460201824
-0.013660351055914344
0.7382135377201158
0.07129654595773549
0.41650358363327045
-0.8322755911024549
-0.6722457820719772
-0.9372259364082727
-0.7036446350082415
0.035598889499028674
-0.5033611179847743
-0.0715055738728172
0.7333488667510264
0.6621143733811987
-0.5540542371826152
-0.8716527552910953
-0.0915167738093694
0.9395009869640827
0.19667262277495468
-0.9854359897783005
-0.9777178761948213
-0.2540553330982387
0.25737242095432356
-0.04749079241034715
-0.977968655238735
0.9566294073147059
0.7946327094303915
0.6437529334412482
0.8737792719222495
0.22500849207568918
0.9528912840936137
0.5842386271230298
0.8335442504982644
0.5726093804451706
0.872066284140627
0.5130931627733053
0.18541335397941694
-0.18104368703573526
0.06791338642434552
-0.8874816936739784
-0.9222332121374677
-0.16069620147862196
-0.04868832921419841
0.2283891742787012
0.5149984550155897
0.7678226642183978
-0.9151853974681692
-0.17078772570213507
-0.9998050306123989
0.6849223583995943
0.540446273677796
0.6595692224361336
-0.17531950717806843
-0.974736819834112
0.35515025868657246
0.24654218715291543
0.7788169574829824
-0.7789230514420806
-0.23761011656681408
0.4012580894669411
0.5610009104635549
-0.5369266111003643
-0.7249028561437163
-0.9928750392659087
0.6003141740472802
0.6194890233383501
-0.6890081867680384
-0.06810477215378596
0.4803932752618376
-0.5671635565148658
-0.8850635669197411
-0.8340833764025584
0.7397423054166312
0.8464434184204248
0.357838034934689
0.35958378747742037
0.17131754477074823
0.899989359223224
0.1356610148269013
-0.600496553364521
0.7506123363252211
0.4255690053918688
-0.1404067510240432
0.38001257660739696
-0.5003365066155083
0.07618439387432363
0.6447771578315125
-0.7239969698145499
-0.8771804426070946
0.00621634741439947
0.7347544347826362
-0.7385679465856807
0.36364738060871726
0.24624082047232698
-0.012954678917038276
0.5945128625736151
-0.02110351717320702
0.07228391136360046
0.7952932400703856
-0.04086679281337391
0.9108333890429845
-0.27972789925519725
-0.9126622972480858
0.3087583892939805
-0.0007917805971837666
0.6448994311468026
-0.0036388057726890466
-0.2841027062877699
-0.1526368121596582
-0.8746101027724495
-0.24290520034157592
0.9299437767894174
0.05906306397774208
-0.19651058158394497
0.43512941642494085
0.9011381237104727
-0.006958176799086502
0.6260803339503185
0.4983110036820815
-0.7141716404345189
0.524551074926422
0.5762167599488479
0.6967042182540668
0.20222327339398083
-0.6929568126053254
-0.22846061542361706
-0.8932813406432565
-0.9937219115363027
0.9686766977315577
-0.09805135402440435
-0.7006078098761033
0.36238381879040493
0.3342938540585416
0.14259627855068713
0.22493802050343215
0.36473479273161447
0.08215288981244062
0.015331149391728971
-0.14894027870363602
0.21060835156801372
-0.9631616622957533
-0.04848762875352497
0.5866322191236306
-0.6414072661744632
-0.11407833050319027
0.06499398387994049
-0.4061117942190602
0.9114026371736785
0.7636189244176756
-0.3230757432504021
0.10306074374771734
0.06582189276094774
-0.6579578625166076
0.8895037718008705
0.9348238066899159
-0.5208989140572424
-0.23075571912222048
0.045983390672264424
-0.26359484197891825
0.1630985692825484
-0.9299257389174527
0.013925059728420175
0.39159183372367856
-0.42189418518276334
0.09143063818655395
-0.06925971844032586
0.5230787142799849
-0.9229722870375556
-0.5508963339171227
0.48611816036554933
0.4868267667663302
-0.15228512444895514
0.25800011546344215
-0.7976014753796368
-0.24891626476444828
-0.4134200864200326
-0.6054458150394098
0.3023261342266388
-0.7826057816602248
0.32955659541276705
-0.537898244364859
-0.7074775052231714
0.8175044230556212
0.28891235229676004
-0.10139524315744763
-0.6296275572296903
0.6379716533639932
-0.6361088539525119
0.6970322348247726
-0.7066335683272067
0.5835336959688919
0.42032402139002434
0.7128115566941382
-0.6197622141451411
0.6354146135147432
-0.495522989658721
0.6117014031176893
0.3641789890358862
0.12451572636153352
0.3115739418191583
-0.4286926835655913
0.14630648170526994
-0.9347686683645411
-0.9107288328926053
0.026204691205712782
-0.8298525841280053
0.910725820443661
0.5405830113913965
0.6983157085927771
-0.7954516893037344
-0.734930341340337
0.996352976415869
-0.962918623610733
-0.9371758689056202
-0.5157690653542195
0.37728969868661566
-0.12360186537133133
0.15080500041167744
0.31579477007587364
-0.5402834200892637
-0.5673231879922354
-0.5114695994492702
0.277181636942442
-0.7296059736957279
0.3450356802836858
-0.610378962456348
0.867317614301774
0.10397802575516457
-0.4200615505654166
0.4592527881547701
-0.7368282450168013
0.40743527249487177
0.23902802322364414
0.32599492020726184
0.7362879229635391
0.975341956942898
0.8134352354779908
-0.7949848291429724
-0.5380566549612056
-0.08418244517859264
0.06095821040006544
-0.9825959083226286
-0.2540348569707136
0.8602545973626283
0.20720810493192632
0.9361856982797403
-0.29303120636665825
-0.7699540880147251
-0.26914034978802026
-0.20152067634250748
-0.1973425755982381
-0.09775342290738886
0.1823067887260721
0.9726623841453099
0.6272215518285906
-0.7332794111997762
0.5178724484159238
0.46964312419237086
0.5053387438725747
-0.8268668717625862
0.9824091345152781
-0.0015677337359851773
0.6897137169832099
0.20996661735592625
0.48934654603909666
0.07693062312533372
-0.5283337649651538
-0.004414945080062127
-0.2505757019397745
-0.3821968824741171
-0.28313801706143016
-0.84027856209716
0.5257240941712267
0.09680202904856561
0.03744329823117987
0.548147419740471
0.6334765828028293
-0.8729632076273885
-0.8465990137815969
-0.2287702879011435
0.24917706953118057
0.509447542937665
-0.10458954903097206
0.29876934577950043
0.4795150541476578
0.48973781134126937
0.1654829915096876
0.3681584731439167
0.13732224765237877
0.7973114486722821
-0.5339717024150283
0.781312952356154
-0.1677724418253419
-0.14303779429482
0.5991364041713738
-0.2977211921978875
-0.6277958790434564
-0.810161902566944
0.9060128675759946
0.6828291998730538
-0.9905370859677096
0.09785239484786845
-0.12109349506989209
0.44257814405104057
-0.19370503673715822
0.7273845272986947
-0.9094759015632159
-0.9619751825166243
-0.0950779856595334
-0.8642688208935656
0.9732609617438046
-0.028749900609544632
-0.21638252875251918
-0.5399920733499728
0.8418207433635603
0.4707501392766309
-0.157088665892968
0.9621700807287858
0.6584024515119995
-0.9914091584112921
-0.3295641906080238
-0.4898776641432696
-0.3865960671111639
0.013208969002254989
0.764159490865109
-0.431664668398156
-0.30175082691233324
0.8540506244983179
-0.37037611336509313
0.5694066404248461
0.18448516390517988
-0.6508033224099561
0.7035533684857973
0.13060744800762603
-0.8141962813676571
0.9346821428932097
0.07468432717669615
-0.18860423497953738
0.806721446253891
0.8991923611921486
0.8242055769937431
0.7535900452531279
-0.3804072380655703
-0.5111375929382205
-0.875943472919761
-0.7173099884060161
0.9060855082498003
0.998293673333243
-0.1383356833819982
-0.35336006245369256
-0.8508196566996011
0.681640105923262
0.2018313936584153
0.6308491819293562
-0.9108985872570212
-0.4923682949975965
-0.722149379779069
0.27319470645186006
0.45039232881186275
-0.34018655412266696
-0.6875841298477197
0.43940972971373227
0.5784277517831888
0.49162972687224826
0.9296374484301526
0.7082218935705165
0.8291027835035603
0.3264011384735881
0.8557633708193864
0.27275882108846927
0.015679401938694992
0.3589591673314918
0.4401964022987701
-0.5448177891654822
-0.7979967870173799
-0.3085855906892123
0.4189576816622642
0.2772522823097652
0.41137064907159115
0.30113627481637484
0.2367302873276047
-0.6456254168660083
-0.5851820513127319
0.08466348542527746
0.7622333684415288
0.17436790008033864
-0.040499376065175285
-0.23573693224213477
-0.30105149336925785
0.8367330880275383
-0.561437852120354
-0.3141661325599454
-0.8023857012526618
0.352895486340967
0.2949273038697495
-0.29476687650427214
0.3997023298000657
0.6398719759855238
0.03550693436039931
-0.016044371752464093
0.10127255822157588
0.7115263121564965
-0.8232859828552819
-0.3390796090127386
0.7234497107541038
0.11143160278971798
-0.11386784067904054
0.9063029890819252
-0.5955130923590519
0.6872266830974532
0.9467519365420651
-0.7842561995097177
-0.411116401778032
-0.6539201364735769
0.41065452874502584
-0.7627678418206694
0.9638789205427489
0.0831586774290618
0.3634096444966868
0.7992466113836327
0.03537749430904058
-0.8294774793973745
0.34124631391675564
0.3677216500691314
-0.607290236130352
0.7078348639895278
0.6146023673153056
0.7672839931729798
-0.9728796997948814
-0.4830890992932002
-0.673400084722714
-0.4369955795282303
-0.7875047512341153
-0.5200647796688731
0.8963046892947597
0.3378228411254882
-0.5371608614886216
0.25319260405740307
-0.5365738141426553
0.022232506380643224
0.41273333621022124
-0.12209030312341951
-0.7762748234236438
0.6291620021704356
-0.1795100779200034
0.9705396869178398
-0.08172891898914303
0.05337596879721951
0.39954743672816084
-0.5096090360123375
-0.6732755445703946
-0.8673129372877102
0.9962653679777302
0.22592189916928818
-0.4408855230777742
0.9333206860566483
-0.9352924370401619
-0.650279013888224
0.38295105021613085
-0.11498026070851619
-0.3468757864665897
-0.5648547403520812
-0.5697513320034469
-0.9182466320616818
0.07935823650393736
0.3606138407465622
-0.5448393356044097
-0.4726859764554736
0.1160883390884817
-0.5458207664110715
0.39156423960070263
0.1955707397514368
-0.6820138407830219
0.334868552540434
-0.3435056405097756
-0.6573608931379722
-0.9651417664683111
0.6581164433238693
0.06580728390066137
-0.3705981343004907
-0.622666807825069
0.8445645695744126
-0.613285207279002
0.5514194349930874
0.8225952392954321
-0.04595188162243624
0.9808142758335976
0.9071550821448533
-0.9179885781440955
-0.19241448756946133
0.735914784163006
0.29573444939225846
0.14719882636755632
0.07248087964534689
-0.5998801617145497
-0.9408868935610846
0.6675992753472955
0.3701991951442454
0.3946511399438175
-0.2203865049505156
-0.7474694531629047
0.8647753894226866
0.47323504620895207
-0.8695033610445861
-0.32571267618729083
0.17872443103401725
0.1323853660954517
0.41794632797337017
0.38005290255231605
0.9704575626680481
-0.019083367822188002
-0.9560374164501848
-0.5797942755050276
0.8481602277837088
-0.4378495518955883
-0.2672913145156648
0.9694324317580281
0.1253824750952952
-0.801915690199398
0.45773359792084656
0.5946876583321699
-0.6321253513841609
0.27542584513921287
0.7282554585368213
0.03066498087006342
0.022805870877671497
-0.1917353828515489
0.5357466427907416
0.23274538787684773
-0.5211187452933808
-0.20772341945618988
0.7014840725397034
-0.0072091294464502464
-0.07199123302422161
-0.23785435650163578
-0.4680094643451447
-0.9480952907511215
0.06851101597922948
0.008094046631055507
0.10954586657177257
-0.7569164956106997
-0.43542245474858055
0.1312499273449088
0.38571026238274486
0.3006614392215363
-0.28632789250312696
0.46545196578115866
0.37561527133449646
-0.4777009908249015
-0.5803992498980466
0.18472797453017842
-0.898272608571538
0.4972348656111567
0.06194279304901884
-0.6563231719343279
0.5889922129748577
0.5004012592267657
-0.505914108363454
0.39661836038948306
0.7192658296495431
0.0035876822569416156
0.9338508602087254
-0.8051371275202435
0.4324084421645058
-0.6892502811745032
0.025893947690645014
-0.49805621340215667
0.8007840219086144
0.038925630183216375
0.7443020071664768
0.276164414581453
0.6456212244162443
-0.19456794054542237
-0.33663569221421996
-0.4466715968135897
-0.38602717194082325
-0.7023658505471995
0.18439574196203812
-0.5215385365002723
0.7225529902013244
-0.545281591489067
0.8536820911713368
0.16229839953711456
-0.93677554453237
0.286942272338375
0.6060125617487577
0.2731909866500284
-0.12353544291813723
-0.45177354270966363
-0.2414228626410726
-0.8923754250810294
0.3606196979006382
-0.07409480939997937
-0.2697063252520735
-0.1669878274188279
-0.4629171798818519
0.09377496672988306
-0.5555963664227217
-0.03906486791194874
0.2932511598679759
-0.636632940970344
0.6187216518769614
-0.9935873595963058
-0.9945110301990343
-0.3300785921063243
-0.26868050423868284
-0.440505096611876
-0.25324265373353194
-0.7697455515842562
-0.4702801071209841
-0.10224841827078146
-0.96172019961866
-0.29248324042093077
-0.18153403919109712
-0.42999063519323544
0.05613284626681336
-0.25280239497389645
-0.3681601178169789
-0.9681957052824348
0.9682480986951061
-0.7930853907442175
0.019750719972581487
-0.6698379311441485
0.30741564207147754
-0.6000767294147844
0.14749373772859875
0.8975721558098935
0.9809369652140847
0.6399667171421692
-0.6631028940108685
0.0724274663734934
-0.4895522590194423
0.09292750081268641
0.06261596439925587
0.31122770763585494
-0.12091309323817168
0.6548480095905698
0.5002380508640469
-0.6368834004229875
-0.18370808731116384
-0.2597971069539764
-0.23444020222537132
-0.8037782544848984
0.10658827394128556
-0.7966512183901966
0.17807773392618587
0.13641399841172142
-0.8029503751172558
-0.07016737247492988
0.7562734465103247
-0.08956391243479267
0.021151372003634705
-0.6270846316556444
-0.5022375154754646
-0.42633949258577775
0.15955885049508
-0.7440949789946332
0.5641183276663091
0.4704651898419425
0.8118453646357133
-0.22810724418414696
0.8846925636396457
-0.584881197570726
0.9280445390836352
0.6441675697795681
-0.7131677919683834
0.06385529571275494
-0.05752433237956711
-0.2658653333402097
-0.9038135309383932
-0.2896446812418978
-0.15797368726551175
0.0033139889751523377
0.565109970723328
0.5476580399942017
-0.6464777345004653
-0.14993746585878975
-0.8979721597167258
0.18044753974249073
0.9442628688849075
0.005832328782157781
0.45776673011905533
0.6237295663783382
0.4875565906820356
0.5489022736802927
0.3547090368882735
-0.4548948389574963
-0.13156628750524835
-0.695432621323103
-0.5866535580873669
0.5428029291965673
-0.2777442132443566
0.951875825753778
0.45722504734674607
-0.5164819854166061
-0.45374327290517513
-0.7602302785017565
-0.3288643596176659
-0.41249380105181
-0.1722427639697548
-0.8797989513861093
0.6340775346713123
-0.5542783352080545
-0.43560201457426895
-0.8581454469119589
-0.5500429819876893
-0.4946858068920206
-0.9504916035760662
0.5274099291596159
0.08508885296088087
-0.8088120806315271
-0.4543115773561106
-0.9851976164121121
0.2182195890862002
0.596559405453392
-0.893503513501507
-0.9570827102887058
-0.9406589464651691
-0.04460312553584633
-0.5493055677780752
0.5494665429612113
0.6858328536205522
0.030404973114563916
0.3739895349556921
0.28473718877714616
0.8599498305798099
-0.3458435540197604
0.4931194059445616
0.3668351666146341
0.6636368239169428
0.6470129144953314
0.3283670602480655
-0.9153595692453671
-0.7910634570711657
0.3551503155316973
-0.37926662983407744
0.41553543711260943
-0.5110355438201997
0.5455165874550612
0.8242265357954361
-0.060609450455397784
-0.7851580239699809
-0.6847936900761762
-0.11991346540858716
0.43469355501370655
-0.8948161820901712
0.9813696249956014
-0.19737018709423504
-0.5298725635870623
-0.945140128327451
0.6235465677227865
-0.09212313859943833
0.2897066786444591
0.4579869819874147
0.8474257224841968
-0.8076489496913641
-0.9363017671622063
-0.6072038063014336
-0.2865454029317087
0.37484115230923143
0.44384975212407496
-0.27417740118273515
0.729758815897152
0.23490604818720384
-0.8628456892145349
-0.15725866992657922
-0.16038871841987157
0.062205981143828915
0.7133722187549951
0.42286614674300704
-0.566257272722265
0.16627824412613412
0.7676302537552167
-0.36889476003527877
0.6375074899358322
-0.8160034033887829
0.8149905594080236
0.23245171372049156
0.31734832970587323
-0.024606887762851803
0.42411270735393947
0.27385832860211745
-0.4652207443823706
0.04592528983574762
0.5127035261490136
-0.5456784935493835
-0.9675290165526369
0.5918193344200058
-0.9807108710724435
0.5384745907967321
0.9916575050280241
-0.890239495805377
-0.7640516765156837
0.6239195197154117
-0.383665231500667
0.9094930119825513
-0.027032872027322963
0.4891960134726385
-0.27271969639682303
0.30567644735219557
0.8188108187791323
0.6598886365961121
-0.397956549080269
-0.9879033597434057
0.6409943069277202
0.9503684486834718
-0.7083901736301927
-0.9884960492287205
0.7320445071481656
-0.12544842375731768
0.29871322876645645
0.9118434326279137
0.4775491422804583
-0.5318046839961759
-0.5036655852352392
0.09734742791949968
-0.9150560894990529
0.5960853829844026
0.7424452604098952
-0.0031172342641831996
-0.38361806129226195
0.07534985593095556
-0.7893139758688925
-0.21711375284311907
0.2120321963467895
0.9822276534802403
0.6161516333484496
0.6135408412616166
0.2428458965355793
0.573963533177088
0.20428486484173125
0.5270937858797422
0.045286578282084156
-0.3986164809119086
-0.9955911457823372
0.33289461620689376
-0.4570269960677571
-0.7207488653873484
-0.8833687028829988
0.9056839670008368
-0.9398233051571729
-0.8544940315939356
-0.8893049919879092
0.31542657410712605
-0.43035971635081083
0.9644826472603867
-0.766937307379034
0.8653140742823486
-0.16489372314267858
-0.5470500928194355
0.16596071681205138
0.5782105267272319
-0.9925518270103901
0.3440278543952271
-0.9468047476902273
-0.7019935056928377
-0.4099752291988743
-0.44481384905568677
-0.708638269777834
0.3927658667238374
-0.5960970081658445
-0.5741392283287168
-0.8304261839309806
0.5126213463010285
-0.12004871524291438
0.6361882727499475
0.8662973082195022
0.325925300930322
-0.27195924276941197
0.977403897886197
0.06110991220031403
-0.39438078122471
-0.03995335307780401
-0.05481950895515686
-0.24248990737647036
-0.4172470402450532
0.6667198688115719
-0.46742707069988865
-0.1536785579587827
-0.04900206491165937
0.9424535275038768
-0.41949229707662705
-0.37267856500988383
-0.2723898978574384
-0.6640386184758271
0.9319937243590353
0.18265613390311897
-0.09126760545157842
0.8740672736087522
0.786088192770072
-0.8418549925858383
-0.18621300765038762
-0.3508094911859321
-0.36174419481139
0.2955628999761164
-0.1771958429539151
0.07755027106006929
-0.8496986816407159
0.8721321385918364
-0.33468429964241064
0.32572021278793173
0.44346077749966617
0.7293063228666696
-0.9466759190894476
0.5745605398227842
0.6680760103452688
0.2318298683707678
-0.7949566230189524
-0.2623572841705688
-0.6004313728785273
-0.6369779853938171
-0.09948186680227256
-0.4384561882440219
0.4188087782357728
0.30590704263200963
-0.852331547853431
-0.19765646464128928
0.29281308649119353
0.6703139141236123
0.2376569993263482
-0.11538522079963465
-0.24793487257199742
0.5876503429369537
0.08385306482296495
0.9793142162004156
0.4455194821498405
-0.735369847442882
0.7982221747542513
0.26882330164229695
0.38168648839258434
-0.7989559434634201
0.22658381721424892
-0.2631146898815988
0.28568676562803486
0.3248072645218816
0.667514248055334
-0.7126117496251259
-0.02826098022705059
-0.05684782553996692
-0.9334495191515841
0.37298683973644864
-0.3336754094317038
0.370144451329804
0.5330997956017245
-0.4204859065648996
0.8724066505530468
-0.3456881751468348
0.14971415669899701
0.6513993805752554
-0.08593356133407792
-0.4397672928190388
-0.12664596787280957
-0.8648010332433091
-0.2625438240142248
-0.40526146616402503
-0.5423188451193828
0.9592354012179423
0.9658614341559837
-0.6328839673791609
0.9654718027080718
-0.5036591227655605
0.07261324050371876
-0.6738108925845208
0.7959361163565206
0.9041434699513289
0.012262786315761165
-0.523683815188551
0.2775070180826582
0.9681962016818055
-0.8587779560032975
-0.9100913217925026
0.2692069037699909
0.263751051080497
0.9448861792868934
-0.04467200380361169
0.8902659590933373
0.08750686495304705
0.16910215079965618
0.37053622744061254
-0.21340931566419874
-0.8595989138921931
0.23566076761133026
-0.30316104497849716
-0.8037300840090793
-0.5987832927596357
-0.09818911544617692
0.015347273205014167
0.5543227997110833
0.3776897732990987
0.0827100873974258
0.646310203212543
-0.1715396081061482
-0.8427808813737829
0.93287326110768
-0.4892120854474493
-0.3783446030946571
0.143109107116699
-0.9280789417635276
-0.6771110282295749
0.10353680206690985
0.14246998297246893
0.017871899357411403
0.562428322208097
-0.4723150822926081
0.5586072213464617
0.9019360138921402
0.2553482957454072
0.5328815870513499
0.6920985663997212
-0.8308993512605358
0.6822325105786495
-0.6536739302638104
0.9017743415923183
0.7276167075266367
-0.11632248792351296
-0.24616107978091817
-0.6422438846202159
-0.050909247818693215
-0.6953812694703363
0.7482500373346397
-0.17322854278623812
-0.1489325574801812
-0.7475054471694866
0.43339150555002726
-0.07006566479078802
-0.08283560350209962
-0.9170954000595619
0.27101447432289305
0.22693492711836494
0.9775087353651859
0.3824677728182737
-0.41463632779905124
-0.9955271427267449
0.3141642218659859
0.7719992848924968
0.19898510900059874
0.9717224375770686
0.8668288167752736
-0.8157727087960434
-0.027446207397153977
0.32241384427975506
-0.9046733879795048
0.9688802278471442
-0.6545274678685113
-0.7595135941015259
-0.7477683256350318
-0.35260081273968913
-0.30966122480907043
0.3333386332279218
0.5356188483180768
-0.7813690647075031
0.3765685151598406
-0.1534097311836784
0.36529827271640136
-0.7624108864648473
0.8039195275614186
-0.8844469605949139
0.3708813667675481
0.5481173999737483
0.20746475088032956
-0.4630560706562308
-0.9213228554531607
0.0896117002567891
-0.5310746125716763
0.6585216014309319
-0.5319434817832578
0.975156158219791
0.5771445694714505
0.26889721668689437
-0.4489463102237945
-0.579886569795292
0.2637029978795511
-0.31584859115462316
0.7702124604822835
0.8032354043572021
0.6247128425439035
0.3481592248984706
0.08709508083519601
0.384036843195819
0.8656760040149654
0.2924008654917436
0.03196792757222511
0.4195911951288043
0.48866993422741234
-0.9667920646990407
-0.2753211436135323
-0.3819919773624658
0.6056971123241974
-0.16879383242349055
0.41052437447976287
0.2585606031754475
0.552869254080625
-0.7646076374371598
0.8336785287146209
0.8898083882939545
-0.5046588821810463
-0.4887293468492444
0.2607318143869808
-0.889867107281872
0.20924185394572814
0.9317189360536318
0.4267270464415356
-0.38708854373692314
0.8630844215559839
0.5981144630286424
0.6823582009893225
-0.29913374148437
-0.5855931092791584
0.5519934821590373
-0.1386224405581371
0.01873033407271829
-0.09477893944355031
-0.06269458392006566
0.40567071554872425
0.546939258477342
0.5655878589693943
-0.5667824336303915
0.572813431078576
0.3881862952476307
-0.7939444769688004
0.30386354051836806
0.9794157710362288
-0.29370498221117924
-0.7341618697025414
0.6690940066368125
-0.5558680249230525
-0.1083644354084008
-0.5955699116696753
-0.1804675411840322
0.3849858621827844
-0.6731077026455974
0.17305063711161162
-0.14549948748871233
-0.026806652828704314
0.022578947158507834
0.12705226694572702
-0.02806461260502524
-0.38718587425328255
0.619629906274197
0.5612049277325866
0.4565087481012329
-0.02864412200401656
0.9866634021137608
0.9148172891126902
-0.2047662810119295
0.6773172857132719
0.187837493113707
0.970797048079912
-0.5663172359946222
0.880637764280684
0.5917422557000058
-0.9628154663128963
-0.6388529960226426
-0.6931310134580959
0.29493570518527923
-0.5184610477578666
0.9920318911677606
0.12317744312081325
0.2947233851370503
-0.691050512236365
0.9099757348734889
-0.08266051700248744
-0.08132796737232661
0.699083701439057
0.24612548691850122
-0.12075639212819733
-0.9872281401157157
0.693408307928238
0.8183298365444625
0.5894485397998515
0.2932228196350175
0.005489144440258276
0.9882679307951707
-0.6410076258853823
-0.08471130752367273
-0.3388904263898991
0.7263857871925978
0.33064843628441376
0.8295580077053313
0.7114650786529066
0.6903628097585519
-0.4368459697327478
-0.462540852420539
0.27296562150016923
0.6958937174281099
0.8947475043346949
0.9039794861817763
-0.7522667640862439
0.5842553923885234
-0.4272930974966549
-0.5346880696292666
-0.6599683645068457
-0.9971502123537819
0.9816310676389848
0.8738616132467374
-0.5383154207128638
0.9650165610735517
-0.0674914741834689
0.23646516322718925
-0.1936852962604323
0.8792660288615815
-0.4618381587987055
-0.8764983818936811
0.6353827598004946
-0.1814724644675454
-0.21495802799426444
-0.49193611786940017
0.13290177709005357
-0.19667080097294054
0.18018707520625243
-0.1472125170459191
0.6757277914935496
-0.9021125493409698
0.463206744619151
0.1342356039662722
0.2294374033776383
-0.31608236749899876
0.5481431350497781
0.8981506593047668
0.44547296103511824
0.029929632774571058
-0.9502682221874839
0.5986728687246095
-0.31198890278823876
-0.8659843148775292
0.2698903713708085
-0.9463301345603021
0.8693396657846673
0.36185614099052943
-0.19863416126362354
-0.520634688325307
-0.6359274549598908
0.13665360179389796
-0.23379952726254416
0.8185102440649428
0.1691682230930749
0.42962323681954406
-0.4090010982910044
-0.629112894115722
0.1684346137517736
0.2506335600314544
0.04264457117625109
0.059899084782545575
-0.14035338232522476
0.6680337453523728
-0.8070293659206837
0.33756068661316707
0.30239840972565113
0.14316191237208242
0.08290544059392158
0.3357037829062737
0.02834763956509989
-0.10063272820307168
0.23422193171717365
0.2695119184617967
-0.12559952006478148
-0.7686216215384383
0.8696740129743545
-0.018613315596426094
-0.06647182166796894
0.2941262831634188
-0.7340678042983808
-0.9668298026026092
0.3224805365035728
0.06360043658547543
0.8990261403492421
-0.03527454700827959
-0.07350224847619868
-0.6072187223372267
0.08509268530692204
-0.7661127497946769
0.24858335982241253
0.005573720987008146
-0.4606047633527264
0.3886991624346028
0.8535124897091382
-0.1382832264421725
0.7038133417499532
0.45542564349985226
-0.36723760699890207
-0.062302869479353484
0.4772390787809804
-0.04970428557790707
-0.23720884847984003
-0.588347641349565
-0.6925990511685285
0.2611822975635216
0.702177705065028
0.9758463053520792
-0.19618195704989017
-0.260040970127567
0.6207121682287231
-0.9701859593009154
0.1573975292514913
0.4854734121103528
0.9527526816031515
-0.6564530086571292
-0.8071165961424778
-0.32835476378529505
0.9931280561786815
-0.848940173052265
0.8794895341598126
0.6591243686187724
-0.0844854033449769
-0.8117663948066203
-0.5643639577835304
0.9547550130271276
0.7107202554396328
0.7708531587719081
0.9106672262523314
0.8641601096830922
-0.41201057575871314
0.9529512698674618
-0.5244198617557343
-0.46975203670660926
-0.008022239447190938
0.750787346551268
-0.307691384064394
0.06604353494739823
0.943391816985909
0.2861570742742603
-0.29820033259964207
0.052790740787883816
0.09967814497467908
-0.8223235205911443
-0.014472433477588753
0.9643092504618558
0.4909004136611579
0.21150141785776633
-0.018555781868293098
-0.3748032297442858
-0.37351277280773965
0.5873274944757001
0.4249772287527682
0.588384565186342
0.8753856216037119
0.00056694798214596
-0.23613046872517174
-0.11737130832069753
-0.4225350003496302
-0.1121472752149324
0.7128993367816805
0.3115976748593581
0.11946037958746425
-0.6391290372991274
0.4217926774649787
0.5033279705801386
0.31030543356863904
0.3458644204162462
-0.5734497156784157
0.8207080155755073
0.028292128232818348
-0.31304873969763625
-0.8163591149892384
-0.8932911217390374
-0.14629594616970754
0.2902423585217919
0.24613360498556647
0.45686683109800996
-0.41058850775019606
-0.43423301057190367
0.11587094975529921
-0.8607379912629594
0.9654375288921107
0.6229227709098673
-0.7035036691705145
0.10609855405338675
0.940336004277377
0.32027898249416076
-0.8038864477416414
-0.4673011858126941
0.40619120781249185
-0.2801111886097778
0.15897534321796392
0.4755127279863547
0.624177749945809
0.6199639700282045
-0.8776458063067678
0.5186452395810419
0.16507484413021145
0.7181118789084804
0.7251265472932498
-0.08279033990394069
0.3196230814019354
0.4185789201261396
0.9335730501252129
-0.8210929686079596
-0.7693436929355755
-0.7065106134321151
0.9074315116562477
0.6939039312978519
0.0008835383140737285
0.2625795273838807
0.17730144320361507
0.7850151135341807
0.414555520736275
0.4401398592268204
-0.4016413154510561
-0.3123018487841167
0.7830184637646473
0.4281919125049747
0.11864853455324842
-0.8325652945665258
-0.9146555403362431
-0.7827988594657478
0.8234940486186391
0.6034977878681227
0.6228639302057173
-0.7614987817333125
0.5874634276860478
0.6650378556236987
0.35250186799333694
0.5117776173381754
-0.693252031238216
0.42495532760867216
0.5351360082982606
0.6512201587969444
0.5152879333716298
0.8358008866614579
0.22442980543451463
0.3435098513252086
-0.1252684507133479
0.39423606578173476
0.4546225882129262
0.404085822576123
0.040682647566502306
0.6684925057928701
-0.8358874587023559
-0.9964489567097119
-0.12816755744527208
-0.3420739652294442
0.06252348726431722
0.95193329888662
0.18448919157509058
-0.5087200553301554
0.8688912846115091
0.11814056409331264
0.43386604418896435
0.3344138999912867
0.6028134798357982
0.5942366877971437
0.2086233756856064
0.36652725985512147
0.8730172993248904
0.369692401877624
0.5755216469795368
-0.24403834547149716
0.4166586022221428
-0.22356768951320127
-0.6618219421031983
-0.6254255640558324
-0.6060938481101625
0.7076490994067939
-0.16982364029259545
-0.4377253204708911
-0.44614874420916584
0.1812762255671576
0.4075009346067391
0.5063937709165234
0.971047722828146
-0.7496584577801755
0.498254525380196
0.015442362797012832
0.25366370920044967
0.42733944717850014
0.7065691661918154
0.026249027411000547
-0.07945208867416564
-0.9203012926279777
0.2329763461179135
-0.39879262834238927
0.24537993159339377
0.5301715213922025
-0.6091196399489267
0.22983830306446507
0.3685648677434057
-0.5270148660664775
0.3896975442185948
0.868244582770213
0.23945578100461296
-0.7069907924662144
-0.9752659962721566
0.41247177782749334
0.40581165433648625
0.07827358382038963
0.0866029190793074
0.4775574772081863
-0.677611739790482
0.8738720513385172
0.9771236018092806
0.48001093299021447
-0.9972392429140735
-0.6625729294506579
-0.1788620227592228
-0.11461568941783606
-0.23865368842549883
-0.3947187407834123
-0.3712840626306557
0.056095921794928616
-0.07141615169222515
0.19326060704869796
-0.44579753422589796
-0.4009929159652228
0.880129894975241
-0.8356123849449222
-0.5350388390732224
-0.6588110463269965
0.6564096691765384
0.988747238283463
0.2484404808598406
-0.2655258765143049
0.32495792570979654
0.12197526557075133
0.17789083095270697
0.1950757562116976
-0.9991125412196493
0.7340770730835886
0.07422211262729106
0.6874265579615848
-0.8793945343720602
-0.9014075072353804
0.7619704499183833
0.09159175216568238
-0.023258259711555596
0.5231798686992111
0.2397358198259225
-0.40725998015955045
0.782151684491526
-0.8206854555850467
0.21222920138668222
-0.7104817136868591
0.6882236428915598
0.24906251873892815
0.9375873610808567
-0.7435066491732181
0.6197639224361748
-0.2707383042661937
0.6242650815407307
-0.0572103951016234
-0.25483904171450433
-0.5446348248904416
-0.2780043520875892
-0.3218432823391648
0.3151578539513131
0.9681275050145073
0.8651910123100759
-0.1285392405184722
0.8755799936125512
0.5624110179437789
0.9483039963931323
-0.7552815745326271
-0.28247220514380667
-0.6411020502723208
0.5193438207587664
-0.8326991156802486
-0.9969753481323946
-0.9331525703164913
-0.20350675391372097
0.6580160625751481
0.25922516058919376
-0.4767094407238899
0.20828090981564173
0.41707073155278995
0.7428772004272235
0.3832492467343438
-0.5698671069740129
-0.33712786832228403
-0.17408663244263467
-0.21931754389232938
0.5966531638044601
0.5543384135930602
-0.9987396499941192
0.31905708980468983
0.2998627445539237
-0.8803193732991497
0.11848765339473433
-0.9342414234608392
0.6619704058431097
-0.11291661483048299
-0.2947147069102558
-0.302566378693935
0.0798690810954823
0.4840910621943182
-0.5988833522466122
0.3836227083413273
0.37681974014416175
-0.20814402462149184
-0.6301575674230164
-0.38609758229261026
0.5608154674746193
-0.8555888225739339
0.6126787517580827
-0.7133487854297627
0.784314100094194
0.0193087562546157
-0.8942067993027492
0.9602670212530644
-0.23933531618503023
0.1642487363208054
-0.555656161208264
0.14235714367342123
-0.72380782785715
-0.7398408798994933
0.7243213445979844
0.6472233664969715
0.0383291194145261
0.5344595955338758
-0.9282182476143266
-0.13043435882998944
0.7930870717091918
0.09994131251658134
0.9443017829743368
-0.19539131419276212
0.5937131191733009
-0.8790635795978148
0.25465615852339885
0.5554419735068923
0.27094469388553555
-0.607556649158191
0.19480098121829026
0.7957295212497442
-0.8819935965099155
0.48381993744335117
-0.2904152726918905
-0.7660308928837047
0.5645429289764914
0.3666499469246076
-0.4878121227713512
0.7263346776795996
0.49221767744399925
-0.5444943507374032
-0.8165280028049922
0.04977632609228411
-0.2640149122159934
-0.7691074633620594
-0.923877164673536
-0.8466703617233258
-0.624792588066678
0.7374100812374478
-0.8895452949805622
-0.2014882536413669
-0.6896378802043484
0.4484400746813699
-0.9908864880406103
0.5984665966620222
-0.21211037587318526
0.18225144013526995
-0.9769648177555108
0.31689143557507826
-0.21140136703305767
0.19051914770728007
-0.5017504683640202
0.08646544396123867
0.8181102986091093
-0.14280792601044712
0.8508251170077021
0.7635405134571318
0.0022559146211131864
-0.4943789861015495
0.9032408627487081
-0.7440424011943683
0.1753253253827558
-0.18125748119725493
-0.17437766137585498
-0.1358059605551971
-0.7177222545639224
-0.182051279720012
-0.8645398838376721
-0.9353541936411813
0.061153750490291925
-0.0492874592500272
0.7256218187569488
-0.16789870563710618
-0.7450457839516946
-0.772697736049966
0.49832403103030454
-0.006340471706922646
0.2932122014399532
-0.9834537103435992
-0.9365752691696152
0.1534147087661042
-0.7644515378874084
-0.696226942461359
0.3594033385283786
0.03542195452361341
0.4147822329487172
-0.302914178668344
-0.6574344374076309
-0.42683763869922964
0.3997560298291243
-0.7386916087147342
0.12832910975015666
-0.9770649619577314
-0.08779588522349924
-0.639943991559593
-0.8996650563896784
-0.7103173517773127
-0.49834854334854706
-0.3721061168924733
-0.7504110193205709
0.5708476516439187
-0.7969060232123268
0.9804045319251076
0.9005569350590348
0.5728572103348626
-0.21773985830850018
-0.5382160419638369
-0.8109942327244273
0.33978509127691203
0.26960168318532163
0.5300869193185485
0.10635072334212281
-0.2229801032274601
-0.9607607329235208
-0.5987593832108651
-0.3611313372948983
0.8943595408177913
0.21097972942652699
0.9868655428199111
-0.5444311141015001
0.34614782716588866
0.2851369305621927
-0.8827711608147302
0.6983966497967788
0.49392945744065986
0.08658910133321895
-0.27173621933521885
-0.8238001878887038
0.2625825781905995
0.04776085154645737
-0.2838679024392672
0.5865245052074906
0.8573864479985711
-0.8713545033256542
-0.6492151969806121
0.8939791840898383
0.6369448956035126
0.5280173173405043
0.00424128180275507
0.7465145087070033
-0.8901225131500714
-0.3304504788295326
-0.8156954346066234
-0.8294287269046057
-0.26384863307420847
0.10983019370078217
-0.5482756164486338
0.2695526404168318
-0.46394798163091133
0.08535055185411888
0.11302109676021321
-0.6069797033880575
-0.6274107341355626
0.04483461764432106
-0.35954769893184224
-0.6723519287033588
-0.27868481695724734
0.724607024536335
0.148504737305307
0.12459034226887344
-0.2731442170192784
0.7121393988942821
0.10739402025096156
-0.4119485025030909
0.6448806930904474
0.5844892411148797
-0.7193595402638304
0.6790032750635246
-0.6470543551030496
-0.24978445497671786
0.8913137839272676
-0.05398406806374334
0.4770397896850036
0.23461831675480793
0.05069907835117804
-0.25917956508083506
0.951953051898949
0.7849591892551839
-0.10553143069823268
-0.39940819748648737
-0.6345539133922025
-0.5939451221479422
-0.6659803102736674
0.5779193931431921
0.6226434145400581
-0.35218119899559386
-0.555995997927003
0.6757219570488506
0.8669569985007894
0.8706333021669843
0.9852043001213706
-0.44259131306226895
-0.36975573657974437
0.10310646038613647
0.6351807576112873
-0.7507304162032638
-0.9050277632544312
-0.16546124528684536
0.0275953462326608
0.4356181913708792
-0.995585723999167
-0.4896067411955023
-0.8804019331048429
-0.6551465738745168
-0.7065101522277237
-0.09818306517356179
0.9365316936422201
-0.6175214607736252
0.842222147775699
-0.6019780180481551
0.9933028451137442
-0.9029662970001044
0.18645311123090513
0.30084086325798465
0.7694344219350606
0.44778397260816805
-0.23169764170672158
0.1448680638824329
-0.21970492198472913
-0.5936955204614305
0.37953945896647956
-0.42264343356314305
0.672008113160141
-0.7991842588587561
0.15773130451318562
0.6660352274210235
-0.11961280086610326
-0.14386732166087346
-0.3337313731393403
-0.4839742929181372
-0.5411433973921129
0.3896920878940271
-0.6475726203599015
0.5706993304707908
0.18493698267632297
-0.8526301982454634
0.14349315109139615
-0.763460979259653
0.5316982765108063
0.47313507731072524
-0.3622801626902177
0.5736238719505331
0.6595156064556689
0.7703477270748738
-0.263889435151746
-0.960403389927398
0.06472997150609361
0.0782358399322205
-0.5583736964599608
-0.5078119307520932
-0.31014237184315907
-0.36165959407022386
0.224545041051587
0.4289485708641181
0.4323517257721514
0.1779324871298169
-0.6507288161311386
-0.6692313213774692
-0.36557396640300865
-0.8611721438357143
0.04044408709076652
0.09452187844801552
-0.11686017941713844
0.5347216608222547
0.45167310911691905
-0.046443103395654495
-0.29832318761720455
-0.4433757563522893
0.27806882645514763
-0.30183358752045053
0.8351201425386794
-0.24205184465289387
-0.4416971780398862
0.2560356953890053
-0.2568067020995357
-0.8899139692775244
-0.49808023262827383
-0.62605223959814
0.5747235961297952
0.6024590447127869
0.7142141303900666
-0.3421719360346709
0.6129212581277927
-0.7300215578017648
-0.8935521284900336
0.21625471645201966
0.5577304192006882
0.39863619022411867
-0.5557975395741102
0.8240790372727766
-0.26304888162563533
0.9266251484615826
-0.05514683459077774
0.26375201768585677
-0.007584549625038184
-0.186427464313895
0.027949850489444428
-0.8672026086046776
0.017051988543423935
0.6691299366406012
0.42492784767849323
0.2220535348668382
0.8508692080952462
-0.4808837843379359
-0.7867655924283505
-0.682802328494291
0.02396948050473746
0.5203501184587171
0.8839617138116997
0.7159878512601574
-0.17930811269708635
-0.31227953043444745
-0.7310862723404237
0.41532430733223347
0.28424316680095196
0.87721231538225
-0.5965508862375761
-0.0596576698351301
-0.06492560984831686
0.6568446285852096
0.08483614133487882
-0.7213129993013423
-0.20839985675827033
0.8674273405409687
-0.44974267964884906
0.8074027201058185
-0.3556783782486648
0.6563289553753475
-0.7209698595365863
0.9119931313234897
-0.4548951298945165
0.7840405646921444
0.3777165407865637
0.03964919298179592
-0.972203229844985
-0.7674113295181757
-0.23351122910489508
0.7603575530272555
-0.017446566459620838
0.4863098412476281
0.4248296727895422
-0.37154061344121425
0.3128147652688802
-0.5662279849841836
0.5194195951124363
-0.5567391396892056
-0.9390919203781944
-0.5263368848629653
0.6860101387021107
0.9161212415656701
-0.41426086174449694
-0.5691641973666759
-0.36156445044162
0.04495335723793392
0.1428129044212476
0.16302135320223865
0.9929927665416691
0.7102139787027406
0.38722424256467325
-0.26960436565197776
-0.38677334453827017
-0.5414285512505361
-0.00819233046035528
-0.2732612819202318
-0.21002221617487193
0.5124276678387507
0.10580653530891393
-0.11539481645756178
0.5205213549338952
0.9681290728433312
0.539456618269635
0.6916521952639292
0.29694277208786546
0.9067941628443483
0.24606782475882527
0.18849786429756188
-0.23266985740251767
-0.35996543518954094
-0.47577273454836133
0.39225855003891685
-0.5873556826290869
0.513764289501637
0.1582291707601402
0.564365516020249
-0.379036519590795
0.8482585341419981
0.22954771710876076
-0.02027507277159768
0.47919554418470556
0.42788467315173895
-0.17001691284149834
-0.23731576396556187
-0.14886561991477998
-0.7873067712570101
0.9847800347209033
-0.5123026191031241
-0.6950681072268081
-0.03840279399914359
-0.8648425260676755
0.753533343420985
0.9641570355631688
-0.24747996787653337
-0.13321285958362417
0.8754002335858742
-0.9323649825929654
-0.17503462928638758
0.40430517222039564
-0.8288471834086517
0.8058819268424993
-0.7306161507608657
0.001992768887595142
-0.6094670856046511
0.5458740017797967
0.48987676153365123
0.7665828556029541
0.2753268094634267
0.339631514437327
0.4496815206454239
-0.29126314620500726
0.17376988485530198
0.7339587811893111
-0.9383948798776551
-0.6083302355140623
0.3336114602305953
0.23515914014033945
0.9076031877935133
0.7647246866046418
0.7741175637558075
-0.5451799116003997
0.3643679156431716
-0.9934027757567108
0.501614953213734
0.8398236422092202
0.3097513690211362
-0.7136398864554503
-0.19960111568118633
-0.7875581560554881
0.0896037276554289
0.8045036674061707
0.8197374656233594
0.805839777772507
-0.5101609707894876
-0.7398815945479251
-0.6229257266336277
-0.11365723183502419
0.0909992257536365
-0.7276976099514696
0.7409270528310641
0.3497210610159116
-0.19422980024187408
-0.2959145696085106
-0.5321819811216237
-0.35464165558865934
0.21710535078815463
-0.4086397628716325
0.8744539188743099
0.8434021641010634
0.6918908632582008
0.49617299908547996
-0.20308413837985229
-0.02070013195962761
0.9687515188662608
0.05420236049489602
-0.6018851741914917
-0.46492189352608215
-0.1793506053642815
0.37700637776114543
-0.25945796064415916
0.6636868904097952
-0.42562986054745555
-0.3267912410301237
-0.23185639013946746
0.5412060366865648
-0.5052361913162726
-0.6508028234403678
-0.02420332617349774
0.2578491243439074
0.7789398260734193
0.509567093961451
-0.6780519679041832
0.5164940992649638
-0.9926730818188907
0.27790755681394264
0.36152760264664985
-0.6834179137624612
0.5705790676401932
0.7188845732170912
-0.655863309960957
-0.09077278229166796
-0.7921331975619639
0.5004104015559554
0.8700801740550819
0.5495930616052795
0.8152452732202171
-0.2412773594423736
0.7363640123302235
0.2692986268897035
0.21018889122214968
-0.3147385154788658
-0.0844789194142408
0.4465617670396569
0.5615658109207979
-0.32675899324246904
0.028407479404656488
0.5353145032893185
-0.19740984807317918
0.6394825190559357
0.7505175469370398
0.635466299325135
-0.5048093022882767
0.14414267886878096
0.08574537049886488
-0.255897447524297
-0.5319063947193214
0.3641756943421042
0.3073112333603607
-0.22880482935524982
0.6343495375278259
0.9252433036499945
-0.1633814021254718
-0.6535833343573976
-0.867409908622675
0.0001720911828084759
-0.5998056026467655
0.8912421952105416
-0.6858016045239681
-0.909701532220677
0.4783009507741294
0.4249265288267412
0.7185850860628127
0.35199859810951906
-0.7069843676904479
-0.6929697433054314
-0.8617474914210559
-0.32790610164816014
-0.24405220801415006
0.7422560611112732
0.6108273304235587
0.4237756629330991
0.8219956894966054
0.8117479229807751
-0.0011726486471930198
0.12083815748934357
-0.9635444277043379
-0.7821592646400053
0.7171010796691233
-0.8986838532748462
-0.6713339355498582
-0.4578022816690084
0.34791306274331535
-0.9350481720974368
0.29622228978683984
0.3655081146727712
-0.1387303983864332
-0.34035225745237274
0.9835871278044921
0.07509144150649538
0.6993377266342178
0.09701517001728388
-0.05243860647124943
-0.9293751880154875
-0.6735839823419876
-0.07845635149155195
-0.8398120226779959
0.5910033727465138
-0.8654892129205747
-0.05165692571678715
0.5627365079624083
0.09258413177561997
0.6081726819125799
-0.47505836147175695
-0.17734761119050835
0.6195960793064634
0.6381014105644445
-0.9720192107305259
0.14542127736579924
-0.9199855135204877
0.33296653668332943
-0.14203974198265445
0.6616805556125982
-0.4117162728749093
0.5633047942272909
0.7017874670508217
0.3523064375372955
-0.05731774336727535
-0.1880688196673792
0.7323478714750975
-0.23540658387105373
0.7526242302130561
-0.4173367525750715
-0.890022987861476
0.22944699905653665
-0.6394785929793798
-0.6078698672313101
-0.7189115188427699
0.11245058260138108
0.9733124081932123
0.23292676564936965
-0.43340923388627095
0.870668937673714
0.938699758246871
-0.15907655879114668
0.2013725406869915
0.222819963945315
0.26995247843244785
0.42985454787689226
0.9004270550988085
0.2796946330822543
0.36749255555482896
-0.06785973342033813
-0.4127376523242181
0.4566217702205464
-0.5492717001574199
0.5636547706571902
0.7231017382856317
-0.3627521136510887
-0.10961830140194007
0.23496054252758714
0.13660823787501597
0.7925494671900288
-0.3428541037619972
-0.16381945289976096
-0.10423057814718195
-0.27777105475271857
0.6774504146506561
0.9333066957432212
0.9487293247394784
0.6782755195112451
-0.23556812250439418
-0.20077536324294964
0.7706333206439149
0.2329881229563484
-0.575352416957847
-0.3589677511779519
0.3713990669646887
0.36749198723456744
0.28981435506843667
-0.7885188926042657
-0.06515151849715095
-0.3489781565759924
0.689456436338475
0.9556682309455851
-0.8223250369959274
0.5986739408137238
-0.2851504904426909
-0.8702370138775517
-0.7722610922869233
-0.3851136061203566
0.5482143456456785
0.41268398252031835
-0.033531704525678
-0.03830250178116801
-0.6957371928822278
-0.5879785397463753
0.7781761304274171
0.9320593235247743
0.14937230908245214
-0.46696249566986836
0.9788207860187943
-0.8955944583444468
0.48353815805193423
0.2225067784464203
-0.5959634694643703
0.3490992031436051
-0.7762031233406763
0.04710029113616754
-0.45940569801327813
