0.2541520749545534
0.5019380579015742
0.7412496375122828
-0.8732075405616255
0.26625307597311454
-0.42127340971508764
0.33506720800248213
0.4804103186302755
0.13061266445132302
-0.8408617274513124
0.9067516899286792
0.38579497990144485
0.9781288910768671
-0.5333650432775663
-0.34134843965090855
0.08175395755340231
-0.6037524745278704
-0.5729234727672738
0.7620672527970531
0.5401060458204752
-0.060779679988083535
-0.4963431878774691
-0.43920060230021596
0.8532532490749862
-0.3641757907369221
0.569525798025464
0.5052777896013096
0.16473435390919788
0.8294683872708231
0.43794056131694203
-0.4544003007952657
-0.10827596909728121
0.8696917171519696
-0.9720394017456313
0.35178977220068486
0.4897766872223377
-0.9579580901954738
0.7384144709330569
0.3959936786115563
-0.5957553826689637
-0.41588164509236125
-0.7997721746464412
-0.6510146497751057
-0.011831077130964651
-0.8067441754178686
-0.1842803416042591
0.8748283892402839
-0.7972120253648387
0.19072426422681166
-0.7759938426243704
-0.5499243367445072
-0.5486237836240138
-0.43658634854747325
0.4141929200208405
-0.3231911111260537
-0.6100540096707234
0.7620066388254385
0.5495810210681877
0.47414834258852134
0.4992792951998879
0.8809515629424267
0.9636723990874825
-0.044376493969643604
0.3691860423331135
-0.16132399501075811
-0.6546050469109848
-0.14812154833613933
0.5870975702123362
-0.6455788734159238
0.49652959588533596
0.2838713457083153
-0.5973932167449691
0.09257050454922311
0.898890122929072
-0.771751331390951
0.23210657980916505
-0.908523770352019
-0.43984768838948685
0.3186070931013316
0.03162625382119644
0.5262123991205303
-0.20450212871284656
0.1960858685172271
0.6432161614087764
-0.9800549698048979
0.8390179641869975
0.25418013924256755
-0.09576019743219244
-0.6623052833134815
0.13097304779776597
0.4795392166443002
-0.917420577890163
-0.7305846817102355
-0.29973554707480643
0.9123220982171305
0.10225147536959911
-0.5689601507224258
-0.3338205076056131
0.7473939302716655
0.7524498794835437
-0.3053668568655237
0.04610440901884538
-0.0554710275138004
-0.1489826464167887
0.1687457596884685
-0.9852242301474055
-0.20591627755563446
-0.6171576512131751
0.853126005878126
-0.13464080947175971
-0.05521992226904615
-0.9116646999787992
0.5093458233489987
-0.3696638049759631
0.5056906489797819
-0.15653349575188735
0.9241002849184845
-0.6596716145080228
0.0035179786633099397
-0.8392280248051887
0.30748826189268574
0.6551259423510196
0.028262377766594682
0.716736638659097
0.3673371705533899
0.7084592776859344
0.0006979562753295365
-0.028966708295393273
-0.670566883760531
0.27583795087498153
-0.06042282988881409
-0.07863825783459832
0.020896570897343647
-0.6827515271385207
0.6875030665661339
-0.30703690285935226
0.7644252408271686
0.6749612403064564
-0.23628186413403052
0.9973872029897326
0.8665964507255906
-0.6843383246427253
-0.4311838073686727
0.703783177249707
-0.889573964643745
0.8826806683677488
-0.9307105229902228
0.7916637844498755
-0.5269764256464164
-0.13308008778737013
0.9106456022718159
0.121652220318615
-0.1911175145754609
-0.3045715979197625
-0.6919858050955783
-0.381916546403424
-0.7320816514995367
-0.3728644650624291
-0.3929066195177955
-0.5920364268238172
-0.22315482440813694
-0.981969648940382
0.2512754653253513
-0.5265242950633486
0.2788545010082626
0.5472815925010315
-0.30498329907979893
0.3689732636938501
0.5871405289831053
-0.7603103977785595
0.5817813657264816
-0.7331325057747806
-0.8192581037707747
-0.5866850337966321
0.9939202372282754
0.036986006825914686
-0.966492814821736
0.1215791153854815
-0.32408086449461204
-0.9294916872429826
-0.1809643389242468
-0.9807776443675722
0.1419232184861805
0.4538883419458717
0.7789213863110165
0.24449653957352302
-0.7582369090905263
0.7419667871354205
-0.29841717274646773
0.9868662669618569
-0.193133578845337
0.12730785487698526
0.3616459144444826
0.9341403383829667
-0.5537191051855701
-0.6045790829021802
-0.5962657091785304
0.07268095800316288
0.5064265880398731
0.63112451593042
-0.21849747897054939
-0.2507106032702322
0.021130553465637192
-0.030792295545715387
0.8571968777905636
0.8128506030674787
-0.09072674081028276
-0.7488626377380447
-0.004117398789009741
-0.7861777818645215
0.46293229217150356
-0.35273507797443804
0.04049876958379839
-0.31768594412169326
-0.9800451302894353
-0.8273262154522785
0.34874853780599
-0.3032058310337513
0.27588609479119475
-0.9885593706631064
-0.36670577987567965
-0.5938433165775903
-0.31468927568721106
-0.6043242156794106
-0.10362419321326022
-0.4176533465692429
0.5276043951055116
0.6113607256419789
0.1788386744585535
0.4191666887597769
0.646646400089419
0.961500067346243
0.3037155983279789
-0.4027279941238535
0.17128687885281502
-0.08709439217613824
0.42633048229520676
0.7666081326048808
0.04875859820073791
0.49373571829086904
-0.8641905670517733
-0.5906351155549749
-0.9272838174122044
0.18241672244589724
-0.14426310662391262
-0.024183995660585822
0.34779097960610916
-0.46017796955827905
0.34039852615404165
0.7608034686206484
-0.3229535312840368
-0.4234119230443538
0.3691095555172834
0.8564270277781356
0.5327234640942069
0.3659134737458458
-0.15249169274635888
0.47193636836432495
-0.6835843320308967
-0.18585515681024134
-0.2233396247720727
-0.528709885750182
0.9082212921464106
-0.003969076966205742
-0.5723382619737594
0.5221682343694645
0.5381457055231336
-0.9182792347315789
-0.5597721733850312
-0.9679172082213623
0.3476639255511649
-0.25383016327540986
-0.28017372287384346
0.2919434195912538
0.600642582863425
0.1233818213223068
-0.534802064817165
0.2352977442487474
0.38300761182482623
0.3285815373213956
-0.02495420064036269
-0.9516979547264879
-0.5324695499141681
0.9505543725388914
-0.1369741249817471
0.8862305430236226
0.6640634200922608
-0.27804208942445063
-0.33255226414188477
0.8581003723888954
-0.4982537616832572
-0.12688984396891145
0.14115448052091528
-0.29767495368032626
0.2541483322454019
0.23160360440997851
-0.16259293808394015
-0.7042391810365085
-0.31101199000126334
0.39576250987930006
0.7760190002433662
0.3928627581304249
-0.16301927044516562
-0.9459666722896691
0.3220494252327464
-0.45921613791444504
-0.4263147078940226
0.9324938051628353
-0.9212276435359632
-0.066670365251285
-0.8030702081460976
0.3725245951410092
-0.7465631594764184
-0.36719904640869006
-0.4835247528238058
-0.9692173730861173
-0.2805419130368205
-0.9623246640741066
0.6588290819556115
-0.9870551286692151
0.4786046000571045
-0.793082259975948
-0.28839450674616196
-0.06169701692216156
-0.4458820348546273
-0.29054451158652905
0.1911395865219927
0.5696382210556978
0.820036840669004
-0.6423090259797402
0.2824441059379721
0.3527292185657407
-0.542704935139122
-0.9259443323653003
-0.49504037044666926
0.7161979390938897
0.6399069381873972
0.33261759089225373
-0.3190105500726328
-0.7085563993236932
-0.7216053525804418
0.974110882401362
0.5348419464894634
0.4534374461044921
0.05645898950578809
-0.5221569051132386
0.2441654837160807
0.017537809904653923
-0.8093837385199212
-0.8806869180442356
0.5339978781195693
-0.21023789034647233
-0.9628791111874426
0.11781943510073423
-0.504994646194519
0.5630330194628845
0.05443796525933897
-0.7867709424289211
-0.2530046913993629
-0.744835325906239
0.3083877543797151
0.8393245087231136
-0.6462703396456693
0.35128234130940306
0.9922686421084725
0.10474497130474947
0.2905422899410315
0.8812088339043578
-0.15776793886536478
-0.8278049406708254
-0.48203139879165935
0.6222270934619245
-0.9946505267037729
-0.9196413060018307
0.3879179774082284
0.8316740916908238
0.8224761304548693
-0.04281820658747604
0.9740366808489334
-0.7357389384656263
0.7026714354589008
0.4023761025165644
-0.9876485199449196
-0.2835291096444894
-0.4390828421369788
0.26833857623895097
-0.2875478026559477
0.01742205462152402
0.24138687672940695
0.13749644599562338
0.2617048565892375
0.022349163675308814
0.6086911031544529
0.9603827103622946
-0.36363148710469795
0.7941431372031742
0.511210021457069
-0.4170308801891569
-0.34023823978410195
-0.25330836039846205
0.7896218481342929
0.29083927619268546
-0.6976338499652717
-0.7817910918890147
0.02201664678783133
-0.7518101487601987
-0.39378361724478794
-0.8468770250935287
-0.33334660837185504
-0.20072040489430631
0.23935832469826823
0.975689362131015
-0.12455591980753922
-0.49843418278195517
0.6906855202298869
-0.3663245717479555
0.3345329697537409
-0.6707649207497903
-0.17773792127150023
-0.814784748909694
0.34538032841105126
-0.2391979220997451
-0.5321976100074062
-0.2653526288522665
0.3109800638387781
-0.8945497685344033
0.6972028890528814
0.803220754022141
0.9895195851267697
0.20774982565663147
0.5212417094893425
0.670914124255009
0.7202984685744795
0.025041657295090003
0.9499936742171677
0.4953856345089993
0.586149804602796
-0.7836045514177674
0.4933292821218056
0.24994061345920482
-0.5776604131632546
0.5533944680179947
0.6187922011411127
0.500097824894945
-0.9207323581209785
-0.32727251318469985
-0.6303564518743057
0.36583969193937693
0.8565502275557695
0.2046751897511323
0.05847728701399735
-0.10999442292179218
-0.5053251815674951
-0.2560105799222674
0.7937071858559324
0.5492015969046122
0.5620210072092693
0.2247660826137472
0.48969836666180133
-0.7341583487850394
0.8343281925035984
0.2770665934247645
-0.4251956781488311
-0.4058026347658963
-0.050494676720263865
0.05672383588481855
-0.4824305624458307
-0.753985746001437
-0.43005345143282603
-0.43481155905783697
-0.329474998666329
0.5890539197900646
0.9643746320148749
0.8263753725810454
-0.5000998638081584
-0.6957628025985538
-0.1375571349241842
-0.265125609613595
-0.2853285122313538
0.7945232581510917
-0.40848269293469075
-0.7451364127598035
-0.23189762938154357
0.5255208807450551
-0.8433851789472935
0.5076107858449457
0.6475374717058091
0.13385284404282394
-0.4738175748779432
-0.4017727131499722
-0.08527398128858099
0.41784589787804416
0.23585535427486026
-0.68032416003177
-0.014216335900528287
-0.9246313881680084
-0.7855866546188723
-0.8226437282349253
0.7591959484429882
0.8066510465763488
-0.37859822337547877
-0.5974306776498084
-0.9962957322425667
-0.2582690674995918
0.7134419898069635
-0.4225408733586764
-0.26029493509390766
0.9422630482925689
0.6591286502334022
-0.37739625564656754
0.6571691699682154
0.4845269634516529
-0.7410467147880879
-0.06790544262211795
-0.8712700988172497
-0.7199435955003848
-0.25702981082002085
0.7117603583618675
-0.937623549400334
0.8449618627001774
-0.07244910728850229
-0.41601202511926516
0.3747711182696789
-0.7302914964679217
-0.7523031889001528
0.48783607355993297
-0.004921196310799125
0.8029260795554019
-0.836382834823238
-0.9009643161987322
-0.5354229891458588
-0.6363180278453353
0.5152949090325356
-0.3531427561644527
-0.004728186211548024
0.28744335257748777
0.342946034324471
0.31241482338365656
0.8546635075272764
0.4683193187700325
-0.7662127192969561
-0.18586122870450628
-0.2454560580274754
0.813117434482399
-0.26400890495839846
-0.9614286295169996
0.05758040605508086
-0.9930614185133642
0.28376333370550255
-0.26741017935925737
0.5021531967149087
0.451570594481318
-0.7106565161732303
0.41616242055379593
0.39999817355727174
-0.1418592009854851
0.943849831289475
-0.9074228866815797
0.1680802157164707
0.6823433880262844
-0.7434793868789613
-0.22336910644573127
0.546560939556096
0.5002975735822788
0.05385282381160805
0.5575607765206656
0.28122510206830653
-0.66136951452
0.37418583610245015
-0.3023138661847429
-0.12046347237731414
0.12504722808238555
0.9111037295642674
0.7388898297844322
0.5177527547919996
0.601687292797016
-0.957760485399302
-0.06823934350851113
0.5410353463057771
0.18750173267472658
-0.30406320363845407
-0.05317348490971563
-0.9565621137158626
0.7567924854122134
-0.06765501694657661
0.6599016885731326
0.16109340846600517
0.881014523660512
0.19564094702571455
-0.755806379426617
0.25749493745147123
-0.6307347583643006
0.19079464815534952
0.8863155418227373
0.9791524401767577
0.27413849541630664
-0.06298615030470067
0.9039284078244563
-0.5717535075279785
0.3553118230420298
-0.6785642418556475
0.08754820038978273
-0.22301480105717553
0.10488477311826205
-0.155826685623784
-0.4532922981517322
-0.8097138511071982
0.310744621872697
-0.7990874506413339
-0.36038603020605553
0.3148179066901504
-0.40803540437998653
0.061218136308238025
-0.07881416677459097
0.9989029675272663
-0.16664079954626954
0.34030306287266376
0.2409583556766901
-0.6089862053648416
-0.7744351595022645
0.22547548575830567
0.8666814166233896
0.08533508087805708
-0.9805409142380408
0.17105808635064368
0.3598312989416663
-0.405395662223089
-0.2510197486211627
-0.23828977513866945
0.14403102061815387
0.4243156752103334
0.7534259292713035
0.9525752919494177
0.8081213557186986
-0.6621587256835204
-0.5410708816387504
-0.7375751161043969
0.46810666052700634
0.33141440044185977
0.34391440493197445
0.017737388046989988
0.7038233428094522
-0.5668162381494144
-0.026190710912816995
-0.19730108252247613
-0.7224756987110215
0.9101898187110029
-0.9959498656667394
0.024821002945736304
-0.959019608357317
0.11046204251026603
-0.46194121547569145
0.2063077677918026
0.6921907234429203
-0.02616832814494585
-0.7155638099094004
0.03420280211990345
0.45107328597695884
-0.7238345678043128
-0.005960452943239325
0.25072525132922885
-0.2907882911168185
-0.34347597554272813
-0.14025610334285687
0.012824489211958667
-0.09138065595626244
-0.1678471853467971
0.23390128727858928
0.95403343156294
0.6747090103675668
0.7469178865751884
-0.5327659037646282
-0.9322828398359524
-0.3569115457241898
-0.6057576374000335
0.8509162787590039
0.8084363384988242
-0.11355752467954505
-0.8623503199534692
-0.46491171231860107
-0.11027089008023294
0.38109085087481787
0.6047579817091571
-0.8493509769377912
-0.1409095538437144
-0.7410669327095956
-0.640561010053357
0.7282626811046036
-0.22730623369182323
0.19180603852542277
0.9397665354557947
-0.009200145582393349
-0.0005547404348897889
0.38516912733112374
0.7821321756538628
0.9672898649941932
0.5387221020625284
0.933470320684817
0.6395632558193929
-0.050848694226573565
0.09903428555867944
-0.6552380019102961
-0.18703756776456637
-0.9178699007774138
-0.21617963449331223
0.3848402065052523
-0.809236763729624
-0.9230364573955518
0.7736166463028147
0.566337461887275
-0.3765186489777257
0.09581532750513899
-0.41365229697755557
0.4485836705507411
-0.3000485970224527
-0.4458184329570334
-0.9291413718718498
0.663375393117986
0.6480591112634484
-0.1375747110730554
0.65017248715869
-0.30726523133944506
0.13966679203864762
-0.11983306628049761
0.9227371907830919
-0.6036317894388075
0.689822068587477
0.893299203254047
-0.8329863837369675
0.9450647052717136
-0.687876245419933
-0.12049206613862418
-0.721323324739781
0.37180149133767193
0.40849877082138275
0.02911750535889479
0.6119675071173312
-0.9875803748936003
0.7618046602721236
0.43437934719221327
-0.21233438625358847
-0.3526171768688271
-0.5852825488525097
0.8896169452722351
-0.1709429936129192
-0.2811305713981842
-0.5648650333516756
0.6082985381365662
-0.7443271850051165
0.6660759161239762
-0.10872672999540867
0.6915131087181365
0.18967589395164097
0.7051394723146991
0.3584292334261303
0.8223623762661094
0.13195532737472693
-0.6361966448857044
-0.8538460985960488
0.3424616231247679
-0.7192860059879618
-0.866127756120795
0.644260472313281
0.7734915259519017
0.16321639514863762
0.6056741183681555
0.2754694335712675
0.6125731756645607
0.9640256622368519
-0.7753222503443116
-0.26435592304410793
0.2392592386040755
0.6832886425705968
0.1328737396883546
-0.5068735473261559
0.6269769039740858
-0.2544184027121752
0.7285550669585636
0.1794543329056466
-0.1483397052284079
0.23007190044755954
-0.5164025735796296
0.15492635259809817
-0.8206699706052711
-0.5255737311751274
0.05468232211184865
0.16606768182651988
-0.4248251430083496
0.9471603855086088
-0.505614220434436
-0.004606087165981432
0.5119623265183895
-0.6560490998498374
-0.5347692148165304
-0.9256804894013293
-0.15693330824067608
0.9432474143018814
0.8602801441775771
0.8229278518840368
0.5820894484140899
0.018626275085221966
0.516033142449184
-0.9838031307228694
0.9166702772237485
-0.8947895375801027
-0.06084497897329344
0.1526357237457232
0.6275905738027001
-0.45099053122532573
-0.4413293298484555
-0.846808666733319
0.3127480605087285
-0.9358144088995153
-0.9735638119611716
0.12511093698961706
-0.0061129533963864
0.10825147093970089
-0.8250258407244007
0.06832746897133513
-0.6100622619313167
0.8343853679127347
0.4791996189274814
-0.7465534384379111
0.7617633152103171
0.7577697232225498
-0.6259728776889448
0.6215250430141266
-0.39496762614289915
-0.03683759321137536
0.3822215394612143
-0.8909922874357843
-0.18003760050624606
-0.531139244040284
-0.6156974004816516
0.3266907323919981
-0.6830414169971655
0.4456009280618516
0.6974423873263587
-0.97951002745216
0.8870011488422374
0.7579698648705389
-0.6308545826220251
0.19072039608217506
-0.9749506746786416
0.46724229406006246
0.5265200012785916
0.8175297293592791
-0.9206306425560413
0.29850734132254875
0.9335833252885568
0.8605613134123546
-0.3247751166935633
-0.06932745967398879
-0.8080543743730917
-0.9964980677985114
-0.9801340872096207
-0.4043306278288714
-0.8290717033732629
-0.8100080485949261
0.7411071306186552
0.19412411047574896
-0.6484749777593106
0.6659081942788521
0.6085526401458115
0.0718297629514042
-0.6833008918327779
-0.008358173831197968
-0.0556413190490328
0.7565395865943558
-0.9833496165933866
0.24447117328450818
0.8753279896217827
0.6558382310116655
-0.8080909762428188
-0.8287647319028386
0.9039000974792357
0.8780722087536881
0.15008669998011714
-0.9917040345393291
0.64383956331621
-0.4630949945775029
-0.1771890422057567
-0.12677715200770057
0.7791803711385097
-0.6078644142114855
-0.3183274095956934
-0.16661659317294708
-0.49081301072090944
0.8814801276467745
-0.09848596398807952
-0.6165577798257129
-0.8178004702605577
0.7591095357044562
0.24215170659263485
-0.7982692908018107
-0.30099085447828644
-0.10211363264312379
0.7127672429984551
-0.4149040885190536
-0.010954207336358879
0.9788543290820229
0.17681725746607002
-0.2303153974774188
-0.1988316145099165
-0.15798731977949032
0.6349164129601899
-0.2824356044530172
0.41498483561473654
-0.9167197233682742
-0.6384720341655079
0.48717735462813017
-0.01491230671921695
-0.4030240327620549
-0.3862678692019845
-0.6316208840428832
0.3366856107556053
-0.03976166286332483
-0.030644700228251942
-0.0373754137645963
0.9329346304915733
-0.1591709244714159
0.4883154342874285
-0.6917098415022431
-0.7598918592701129
0.199070638735243
0.6440347206035104
-0.6090412078622194
-0.6301057643832235
-0.8517312551226512
-0.06452104656936908
-0.7747485691172669
-0.4275468149964965
0.4846308286406271
-0.7547369319385697
0.6558283396215008
0.12244186087661091
0.19895266952065138
-0.9600976731189848
0.5074644405229694
-0.8197568825557533
-0.511537202187988
0.8619643645517441
0.8039713586136967
-0.6154922852701659
0.5956711369378447
0.2986137520919141
-0.36785449119047553
0.46985967336856094
-0.4786748402182439
0.8917406967500874
0.9320937378096767
-0.75044018445608
0.135084020416101
0.6758728616300327
0.7667979402128138
-0.9796363098538052
-0.3011404759877139
0.8566801342328834
0.6896156493554135
-0.637087838831065
0.6753142399868131
-0.8397535007189043
0.32390126065421954
0.04760662320991815
-0.3407342198400405
0.41444154211842754
-0.059652875086040114
-0.7858373435411394
-0.8051596195956539
0.9922070055491023
0.573678830589865
-0.3357285385379456
0.8486598870123825
-0.637671878570913
-0.21210819518192014
-0.7347646775558123
-0.3938989061478535
0.5964527546039016
0.6924906826568347
0.7304817136710098
0.07835748441652512
0.18611108000757337
-0.8612564027212295
-0.43064633151305465
0.49041310763298807
0.8339643907952645
-0.06023231709745436
-0.5268768459405992
0.5600066673920665
-0.9734776517858887
0.9051220516707512
0.5634931325031725
0.2710011167823867
-0.7903873338179668
-0.48451473607783946
-0.44858283609687777
0.3093830017744654
0.9588468065612434
-0.26510147471310974
0.1494955724827367
-0.8285817161172351
-0.5162925853551561
0.7671131547475663
-0.016411945530034888
0.9451762950782467
-0.17744162500561877
-0.9216476939795342
0.9259382934975391
-0.35702751125823795
-0.9609985401425232
0.009296207333175044
0.8169323629624239
0.14231238242324817
0.8984183580377665
-0.2559799575324391
-0.5225645762782405
-0.9589390752590246
-0.9237697635811271
-0.599861125757106
0.406835996119316
0.8960471504912821
0.8322510850274265
-0.9332828930774499
-0.4032387618129063
0.7672111927393088
-0.41307152698552163
0.11825557292728384
0.762712450152029
-0.03156858153177722
-0.08793104644033156
0.6786759342276065
-0.36601397533949265
-0.1233502653318328
-0.39651798374906844
0.9921461601511281
0.21500310482148577
0.21665670457543906
0.18153364142477013
-0.1764588758731629
-0.5201844357853544
-0.2100952640123872
0.6944140883130454
0.6596616642378417
0.3757916173368143
0.35494511943282747
0.08891491698222165
-0.5559135433278191
0.4598668918309725
-0.10351293222195568
-0.2671399536520387
0.18023177005601365
-0.5335659863174218
-0.20909372642939972
-0.21497271844390986
0.9785052552995788
-0.5445607672946087
0.0307084897498211
-0.06959695390425469
-0.7829215418100159
-0.9876544851675357
0.8852793541499626
0.5201210884172986
-0.6311027535106175
-0.054731497637082516
0.38759262246060167
-0.11060209578211566
0.397499966686198
0.9930785018225341
0.7436063091338572
0.8958454127109683
0.7778259046914584
-0.04300121487431707
0.7758621633816458
0.6611273782968479
0.939265806158472
0.7489701361780572
-0.18774219851118334
0.876322852318079
-0.7438644830907273
-0.2678897994017826
-0.9969486534015877
0.2543237428502172
0.31265425613731335
-0.7198110322776727
-0.03500937406291471
-0.31074031120554535
-0.7539268784953759
0.6221398925083343
-0.31811786751901194
-0.16386743244308755
0.4243811990328792
0.24600166271843293
-0.9139702858310788
-0.9854453615278553
-0.6639181450387841
-0.26392939768141566
0.7044334021907244
0.7999419218957913
0.8529472961476527
-0.05082531071176444
-0.7176056190221072
0.6555631531059309
0.19715360799506776
0.49704351528689306
-0.9663732136241205
-0.5193708519536457
0.6563650983928702
0.25559363171068794
-0.9663888566172865
0.7405585187001049
-0.8136559254945837
0.8351436416819602
0.824028656550428
-0.4047634875079884
-0.31685239596288417
-0.47391135926960004
0.36330863639583666
-0.4900210937944047
0.14216763795678644
-0.4350042112674879
-0.9566628928422753
-0.4215136665809789
-0.48484063075471795
-0.8717896086853911
0.3283815819686966
-0.7275805766285737
0.1352000557150972
-0.9456415063999157
-0.6950218027450894
0.12831364415655067
0.49945180568293623
0.9434870702884892
0.7098967950071311
0.12925810228977985
-0.46436337402568095
0.7943299339561329
-0.38107343869096333
-0.030748813925630003
0.2622935404759277
0.5654337424614146
-0.6384679783909444
-0.752519950107843
-0.5639179241883148
-0.3680955171649145
-0.48612708869323895
0.2316300125863675
-0.49514138649366424
-0.9729260909306678
-0.5460370083781507
0.7166445091024929
0.024322493384713262
-0.6730492548878602
-0.31792139548817744
0.009455742005580081
0.9097238919082606
0.12662867470263017
-0.862453961061147
-0.8045799030905088
0.21656616757585034
0.317340517983294
-0.4872258830092966
-0.3783581010853494
-0.6728931271159044
-0.5450028904652124
0.9775334139512366
-0.9064149881342247
0.7486761099655745
0.16855388843317298
-0.6417428194977111
0.5787418660116346
0.22562152986713446
0.8701219399751727
0.4925477881444693
-0.9703197364325589
-0.474175563504059
0.16900623823454541
0.9447672927339255
-0.3216050568017079
-0.5647306697802243
0.6205337300065452
-0.5599495605439067
-0.7677262429853211
0.1395101228149378
0.9293283044419287
-0.7167063444577917
-0.4796419387086641
0.38614506041626306
0.023186282827107885
-0.45965757679602914
0.449341918654776
-0.6110515825503982
-0.5317976135005236
-0.125291618949676
-0.8961202494203342
0.12763025430296082
-0.6945107942881492
0.3056572698030595
0.7170100418734475
0.5430520917253097
-0.02017671280079747
-0.2489780546626743
0.3176248740338501
0.1288998289551806
-0.4172373481286724
0.21037867100099916
-0.9374864503707754
0.013924260237468067
-0.9357864582977036
0.5087753553722203
-0.06537173487962322
0.4764626211131431
-0.44247973284999387
-0.4647283705521794
0.7510157855502264
-0.10247011229192338
-0.7184645335086959
-0.9748566859635683
-0.7134157516223361
0.9860899943179648
-0.21838825305236265
-0.952570842185291
0.01875120208263148
-0.9576656570655884
0.8395826906262724
-0.9979040265036638
-0.5396226569062821
0.06693392599360326
0.4996348032436997
0.5351354707572389
0.40038378397745866
-0.6928869164586429
0.37916983893595124
-0.49325922200906946
-0.30112224703448054
0.061551649288063226
0.0769792511988896
0.6882579492655794
-0.6475149987932305
0.9788915940339755
0.3501078047859649
-0.8567091165072478
-0.7583718805363358
-0.7617552437247861
0.9381879795401471
-0.5150020386603809
-0.07556557105699802
0.1114365265975481
-0.6275829642787643
-0.865059276450677
0.3431837072352102
-0.380658006349214
-0.46549588130766106
0.4739070550742168
0.9902209289872952
0.7356221302946513
0.511331629944572
-0.4889112981614505
-0.4248827708061955
-0.013201822830412713
-0.7814631227193658
0.4246200878805899
0.11133723219004854
-0.3316342058905919
0.94504955997516
-0.5056541756229247
0.08770163672370423
-0.8533735745559554
0.11963883615294657
0.8611887588036651
-0.11168164902524236
-0.016191788582650135
-0.9747785352746239
-0.06936463331632248
0.29501512907214034
0.04013522755692489
-0.20266378857019673
-0.20941378787262366
0.5521368546032586
-0.6763815296638753
-0.863630586088767
0.7639883628672799
-0.8758373941917617
-0.16826130824487517
-0.4925525934905983
0.5397070964494959
0.05226595881872087
-0.1178736932118678
-0.7317904227124743
-0.5468951539109939
0.5144888836743626
-0.83669272343403
0.6562765324874358
0.09961251014190031
0.49498180387530577
0.7760838714092373
-0.6646972015616157
0.6931514108645427
-0.8613956042209197
-0.6433686578434568
0.4648600150147937
0.15466239709891694
0.5864308956209439
-0.47927775532131855
0.7176381693113605
0.3979542927305999
0.5511272282439166
-0.5059889854823993
0.14431425604117765
-0.7917486374459786
-0.15567890202041146
-0.4363540030676105
-0.6419783432317143
0.1438310093589652
0.8024669611528363
-0.7864429213378363
-0.19151283284297205
0.29704402957271236
0.848347633259652
-0.44868273893570265
0.8993482025071202
0.31887440597966243
-0.920657571668215
-0.4679288504630148
-0.04155327546318732
-0.4263909301628199
0.05589167956593255
0.14757164968850045
0.7091010277425436
-0.833402884472658
-0.6930055591142785
0.03562104971875568
0.35761759233191515
0.7791673314917515
0.0797809510769174
-0.04383787724021371
-0.8286727024945753
0.11392987633927443
-0.63462556683589
-0.768477118764296
0.18273823264942757
-0.12910046359207383
0.031156843514132726
-0.7901765662107179
0.2594917079811061
-0.9056511504240141
-0.19178431142595986
0.6162767547884087
-0.11631396002046346
0.2437863015097277
0.15396912878654745
0.844738742249107
0.2818012531457703
-0.7706502178985921
-0.35072619899740887
0.6761611399346461
0.4345419632860732
0.43780079053053855
-0.9851198271473689
0.17855767729497884
-0.15155231394436397
-0.7998487597391322
-0.8614481842679267
0.31362537178832395
0.7790232650379438
0.34742140648696584
0.2639805219582212
0.9517004724485127
-0.08173241687737454
0.5785506565222673
0.35418872471973795
-0.24117936871823442
-0.5319917174162365
-0.30836305306688283
-0.6801392012449685
0.38541229429463564
-0.7707599336957802
-0.01290391803234936
0.7610377160627793
-0.4728389119524701
0.9413324357951116
0.2699310653866345
-0.10869617086191896
0.7232337095434347
0.6151575356836063
-0.12025721555935354
-0.00024412986472555076
0.05820920888101089
0.07810186089493731
0.7154435049991175
-0.29271336010390936
-0.09665772296321018
0.07470252446465686
-0.9734471107600013
0.016746263799965577
-0.5301254512452289
-0.19611338748877016
0.3591214762181214
-0.6371007759344651
-0.5734960667483182
0.2109835011045591
-0.03150573174971827
0.5109351951709209
-0.9932217304121294
-0.6964275911349715
0.916022244307158
-0.41751683372802106
-0.8074005777458049
-0.9395544818738972
-0.7998716427703321
0.626658849726
-0.8574729597184101
0.9425255768033984
-0.6219701131335302
-0.6618092542026213
0.7808596867525222
-0.2424074102587226
-0.3920725925716224
-0.9329569478190987
-0.6972200671805564
0.3905202268613497
0.8357694329385124
0.7428159701174186
0.4740923256337086
0.5880512123510697
-0.2415507791702569
-0.6348593627657546
-0.952070486584004
0.4433196617574946
-0.5336288675224428
-0.9002303647178169
-0.3387292541710045
0.2964262079251838
-0.42049938903042094
0.8297868467946878
0.3333832204181528
0.024025877903083526
0.2479264162760828
0.7951297746921719
-0.236308230744394
0.4404288503937932
-0.46944255489998277
-0.8132565651139754
0.7266153422074155
-0.8296691704864712
-0.6018361352889741
0.837181249917381
0.6123799297064598
0.5061245341899754
0.5444456206729227
-0.7688328254381609
-0.2195240425545606
-0.8538335870040115
-0.17226055109510585
-0.553021134117337
0.7654089941436575
-0.9675820348184399
-0.09258706717971266
0.3963945397882349
-0.7326946470052909
-0.6750036752126136
0.45963567053092325
0.769954894922118
-0.09912108881301696
0.284898418785166
0.35282197062198173
0.0805206285632718
0.21047835135140658
-0.44410077719925267
0.07165769268341093
-0.2586312582702175
0.20284816948890416
-0.27017532823603907
-0.9937700318515328
-0.7177347994393899
-0.6793624384546262
0.28997092642483335
0.9385786751794865
0.1698998671560077
0.4751276627844243
-0.9659981151211832
0.9499126351299567
-0.2685441620665363
-0.612677910065081
-0.9288708555839902
0.48555515034857377
-0.07932486952222795
0.9713338094152817
0.9622763009037751
-0.39295162300243525
-0.7319146134320191
-0.2987760965329569
0.018036501166039942
0.3376352566929013
-0.4692503907988359
0.6825023116379285
-0.5444114091629806
-0.01728256381610671
0.09802387697042869
-0.0985243946977199
0.364105950426433
-0.859912346367371
0.1780959382014191
-0.6593830589989307
0.17161769415893446
-0.09021822008425207
0.5509748888505313
0.046253287889755024
0.45326505114672466
0.1676628417257231
-0.7151422989374574
-0.3333805103389087
-0.34426964738165555
0.42972137840261393
0.8613995314637
-0.5920444759574459
-0.1667792490932345
0.1832117258987278
-0.8748384590786624
0.5906910675455237
-0.2804997616873577
0.49210007721145477
-0.49832116510610724
-0.6260244089679905
0.3403237014814793
0.4679746821738153
0.4340731118799268
0.44485288632496367
0.7986272357487869
-0.6103312984348195
0.5511154205887148
-0.1213561990297396
-0.7446073411499596
0.3166264211419507
-0.0912484882384168
-0.2397991835423201
-0.1116464482833448
-0.3020367738067993
0.20071276358011692
-0.010702286346409684
0.6646047723158832
0.7222612207416848
0.8361787615263772
0.27649651752981885
0.773414798999438
0.27130072993184084
-0.6772219334284664
-0.716018479219048
0.6969573702556404
0.0566099342677755
0.15949198236554518
-0.33387647566309564
0.20320671654817368
-0.24820296966865185
0.6940686923714503
0.16272988877697414
0.5502065820368116
-0.19526869961326643
0.37734188596804064
-0.11243315034311085
0.43728020483255947
0.24673983059651028
0.754403187652591
-0.47636908348167073
-0.08326420009447943
-0.2738499261518874
0.8021027205411317
-0.6038378970156864
-0.9520253488464292
-0.7687535448590577
-0.7177075920193274
0.8563726574906512
-0.34763651135998597
-0.14485188759636802
-0.45664513237929527
0.5870240789020991
0.2812862860675034
0.5879397102432018
0.6073341798611644
0.8795425061254416
0.42321719496882704
0.9938165262652607
0.776623744522406
-0.7343037575977247
0.3644329799186943
-0.7562672093431211
0.6103086542402436
0.07205821242776822
-0.5394702878078532
0.8849529836168271
0.5711048445095097
-0.222936696443496
0.7786685427774558
0.9087899999529532
0.1209879341120188
-0.6092256530625426
0.5838951973438709
0.383734234720821
-0.5628680079207615
-0.7020121672980157
-0.2753325953463326
0.32977915817509396
0.37120362072504487
-0.0519746856808192
0.7469905364062075
0.09145759876433246
-0.26847766673806817
-0.626014287199109
0.6026657755334859
0.3501364091650714
0.5496062735028879
0.641234859170871
-0.5980935862420034
0.44985872210332856
-0.18166894048335647
-0.5530649746079992
-0.1502589457407566
-0.7889039728735323
-0.5362508435343349
0.7772267524031768
0.9504411200745879
0.7454033614679412
0.9373448024481001
0.059799289883353035
-0.8413151231998588
-0.6344556779543356
-0.42190404176537344
-0.9899312103020332
0.29187224600897843
-0.4583934725254173
-0.2023467613061971
0.4706224111237447
-0.09176125474677232
-0.5704762970582875
-0.4081962471332574
0.21735513272400175
0.9861962927580328
-0.3801604146191999
0.9884925724428546
0.3011943203622671
0.9358952908215958
0.3053056954829605
-0.8699225305781402
0.9500654863979741
0.2482224878124002
-0.09216154827636491
-0.6772091752094851
-0.34300005718109117
-0.3418996507538967
-0.6827026995334793
-0.5908560555637627
0.6573990065237949
-0.7940624808843597
0.42261234864429076
-0.20402731225277737
-0.5769390833564467
-0.07549024667602922
0.4378446290483855
0.3556400371268562
-0.42739173578711376
0.3567637734878173
0.30183396895864867
-0.8385364113417804
-0.3926216487904235
-0.5782970430641541
-0.9440305511988043
-0.07279099507231246
-0.8844000502067466
-0.3813813818465106
0.7174148092463979
-0.8531816666522034
0.8139328077951129
0.4326840226794255
0.5743820545637668
0.017321425092325038
-0.6630525047646105
-0.6893002169750502
-0.5804118463922918
0.6286820381087255
0.27645401641778466
0.9337061274308536
-0.28786920882262224
0.1472212185719557
-0.7842413446132899
0.5573444349677603
-0.9640967586124314
0.8504306415238918
-0.38729663382371515
0.02589275475344399
-0.5880059998445948
0.24573144412121706
-0.0023444970427608514
0.04059729398209555
-0.8495693637083042
0.026285740014450054
-0.8470194419137076
0.8261297618220127
0.5546564569521968
-0.4826758929906536
-0.20526256681193433
0.2518769777490635
-0.6317805814109134
0.9693241915591257
0.6162230580082175
-0.6075791665878851
0.7331825783625479
-0.11527829530071942
-0.879245594290867
0.08913656615755383
-0.1016413899850197
-0.1815863753228537
0.6575848487895202
-0.10651721497463496
0.7788024226307533
0.00739175122564073
-0.19273132117970015
0.04324311465256225
-0.7811684736971047
0.2989012655562471
0.05277943121045747
0.9821347997329153
-0.7374994928265051
0.8679488753828328
0.25758981993128915
-0.05981689892030473
0.9323065025335051
0.4228785858824238
0.2110223128652684
-0.751227195431065
-0.7111971524570173
-0.22705893161694268
0.7786889770093128
-0.25065769276014427
-0.9124196260498765
-0.39654212482432394
0.39941926861866417
0.2085898697012878
0.9257427175551307
0.943784991578795
0.006324396380118502
0.7286357667366756
-0.17450392316273788
-0.4454855422427677
0.2978209183435945
0.8166404906379507
-0.09360622109215821
0.8366676524372054
-0.29806477241210594
0.021374751948841197
0.17796393218165396
0.23426171824267517
-0.18326993332419916
0.5944571074662564
0.018831092311731634
0.3032299721028857
-0.4085823794945307
-0.9380459667327361
-0.796266078637929
0.5628653172107321
0.40276210618496355
0.3283694074748731
0.7340869413552922
-0.6049143972305417
0.6630844248650292
0.10673737031140962
0.7263538877112907
-0.7251838887013193
0.41687962267324763
0.2631047184088364
0.8056528496622597
-0.13973799711276946
0.20434096002854174
0.2589248658535037
-0.4812151285707844
-0.9740479761720804
-0.5048692319024317
-0.4796109005608069
-0.6128621415259854
-0.34603290390246544
-0.2683256610267877
-0.6571372302380127
0.3028440931140104
0.03371015333500993
0.005585007609039572
-0.22147848352614985
-0.6992055948244493
0.49675081710190994
0.5712225834054179
-0.8292345310302451
-0.5242535777045934
0.4800964889494541
-0.8156174033581363
-0.4313059262118013
0.6435701115904433
-0.41666766957145973
-0.6598728315869413
0.5356560452447519
-0.7118733426228043
-0.5631879887281714
0.8182354499556648
0.8392716714696027
0.922238138208447
0.7057630163128161
-0.8210408098578341
-0.8925904938902536
-0.982274090736718
-0.10750055139941361
0.713254571900517
-0.08250689190750937
0.1238678208771189
0.25861798081988097
0.7567461814211531
0.5606601706685852
0.9992164527213108
-0.7917367810198197
0.49338698077094967
0.6391805166670106
0.11029388059010503
-0.6733779713123258
0.5155393618076165
-0.5468931707527696
-0.26902599500660584
0.27950224306790705
-0.4002885735525221
0.5459500739829481
0.07989428335319171
0.026746070285660117
-0.406828279915632
-0.10418846430139483
0.3740788957095922
-0.6262820808189851
-0.49973733336742
-0.47062861669187783
0.6928712615589356
-0.9933708359912912
0.8500836176142785
0.15839358045649732
0.6690189536328026
0.9851607775260038
-0.9440478569204176
-0.09561316167487077
-0.2710658166298423
-0.2788713442514299
0.8069410191633855
-0.6067126492511161
0.4595746650811947
-0.953268813325362
0.7098923293521118
0.5524538098761629
-0.8572330571800302
0.18586052971400036
0.8666059970485689
-0.9776701161913086
-0.186097962453307
-0.8235402154935405
-0.9526580998314556
-0.5581235156965585
0.3911168480354199
-0.24371275095326972
-0.2609642312609324
0.39219591913089147
0.9569273709893131
-0.23478057072347136
-0.15876625209458606
-0.017817747787797655
-0.6125577138300988
-0.28554949867177815
0.6587984106889169
0.6299905969385315
-0.9156021762631095
0.6218722134157939
0.33983035161237485
-0.25553149282497434
0.5813246530153933
-0.10884155002677276
-0.6098301949079641
0.49238236108508415
0.0420699902203836
-0.6418857856959825
-0.9347939010534112
-0.4514303364731431
0.5974921272563285
-0.10479673145958701
0.4731049182718974
0.20295349891878578
-0.4641893135325612
-0.8796930002539336
-0.8462977712020614
0.2246712652231435
-0.2871111000121771
-0.5914459566138928
-0.6640385543591847
0.08824698109360951
0.6967206378000861
0.8473287187538987
-0.4059102466704769
-0.6753505042711443
-0.10392349245475008
0.08724190173160729
-0.7495011508044038
-0.6605187223989375
-0.9826437499117866
0.9358201400074488
-0.26487159168050023
-0.19321336996370997
-0.5990755647944963
0.021098026543272752
0.8228280945619808
-0.35774630639417815
0.4894105562461728
0.8253237906073299
-0.43486491455083454
0.6930163959523461
0.9085549521425025
0.6146158970921962
-0.5063510161261315
-0.9993679769218269
0.649231772072276
-0.9844273938873804
0.06164144944503014
0.30417343626057014
0.766225873290092
-0.3619591727917133
0.37020103394543313
-0.7987378416072226
0.15006593196045315
-0.2433115424448382
0.014522874420679788
0.7804545591146865
0.2903936179177491
-0.22518190943815908
0.9786789056209404
-0.9742207300128074
0.038337867679347104
0.4507801601810333
-0.8677736421160895
0.16282908710599164
-0.10322260796511507
-0.5669708374254059
0.6290789157173382
-0.7482269572516984
-0.9072676602683194
-0.8982100028772237
0.46210683218846604
-0.27870742891837064
-0.15859303121940926
0.08885293307940878
0.9776111052222884
-0.2742289091452179
-0.053197248216702686
-0.10293040947397203
0.4840522581481119
-0.8788028441380107
-0.7042713466560258
0.08219965982667277
0.7159498255445693
-0.47034915686557843
0.032488800356557546
0.6898164050866229
0.37870117996618236
-0.5780150317783643
-0.25734298308749226
0.31692014942072055
-0.3436503453117188
0.22040167573485592
-0.845179677574109
-0.22656103491980129
-0.14163914112508347
-0.11155318239042411
-0.658638586651439
-0.08737008350898923
-0.7391003316584268
0.8652284360343288
0.30704344929526894
0.3585509408515597
-0.7202422477909869
0.7392455090445009
-0.3514863138221309
0.01737889489045008
-0.6326059881278876
-0.18617135992217682
-0.3252262634169858
-0.22348866648202148
-0.2509015786108484
-0.703664952663891
0.32324833527612884
-0.3516330675573789
-0.0021528177345493393
-0.12857947007481263
-0.6089584286650578
-0.8880143543028451
-0.42894481122811423
-0.7398468032779395
0.15306221832933464
-0.5433885775959688
-0.6697010467178932
0.5096910039287228
0.39800850118423514
-0.3808624884771712
0.30880872797067793
0.13085621448200935
-0.8581505768014688
-0.6327623953755335
-0.91446247921247
0.5173374778355135
-0.9595283643914176
0.7337748725845064
0.799341887959425
-0.056337905537857225
0.44219489846824755
0.14438881455311492
0.7728475994088566
0.880353314034193
-0.8631011773424995
-0.4398864820083104
0.6561034882266501
0.9653284324337554
-0.05113177897264576
0.6440373944895146
0.7970195134074625
0.9253593653731937
0.5219535119768062
0.22914408121892405
-0.19176550170669238
-0.14035289763052528
0.7639863028869331
-0.35401151853631374
0.980326712547565
-0.4195392562409228
-0.323236341536697
-0.9113247786807284
0.880149940317805
0.7292637841241116
0.8731164761426855
0.2396545394615175
0.8445252323097141
-0.951260706340525
-0.732042216478273
0.8171847789875044
0.28216856169521964
0.9846014309006048
-0.21896490925285272
0.6850302082417818
-0.5216920166646128
-0.7770113779372958
-0.14347410596982701
0.02349596923135877
0.4978365300575298
-0.025048141780611433
-0.4198721775430254
0.22301627699992466
-0.21025858506041017
-0.6499933393196493
0.40548610724379497
-0.20322643778178429
0.9533242897046768
0.4574540470110413
-0.323297053522007
-0.9379491201388572
0.8385647164192525
-0.5719710502036699
-0.7716366353750073
-0.15953684949965563
-0.18259546869951682
-0.1671715394031943
0.33885668704880567
0.03224691065648
0.6050666219002434
0.6360199021412354
-0.15849296933346158
0.9123385129332935
0.9127388570452377
-0.7408374826320994
-0.3034929079070343
0.6610834559418208
-0.9845475263263979
-0.41559017732094494
-0.36831596545051015
-0.44896763009746365
-0.8604672906782447
0.6651267950757986
-0.04493262808507148
0.520169260586369
-0.18493250934723582
-0.7495751699485116
0.1084989783240331
0.2916720778116386
0.9997271353999797
-0.4198692449973993
0.7396039452453964
0.33738915933411695
-0.5963735083044786
-0.9030922591651784
0.416143823744787
-0.008458444322393621
-0.4566082626678212
0.25472670551103005
-0.35277676514914424
0.06027922640010375
-0.9192881476046444
-0.6961909981266083
-0.20630186133564776
-0.7669322863940922
-0.49744989212429935
0.6313622369185705
-0.5410880845979777
-0.35870918409471875
-0.20421007322069418
0.6844292926704059
0.5267268831422796
-0.4637552775236693
-0.900164212524476
-0.31766344563144644
0.04221057539545092
0.5974006538982508
-0.4039542225998294
-0.8252912861958015
0.9871286123428349
0.4040216145260054
-0.5662404000713279
0.8781307331869916
-0.653574935019344
-0.13521536529081613
-0.3917057575145133
0.16675043386369115
-0.4196727732377419
0.40163384267670343
0.17804928008073317
0.19293100116205242
-0.1313453004058005
0.1218028992712854
-0.43871371810978466
0.7122772573194396
0.10340433511928993
-0.8754076960050723
-0.33907502698427794
-0.16897155192879754
0.8199000172191966
-0.5861297970778474
0.9078746158828956
0.3965562210128968
0.7373787246714218
-0.4916127495918847
-0.2593434251400759
-0.8986084309021276
0.3054425516871411
0.9515940674214172
-0.7346227903949862
0.9270797567113118
-0.08222968843844303
0.5829490073979946
-0.8927104463357731
0.8696656134005076
0.3123472774128253
0.1721233149657866
-0.23661885163234442
-0.8155234559947449
0.8320592232485726
-0.7040136033444326
-0.9553871228804665
-0.36396435288346507
0.1328303425412396
0.17178947907882636
-0.11263987831675726
-0.010008274466529299
-0.9314617233867211
0.6685618233545796
0.6827278181167258
0.9493169374934329
0.6111215384548054
-0.5380929270874122
-0.22242285905067627
-0.1469244144037245
-0.37831141532214585
-0.6232965262211516
0.34594294104212486
-0.2180972898432212
0.9904494570512012
0.22160883340426585
-0.5370498877454084
0.8681277073250768
-0.11709395066226636
0.2640395940094926
-0.9805912031217179
-0.08393282976974237
0.9625608520283435
0.6558333066054562
-0.6404129445234574
-0.022186363390641173
0.4021149340679733
0.889500133801788
-0.8482224394984197
-0.587268309068729
0.9924994544311014
-0.6435013333000352
-0.3644755286280894
-0.6668660460317299
0.5165283316349802
-0.5509860877892445
-0.09404193556763407
-0.9507629293035129
-0.5181421855522534
-0.31363176335506426
-0.6580723682100276
0.23157659740419967
-0.20399436903215773
-0.896535999764166
0.6237827283706807
0.8557193832463275
0.7078396942857672
-0.7375264983345158
-0.44441402393809737
0.5383212422292842
0.4632025350067941
-0.03408662553714348
-0.5351957908358618
-0.008761923107918568
-0.11422968989078419
0.8654884777837484
0.3698831170712782
0.9780978735054278
0.822538931880259
0.8900099688171181
0.8120843293834392
-0.893719704586011
0.4619335159634934
-0.1646083223267336
-0.763541489491371
0.3089553429601337
-0.8224331151734103
0.6145626836719569
0.8222983822064891
-0.3632850372160503
0.5173292650220229
-0.13267288365845453
-0.101325691432407
0.9188283241913064
0.5013227296759988
0.023052615295876766
-0.12591936722630104
-0.4429017399997781
0.39403937230366926
-0.7480219114805569
-0.15453885175597204
-0.4046842533619417
-0.5281338364153043
0.39185357310279234
0.859645357974532
-0.5686903696980197
-0.5923269021057613
0.4116480417452124
-0.7487052835126211
0.5246597145744052
-0.4864612155755801
0.679683020534648
-0.22317984506254085
-0.3428544238722666
0.8829880843303897
0.08363536594651322
-0.17276493063150378
0.34285559726523895
0.33355921313103454
0.10645468807371827
0.1836442125742206
0.6753265117710403
-0.3699658156568195
0.5836008020041319
0.1947041438473356
-0.48781633815678727
-0.34279056762930105
0.18920792725275204
0.4303859284058551
-0.5216072851078679
-0.04585383434122736
0.4462795993888966
-0.9265312758250053
0.09521612330795826
0.2530675100333879
0.2611305074231376
0.031720495577505226
-0.12971941819907662
-0.6426661849475395
0.7484143030505446
0.2467593453538004
0.21173350894350773
0.04084154181665256
-0.27737156783265604
0.5194855633320745
-0.19100719473914518
0.7025257020580364
0.9234604979287688
-0.967723537387484
0.07701793532597323
-0.8810689036347157
-0.6723912363018367
-0.7584800056018615
-0.16352664343854517
-0.725338899595563
0.3144044356959075
0.5338447474875574
-0.45887151180934715
0.6268255052661911
-0.2224215747169953
0.2706505274174875
0.08719473444867765
0.2861741431589644
0.6608114554026812
0.3792912185466337
-0.21930216555717408
-0.3169182810088089
0.613824241459513
0.6967943093965991
0.3118990294497528
-0.20131984223163935
-0.47702166128378165
-0.6337378029567531
-0.8124321154666774
0.25162747761339443
0.038545710323159676
0.20004921128289044
-0.13086074957016836
0.28401439037972276
0.19185994725931055
-0.1264503289587502
0.8328544688864898
-0.14559401804099892
-0.2368684667645482
0.1937929235579483
-0.3093377973999869
-0.08399176465978297
0.12566380969137847
-0.7958235042648956
-0.1355135593447232
-0.6689770744685373
-0.35272743619619495
0.08382595738569543
0.9235222434934289
-0.5708262643975706
0.15166282580990953
-0.014467168401830488
-0.7843034577532788
0.9256311942348461
-0.6578786606164904
0.44874755194042226
0.8559266985950984
0.3729349709320413
-0.1298433337961975
-0.49744047967682303
-0.6286761482485435
0.22314017392973784
0.798241297375107
0.2997281691791156
0.3679535063429631
0.9263009150373456
0.03861372265263463
-0.27754872542641684
-0.9440616291105213
-0.14388082491029075
-0.2923232499558057
0.5791908490349937
0.985793834879342
0.8043895813088384
-0.23856732996243935
-0.9368182790965018
-0.25088833837983326
0.9434316180218791
0.2368717208907123
0.03703826178566261
0.7737666042335041
0.6546947807938184
-0.9776270251815649
-0.6011130825314344
0.09286559155566487
0.10183071951582456
0.2814625251240537
-0.12268872180512291
0.05723919269894395
0.8807709346842274
0.9491490278507917
-0.9173796474711733
-0.2393064886681815
-0.5588462126289457
0.9083318982364501
0.8812901426458339
-0.9993304461880683
0.3243978112900392
-0.010476993329028295
0.7438832097458661
0.32376468172794914
-0.029354788425568268
0.9634853806403905
0.059195704742058375
-0.9804493357726598
0.6912831408644868
0.40075920961581857
0.9635292792421295
0.18806806683966992
-0.9252003123844341
0.23767956734696805
0.7679585610647595
-0.2636396033342112
-0.548696919603407
0.4904624866825247
-0.45965237562848005
-0.9725179888451945
-0.6902097933957101
-0.18054322675144996
0.9748609494573575
-0.41482424360902237
0.0967088037040722
0.030860709975594647
-0.47728479249038114
-0.557493827126432
0.5276534752070372
0.9942136945092785
-0.0417016926381546
-0.8014207013399126
-0.12336805160330822
-0.39030043388077984
