0.5420142374939034
-0.607113966542548
-0.21799390985265132
-0.8041041270575326
-0.23177582094896243
0.8664841434302955
-0.23017808597670797
0.31102330733174366
0.004745291743963209
0.9579590517554504
-0.08937200994450234
-0.3661202897057303
-0.125211126900598
-0.8647930241627657
-0.39117010996370993
0.21258742336956948
-0.48763400751118424
-0.6366003396063846
-0.37178657637208223
0.5588273978433689
0.6743235433716424
0.6477977451860313
-0.6664422385187334
-0.5405906589662213
-0.696447506520268
-0.3314705547621679
0.7991991953974613
-0.16065520550619095
-0.29188550247622147
-0.7365812166762864
-0.3312516061059354
-0.3377471257276501
0.9383720875613084
-0.5403617999863721
-0.005762374724689767
0.9876889105220414
-0.4368985271797876
0.6866472897314662
0.4385417611653135
-0.9934778311257817
-0.43970638777855764
0.4125505394610267
0.1799803410296914
-0.5399348223091966
0.13429111361561796
-0.41038659551835455
-0.6013107279976508
0.9805016623873313
0.8007802442016629
-0.8992762143679931
-0.9529789732406091
-0.6591395228771382
-0.9237159461743352
-0.8838375247194943
0.5621392390276738
-0.7074048138264697
0.9769920092552971
0.8039047058104138
-0.4608111460362536
-0.9103810353160602
0.923824205033666
0.5241195607120543
0.5018835852527497
0.9077979050644898
-0.9709882816221944
-0.761945880231147
0.02837031044652627
-0.07645406871899874
0.32297497534632424
-0.6964192715564257
-0.7238662588021321
-0.8823166332038328
-0.4813859003666454
-0.3286800815103288
-0.9497775019109647
-0.7410593460474146
-0.8856058775527964
-0.9989325188972673
0.5535811113736913
0.5066091430479109
-0.288206764678375
0.8108850344223943
0.48120261420059096
-0.23004849116112625
-0.9218519268450027
0.5707370196781334
0.6089177549552927
0.14410332891647348
-0.22650288851725064
0.729421625439959
0.707256390570633
-0.936827124426032
0.5500838504079428
-0.8054765123943031
0.6514899102718743
-0.4891970876976013
-0.40515361072030176
-0.402758866662261
0.5153353140969044
0.7968715790626237
-0.4806650897645237
-0.48207058520144286
0.4320636606373194
-0.98357121434936
0.9599860022199431
-0.8308243200652328
-0.524306435087796
0.8762258160216132
0.636421457573848
-0.9155850731376778
0.7919083734646426
0.8075519698104168
-0.810617985234886
-0.6257471933459695
-0.4623164308555625
0.20256245870281342
-0.37319193051458766
-0.9583966478080077
-0.38393898313425123
-0.2436676038850878
-0.4645125716705887
0.7646553721073752
-0.8733578906397981
0.3684284124909436
-0.054290360591670694
-0.005141592801722439
-0.5691216751817478
-0.06704059964004139
-0.9176719279498582
-0.35980673250045236
0.20890094673496118
-0.10490647440671985
-0.49424786432228984
0.13066592077103478
-0.340653594610844
0.09869649033965278
0.40578035245775657
-0.8063646989610354
0.8983808574451395
-0.7974230818678316
-0.5541586196510244
0.1799949944805439
-0.2552910277244069
-0.02457517023805944
0.7608941066716404
-0.8267930758663704
0.3699780719646164
-0.6889370462601467
0.4853780921716322
-0.13675284879450578
-0.3936688574385998
0.6353591562362468
-0.7887765266467526
-0.08618059120449395
-0.08943536265404228
0.1229314107179067
-0.7892430365671261
0.5400278505700311
-0.0740666826588956
-0.7590015536771928
0.8513321525301705
-0.1858743583238096
-0.879882599642984
0.6320472613633061
-0.5671291187176637
0.7373756752547918
0.9339366937169282
0.8234144364117475
-0.7572773199229432
-0.49337894723028386
-0.742352990292221
-0.5714640353627662
-0.8534943188354149
-0.2780430414780555
0.32016111978824613
-0.8235182444329985
-0.4037500849434488
0.504779133689965
-0.4391695007555205
-0.5619065860186714
0.5238355569773958
-0.3901110554700611
-0.023222377063388366
-0.8500287756582936
-0.24518543236855694
0.8209864684925652
0.3142753785762513
-0.4541896789163593
-0.7435895882893866
0.5824979873236658
-0.08928398878931709
0.2873292306305031
0.1766287141585976
0.28756523094367537
0.43715697266436604
0.7759689326679271
0.8323953217528528
0.571559644949877
0.5357090284188739
0.6970930803545832
0.9159486314195779
-0.34189474998350233
-0.7016786031480964
0.7883580360030584
-0.07529726366594969
-0.37636175616525347
0.9246779085139503
-0.3485162703180671
-0.6389360291271378
-0.6623956211391602
-0.8973526135777319
-0.8828936129676697
0.38875346626192897
0.48282338665552826
0.6962596309595399
0.5344524220672433
-0.8199984545569254
-0.7235230625502047
0.6396062880845879
0.7657152585617664
0.5775375745230069
0.4433662205837783
0.024389045308429003
0.36065474643040063
0.3578339896636722
-0.39027047209327637
-0.5586418723450077
-0.7041408286203024
0.7997865885185762
0.2280056590315056
0.2768600687696796
-0.6167225813288748
0.3531525258758399
0.06787552458465318
0.6978400998183962
0.4555010672531117
0.7716363923991891
0.794427824230433
0.761831579585351
0.21670784945962973
-0.597204268493364
0.8135543552157167
0.3279148991259404
-0.06753286835876993
-0.139120713110076
0.31325090176285575
0.4415776841751635
0.26497107756596927
-0.6992780143438082
-0.9175885144812597
0.49185398812910286
0.13340329535838236
-0.7500206496632458
0.3932638632205483
-0.8177236161416763
0.4674716283659739
-0.06959792217438054
-0.3209425783547952
-0.37577066010932647
0.8608250000690747
-0.6223422018938947
0.605500254245402
0.34932110698946195
-0.37923405303504887
0.7288252288083532
-0.5344007726634268
0.868102351512519
0.07630525700649948
0.21490098845740735
0.7861706921406983
-0.3406322806297153
-0.2511257403096059
-0.1514068620072364
-0.7146513962175296
-0.033797406129091545
0.125032318917482
-0.007272532903475293
0.023135832047082028
-0.012213348368982135
-0.6641750875042811
-0.8593540256975796
-0.49633064984207476
0.909386338894131
0.23134902202788843
-0.3537163369775669
-0.16736723980125046
-0.45877439187865576
0.3464885465054728
0.36419513603110065
-0.5741755416430163
0.8391459058998307
-0.9191668086709557
-0.4931844749322507
0.061594335301967895
-0.34588870474109235
0.5844641179319605
-0.3847549621185935
0.6321588691797024
0.5329304330147104
0.466595199977341
0.2865581460170912
0.4719276627387967
-0.2791303169764914
-0.006615327140001792
-0.9391136796340145
0.7446426055327107
0.23877364999320294
-0.20559742377884738
-0.1827451750304412
0.1960819712062658
-0.20972996902484065
-0.4162767608113862
-0.3477589357435782
-0.5040628222058829
-0.3889103771056861
-0.24044124345745566
-0.5542526936681667
0.07872574604804905
-0.9938663603356837
-0.7815349722889704
0.9819217613921583
-0.9500622643854246
-0.3053544857380388
0.5088861502780735
-0.5180404377696135
-0.5786875778190474
-0.8655626109207146
-0.2779590586674274
-0.15718747044389314
-0.7804952489448276
-0.9567277725852008
-0.8925200007659946
-0.21116253858413003
-0.32470323706994453
-0.41700667692567417
-0.6113717964415195
-0.05875893444292535
0.5343175441220853
0.37030575866461213
-0.6629737277603533
0.7237710268571784
-0.2840836145110095
-0.09375327368164132
0.4478649102900025
-0.08232236838995943
0.34505137073703973
0.7459692691046143
-0.771760080163935
-0.91109220575905
0.23839655350542577
0.19416272684551594
0.12025259640987218
0.6634365838472946
-0.015157686810796989
-0.4107210911608432
-0.00649087207545862
0.14782109778922958
-0.22551664709551122
0.1797908403690751
-0.1550317138313868
0.9489447007003302
0.39325769771654606
-0.36836190473150654
0.11189898034839829
-0.6960089059838119
0.22431060120525248
-0.20692274305821012
0.8099984327515035
0.9107257038010295
-0.5557872101056254
0.6075778356930999
-0.09025987203164343
0.9854429925690562
0.8845788169489481
-0.23784293671839407
0.44125444095826505
-0.36332256437839283
-0.4845809500630682
-0.7921592149573515
-0.7370978806937503
-0.7515765394431406
-0.7191586773907612
0.64645705533302
-0.8821162225722394
0.09182392530716954
-0.02576953701671636
-0.21427896483072306
0.27872470063727284
-0.12593257950592585
0.4217458536048082
-0.26154030568387254
0.36224773180282654
0.8184515917740387
-0.44899359445620113
0.878542782532511
-0.39978364128430943
-0.2620360966112496
-0.08365365053085116
-0.5105984020484109
-0.5233661078939917
-0.46483464553282294
-0.5614238556428723
0.6228456455904661
0.216157087127959
0.2556177707590148
-0.11940607385982038
0.33292284319167753
0.4866613694473503
-0.9268305607050411
0.23975045984353782
0.3722931312617441
0.9252528657232115
-0.16062945854069421
-0.08042233241380425
-0.03555732485261087
0.11166326392704118
-0.1455563767366823
-0.1538924718771666
-0.9103690723783322
0.8172127709047268
0.08516823737601431
-0.9707915801395532
0.7307865506928588
0.6419579676444112
0.5705857717427467
-0.4222159381841504
0.3547159877750168
-0.4445779616519818
-0.1881620021238608
-0.5424908590585122
-0.9192175461724725
0.49543088803397395
0.7038592515076172
-0.8557558130225944
-0.6306960192250317
0.7904086891033297
-0.47375954240551943
-0.3121760631275907
-0.16801598668929896
0.4061333306177761
-0.47486573740663385
0.9689227552623758
0.8842725750156992
0.7962272060308508
-0.6235320326291951
0.8134643888553461
-0.5100605787655661
-0.46462182496995563
0.6060914620159157
-0.33061206914072905
0.4050569027371269
-0.24235324196307162
0.31497609996798004
0.5682365050961491
0.8054246710284656
0.6477142682211787
-0.09117482847564018
-0.7323586237369013
0.7944265182310963
-0.9328499023349364
-0.7431972000659652
0.9703466206696867
0.9317287748450054
-0.89987187460811
-0.7195091226060952
0.8447495241878045
-0.9254515794322058
0.43578032481397244
0.23005479869230494
0.5320622702773299
0.4396213087982488
0.9236247161180691
-0.7375577067976873
-0.6204883442774338
-0.02993434350674118
-0.927603338781684
-0.3129758233959776
0.8503008149798874
-0.08966221763630733
-0.92823873800382
0.5902532952688511
-0.06972045137573701
0.7846600961364114
0.18057837151598588
0.5751518858590179
0.5401614873718958
-0.41641543948930804
0.2514905973498698
-0.8724469039123794
-0.8231460239683037
0.5654392200585152
0.2707349727082944
0.5259662164432182
0.9463821031931159
0.002697629793095402
-0.3657344764952526
-0.8632917822312147
-0.5107226890136205
0.2082245348254892
0.8880445087205844
0.6598129664199672
-0.7783653239013237
-0.09119786513792105
-0.5141749067642671
-0.7606371328441441
-0.19399797122442086
0.8430911532908383
-0.27676285042959803
-0.8579445627399562
-0.6743900596096126
-0.4687374960945374
-0.5561832892415293
-0.772134356312715
-0.21694751964282943
-0.8193060309089419
-0.44748417282804254
-0.14792083710195958
0.2368213990110566
0.8439694500059933
0.06322530840198515
-0.22606867424031352
0.11183423108518031
-0.23300295517774638
-0.9829405941307205
0.31945541638479114
-0.5104713122469713
0.6770913928087687
0.4806369852214052
0.22483678536405938
0.06869606483702873
-0.853498801163904
-0.6903300262830849
0.7514150932361721
-0.8134365665684218
-0.08330891485139302
0.31005429677413643
-0.951845940343353
-0.551307833288118
0.7289431204473922
-0.2675146708981284
-0.5751780125417616
-0.7917738905895397
0.27509582591387294
0.07733904184745644
-0.36238262275876143
-0.4958534340630263
-0.7035326124751569
0.41904200132637426
0.10980532437222101
-0.13360057346840404
-0.38571713339578495
0.23013173315478408
0.7671823187200941
-0.2124065017571093
0.09870253828056819
0.9150168969142745
-0.2892982870947072
0.5948399290409676
0.25587239106993676
-0.8339980481180702
0.937259979478132
0.5467834728635235
0.379715356307613
-0.8492321612762042
0.5632437115704567
0.261889599189834
-0.9934648078119683
-0.2365224366997496
-0.8846912440906856
-0.8824025145213672
-0.591722633309488
-0.025605905026386377
-0.13658671820131674
0.8316818156023178
0.0496573022489204
0.13403758803633026
0.6247424675275659
-0.722335799673038
0.6696728513047983
-0.9512469239936947
-0.23525426758282886
0.34576361834647606
-0.1355439773352176
-0.6247396539570249
0.423320660573703
0.3972183145360575
0.11140220851006077
-0.9061513879509613
-0.23349823672655856
0.4439769946505896
0.4027950335107233
0.8058414028898255
-0.3108281659985175
0.5330466528327558
0.05328566187940553
0.6336976035438673
0.3359891439721525
-0.8777060675291073
-0.7532662419215321
-0.07958638624733139
-0.8179371261788229
0.31103929746610426
0.643350621358826
0.8072511634766653
-0.18457277092532443
-0.8417084508970725
-0.9294647972119572
-0.767985071839447
-0.513942357529257
-0.7048661061613797
0.8517975164181935
-0.896645407735863
-0.0671178303676121
-0.9157413683229565
0.025597218107290542
-0.6117130474540733
-0.797131192490315
0.26637263313045745
-0.26871176234755034
-0.23832475406645504
0.6754659451688736
0.4426696676914563
0.7183046887519873
-0.1604558042015558
0.13084249485588617
0.6013000707611593
0.7481992096762737
0.6598864924252648
0.13685791972458405
0.4570626959260633
-0.8735872394793522
-0.8177807536195942
-0.2689186113815194
0.2219979956180509
-0.2635068472241455
-0.7218595334751099
-0.9328823054314519
0.7109693818360319
-0.426129035362544
0.5550470908953951
0.4261067202730786
-0.547903967288137
-0.23744375478964974
0.10039605344867963
-0.7229142573008411
-0.13051550995911976
0.8653132514097233
0.3047711724654081
0.5073359453046862
0.5480269381259559
-0.3033987606633928
-0.864416453405568
0.8310872152415123
-0.12120700336921675
-0.3156692308731559
-0.8519855328639518
-0.8841709630426571
-0.5201849672538885
0.41709662813136306
-0.47736067796217996
-0.8665974853529452
0.8132604014779792
-0.0972263915171041
0.4389598842250235
-0.579801399603
-0.871884691522371
-0.43201330535384885
-0.47087096840531806
-0.4188755024424722
-0.12687887019076194
-0.9573753282223669
0.6836643638358253
-0.317990318156832
-0.0014125701341323182
0.2346388877704404
-0.5641046473718667
-0.4618827113041337
-0.22269405289512956
0.5205624035965302
0.9147933352546955
0.9934121495754382
0.7831771498409863
0.3038245696653401
0.8503326372696698
0.26406715809682524
-0.4151211658332603
-0.9973923896666559
-0.4001219819137569
0.13502996336992878
-0.8328267963900498
0.43134761667808186
0.05458350854903138
-0.8319664277822414
-0.21260681079697186
0.8492797855688263
-0.3000290268162469
-0.8758214522444139
-0.16866056433377863
0.9340487895180365
0.7507960174074333
0.6502492782987033
-0.32341098836490034
0.8721239857012668
-0.8633906417799229
0.5493743832595999
-0.23386657447196257
-0.6788931522103334
0.6036838585593669
-0.7092936233080347
-0.9529000699375116
-0.21409969837872422
-0.6816241737333988
-0.029302919921118997
0.6732560263634595
0.7353535277934904
0.8585151042538839
-0.22140820850770693
-0.0635535537790235
-0.5336019297161834
-0.7464719918695992
0.577297083156727
-0.47954647341596446
0.016152306739594113
0.7508216608151277
-0.1538458089988619
-0.5070546584207478
0.6082200134827609
0.36128200230009444
0.4356005701564567
0.5849599762945681
0.120946827555654
0.7870657908714898
-0.6790125331045949
-0.4931376353853134
-0.6629956146171161
-0.8553489474127285
0.352165523868184
-0.9801318413331488
-0.7219375828721193
0.4894049839332837
0.2397075958647854
0.9754282333789845
0.45697506688176626
0.3251017175277682
-0.9855651578332043
0.3710958809600109
-0.06785273334685482
-0.8267141390478063
-0.4522824492487474
0.688525165297041
0.28083444600871954
-0.2060584261077716
-0.46598557782154093
-0.8831784893361916
-0.5770874369502732
0.24633641197798828
-0.7597628302539052
-0.31329759340529484
-0.9869686619529368
0.33309864607856676
-0.5061926988058918
0.09745945340145812
0.6959922635052043
-0.05053811482156623
0.8674631349816684
0.4195291978798621
-0.09059345522947315
-0.6851296836885663
-0.5086434621868727
-0.6108413360335003
-0.9530595269577646
-0.536565889667779
-0.28274692344966823
0.8322466280612764
-0.4803612910230346
0.1727911770186259
-0.11869954534949478
0.3668354894839041
0.2570008398651058
-0.9179267003523475
0.13715478829612948
0.41514287627129787
0.46002530771349237
-0.8470604063374987
0.9488286743606529
-0.13121703421369202
0.5075174557801125
-0.13394707331101596
0.6493462877752758
0.6546963881927046
-0.7285879860333215
-0.36698108746050684
-0.41620619816357096
0.014699481136644765
0.9101975530109727
0.4453239672664666
0.4711259014234581
0.5426637450462413
-0.3017641681681631
-0.041825880227088996
0.2241634602016851
-0.5563348755376862
0.2596882759071695
0.7991658308913419
-0.9093713494287663
-0.32286226041393906
0.10946422616155149
-0.048467099501374955
0.8928731093034881
0.4172170886845934
0.8039534113182871
0.7363682838254546
0.6734656901708111
0.07389807791739744
-0.6759046162148636
0.40486561649858044
0.9090658058330656
0.15119695727606852
0.18987676411926735
0.4118063704228807
-0.5389602940771243
0.23941945055081448
0.6058308236272347
-0.38283633484362367
0.5919498680774433
-0.9954404039595255
0.695968847840368
-0.7586005605219377
-0.7634036541826836
-0.545223495465545
-0.502857314499747
0.2782775209923294
-0.9305078726950391
-0.7024874647127193
0.5344554300565003
-0.24038369725024977
0.727725276316272
-0.18722155567337828
-0.14983199671130398
-0.11705256378117057
0.21655270831780582
0.9488583862068991
-0.7833377786919795
0.6883851817762876
-0.9606912528472682
0.09542033599829924
0.8230313388634838
0.6329910302493058
-0.4895572880239649
0.5152781018804136
-0.12762944554636313
-0.7421026339763634
0.5402425332326759
-0.5244667928152038
0.8021742291464118
-0.891185030112722
0.28794357741487375
-0.6768724663617873
0.3762888502138262
-0.9179495195843463
0.43658590428434296
-0.5530819069191328
0.6259580835948324
-0.725093170594096
0.22646115097929287
0.2585045672710775
0.2997244185085475
0.484588418882794
-0.15696276716442004
0.13092702126152456
-0.758641077028225
0.13998379179149234
-0.10669597273201203
-0.4379899944883172
-0.97250766445736
-0.17652075800459688
0.8548321566710584
0.12881202727804575
-0.9238958726793056
-0.8152878068000777
0.06869961220401932
0.2152462066547689
0.086738501644962
0.19357671438847057
-0.8291464238069786
-0.3324539282374859
0.22440872664426803
-0.8666601768287223
-0.016299260503120916
-0.5575490138343118
-0.35948210816675896
-0.036317415094359706
0.616629241692519
-0.668318597887924
0.2907625297785783
0.39288707210164087
-0.7174615499442636
0.9849131501344162
-0.9422924160073867
0.03769743725301322
-0.44391697652149786
0.17032000076894027
0.5941871395589229
0.28920249882641014
0.14059308715502117
-0.9156152911587918
0.49733942059100844
-0.37763889648430093
0.5632715215496851
0.9111947761223151
-0.7353623488145329
-0.11233002598064923
-0.6268283043729994
0.9858716292915644
0.49447836569241477
-0.9043635608138376
0.7281727235778246
0.278115340718845
-0.15688786975585023
-0.8241551807333296
0.3900475147353937
0.360875226205863
0.14328956885040123
-0.8868668324036975
-0.2989040231124769
0.5649536422049886
0.42106685593477255
-0.5250034722098096
0.7180563049778774
-0.6658197651005828
0.7959886990873455
-0.9969044542549748
0.6639122967834086
-0.3506331073988187
0.8312079169932192
-0.8881873621700522
0.4731230154959396
0.26834980998328484
0.704772915481449
0.9418856352800618
0.033362807442974374
0.5348935630512566
-0.2808362470688477
-0.9571286530900385
-0.7682379787006348
-0.01895287896678388
0.41367737913660396
0.06304098402316827
-0.9673660700907922
0.32254325176914866
0.9681170973962523
0.7854994761345249
-0.32992649348018244
-0.21576191208647622
0.5973547392172529
0.908752177577937
-0.5847755297200079
-0.674913563777781
0.8442911707151775
-0.17467631358062574
0.773767171108318
0.9330468510854912
0.6610858052107955
-0.04637116130782171
0.8619366007522866
-0.1290535671203068
0.7832159932074825
-0.7049388821486422
0.46334073060944636
0.9328179559622016
0.9507786172148502
-0.34222905266780046
0.9572727678801107
-0.5036902045563765
-0.23224691733676806
0.11363899112278464
-0.2144960299150942
0.10193391693952947
-0.10990912302441735
0.3904896433946241
0.6268897673252274
-0.4379975696597662
0.7794989373764047
-0.4868543166757673
-0.6697054304294712
0.7842494096375123
-0.7790861196903585
-0.3972005813257362
-0.37389690282552834
-0.10977045491073167
0.0267659204813413
-0.09745442236455926
0.4442300163865387
-0.3629540301963101
0.9928300786591513
0.505281499217549
-0.5696452632037294
0.187656181018365
-0.6737884044545102
-0.7347030508975678
0.25074878287631996
0.5306403889597819
0.3543920051673579
0.7281378625501684
-0.7188291668371185
0.8106203078589473
-0.628546964646779
-0.7822566393024426
0.9354176034044621
0.649663354136369
-0.047971288495980646
0.41660038209226813
-0.91163031724552
-0.5269986066594248
-0.3508903448736831
0.10437095035108279
0.5275141994304988
-0.2939794864997958
-0.20975763769275857
-0.9723222750964784
-0.11529635207658595
0.7721160061174912
-0.3719529776155117
0.3953200648956561
-0.7833589663730447
-0.31095036929913555
-0.63737102192833
-0.1440773248413727
-0.6922583094740271
-0.009840949011824307
-0.43966624160679446
-0.6563780110422215
0.39363966903280523
-0.7807518863951539
-0.26987804627364254
0.9158397805544907
0.10649665258561014
-0.6027079348703579
-0.10387393644634546
-0.4937455965642097
-0.911093429426036
-0.5410385873504129
-0.27476946975259753
0.2595592292741762
-0.5860364986569124
-0.6551497871835565
0.25562100062743554
-0.4707495659294323
-0.27236126194651344
-0.12697121292041813
0.05383650544801233
0.9577669833368707
0.8395576482928286
0.7775963849649581
-0.8098166894553838
-0.892416361315532
-0.16227293226194206
0.7352140685883599
0.7017518704517711
-0.05925016324896548
0.8344337172632541
-0.28967362954259945
0.6300698740525705
0.7006279252013727
-0.2796362598210478
-0.2014853047510139
0.603862789392396
0.12125239570177926
-0.14546241180866648
-0.438893692753183
0.3424413018184185
0.07097583203636626
0.7450341923670458
-0.9912249082792333
-0.5358247148148361
0.661524084714008
0.7934906439154674
-0.861211253015725
0.4200816812679924
0.7023235242022292
-0.19091001645597894
0.7722045577762977
-0.7547186938584147
0.1989657111083165
-0.6365526640164239
-0.5506678126377254
0.12224567141041054
-0.8625599095408814
0.9215888934007561
-0.22283553146470547
-0.4683442140172842
0.22938245294927895
-0.3759032255908652
-0.4810837581997758
0.7049076797955647
-0.7707110457783017
-0.4049002551644181
0.4693960903311938
-0.3720224471216327
0.06860859903637828
0.6927155038407025
0.7227897457789552
-0.2355703294506568
-0.2575578511506389
-0.8996010099460001
-0.20511932749526163
-0.8049707138997004
-0.7566560230774038
0.06659574396399681
0.6004061993989873
0.057937395537423386
0.22476213389130217
-0.3743993295525567
0.9978695614417312
0.7030529823835401
-0.46095205800963446
-0.43847043038948086
-0.09291234293833672
0.8977108225791484
-0.09408890087320732
0.9867630236563225
0.2026283298959337
-0.37582579480547307
0.2436964751432409
0.06520273908667629
0.2257383953872132
-0.4829238049978908
0.5511257749052949
0.49251702263469466
-0.9350087303678694
-0.017672939728643255
0.6908735127270782
0.28850690463552375
0.6813526145192437
-0.3280817466262598
0.3171431439105188
0.21597652492082964
0.5447960416185127
-0.6561401422711206
-0.8552707607179708
-0.8268604110573099
0.9745135223668493
-0.8067029807738166
0.5190900315939322
0.5337267545685742
0.3485113227858829
0.5721422330826815
0.5629410026011008
0.4700723517810306
-0.2092562079622151
-0.7129431647663345
0.6681588822259461
-0.6426892500347603
0.9869456189009185
-0.05383438704463139
0.6329063624399089
0.8256459494435291
0.23372405405572594
-0.0717694819653989
0.2443438274752734
-0.39752580203846266
-0.5026872242235301
-0.37123337169793524
-0.4557788358713242
0.3519239455374752
-0.1075278677906859
-0.1689195906655785
0.7738106084888166
0.8497959069613061
-0.6969003453544116
-0.030432595662730266
-0.46786618747172604
0.8914036977339228
0.757646959767954
-0.6406890663269378
-0.1658758250054071
0.5570340280564356
-0.1599669809022466
0.34299228443063123
0.3374262058120929
0.25726876423590084
0.40206221129027875
0.3092827629646471
0.9789095012086984
0.39986508459163494
-0.6499112635458855
-0.5951012508620575
0.00821239962389786
0.6125466253590286
0.21316291836126755
0.030040276329388993
0.635975548762511
0.2523963160961382
-0.7240353500008481
-0.32644712653188646
0.8762662691071574
-0.5716073283065719
-0.351426214825457
0.5269514599054856
0.8122741444705217
-0.7514297072548655
-0.3707946996294269
-0.29289337029293483
0.9633672631917289
-0.786411071329761
0.6303743321562247
-0.08547946659011929
-0.3739077127158641
0.6265568829549493
0.48691745795444263
0.731056037649426
0.7134270936169427
0.5553306229423067
-0.7138126730080065
0.2835863549259232
-0.1229702149272851
-0.6482113986389422
0.651630388618627
0.07481280442935057
0.7143290922396284
0.1922774306037769
0.8791320439443919
-0.47598437386611736
-0.06266377264418077
0.25236578370571894
-0.24922824721856385
0.3930648733802107
0.5799906580050336
-0.14379572503531235
-0.8386500939154482
0.8987026681421528
-0.22644818858024895
-0.544809426536351
0.7933138037774186
-0.6651342689849444
0.030667390301629904
-0.7341080021905271
-0.696154311668564
0.2468605964134738
-0.33314246086975063
-0.7805901531027368
0.6415888402576488
0.7851000044284697
-0.7421320515789032
0.23964867383311272
0.24112123552008002
-0.6117967124698434
0.9699812639294358
-0.3265903225187381
-0.5874131058325205
-0.8934343020933593
-0.3670100669382972
-0.9263659100399035
-0.04674068802320819
0.8246333292843269
0.7028928109280967
-0.763998411321114
0.7143300236896948
0.9305248623095053
-0.2699144015830983
0.39889404658331307
0.6911129387186041
-0.8243733596767471
-0.3051000637151311
0.22707410245430726
-0.8190288715452909
-0.8163899128854248
0.09623928957873007
0.26924429446691467
-0.8285305322393031
0.6893471410461203
0.7898471417594106
-0.9669954597574932
0.2396761083603085
-0.894047297983094
-0.8613193279868812
0.9874601092394666
0.9082287510712428
-0.2011679017324839
0.5917792579112406
0.7955698673611076
0.1511778540646218
-0.5240964320235859
0.059741232975863756
0.2406191500292043
-0.4845888726979317
0.48296041721275085
0.49893702522219785
0.2683565868177593
0.7213313554790808
0.44168925729060216
0.40349102015739113
0.6188002499906269
-0.7831811191083649
-0.8536734552786149
-0.42157827303174455
-0.2019893046313952
-0.7787684526814698
-0.1636111716985491
0.41440096478909405
-0.8057426854337204
-0.513598843432783
-0.7207531801959985
0.4356472243724987
-0.009657817151004888
-0.946750493433387
-0.8251199648633083
0.2894613181351582
0.5735190691914327
-0.9068615875748285
-0.08668647418786835
-0.7761751827142631
-0.6324272567450306
0.018772493931379586
0.015502679738168545
0.39332937627507225
0.996812977433742
-0.4060352129481237
0.42589749218379325
-0.9795230272749917
0.41002443398028854
0.11467191911506514
-0.3960411815542546
-0.3508105137566122
-0.038258274883496535
0.6442057709344278
-0.5213838749950073
0.6333728817046278
-0.5944878111953498
-0.5558135312464512
-0.16870343125706944
0.007404273562698682
0.6354455169586377
0.20441012128701086
-0.8059072607802424
0.23900735976199639
0.9024157387094502
-0.31991331548610735
0.9297324520034396
0.8405963221781685
-0.26355488600226806
0.6372939153466057
-0.8098608650689474
-0.37990962821234797
-0.07560340067242599
0.8554129642094457
0.8599235910362173
0.9094369980353834
-0.6800191053352469
-0.7672511014538093
0.795416653348304
-0.33911811242603607
0.38369833281655175
-0.13591675437033324
-0.4325226899877477
-0.10232918848706074
0.5671806486535007
0.4039440157302685
-0.5292109257043194
-0.24333620272418433
-0.15682572711164844
0.21886352578610002
0.9315286625089836
-0.5918184637642663
-0.1652558488930682
-0.4268414517167458
-0.437130938699386
-0.3232358238652955
0.29936241351071824
-0.19744678520928427
-0.659815924606965
0.5212566381175503
-0.175215293168979
-0.5636947304261277
-0.8386405170044751
-0.9604007770189269
0.1923887401673836
-0.8058557782961098
0.3142505964747464
-0.9665448943506738
0.9164236157225356
0.21657571655244245
0.6255169673275598
0.039195325087123534
-0.04156628315074129
0.2298099506639577
0.5570918836195429
-0.9175106570087959
0.320277103777165
-0.9950029207405333
0.887413372398707
0.7715798255678021
0.6988635449826717
-0.023977618059946026
-0.12410042674385902
0.8528351395970926
0.1775996337362853
0.9193970898807844
0.8778237971338638
-0.35809443197102
-0.4771992779255536
-0.34517686866665254
-0.3042522903876339
0.8642489918757741
0.9910664575953105
-0.17793011464348618
0.5112213061729967
-0.6058314452417455
-0.5914997787660785
-0.0330295029099581
-0.5482280940737514
-0.18669609261116626
0.9386759906139712
0.47543168857687723
0.2989093143505388
-0.19550577594652085
0.8227395887314166
-0.04111533859027583
-0.0066874392000084715
0.10941137903224596
-0.054638869994790173
-0.816451120546482
-0.47595089062389273
0.7704835229065536
0.6766617738849123
0.7992386946664152
0.7313484187630281
0.39561386167410073
0.3009383765442306
-0.8350523000231964
-0.5421433595078622
0.7899693818665903
0.3212510888639164
0.2778867154934843
-0.4947202997715441
0.04841139651121518
-0.679743727483209
-0.1975059507849195
-0.8043861516441027
0.9043673311745293
0.9382593593791915
0.022733488512133748
-0.9865765510444218
0.5120565895321751
-0.7498358733682429
-0.7503525421867225
0.12126914816771417
0.6189289572492396
0.8849538609343521
0.9896976729224827
0.48580447292080664
-0.25206565585215235
0.057105348713534676
-0.4533888261787762
-0.7720421834795064
0.8227969871997443
-0.8577427740716217
0.9182264031884197
0.5687513096007821
-0.7712569070331303
-0.2191858759593157
0.9573443142071905
-0.5239919236792585
-0.1060298971883944
-0.27301404342034163
-0.9017268073814906
0.41886551405156314
-0.11488337561188589
0.16065090990543718
0.5120297482888561
0.026704713364438915
0.051660938162547465
0.4852275381666393
-0.5392899202334855
-0.5293041789242674
0.3674489719737166
-0.6473254855904447
0.7697794109310643
-0.8608656248772715
0.18581269916138154
0.2107557584246076
-0.7216350243944658
-0.5596090066898187
-0.9322787120274774
0.8427690232880427
-0.8933911463538515
0.9838294041754325
0.821848810548873
-0.6724719842293405
0.7553421560442211
-0.7907070003233891
0.8795767808007002
-0.21442874105286958
0.9064521427323537
-0.6261643947682864
-0.778782492691094
-0.5714480550217642
-0.6623684021924043
-0.11326120359536729
-0.01111917712700028
0.9807621782355562
-0.8362218549784237
-0.6004135347602195
-0.23746731167464596
-0.6147778701326279
-0.011193059799290195
-0.7466198962999429
-0.7201937169627699
-0.18975289746135737
-0.36563192108753184
0.9429727599375264
-0.21181477182101305
0.4762680193630402
-0.3706871522127031
-0.8063527622328306
0.8993524350550273
-0.6655496162650016
-0.5137069166049635
0.22567348102930218
-0.6066766104654882
0.8649437895413723
-0.35647632753702885
-0.08509256075204785
-0.7116133057214928
-0.5661463011662216
0.7565355854238311
-0.4463872044818611
0.9240640611823276
-0.3557829589741637
-0.9852159153311622
0.6411096908746194
-0.6532500795178839
-0.021762346702929536
-0.6413031268481151
-0.49728649423818694
-0.6761356439839257
-0.6978012769613875
-0.5455795679353135
-0.6105979737924483
-0.05650686124445592
-0.7239344341857887
-0.7952956974712351
0.37676408246490123
-0.1415578942752469
0.8425660920864986
-0.12518462840581535
-0.8341554057771083
-0.6665229391919267
-0.21512853174228863
0.6112703159269639
-0.555845491958153
-0.3728238144264746
-0.29229022310733255
-0.5740444210102156
0.6551917652717905
-0.8484387395264679
0.020910789704355004
0.7627260924715384
-0.4397554703130502
-0.47735184814526455
0.704096866689214
0.9260667934449827
-0.8664912171594661
-0.9017659201859312
0.7725639492247012
0.6044869347436681
0.324899860920733
0.8824002695758408
-0.21438319010961404
-0.8322783117417996
-0.7520241628883351
-0.5655061994225334
-0.7237297034087007
-0.8227361096750825
-0.22091300812435155
0.5469272166484924
0.363911885501391
-0.7122168211295867
-0.004074480842462869
-0.28064036077758736
-0.0036696003336065264
0.6053696931656556
-0.5898701720749384
-0.9726569946526438
-0.26213539604838454
0.8537360608666131
-0.07107666098820364
-0.8540783015458526
0.3899430130956598
0.38713447597655093
0.2619267819083444
-0.6755739397732654
0.16098863924390994
0.8677436578174356
0.8542389375537927
0.8504256392819176
-0.7156946819277608
0.48911003785879004
-0.38740493955475497
0.981497286164488
-0.5565156709025973
-0.039589604863701444
0.38418123616693256
-0.43228172090354544
0.20194716877369157
0.49038658022209347
0.07311497016594548
-0.6905005464904943
0.928292268746828
-0.05343063239468737
0.5779105020155373
-0.4584388364037193
0.8975816673120725
0.15729604112214957
0.872058007698072
0.051719108760200694
-0.7715063061478062
-0.6248323022435842
-0.973417982901831
0.12413480092994855
-0.5075129416199584
-0.396562243513795
0.7914254923695163
-0.6929160561219161
0.3338271561447699
-0.17401528277858813
-0.1808769776190018
-0.23841349410449442
-0.10058174356923089
-0.8142355939734589
0.48023865894262974
-0.7839490776881526
-0.24074420997193458
-0.9796125769623591
-0.8319982616184449
0.8386608480592794
0.7961383145664551
-0.6991680581452673
-0.06183611983124182
0.03080568678612683
0.819046284769231
-0.8626635392115458
0.642577620869681
-0.4715016681767934
0.3274372936154195
-0.18648088576818345
-0.7204846725999494
0.8016289581317606
0.9758081014714914
0.0976203185603235
-0.1227651429557528
0.11102404439517799
-0.5292384792396478
-0.053202505383122434
-0.45722542793682663
-0.9352606726033981
0.25864817055280853
0.16803751841831294
0.1923414171477138
0.8512084758285356
-0.9242660813772363
0.19647014507470528
-0.44048942312343375
0.41308806095490236
0.5257500677995661
0.155181088892133
0.6127035844994959
0.392418199920737
-0.5696165375078741
-0.49799001072328086
-0.5806235136151949
0.18937176487120677
0.5891571735329855
-0.7509051167843606
-0.6086887489994479
-0.8024303306935969
-0.9210945653061082
-0.09693095448556921
-0.7765937963485572
0.25878346090718374
0.7170984370950817
0.5143054836267853
-0.6917951092280346
-0.48208565396195624
-0.10712615647393853
-0.054428349988772995
-0.8743391291436706
-0.7788894791852958
0.5314149023752717
0.6745645593965537
0.11124909282489415
0.14963741465669655
0.3504516439553087
0.8414132160593657
-0.25785119044521676
0.9237488904503022
0.7108867937200078
-0.739296594328346
-0.9475763721103649
-0.9807425704973065
0.40528394719477334
0.36363854255869854
0.949261588416912
-0.8917349500600475
0.8944427530643226
-0.40759517701896053
0.28831699830039326
0.15426669020546102
0.8692549111794552
0.4319837769471264
0.7927793771571241
0.38142362859075174
0.6537441537380213
-0.5106672323050194
-0.034601501960908276
0.8731040366831078
0.8910197807572309
-0.721724688549559
0.5546711915975504
0.7212204462579228
0.5794381377617206
-0.7428830350399636
-0.36113678569070884
-0.597735346910738
-0.7580918367602558
-0.8373701668103208
0.07905636153827111
0.48267274410793304
0.2628927589647525
0.7646772375803943
0.7616392545999093
0.04045298611127213
-0.43802957771500584
0.08396728830506706
-0.3074570198785007
-0.8953626666035353
-0.10123481055287109
0.19495969163983284
-0.573946654492568
-0.2234979415293432
0.9254677736819565
-0.625130742577106
-0.9722922759101582
0.46362150571449057
0.6818334851048589
0.0960670811165667
0.3633455981993725
0.0662567887579899
0.5085498482059452
-0.2092642232519799
-0.27768684072288896
-0.1364776478967007
0.7324243507520862
-0.4772285787807089
-0.10809693419300892
-0.8573370726913936
-0.7341291319419967
0.14679481094715507
-0.06984429506211542
-0.518952412431571
0.6153883787976115
-0.5761479944365189
0.05090339804052335
0.9987031731166205
0.07871697244874976
0.9427635590142722
0.5958838748404753
0.20930871324160139
-0.4994179289491556
0.9789942384516741
0.8412025418157603
0.9807336124968433
0.693828268199594
-0.3879813949639932
-0.07245746642409423
-0.11034742957197419
0.7929083919548592
0.878861378174862
-0.6350529454009626
0.9661324446235724
0.7657373845767974
-0.08644328798915857
0.47818166770583725
-0.13023409997553315
0.3873947977754646
-0.8626980515839491
0.8130142044362809
-0.1715204625199842
-0.97384371187225
0.29883821139862987
-0.9652732264484447
-0.9522974186974964
-0.6266068644589509
-0.7810952729859875
-0.7646259937727826
0.2662373947952337
-0.15240410698181117
0.9378352111026127
0.7914334286874125
0.06354066757047794
0.8919356311128723
-0.03538267430110342
-0.40095118283142583
-0.67352988645904
0.24304224989800893
-0.07858907744340637
-0.13927442420111724
0.4930212762895845
0.8852594025340437
0.6089219205234258
-0.6658861497747799
-0.6150753827626487
-0.7563724574281976
-0.21165578772176996
0.27481900296799555
0.7734173603308829
-0.7426646096505449
0.11975516107931594
-0.08751404273925423
0.4133451016437746
0.05089951231178791
0.374854990396029
0.39313067116239764
0.6446760133200835
-0.22812922917960243
-0.464851119426251
0.3523134750408279
0.3756516188605519
0.5724038568459751
-0.5239948909700027
0.9895984730671337
-0.330022188291877
-0.9871255766315297
-0.8689756307355219
-0.048580392273457784
-0.13850410864990104
-0.1301549284975192
-0.7051637676825457
-0.8709325628803775
-0.24334487055686327
0.6477565989112961
-0.8648606902074356
0.26939046473630834
-0.20758849510152944
0.9377778072192262
0.3641833585899894
-0.28727977367291957
0.09746848116322449
-0.5795759935608342
0.3575148353194033
0.46677088489005714
0.15123174212667068
0.7272548514251067
-0.5745090352214448
-0.10618479245695522
0.2279417264880077
0.43795327992057365
-0.48654364047631304
0.07733398533140523
0.8973718063371976
-0.9062866674298855
-0.33763528695730005
0.9104112511854308
-0.16905824199003083
0.5275706571039216
-0.7828667985077877
-0.16920016827388973
-0.7911035949892977
-0.07755349735058736
0.8533969439224591
-0.04195983765814737
0.7534453984050458
-0.48711329336659337
-0.6070474198306146
0.9739576418602749
0.24455752739078873
-0.6494082437437698
-0.6009107078459806
-0.22525059475696363
-0.5949959092037165
0.7260752894118063
-0.19707854133876435
0.7722870480064492
0.09644388032721696
0.6690985736697224
-0.36001962259191456
0.8799431785078498
0.4152969222162568
-0.8113082775645206
0.6392978235415443
-0.008285464627745487
0.09187095786805544
-0.3980139478696161
-0.9397641003764905
-0.34659424970298724
0.5367648489687626
-0.8533107375178783
0.46258430465891354
-0.9751445941255137
-0.20194466474351858
-0.697230836687547
-0.5806886160589264
-0.8744315623940249
0.4562437515139255
0.2994419092421954
-0.23669145376029332
-0.23936316820225922
0.08598579100696724
0.1887932677769204
0.1161444458545755
0.0337948230596441
-0.3535606427770712
0.5241677196330243
-0.6289546634113874
-0.7520865052638754
-0.6328142581815948
-0.9504939635790093
0.5107598308497914
-0.15375156534334233
0.29371093093430645
0.25790076595392986
-0.7218515009175617
0.2532563130776879
0.3115941785535714
0.09566097906793014
-0.36509470299318014
-0.9249399456202516
-0.27323098344237495
0.8195914666298789
-0.10394864279693738
-0.1803218777375586
-0.5417805665681357
0.13002442217868393
0.5152455585432718
0.22373419170457565
0.32871623630238656
-0.7991914334898662
0.680326536548274
-0.32579978990015057
-0.9417190685942096
-0.45746752227510257
0.007786672592981825
-0.12888840445350525
-0.8664331963007057
-0.5026813113083612
-0.707163394193179
-0.6781792199139256
-0.7137611384195546
0.3900029682137576
-0.31966980718547977
0.8970123104110577
-0.28292407818508924
-0.2921429778858222
-0.9119627290158612
-0.8902902243397695
-0.6139283158055941
-0.5837011834469257
0.23945402009062677
0.17975247539939376
-0.29479587479819824
0.6611690679155948
-0.8228698295783237
-0.826676741801261
0.5847377286897637
-0.19887675418148976
0.32790729514488604
0.8579823500879722
-0.5325257553673024
-0.16764403139826256
0.12324194888370466
-0.5014996518963144
-0.5505612894151253
0.7750734015658787
-0.8745512111853495
-0.20601647793371258
-0.022636248079135335
-0.6448960888709643
-0.35934149555230044
0.03435415005481168
-0.19929120916626908
-0.9100343416129637
-0.9707252891096325
-0.8517042315745647
0.31765688133193226
0.12364492543128258
0.48070961994932326
-0.8292319539824966
-0.7746708474873332
0.37173089865329967
-0.1497303677443691
-0.5699729272469514
0.7780332841461415
0.5836854101432638
-0.15272479437565023
0.559343199584269
-0.5041533929987634
-0.24218150029565488
0.5124542069333082
-0.2956779921754644
-0.9237677387169321
0.5010675832375981
-0.16633076747155706
-0.41415691127637366
0.7531695443703155
-0.12977322174843575
-0.29297868326883414
0.6637233466771206
-0.22496859648544354
0.14281819248850036
-0.5177742594945312
-0.5508975408895296
-0.0121720874470852
-0.2671317402585547
-0.29090659211190006
-0.919029107204048
0.453350080977448
-0.7821433426735376
-0.7842044605903156
0.9851701205297367
-0.0941489723463309
-0.5633027229638929
0.9999890868618304
0.6609718280231935
-0.39649935159305993
0.8518337605739619
-0.004261663644969493
0.35146048864142254
0.3644981856492606
-0.3204224004551466
-0.5843777426036041
0.321867682376068
0.5097339600279653
-0.378243583784863
0.5381944946797306
-0.5034339784435569
0.15273597424231067
-0.4447254887825791
-0.3209500394079685
-0.3974589033054514
0.23902681898144418
-0.6443224833535812
0.42571692963321484
0.1528428259511483
-0.403429935051153
-0.10993482298353019
-0.9508422537009307
-0.6822109871538542
0.10314188040757322
-0.7258352946136419
0.9805523637196951
0.7829116530659346
-0.29780755923034663
-0.8787364051496707
-0.7917974866433797
0.45677101820517496
0.45854077573670393
-0.685811324931066
0.8343707223347765
0.8598704822970438
-0.8723428612491093
-0.03008427311813744
-0.6784380707629638
0.06417354396997221
0.21108322509282496
-0.2624488601442947
0.31895509819187207
-0.5007930359462902
-0.6725660118597296
0.9518389555985762
0.8971976724019397
0.817919593516357
0.2979770026373716
0.28885977382805184
-0.14231839757629872
-0.16125531338772747
-0.9844468618540316
0.4934805318019133
-0.1710068081546503
0.8151726305453835
0.31715048229553444
-0.7588912337722564
-0.9142308864220505
0.6986287182249231
0.7068147852980575
-0.7020286103224656
0.8899815857337461
-0.17409444719177292
0.3041933338791687
-0.28938231110043744
0.6774447530232663
0.8597130066029994
-0.7293234577503709
-0.8207545270099352
0.458633439205139
-0.8315620034876201
0.6131409537433916
-0.9896995001943969
0.04108611793464889
-0.15545211531367786
-0.7652037628047748
0.6114651392786485
-0.47580474112492155
-0.4236460689347985
-0.8999582090825187
-0.13184903651084423
-0.4417418642281561
0.6165085736608737
-0.39120965152379106
-0.9431311699779568
0.9946993039562331
-0.9000045799944674
0.22896151151423494
-0.5940102572570332
-0.41426722666258575
-0.6887590406975321
0.9609149811334303
0.8608676406577991
0.801439465146953
-0.08009482363659037
-0.5981953546981795
0.5481909821750202
0.5927923180317525
-0.4448406508187639
-0.18047768216859472
-0.0956840412401534
0.17370264474284913
0.9844639327224107
0.7994067062557433
-0.5515377028887996
0.9900862962425119
-0.7902991678928102
-0.708956504051355
-0.4343595843612522
0.9636578892066716
0.3919235497817497
0.24073552707874235
-0.9492147332684413
-0.07252145440581836
-0.26308521960795184
0.8949353294902465
0.12771298325573466
0.25629919651732136
-0.48152449108939255
-0.14387794169265078
-0.7617870795355459
-0.08910437055495435
0.2203801106179477
-0.22700554804423034
0.23804124717628472
0.34370508953512857
0.13265056353942772
0.4106192831699904
-0.8748286229177871
-0.4751516365322874
-0.9908355117545733
-0.1170265552156724
0.6282223617515075
0.6127739319020633
0.3622380896934527
-0.7986746294434663
0.11970571185117751
-0.10210206512037678
0.6473410197820606
-0.6210984268150543
0.6600216237189325
-0.42924240069131914
0.5806815062876671
-0.5462905622261971
-0.697825960051635
0.10196567251579625
-0.9809738224114668
-0.029354233400160412
-0.9737426883185061
-0.02808726413281648
-0.8956070042752489
0.9911585145493864
0.052842623807934475
-0.9697420501729628
-0.4669195741169456
0.46925829391168894
0.19805720541557315
-0.8213061799670349
-0.6207577215318703
-0.6584110432267842
0.49680005080525813
0.14299047528598918
0.21415466184741905
0.0572659131601756
-0.34626731854666537
-0.4334658334306116
0.16077142438255687
0.8637494347365191
0.3212416300715393
0.868732644336699
0.7308442235649442
-0.23979042678074025
0.7416230941777204
-0.06711248640157685
-0.21404996594402403
-0.3593198958945223
-0.8952415956671966
-0.24165018704539332
0.8229252234843685
0.2492850477421693
0.035195266897371846
-0.9284119919457461
0.35595600267088234
0.7335757834723535
0.8870535055574609
-0.719712550798324
-0.43750993712065456
-0.538702023420746
0.9901369635933244
-0.09958545830613375
0.5582057889943275
-0.7438962411703334
0.5231560646416722
-0.4892710967974703
-0.35440571676175825
0.22012184163350534
0.35487876014923514
0.5986911232632837
-0.40222909382946725
0.5695279663125443
0.21840378685570494
-0.9625923009653572
-0.010425750829337055
0.7881462670573258
-0.030063726475885844
0.73515910335088
-0.092800311642939
0.14377523668369663
-0.33211884285371895
0.7821842844932649
-0.31204774247169564
-0.7219846567519399
0.5381219289192514
-0.859747724074631
-0.9192264259896059
0.09792414255928161
-0.7457622004732634
-0.9124144558680514
-0.06269379765040917
-0.08376913760581761
-0.850221571396043
-0.794826141941303
0.9329362041175642
0.20123786849846015
0.530250989565122
-0.3491571906302344
-0.22781681149251365
0.18395993096631313
0.35838139731665475
-0.9943895573570247
-0.4661978313511761
0.9647477544973373
-0.17065208918358898
-0.2146830570873739
0.6800459186630179
-0.15787155830260602
-0.46688787793050035
0.2989095734859879
0.6488812474737955
0.8580994687530021
-0.22041806084220683
-0.2596133021982916
0.42405091722012833
-0.3726785224023035
-0.25819999133421967
-0.22716662290361067
0.7353717728307343
-0.7957036286222441
-0.053775412710383774
0.075110092284709
0.4958746117120987
-0.4771460667513705
-0.5110874310742552
0.09130446916870905
-0.03775097182086773
-0.46071528053242083
-0.8519830620306728
-0.8512971621349554
0.8391939284258472
-0.5672629920822205
0.5657132724442426
0.9840211436327775
0.430068363633078
-0.6874462491195015
0.28476568475213315
-0.5935593418834264
-0.4260156729060127
0.021576264311079507
0.6300794845590609
-0.045369087248954276
0.9140151510944854
0.9004340403347983
-0.014526510291186678
0.7789243532086894
0.6572538899166753
-0.8769298829105261
-0.9674643225030553
0.4102365982520282
-0.5847698253752405
-0.11536406497585183
-0.963484117805657
-0.06291207456310888
-0.2324188855566145
0.9599902536050826
0.3215734390289342
0.656143322094864
-0.08365387676968639
-0.6425944767367584
-0.8387523263183745
0.20663907818699334
0.3161244522783806
-0.24161768895863567
-0.9114109552346188
0.20441894880549927
-0.8896153679688428
0.4582347832825384
-0.5055537935442544
-0.7562163836125804
0.0264857868723829
-0.8027767049032872
0.47993950934760465
-0.5754628098222638
0.8915820335897224
0.8919209993328505
0.6258698147213175
0.19106061051960577
0.26035689515547245
0.7288395148542426
-0.18558945513661507
-0.6476204978682891
0.16648022027874188
-0.9131140363953256
-0.9157188777832661
0.34269954715122175
0.9114516485200221
-0.8740144382499728
-0.7353915149030508
-0.9866184549623882
-0.9647519377040272
0.20672370897761305
-0.8010875716214456
-0.32619569986641217
-0.3016797466200798
0.28527065312363353
0.7297013784058761
0.14404108887260492
-0.13210967983001143
-0.1628128024479465
0.4917557378606454
0.05581433348175535
0.7790756963390015
0.512280402330114
-0.38908798479233897
0.4566284421541611
-0.4279463299875126
0.49769258615047396
0.5248641945728505
0.908056503447543
0.10005176267941263
0.801664240351688
0.7109254528730604
0.520634352858762
0.4848587327827436
-0.6541038671762998
-0.7095281134137286
0.5278098825959876
0.2851581357153017
-0.9811231850238047
0.6158519283541053
0.9489982939686703
-0.5767480524034678
-0.5943197651643772
0.2254661166578642
0.9996340740171161
0.11222457622168758
-0.11751199057330419
0.3511063162549961
-0.23163384950278632
0.5852589118498459
-0.7427001850244317
-0.9461297013619372
0.09352227041318106
-0.26011022508616155
0.045288501945681015
-0.29274660152851917
0.39600971924395334
0.2548762660984747
0.8618117269347869
-0.14982824839349695
-0.47287372976019126
-0.42647184678092187
0.23228600675918387
-0.6993668739379206
0.40123377170324703
-0.16777781000314906
-0.017030007794077928
0.947262155929776
-0.003515787871182008
-0.9398231303624534
-0.6242816760739427
0.4402343667626767
-0.6614946519143021
0.2829707307914471
-0.673559692684961
-0.9982553497994806
0.90313020358572
0.6519009429962617
0.9064226699540086
-0.031130638719166326
0.7656046116982425
0.7189003772906899
-0.5864078031618425
-0.9379301939861413
0.9611516821133073
