0.5881365059648189
-0.8115846492165879
-0.19920020550795603
-0.3105678927931963
-0.295187666943417
-0.7578533538911785
0.8758274521632581
0.6333686909094238
-0.22289724584334536
-0.7111680273516081
-0.23530118725811944
0.5207737547171152
-0.8396987419856292
-0.04078117733446818
0.8718219013223607
0.49395135942547275
-0.17697652744406644
0.05478928205416711
0.21860598153681066
-0.7441514653324077
-0.750815241496438
0.1222274724356629
-0.9616400672153829
0.5062317417259883
0.3130498302574567
0.0030123585198640335
-0.19896751562655846
-0.09260638793129972
0.6556164122610231
-0.19098211342032534
0.03439601126448388
-0.8534601576980105
0.39545725415022237
-0.5495899221553924
0.6508134951545372
-0.7133642451922177
-0.11198740626545378
0.7429908664568121
0.9979948899505946
-0.6452588356400524
0.18309897794590113
0.760126001399086
0.790931795361137
-0.42760746492457047
0.12816687575728758
-0.6441254864549133
0.4535116690471852
-0.9186489645037133
-0.19039000941441442
-0.3808704105803282
0.7133093741480372
-0.11287514410783772
-0.24670566350444645
0.24813783718063243
-0.17904144121181642
0.6933124982847123
0.8890659225270079
-0.07870333640528981
-0.589268557728297
-0.3578444106330474
-0.6506233524109957
0.7844909477464574
-0.5542152539711493
-0.2228052514076273
-0.017614713911574098
0.961366105742578
0.2837162033624363
0.01737890027455613
0.46064902512875694
-0.30653017414463
0.8045886161529621
0.341810680265509
-0.9599088250055969
0.9558859754685793
0.4137061367977415
-0.8628715905111213
0.27364465237921
0.5895636827262751
0.045796965995624994
0.7246105628723625
0.3115955194630249
-0.10251355277990615
0.08442231928301402
0.5006684450019903
0.9599026634659009
0.12552360650564798
0.1574935726727844
-0.5236663240354509
-0.6532065852633919
0.7229125216748027
0.18692459303644715
-0.7633148137005519
-0.7963467441100378
-0.061645002375187996
0.8139744534095181
0.9895102838550074
-0.4607882894458397
-0.1393851188318327
0.7386526966625158
0.5603852518571335
-0.1311595946627151
0.9653310620819537
0.24339363497830924
0.8272223355368029
0.25105442572299097
-0.7045415669131325
-0.5387500706921089
0.2142783572710636
-0.2861782485435329
0.9389660578971344
0.27385566523032834
0.5330178773834264
0.505935896817411
0.11177143434274628
-0.05515713068212502
0.11238708541841569
0.8827356823416537
-0.5194716390255083
0.3906923490634564
0.97939676797693
-0.4063962148503675
0.5583819921923077
-0.2653242724009366
-0.7096992558023982
0.6409509400675315
0.35494031969636475
-0.7843609044683553
0.007152065197415736
-0.6649992971647134
-0.5748612402745901
0.2876513941146124
0.8687391666322493
-0.10864426150888695
-0.6918364237548753
0.3369208412967206
-0.5068697593184261
-0.891082936407352
-0.4723843925120357
-0.24232472335214061
-0.4313104804686485
-0.3347729856279702
-0.006933443339021572
0.08935470723002092
-0.986238709995555
0.33274292079346846
0.03736835166763752
-0.9520453854010889
-0.16535202976984964
-0.8147127234620808
-0.343504086906669
0.7870459303247375
0.5455332836637332
-0.6636891211977536
0.760592666626863
0.4641711099904844
0.5349719403001902
0.4876654486059173
-0.8854474835478297
0.5247562974668751
0.31607759903971466
0.14210432697797337
-0.21870022912847942
0.02756004843144222
-0.5037542969536604
0.953042227691415
-0.5276715503200518
-0.9646772668932342
0.02790805592491319
-0.6472142171166764
-0.6073409294932097
0.03247335399657625
-0.49720912433261444
-0.7853407946214277
-0.2752908260629585
0.3959027622067679
0.4301620307637788
-0.1421057162668924
0.18974695169289313
-0.17370280181428122
-0.12688259044460493
0.46804332399901716
-0.6301505873668565
-0.7836375580065895
-0.7040008276484389
0.13125779097567158
0.39079334772813334
-0.7513851698578675
0.6337071499964675
0.037442802716091794
0.44734251991325613
0.6680610881426035
-0.02552603160188127
-0.46424021579132213
-0.5572260511075926
0.34618886890667344
0.6521168995736337
-0.8729533194485566
0.19231162996139228
0.31773384122454384
0.07503564960251463
0.36614708541142305
-0.3359723469623421
0.13974570519996732
0.060982922136292306
0.8560665284187106
0.5716965215614098
-0.8197134997461835
-0.612654374689009
-0.672343480633151
0.29158108737494803
-0.7450270653034428
-0.6875080609060349
0.502747210622734
-0.9761442970679346
0.2248165383119476
-0.8981978998793274
0.5401611866059777
-0.7609303542662715
-0.5299119258596188
0.47663402128021404
-0.08633073208656139
0.33146871455200877
-0.7106685750482975
0.8470939288831065
0.6767053510041297
-0.8538700256751481
0.3540207332601102
-0.30351558132743683
0.9039488820890209
0.5319220705916141
0.40269826811934517
-0.41785169627906704
0.11165955857682008
-0.2852141655620446
0.8496830902380306
-0.5810970807417994
-0.7118486748362098
-0.3261389902815124
-0.7103198217300744
-0.3926451203405883
0.4589038615156342
-0.36077032618377114
0.013575994629612786
0.11892547819761856
0.2824475796106449
-0.9203767308213122
-0.993233552956069
-0.7705496328164267
-0.027128772505686793
-0.6627359246743596
0.06901531756652202
-0.2306680165674544
-0.367634028586278
0.7909700527624777
-0.2178658567428262
-0.025336837653509692
-0.1563106701721395
0.4027284227081158
-0.6147450227997471
0.8355550030677574
0.710291682169844
0.41420790403858576
-0.942564758939954
-0.07281460679254503
0.5659253951662504
-0.03231609826567783
-0.3217145997309616
0.335275498422952
0.33133906119891177
-0.9656782636546872
-0.1284914001788935
0.5519961408684366
0.5110512914029923
0.7859495429644183
-0.7595057026181886
-0.25505508211276706
-0.8439077774267827
0.33225359150982103
-0.589692387526739
-0.8809685250558745
0.7813044470601147
-0.8758412471084607
-0.3839383392951723
-0.036868604279902906
0.5519139677385059
-0.6284125039984676
-0.2907918460790968
-0.1508923699450222
-0.9889992900115723
-0.34245538361697636
0.23042741428943714
-0.7544500439854798
-0.8371691110750652
0.5583393077031393
0.45450069518597336
-0.6067068898528627
-0.2869340763696411
-0.5122912417437975
0.5190430273936477
0.6720878558985608
-0.926739379666945
-0.7916148651835762
-0.8065436659298884
0.5703802213909721
-0.7021678635311039
0.6577504519961908
-0.6717651093737684
0.42124519631541246
0.884612428383535
0.9327016771129828
0.134583097190474
0.5750481097353004
-0.3261419191332704
0.4073454982268092
-0.5512232985043195
0.49263730954102414
0.27485483073946604
-0.9896273541338734
0.14450832988180262
0.7626349941320953
0.788259799909869
0.29168806421710114
0.6411330099027033
0.2836494767760116
0.44841101040251674
0.9925553026415974
0.6035856819662762
0.8948390586790682
0.006682014883504506
0.7106803081899014
0.3600085952765921
0.7198915198927214
0.62161805768538
-0.0725921231366613
-0.9018836330824611
-0.4607572586782791
0.6204475970097154
0.22086744654335555
-0.468726709488011
-0.9877338658824089
0.22928858228357996
-0.3090478196996589
0.5804638781409557
0.7771820186037717
0.17449556925385656
0.6648732704599112
0.7475101995261229
-0.6365057532848002
0.9243435061301626
0.5992770422411038
-0.0171531900113282
-0.03449589892607352
0.5340963246384121
-0.8343767021546455
0.5786490819795183
-0.4566287778253588
0.9313575387353876
-0.4064483210950478
-0.6707685553588596
0.18696461245791207
0.7412126307172846
0.6659856468625551
0.48452290664703734
-0.3196823028280382
0.7574501218639664
0.5134934807186904
0.8289423620070691
-0.36539231409669903
0.8784728545310367
0.254924951428225
-0.20666278445468111
0.8893680326136297
0.4453658207804374
-0.8358994978946237
0.16875021472688823
-0.10699236182325467
-0.0723026476043016
0.3412885323282566
0.7819448837129426
0.12446583434910319
0.6750611993928346
-0.1437271689545816
-0.8956171342688144
0.2587327609329433
-0.8756930600063364
-0.3463232236019007
0.48217180286006167
-0.6837492811046801
0.1921944765509198
-0.3250056101771974
0.07057758020882177
-0.47513495423493524
-0.7631900218997381
0.8985941007253151
0.6677426906738269
-0.3239614427803914
0.8642197699415972
0.6051128011407718
0.10738605191203732
0.3640443154172066
-0.5273239495685207
-0.1410334560132449
-0.7700141509488827
-0.19010025992713175
-0.9430035371920427
0.15972412479058673
0.3277576466742722
-0.7050615861968281
0.39197337043596514
-0.03394232327500202
-0.15903473123242162
-0.7100000984985351
-0.05229170844917297
0.9996290944164954
0.5831427890789356
0.8224384620114167
-0.18400216867289454
-0.33274463129929366
-0.05687493678323241
0.1664750489651563
0.5117158704493525
-0.7323294657834356
-0.16582459017343032
0.48472184555746445
0.6241138176280345
0.36691603505516723
-0.64710571683652
0.6502457231193877
0.7464946420168384
0.2600514250801216
-0.8129483487895421
0.43145093870384277
0.5275605977902436
-0.3049458377349661
-0.989579986796032
-0.6781271262698723
-0.6914638033909197
0.6855194742650403
-0.25861773353050466
-0.731204200260331
-0.711576243970701
0.28474849287164394
0.8269661625518641
-0.44389335246762673
0.7217260012709328
0.23601240066661155
0.8215387201323083
0.9868329841792507
-0.08051810341262411
0.4428092173973066
0.2435903163311035
0.5376805833009939
-0.17607809468999513
-0.11795325131261669
-0.5113799476008054
0.06848094717396336
-0.8427228300247329
-0.8655200197426376
0.627968497356342
0.8149993677278946
-0.2855274823826923
-0.32021334820526914
0.1252841133676501
0.49698172116196804
0.073954316542169
-0.39470839232674915
-0.7032419717700227
0.89041077893886
0.22019644061485177
-0.6776575693859086
-0.7729599652191728
0.4959762626893389
0.14992504569510712
-0.02653850248194689
0.7354079671076916
-0.20132826329085773
0.6476536479718895
0.5447161002833127
0.09176221827266606
-0.13186481026222108
0.6291673687268919
-0.27002523607294115
0.0400881466424956
-0.413757167693408
0.8479551502083014
-0.7064802829951002
-0.8403873320991209
0.7480464448055053
0.5557262664924296
-0.28101486029902367
0.1612414319403006
0.1505443477695343
-0.14444363030793728
-0.187446301584536
-0.4717506733777965
-0.4637256063586095
0.9308789877693315
0.9595002925787848
-0.6692499808925783
-0.036839362259529995
-0.34031728263701977
0.6302794699556225
-0.4284651847539207
0.5539257484688032
0.3519185842223562
-0.4879651441345727
0.5549289064037839
-0.28051730887725657
-0.993882138437056
-0.1991201806631091
-0.5510130965776574
-0.9123766555961488
0.4307707151868614
-0.2429670105853714
0.02563742401426672
0.45880778671643707
-0.22857180360151674
0.8072171639873917
-0.8461009439782636
-0.7981695024997069
-0.9029736716304424
-0.32862937428875605
0.12508964554704116
0.38624683439119956
0.2100406729508144
-0.6859984905176693
0.7738339120528288
0.5656698975212617
-0.0016187832971858995
-0.431559960069708
0.9631490109489582
0.9597073885574541
0.43634488336094024
-0.7849949946729817
0.02476725034408478
0.7757939311485691
0.9078545515594258
-0.7579039662115044
0.196054116566315
-0.8815678302448993
-0.7982466728811419
0.11491974704509511
0.35490084410158973
-0.03603139713035208
0.25416774580279067
0.33994972524981115
-0.30156682627550313
-0.6057755503272624
-0.916644854323436
-0.09887144733759334
-0.8085454823146265
-0.47945077544813075
-0.753240843826779
0.592826109130512
-0.6249539676357605
-0.9365924131550492
-0.2361048624418547
0.44059207500891695
0.07846628153582036
0.997394496207481
0.3624450836050186
0.5563600211610351
0.12492063041656198
-0.38412332214500733
-0.8095214683962411
0.04116278203666823
-0.6881553450375075
-0.6058014724784162
-0.5029158612938491
0.7072664454143156
0.06335966862269204
0.6888439366802575
0.2771812831113907
0.3408368456934978
-0.11419110357964479
-0.3973180885533598
0.07027079409324277
-0.6895688818488046
0.4292263599520183
-0.7135058081478414
0.4848979266872109
-0.06874614714271332
-0.3027995639648291
0.4777685364257793
0.9075449769981649
-0.14046510969311732
-0.3158890636168923
-0.2059914653599264
0.3212976327649719
0.33146103499941915
-0.13768979649282032
-0.09694425641480553
-0.8583184891269378
0.040793831134362746
-0.4232848809339065
-0.4774370398436545
-0.02130124828251989
-0.4477354407392291
0.1574636409745287
0.10261447332772944
0.1302310037243184
-0.9111000916381229
-0.6089491735693031
-0.10158624383896697
0.3787496138009099
0.22132872156669658
0.2524260043385149
-0.03643873716161106
0.34990289779688544
-0.655036081797153
-0.7013367039933815
0.4265672469270443
-0.11571968469084393
-0.4660519633547038
0.13028543027574813
-0.43862232387648414
-0.0426550228134861
-0.36584839475695907
0.6497824580477045
0.3338122848107834
0.9235418148062229
0.8405493435387343
0.8393572518748333
-0.9084863369030762
-0.8357889415999984
-0.1258003792538065
0.48411133235798753
0.7061344204557121
-0.3580030946067905
-0.8574556542289551
0.6839504601403106
-0.7191871459259054
-0.3590655902062463
-0.6326459929618271
0.4164608490044406
-0.978434400442902
0.4269121947791834
-0.33358385284411596
-0.003034677995635171
0.31541027110544273
0.9546390922875849
-0.4816181636922183
-0.5994284274120207
-0.21871901829041906
-0.7949650327075255
0.7400459591286377
0.9638217509394722
-0.14960887861046834
-0.6228662429967171
0.9726250140394954
-0.05688828286937908
-0.7607237133064717
0.9227647904166572
0.3032684660299241
-0.22403430394217527
-0.6161691617779055
0.44836603945057907
-0.9524790511521035
-0.33163566512178067
-0.5639504869258853
0.4559219854390595
-0.8988972788782061
0.9265326641187515
-0.04647249323728775
0.7028102941607257
0.1903810747249619
0.662110977350364
-0.009943547070411451
0.39286579452080206
0.5496663564616087
0.6458852862165343
0.5020167574451255
-0.0642488025844874
0.8007608400138435
-0.2555096384480702
-0.2990496894183854
-0.4973021101367614
-0.009098854753366359
-0.32343880188223784
0.26343580892432183
-0.32665501333094227
0.6690470953398711
-0.13862330267709444
-0.008761209395394376
-0.2854722128792677
0.8837470434810863
-0.844939871755954
-0.5503789710104143
0.6205904136434959
0.8921026721409107
-0.5188838578033457
0.7887646916820443
0.21172289110660203
0.5166833285626447
-0.5740194749655048
-0.32556387262756203
-0.21972526652586288
-0.8569572215624517
0.6263029411360999
-0.01512927601857661
-0.8414000417021332
-0.5940527530048143
-0.5377438868637403
-0.09516174604766015
-0.5100829510764899
0.9589548852272394
-0.7000610982874813
0.8912383125705314
0.2554896958372592
0.7233185455646365
0.7477452077614206
-0.12469204744451678
0.628889252345465
-0.7499342104810514
0.9220904560594483
-0.4666073366075305
0.7496524720418718
0.9590000532443992
0.439728407344846
-0.703188623310858
0.8520814604007076
0.7470812769582558
-0.37455650125967366
0.07940199099528455
0.5929506668192706
-0.7999503630099176
0.9540552470525414
0.7756015588674998
0.1232776550553838
-0.22044915148206057
0.62528256208441
-0.7344144809839519
0.8072941661065058
0.3313158118871151
-0.3784122106127308
-0.7411643797365224
-0.145667006488011
0.9059974752631743
-0.27196319699388116
0.8566628910013245
0.7964218645533232
-0.08537380061010502
-0.9019340731403109
-0.5656825302304631
-0.9818537090005284
0.987599670970229
-0.03311197725844406
0.7556312505917735
-0.04778988076563273
-0.410582283143631
0.3730502901760251
0.45299902345908793
0.9926124564532977
0.9702072554051793
0.7767526649919585
-0.03824297772886931
0.10897006587679914
0.8829098241652609
-0.9972540351847536
-0.7289002062607988
0.8304463848520933
-0.27704310563077184
0.14570107130573073
-0.6897081281366737
-0.16183739303965217
0.4014103096121979
0.8004630901072625
-0.34314396368708566
0.6958997991745357
0.12229570105822773
0.8876969152345549
-0.8388074470673448
0.4690465200410183
-0.837557621368739
-0.4902991281582836
0.8572949087394091
0.027826205867255815
0.8230676707168829
-0.747712862332715
0.5871668105629093
0.08045470739296579
-0.03739092711374181
-0.05949439488128405
0.7165422597404467
-0.5238866859927611
-0.14730594444822276
0.7166972610365303
-0.31800937322589884
0.10635393558728756
-0.4751107032487931
-0.8139845809579058
-0.5450186017305412
-0.849890662260125
-0.06303352101556992
0.8311045613538424
0.5949139752477632
0.33218885236741613
0.05953332658827115
-0.16142251671118202
0.9802619366016643
-0.548391391441664
0.9834625230322687
0.35995516124839044
-0.995355258598388
0.2796128174870689
-0.5584902500750739
-0.3382844555176563
0.7737194872660487
0.9696288294222091
-0.9339009970028793
-0.7207829272006068
0.5317167733523038
-0.177770105631625
0.3632842479929719
0.15197784411463822
0.48356551074746124
-0.08878112559883777
-0.7569789935824769
0.9552555378600862
0.17989263138548872
0.3207562587687969
0.3894135897061215
0.1291368609714756
-0.9936687388835812
-0.5852140646891473
0.16504258517774617
-0.1715986651818584
0.9188417190659728
-0.559513173635154
-0.16336460498244598
0.8386660153020129
0.37183066998871594
-0.6125285209378735
-0.3353653654231239
-0.78393236130532
0.22313151593539193
0.8834035711772543
0.04091880268124015
-0.6538453536289732
-0.5919918846165213
0.2848280114537205
-0.6015722526879288
0.4995754955548313
-0.7748227029349113
0.7870851523735387
0.8092026959276668
0.5898632900442862
-0.8403281479635087
0.5091576927842376
0.5034324837389723
-0.36977566022550934
0.6364769223270184
-0.8626083462976046
-0.5408240613558539
-0.19470726343592992
-0.16807422610496503
0.772301000485148
0.7354863640161085
0.5491863892551334
0.785906102567909
0.847893716484714
-0.962138781997933
0.2698571536051959
0.3787849426837395
0.658546117302359
0.25507709190264793
0.3868846236779251
0.05242214022862868
-0.8294741125026452
-0.9026624562750547
-0.4430247744393172
0.9138307937438159
-0.44754344788800426
-0.22027743717692605
0.14600318075376073
0.4575532041551922
0.7547948886778213
0.3702229262750991
0.1496615217938264
0.4194089345780265
0.36868067168482166
0.6809837377805967
0.14214842645782677
0.12866045246670166
0.8237885757622174
-0.25101590345475056
-0.5895564465074679
-0.9705342366241057
-0.9039777007427641
-0.4652348775381936
0.9260797483688252
0.9758130104212805
-0.4299183588016027
-0.9335760789412852
0.21926544820430482
0.7793272000659031
-0.9969036803467979
-0.20668654544526133
0.5730853117664554
-0.3867533262962244
0.25907982802279506
-0.453961120927151
0.7153874990403983
0.11786608179251101
-0.09667726960825052
0.9629030025195449
-0.3182343729814847
-0.8159129968114724
0.8234644684880863
0.7811339687474872
-0.24114866798153312
0.4871855985947955
0.12116442249553172
0.590090527056111
-0.6572147282560192
0.08130515364028623
-0.46908802798132676
0.26441426092100606
-0.4252852928177422
0.08941734557053205
-0.2879624944636836
-0.7156344695382562
-0.821485840732346
0.8286285592640674
0.2705400609772619
-0.4920338323026989
0.8172865476689379
-0.172519819683286
-0.4525067486379224
-0.8869538787771634
-0.20459234409063232
0.2768663918461949
-0.6123255094125528
-0.3132582979056935
-0.5164571277355681
-0.9660592585784284
-0.9342813893014197
0.8972528769157644
0.019053165929246996
-0.26201533123019405
0.28740542582817197
0.31926322548890207
0.5821916143226964
0.7158857235811296
0.4665241204097714
0.021055199319021556
-0.9587245962489424
0.758557127532983
-0.9307715339784639
0.8002204910647213
0.36682920916564155
-0.5968759334456681
-0.7077476752054472
-0.09506289029528125
0.8115362021945218
-0.1411772540884375
0.24351391652103693
0.3609011280608565
-0.182502412927108
0.09485822476727424
0.8430206966608227
-0.12828649715406093
0.5021461787311245
-0.9082256124233634
-0.30735410599473556
0.23022742918586192
-0.14578346972034106
0.6344303459823544
0.5960974320869965
0.3225639804111682
0.14868786584219373
-0.8141106813697319
0.5811757695400954
-0.13699908931439642
0.20461201905982884
-0.7465025024110907
0.11523131989843716
0.9272706855351538
-0.8935937352747829
0.19190456905978892
0.3526062571678501
0.29947536420759513
-0.8279928536398813
-0.5000425632434602
-0.2892057764073439
0.829940630026758
-0.27007113979651676
0.06306724343364256
-0.7729841337720393
0.987387003953591
-0.12957626053866056
0.15380082807969075
-0.9847531420221709
-0.8955794957687544
0.9879937712068461
-0.5774036565721257
0.07434491661640741
0.3550074883393206
-0.4726661914935182
0.6142126359515234
-0.5005722226458569
0.37089234364642976
0.2942158431512689
0.2865027015688708
-0.5370440935345744
0.6625152056376826
-0.27280636764996724
-0.17753156982006146
-0.7223158569741199
-0.7476329068768617
0.5327560988011582
0.3030338836281874
0.9484856748406865
-0.9213642890241174
0.38008527568882244
-0.670925644136694
0.5899484230616452
0.6159993205531076
-0.05215952545256686
-0.03440195631448795
-0.21272117377821598
-0.15804300603902321
-0.7204178713933429
-0.4103559723539416
0.967610938354353
-0.19314451700988933
0.10469190300935827
-0.3695631802714463
-0.7801721327318947
0.11563832915705885
0.7330442979591407
-0.16865689394513783
0.7639439848653724
0.4947605354749318
0.030116760229726314
-0.13952452368623547
0.5938917824204171
0.3549060006956881
0.7508070729622351
-0.6657121064302034
0.08051890956648466
0.7563126122727106
-0.3111550609307765
0.8108476489887673
0.44471481723873296
-0.44812806557596674
0.7672477162948552
0.1569178075468316
0.8317722269190511
0.05452384741224536
0.7067143625210244
-0.3073426584063206
0.5123230329784105
-0.9592964618105417
-0.5110148881049748
0.9611342243519987
-0.7407790670459524
-0.6701493482718652
0.43437687738706554
0.4566521975048543
-0.333328951860137
-0.8983642693265137
-0.3279621139235869
-0.8523201701016039
0.6740565743769282
0.2499617439881916
-0.9652806830019183
0.17557108027952495
-0.02982877800435224
0.20942176960596592
0.5851147441237221
0.9931574842269872
0.7124407430200344
-0.5516994749910811
0.5194834965507114
0.39628052595108443
-0.6128850542419144
-0.6076823712307362
-0.2976518127261789
0.5229833775320671
0.3400808435820215
0.7198839467060445
-0.6376432293227214
0.045829322202465494
0.8402077094578031
-0.10040077714506523
0.3278367153785793
0.9446040575551407
0.06254809823432872
0.3166853811146473
0.12174930522629146
-0.5127548095995493
-0.42938103398410754
0.3602171874067379
-0.29204720164923303
0.09019601239133057
0.02400962407244145
-0.6729873322640105
-0.2234675742125538
0.6136664587782013
0.893578303782226
0.40981595764351786
0.8074971744709276
0.6155460794367038
-0.6114155886185939
0.12360207733615236
-0.25999188888607727
0.12654476572703066
0.46425393056320585
0.8595803984526489
-0.7758798590765559
0.02875968285406727
0.17590274378664983
0.16895880184593892
-0.20586121451299233
0.6091043176227566
-0.333540583281944
-0.5001807102351055
0.2111531469375938
-0.5367598736835739
-0.07483097630682023
0.8847544176586783
0.9526147925589952
0.10721117112645606
-0.706629587896922
-0.4390219950869787
-0.20265922414342996
-0.7346790243480432
0.7793556383029017
0.42805921173992956
0.8356897178100224
-0.14013503153807316
0.030523678686695588
-0.5543340737013709
-0.05758058416934375
-0.4142722068607303
-0.07865122205874342
-0.7609224855864478
-0.9818066488050927
-0.5050814859861834
-0.9086220170789885
-0.43423879560487233
-0.8786494592455054
0.9679369918739558
0.14546395376164512
-0.5606246240320061
-0.1723768710601299
-0.12026430142539879
0.3598393819198449
-0.1997565968676953
-0.41136104346787783
0.5349178230149629
-0.31524276345568825
0.9388382855540369
-0.5072406626409378
-0.07315025226804917
0.20112608013862232
-0.9103536088368087
-0.5798892549271131
-0.40470397173203443
0.2836551288383691
-0.8154526118418954
-0.9924593482064981
0.8204363741689602
-0.7250063410979564
-0.41838430277925887
-0.3166475495315295
0.8292773051033955
-0.8496780718649402
0.11340537946717211
0.508060165376583
0.48133369885251964
-0.27747859975796807
0.33193489041727875
-0.7307029925467357
0.3446164045553435
0.893609447888005
0.43142669629394237
0.8459051352001816
0.14830571427704742
0.3738440486726491
-0.21172878425992403
-0.7621142351297783
0.6547325564689919
-0.6270046085526737
-0.6038270380044952
0.4436827345497383
0.09777067917203408
0.7202772570742229
0.40687354766297656
-0.4253206347384235
-0.9764605560915318
-0.12094070685682601
0.5158254685271766
0.7161892602589564
0.8097689339285743
0.8029602697943641
0.5455820531829214
0.5364116568041253
0.44631252576742964
-0.9854015040795763
0.3063443064691902
-0.565033412391557
0.565449091923667
0.06817921256620063
0.8116528420709128
0.5351456991905335
-0.3348356199856395
-0.12390774909017455
0.7309836953793121
-0.5182706270952171
0.10848944748066924
0.06766146320262068
-0.42307840599129865
-0.550697516401319
0.8518906503293691
0.14939153072001532
0.021007294030896295
-0.41921670778470355
-0.5561058335801925
0.5847460924277543
-0.35436200285205954
-0.5678033641972087
0.08525063238277752
-0.3789969913624822
-0.09915545915864632
-0.6454716776552172
-0.8465847731397225
-0.9142961490482524
0.06464394713781174
-0.6346271954973202
-0.4006478733767025
0.9130240604761286
0.841862429489725
-0.8750119191604606
-0.09304993780212034
-0.27679830826331164
0.7964951921572676
-0.4977376661421824
0.058781928351032464
0.46376599968726295
-0.8227892828258816
-0.48768387692989834
0.9384179081521722
-0.3122892158890074
0.18315650314872922
0.9026836201409023
-0.9644860815926346
0.4780701230646087
-0.022223832021769363
0.7059923186790387
0.8965022110390295
-0.8434546447788895
0.4612866376999738
-0.4366448098480584
0.9456909078927336
-0.6158650776008163
-0.8794736347742531
0.5134932458296522
0.613311352897588
-0.38096849389541854
-0.42782243396287223
-0.25113627891687984
0.697915529774358
0.7356034667158549
0.4999258704035998
0.48993154576919196
0.09117403295259341
-0.2272628527542997
-0.23217783307027617
-0.25837551011019966
0.3059162046131043
0.909177635426387
-0.00045882745269199
-0.8035457960957486
-0.5771560752187994
0.5579629638114556
0.3431977930166721
-0.8781459376108389
0.12990176455324343
0.1422395987079197
0.9977036865649738
0.8897159365679381
0.8872433861903322
0.2016765429992533
-0.01306936559599059
-0.6027400982861764
0.17674972038211312
0.9632678041158678
-0.49786157013342547
-0.07164059416957058
-0.1393247935098878
0.4550373860816084
-0.6756213432930431
-0.18255154477473123
-0.566375763871843
0.9441935895619877
0.16586645387688748
-0.2949809176285132
0.5550476002917595
0.24897751999963624
-0.009530904712442112
-0.861911565022109
0.8690138300291212
0.7632540931774514
0.3183164980136468
-0.15671467826982766
-0.5658857808341087
-0.1253215343723486
0.42068581387106097
0.07311658545677102
0.23960992352080446
-0.7711908317325937
-0.6491552152590581
-0.14300908558471215
-0.6640067564991343
-0.26820412682111905
0.025004471914338966
0.5651259709786989
-0.6495346030393863
-0.6024425734502015
0.4419830838133232
-0.1362033819647146
0.8460065889863841
0.674482242667565
0.8758348203865036
-0.9557181678766793
-0.3042415541049357
0.9744652327912766
0.8010494911456976
-0.9111374763792119
-0.8130920581575416
0.31926129121273594
-0.6762066836264302
0.8117923668376121
-0.6303990132284356
-0.011922252860744553
0.07688340673695482
-0.6023634862168232
-0.2427326505395988
0.32236060690862023
-0.42269093749547726
0.7957160466929187
-0.8261946443428516
0.22708578190307183
0.7402541214414824
0.9591353648393672
-0.9222618654116583
-0.7219905890623965
-0.730998973894855
-0.1685530644573099
0.09358062771995401
-0.6192407011095267
-0.17580280576649332
0.620044242070025
-0.826651455299878
-0.5656820714600732
-0.68298057008368
-0.5368839437338475
0.2850116108001166
0.5147819298090255
0.9331612080518672
0.5468604166220628
-0.34301431920980696
0.6974229769352347
0.6471416569959969
-0.22852978548835146
-0.2765447456919883
0.5128345155093232
0.4391094746182238
0.48606629806878465
-0.9617335093477819
0.10240200954
-0.13886235731381658
0.5403137175539217
0.583567376279684
-0.19937782154581885
-0.24812332994158703
0.9359166171208688
0.2057023547597452
-0.2629961075506708
0.6556601628233962
-0.9444939587265833
0.34886822775505544
-0.9122717915892986
0.02087584781719376
0.43236513922925
0.4284112732533558
0.44035571409110164
-0.09352988384110295
-0.6995373639473033
0.7093736269135109
-0.9007196182402553
-0.38606939526486195
-0.9146646189041028
-0.6476798046211791
-0.5231692499962017
0.6246456193620584
-0.5604832793739021
-0.20486029352672652
0.0038707039872469817
0.1252772331015919
0.6407131977300018
-0.735996153357362
0.5634109995039449
-0.35439475774286033
-0.6646683015141819
0.8922961480414255
0.6135979310395916
0.9695593248490766
-0.8937762584724844
0.5040033762242182
-0.8971277154707291
0.6876388356815215
0.6613320841686174
0.9450270979811124
-0.3750997174126498
0.30603913574440633
-0.0069958586350178376
0.30174152195750126
-0.4540774347504488
0.5886902903901363
0.8261821635016375
-0.06390326485532638
-0.0936268895642034
-0.44533936224051973
-0.7759647801542948
0.26794896450135974
0.017679957502819477
0.007959594537609194
0.9035715058276723
-0.41500527794428566
-0.07807517594107294
0.23628739187968373
0.14683165301536816
0.1926273004838881
0.3598277684614992
-0.43048698235430827
0.9258930465041904
0.765674556788071
-0.324156705607332
0.10900089075562192
0.17465847884324326
-0.03235560064268883
0.9318798089931049
0.7030291037145915
-0.0070231949585572995
0.6824276335838926
-0.46352077116858115
0.5393020409143525
0.8163390489401319
0.8528931331263885
-0.6777136942836364
0.3641296654476547
-0.38732704668284224
0.9640278187913878
-0.11730638758823053
0.6937307425898802
-0.9368446815254814
0.3660029335805066
0.0824457856038241
0.16691783237435565
0.4977415734430479
0.7237078016839005
-0.16725584671832472
0.2612551523696556
-0.5087926317157623
0.8460960742324803
0.4099606511178153
-0.7753763932426223
-0.6397565823164608
0.858843631382153
-0.6665687946870436
-0.7902886513837912
0.0800193607428108
0.481146046015964
0.9122203426405033
-0.776277029977831
-0.15793449939305826
-0.663764234089705
0.9457452268652657
0.18007249652078605
-0.42979665625428054
0.5048142227669814
0.4727388177077896
0.5284291519554334
0.8535123164367611
-0.10509100123605619
0.07554450526044709
0.3195800148555774
0.08951247819175401
0.8448988965167301
0.1748955264277059
0.4702269401766841
-0.47643292005348314
0.3060318116439549
-0.09376977773902562
-0.1356864519312262
0.18052229848222723
0.5098948891810797
0.37325325687593813
0.8912672053698578
0.41897067232524043
-0.006651876304097248
0.03598638362995921
0.9568987997723046
0.08567667323734862
-0.05801662541619512
0.05958334407002441
-0.9717401023609418
-0.5288272482341627
0.6073854368261664
-0.5169715865676379
0.8696403872856455
-0.3532236408133478
0.26950250131862874
-0.2284803866391727
0.8685289106408165
-0.07096234801110457
-0.1583633081013882
-0.6810481978487279
-0.004491853534890344
-0.9889967326539388
0.9147794782920158
-0.4818184135312997
-0.8947236368093654
0.2360873265014738
-0.5123416666191989
0.8067874095806851
0.9735442173404347
-0.8050928912047004
0.2134414207285389
-0.11248829637781643
0.8962675628103007
-0.46551289573125
0.6044875868777555
-0.03195334068031053
0.5505200670557615
0.43051343881723514
-0.8833799915778164
0.05284390627748059
-0.17791204042507847
-0.2603981974711356
-0.796641331877572
0.25016832051971005
0.1654116973043429
-0.31757607775298347
-0.8615647018806885
0.2806446455666083
0.5966995196428488
0.3920162936539513
-0.22106899334485175
0.022224674732318928
0.6626004968523636
-0.1252806674019289
0.598122825522666
-0.24103695300266081
-0.9650204063509917
-0.6654871513288398
-0.703628964670735
-0.11082265467726526
-0.27952866066321347
-0.38841980337495907
0.7109607384577028
-0.34888099361525926
0.6770526910792729
0.26685512089600993
-0.9879637376143475
0.7343930492019308
0.7771962236021175
-0.8550001448233597
0.7397761514884615
0.05505628242786109
0.6752538882232615
-0.6737317364594628
0.3087795838120835
-0.16892921036375874
-0.9821977804316846
-0.30821595470853724
-0.22669275945575817
-0.3043882415125869
-0.4719357175041661
-0.21718365651251093
-0.2746902753279341
-0.38849484572478277
0.09990985136843622
-0.40018740270441744
0.4555778572396594
-0.14336606415880992
0.3975209158332358
-0.8516731299816336
-0.9902524410073712
0.8241347459762982
-0.4089884181630157
-0.1264455802043225
0.7541265521693699
-0.5053793055334321
-0.29833281835416026
-0.945508100414576
0.623868488123885
0.40292408372429356
-0.5867332864642241
-0.2040885398112191
0.28422512809009604
-0.6191029722753099
0.7017379738540515
-0.5921416199398761
0.2953445956561265
-0.8664367218145879
0.2802574767644048
0.27127218265508146
-0.4521220029923534
0.4184685765368883
-0.2582532883092923
-0.3932503661279363
0.41314361226354657
0.8639963802032806
0.7106248650577132
-0.5639918836919522
0.7816495011845013
0.4688424227019652
-0.251543987098394
0.38036714879692424
0.9105720740224137
-0.18423297795993632
0.36006193794590713
0.7945200611423189
0.428925858445669
-0.8591340996421288
-0.0519281751688101
-0.8442378555636043
-0.3129157676516232
0.11362842059691891
0.06786612661833136
0.12067358047851084
0.5404224808296323
0.7950800388600934
-0.48872985622852494
0.2802473412677893
0.1955745147149328
0.9630050718093848
0.617332211178123
-0.9436828969838491
0.007727766977993378
-0.6973442091855997
0.8292591306251902
-0.7573285893985302
0.330406592302551
0.9386883575999561
0.6056178856631396
-0.7140848010525918
-0.9605468539065762
0.3145485924816185
-0.32848541440021783
-0.8578457774442221
-0.04487547218564725
0.6914064341008557
-0.09722412908326405
0.7803918674904557
-0.3781395845476436
0.14721954330194387
-0.5979054687575982
-0.8277885272404581
-0.15968369784514902
0.9509966747730498
0.03234633761034855
0.25245294559940534
0.5047422736437028
-0.9143254706018651
-0.7495796934705703
-0.5439710045914026
0.11147754724332826
0.2833309308421923
-0.3011871698869071
-0.06664853131758064
-0.27562939043186496
0.2203583077504656
0.5959627243725336
-0.7552283588229685
-0.0759688311703155
0.5620789609674048
-0.10144186885511841
-0.4491958000661893
0.7443144728829059
0.8380706501735256
0.2941316759605199
-0.2479320915790275
0.8846154640249009
-0.8293059188182983
-0.5606701668085192
-0.9464541626929668
0.9109882631296242
-0.7763086851748648
-0.2696553172377707
-0.38903097922616303
0.18060560914943502
-0.7521336535738317
0.5972779536163859
-0.798213754773611
0.0021062327164191874
-0.6609698737446388
-0.68656098523643
0.10133276767917088
0.29352122198619846
-0.7518793769836989
-0.4327340740197714
0.38961377200130176
-0.5342729868041911
0.6084017888540143
-0.6295076516742579
-0.22550017698214253
0.2636204019089954
-0.012452714279080457
0.16449627435506087
0.7228018196377448
-0.8566499741686393
-0.21071707426033526
-0.8308708468630888
-0.08133238893694195
-0.5478758795408827
0.9226687336485351
0.7121206871779557
0.9741335977985488
-0.7456819079947086
0.18821833599794968
-0.0708039704757446
0.7814752044804298
-0.5884792919849455
-0.477799370344715
0.5032406590083645
0.06653614011004572
0.0072591906527565975
0.020220912386992973
-0.5469514276062251
-0.20166179731788803
-0.8839530389812795
-0.14330697232858158
0.3271050527263746
-0.003953801468812745
0.9218894992221844
-0.5231164263841779
0.8296554958057021
-0.6300205767878648
-0.21697008881684687
-0.6882871926385699
0.5879069561078096
0.5839690257044414
0.5910211696286467
-0.19274529861654144
-0.1638234393220157
-0.005062514691602127
0.06920121925315792
-0.7190535576975661
-0.06782298314135482
-0.9985710664718177
0.944232233219277
-0.8797834500371193
-0.31144326434138425
0.922236516340754
0.5973094398342391
-0.5494042089619788
-0.3394067949145354
-0.7416186200438082
0.2199121234764001
-0.9924485482287888
0.5505860775483304
-0.9696823111300923
0.3540853237498127
-0.05068418889143178
-0.3218098713953017
-0.9291387257914567
-0.8883603129712672
-0.21977992359926457
-0.19450045765766766
0.7198675690276051
-0.21366879587038223
0.7252595590003699
-0.49445236683736393
0.2695977559187748
0.9128453413605606
0.7908700922409271
0.636344221783687
0.6782369159914154
-0.059194972334278395
-0.5723736228287664
-0.3180688417218509
-0.6714647094046493
-0.5577572972643765
-0.3500996694017129
-0.41667025393309753
0.4390763068226091
-0.86043926577554
-0.3474406002066781
0.6690090989493596
0.6675204499663514
-0.33607153094905895
0.8115632279280138
-0.31974568066866627
-0.04360912317153187
0.7917830556284104
-0.7474618634788945
-0.18100402120933778
0.3986097703143934
0.8189998645656051
0.5742324174208155
-0.8953877866156112
-0.614604321836471
-0.45310089495987693
0.44600807441223833
-0.8374491047611736
-0.8520625229508927
0.8950631632399912
0.7510838729722558
0.18329958734087315
-0.9429977485627989
0.02966385848978459
0.9478258828957755
0.8343654543491199
0.004333395636662685
0.5269446976397036
-0.9826002793014907
0.6263969399844023
0.14546563923580935
0.6304489947043055
-0.5902351011937239
0.1072803657205661
0.4004824619991503
0.4107214038172202
0.6115347913367131
-0.16258025749541827
0.585638331348785
0.4384972399479832
-0.5391356454346254
0.9250048446298358
-0.4209042538571437
0.34579395561665915
-0.663750435165239
-0.07086651904733166
-0.08510786079692689
0.9060108430664777
-0.5238179529834532
0.4323589394665923
0.9218315483394943
0.028636758818900265
-0.3249302417419051
-0.3206675915377686
-0.8250155424958743
0.8643218398879311
-0.6282620203103415
0.852929615044518
0.8968947841894623
-0.19478419135425828
0.6729442258783442
0.9144105391901707
0.4241687734129793
-0.5185051740102318
-0.08305414009311174
-0.26917641173909135
0.25328040245249595
-0.7837392119211228
-0.8260948532316301
-0.9154866602258942
0.5089512713760085
0.3973796278057784
0.422464469726882
0.7566469666432452
0.3030281054204358
-0.2227377723173556
-0.42249610611524724
0.14759437495272643
0.872200132905077
0.9033446209972764
-0.8049811710617794
-0.1017395739164364
-0.6101913058393802
-0.9551700192888892
-0.5169062345216677
-0.6470153149787068
-0.9639341865153939
-0.37624835638139564
-0.6936582458242471
0.9256196069066593
-0.9465866371851983
-0.021051545506411085
-0.06504203773558803
-0.983034386689722
-0.8319927663506241
0.09413327932118265
0.38397457385387157
0.8741979346684916
-0.8353320089897203
-0.9679495971133281
0.2790616675199844
-0.3489537694742191
-0.782474969320375
-0.08823259022498142
0.7209961525416562
-0.3928083507572129
-0.08882267938486299
0.10897002678371326
-0.6146909011033572
0.5713753966149968
0.8356060635091731
-0.4820805674319977
0.22220338431137376
-0.7955421686330026
0.09321851109455026
0.5074243850546265
0.13661736703817895
0.045629972857048395
-0.7110697186618706
-0.13807576613255335
0.4530597828012468
0.5812286088562284
-0.07997852600772282
-0.2949694611542557
-0.39828646097258136
0.5374051890640521
-0.05802843682369718
0.957652778179076
-0.029350594572740585
-0.990222054904567
-0.02787440501768912
-0.5653215859331306
0.09215935367230932
-0.4599505537626345
0.1314004223869485
0.36095381082029077
-0.7393970433777786
-0.8490172130672733
0.44813753129511524
0.6279933771485302
0.6649486890768863
-0.6821659482543025
0.1920990045097286
0.7779896290641601
0.482358134769709
0.30545075034235225
0.16053457379840186
-0.4678147536926225
-0.8277412703570468
-0.9926638116955
0.9657575746054934
0.6028475032535514
-0.8665633002354929
-0.24983156454134425
0.10578585067361823
-0.7180945184934184
-0.3541507445321921
-0.12934859222033213
-0.0896800568776257
0.6814670726393772
-0.6746640813210685
0.5618220656243191
-0.08273752064777695
0.9917753388702586
-0.1704455710158277
0.31078284415010327
-0.1908986786264224
0.271492077604667
-0.5981686550473255
0.22669046193342357
-0.9513113713688073
-0.271573907258003
-0.6537876714517583
-0.12664253552497406
-0.49096322243417956
-0.3756315505202781
-0.1604253209433688
0.7661193155929478
-0.868377300855435
-0.9474330397940989
0.4222181654649442
-0.4994444287584592
0.6353849955123902
0.014832807455761765
-0.9200970503877584
-0.3660370965647697
-0.4556998564621695
-0.48201222306902514
-0.06714473100460072
0.015205339615272262
0.29841014064868676
0.9884792448901385
-0.5371671903693485
0.5324825012259242
-0.4938263008662451
0.5357718213538172
0.9891753670382346
0.7018418311778034
0.7595603042293873
0.8205105630232801
-0.9086504385501228
-0.08822018746127469
0.3088946418299654
0.46890139849864787
-0.5486955887975506
-0.956808930723251
0.7927122124200812
0.2836310304012457
0.1269879818353643
-0.2343542323318475
0.542396414948138
-0.5897252414130434
0.16870411387043438
0.6828250953228077
-0.9733574188807153
-0.2827478479584402
-0.22864396476947224
0.7578439219275628
-0.8227665596325662
-0.572811922433611
-0.21239966422914058
-0.9082474307168888
0.004026175181317315
0.5738993735154729
0.056332934886830666
0.2501674197239654
0.8098369229070403
0.2808773568869849
0.5916836517086921
0.18824155982095703
0.8365619559497706
0.4949936605884586
0.16296305402629296
0.8884692904866198
-0.9016343286933841
-0.2948071624243471
0.3699468414958669
0.10595613261992409
-0.29774836773138413
-0.9922761140967404
0.04201894996262556
0.33511273435269806
0.387702812467031
-0.8706493413778658
-0.4687165755889324
0.1283911625234162
0.7823107210790827
-0.9451748489048193
-0.27649282968317745
0.4003754737723253
0.3340319142004151
-0.6270572847990179
-0.20709020512353904
0.940709986711342
0.9151807172656738
0.1942772608991732
-0.12074329562289798
0.594108658578562
-0.36304611016844346
-0.4087180167430544
0.7459097509468804
0.9785849379130913
0.6957800849345919
-0.05023826515103802
0.9811403012369153
0.09274868392947733
0.23388333199183897
-0.27980334018768005
-0.056975875902746775
0.5764730672875757
0.3320118420399676
-0.9312932476943334
-0.3522810870213824
0.788974230927137
0.8482226862676594
0.759697582856137
0.097852148822136
0.6623356740818325
0.5973333958912928
-0.037247789747072435
-0.5762589524760435
-0.42572485879219557
-0.6260818789893019
0.6794316537596183
-0.5651753761686356
-0.4851905719100098
0.6537914479827229
-0.3072143119099302
-0.8782845178450187
0.9508793440528509
0.748982481638715
-0.6296919368441545
-0.6734000860233722
-0.9484570425973238
-0.7985004271347638
0.6813503641711314
-0.8439563873416427
0.7329004735779798
-0.7109186630861144
0.7118807469358115
-0.79661672879132
0.23459886577625255
0.1534676612748287
0.6030497747129013
0.5984556025199292
-0.9059481709425221
-0.7799154233445764
0.9187007068873978
0.013273550007567358
0.21594598503385254
0.14163782759911525
0.7434150383995894
-0.44070801503619417
0.8233769065618901
-0.4190766608637675
0.3869148991762901
-0.7535814985074132
-0.7933399934918752
-0.588413045042699
0.6210715469818593
-0.08402650542673018
-0.7372485468307775
0.8759882294489503
0.8669273392799868
0.44289838242554924
0.704494689523883
0.9804091849762773
0.3182023192022201
-0.42309414679538393
-0.09522836079631714
0.6075055507234226
-0.6800599796237008
0.8303159884036926
0.7929513854776018
0.3412757294367097
-0.6104625387345728
-0.5721254163611966
-0.537155092383617
0.6687660732733915
-0.7852373855371764
-0.6659416649581393
-0.5327009202049089
-0.9955028383288531
0.00811198602285601
0.142644560761235
0.21686401605653494
-0.4012439825090246
-0.09475076737992882
0.36420723492797413
0.6164411897988717
0.3399572446794219
-0.5440376147575237
0.026011075028528063
-0.9658009706387747
0.3388850632914713
0.21159198084993425
-0.8280989299189172
-0.7472907964906166
0.36171811277779486
-0.973445298219445
-0.37226539790062496
0.15580291904359655
-0.8831597959119111
0.724567638773125
-0.08158771091455375
-0.6912846777675585
0.7983072783581877
0.8918954934937728
0.7944458373221532
-0.3623472113395594
-0.6878341760990234
-0.4677158509350985
0.7775429185586673
0.8443290581362028
0.4611715990598213
-0.09874303891257497
-0.358429635345898
0.9978506428252005
0.3594311006923372
-0.8770372299577158
0.2646642491966569
-0.6836862139710942
0.8345134565160985
-0.49793479619476333
0.3964895950721845
-0.5366526906169202
-0.9699872477241895
-0.36898946592169546
0.29889032788686576
0.031051352907688567
0.2575449934023899
-0.9742667691815443
0.4585335201706282
0.6017690662894462
0.23701178062505512
0.670402358488682
0.6855406117114367
-0.6013724394204862
-0.9726464664632479
-0.44920739650045705
0.3841665272404624
0.3406674246929031
0.1887242097536237
-0.4150788272090735
0.904931603312215
-0.6387294602175699
0.11091379385796696
-0.5952006575092539
0.227967743552967
-0.31024522350090766
0.8855183200564956
0.15375856775845054
-0.9094507570884951
-0.7916035359525564
-0.725202023522804
-0.638713784127668
0.9351662554465601
0.2840872088568831
-0.07084397872925297
0.9601044031165353
0.688661091202116
-0.6564528387357833
-0.8007725318202796
0.5055025844834373
-0.0633834616734934
0.3319002940893325
-0.25127344154707765
0.41881061222458493
-0.6354251584512078
-0.24957939374551952
0.27510196866372794
-0.41920434247914584
0.9179019623690461
0.712433479188751
-0.2938621663391108
0.30631089213948637
-0.9278092136725209
-0.3330112921664108
-0.24941050531955034
0.033147446849415285
-0.9294152261096706
-0.11044188695340629
-0.4962363957052096
0.2138494217377762
0.24860214703703076
0.561526177750244
-0.7363286799718647
0.807058137338269
0.6311207002926187
-0.9454568433713504
0.888430557684903
0.07011364973249035
0.17227040297111818
0.27430832723156806
0.08383928358669435
0.5044659182147873
-0.05761374214054915
0.9101270050150114
0.24904442607192112
0.045703848070141495
0.6721886239791017
0.4784275379488987
0.14720861045664968
-0.5012645170005228
0.09096112351445718
0.5201280080681978
-0.3873465324799521
0.3054575046598569
-0.04842083422855459
-0.24028728911997144
-0.9890994902963535
-0.332162273728247
-0.5972578964421706
0.4588944340668524
0.3523168258695877
0.06981195359594028
0.020885233461832797
0.12888972028900292
0.7395132477963529
0.06192343242967957
0.6668095997680905
0.9474674581361158
-0.8327709631597346
0.23459937769834238
0.24710916388612025
-0.9956911499234251
0.36279787782794815
0.9868529486794129
0.8385087769005837
0.5818395290800258
-0.6582694278736259
-0.23907003685330275
0.2566165748839837
-0.14237147185800314
-0.5053256851010464
-0.9208664033316072
0.7182129493295142
-0.2850573307179294
-0.013543826480455934
-0.5520027522920206
0.5040273815432772
0.458008634422886
0.6424476352214923
-0.7980707249070373
0.8678239366359821
0.7035656417076452
-0.4657447196370885
0.23264777307613604
0.12562067110506314
0.9575751199035589
0.9655800802210588
-0.545287717364425
-0.2286412643293334
0.31995581874547474
0.33408220158795654
-0.48458159258039024
-0.7465200172911646
0.352747798843132
-0.830684963063328
0.9621041810487829
0.19789838231214496
-0.21501702275603773
-0.4448383782633598
-0.6736970799586444
0.6695118925309462
0.8611805961187453
0.7193723131975485
0.8595530723035083
0.3411610225758559
0.4310405100141774
-0.9606391063780391
-0.40967209247100356
0.5451804037089005
0.8113898680169072
0.46641451143784707
-0.842114343133471
0.4080139292597946
0.2384953456035528
0.833634598705072
0.30738133237939125
0.8066677371809294
-0.9932297711324112
-0.8834192080646674
-0.8898898561643851
-0.05321450602923128
0.7775164578718643
0.8020718458494611
-0.18372249366592452
-0.7590841661687222
-0.4603195329308909
-0.7072731654617583
-0.7492337935660249
-0.21019913514922695
0.10480589003193552
0.7338591029117625
0.4989794647785226
-0.3353367461432679
0.1603436816675856
-0.43331154202881716
-0.34595671601584255
0.630702979287993
-0.5077479793038719
0.8674698461678119
-0.4319628337946311
-0.9769037673032868
0.9868245305494852
0.08742053726860943
0.6721682873642416
-0.001866868928355414
0.4704574999050761
0.4741086906075209
0.675577329860481
-0.4384122186382968
0.37508970672802944
0.12471954141211072
-0.5813852041738481
0.0399375926065495
0.17539668648363382
0.8581388142841058
0.9774181286362595
0.6049791174545871
0.591578355793327
0.8299257169328922
-0.8292969272591089
0.2031211604325962
-0.6529732956670107
-0.9021576159253346
0.2858116147168088
-0.29945295978648323
-0.9364414185034036
0.6060640579766676
-0.29478099621198295
-0.19385600242698464
0.7265950292503469
0.859350483696673
-0.2966214165573755
-0.9137071151640364
0.18858911481224894
-0.1542497290372169
-0.0727271450677569
-0.2717310503028414
0.9844978951140486
-0.22566250340732874
0.439249969259627
0.8333322297877757
0.9167923910268947
-0.6947010860913352
0.01884061653529412
-0.5995841693782753
-0.9385319634591864
-0.3721561904865922
0.07157572474233231
0.8695046880328776
0.07454274541086692
0.36356725624085695
0.23637562287269676
0.9718413219971409
0.2539188330397455
-0.5726633311144098
0.2026549027882647
-0.21431653554137453
-0.31298301309815635
0.8860380651455648
0.5804080196274413
-0.606195140236393
0.9500705903215056
