-0.9076772073665651
0.9078925971867147
-0.9423177443455624
-0.43940186204251375
-0.5805079122293162
0.26122390365182735
-0.46129662425866536
0.35985171723156206
-0.37612146386505585
-0.3449956489134762
0.49414455888637643
0.06890305755179993
0.16334246401366048
-0.7525334577232701
0.9158353663576952
0.7511916821849047
-0.4021313777343676
0.7418281506062705
0.17635930179469894
0.6641043485173632
-0.8291370506799212
0.13282809768944315
-0.5694550590127971
-0.8245417588355741
-0.13276574537376673
-0.678838427063212
-0.8780704134167832
-0.8687398148678098
-0.14915445671793082
-0.9347646358548309
0.07314922385615796
-0.9075342201470926
0.02916235860179861
0.255583194121904
0.29936165282673777
-0.4590244228535516
-0.8958825648546749
-0.46620552412806715
-0.7244562233045091
-0.5564670123699305
0.2853888206193369
-0.5719391012796675
-0.3657625897735306
-0.14848777172124983
-0.5645817286049128
-0.3035441675371071
0.9108336044776819
-0.46285655526031344
-0.39194217038500323
0.061718934493161015
-0.5027439710078376
0.6265077288165093
0.9072105976347395
0.3205779092856935
-0.5537937186476549
-0.6391901571396619
-0.9628299661812907
0.5464673480639972
0.5451528390279226
0.4567529559313903
0.11304873676755389
-0.24460124806743178
-0.8544078019777281
-0.9349283192439628
0.9287699807519765
-0.9187006393230659
-0.5193432132786593
0.6074526805165414
-0.9645054072029873
-0.4520623902637031
-0.29040747547649737
-0.26421747451509914
-0.6622733292961271
0.6311344313264502
0.7401212894877494
0.09200233059080576
0.7855423831079786
0.5702238861445916
-0.35040798670713613
-0.3887967360053295
0.7098130303449444
-0.07904953802454795
-0.10022427655948785
-0.7114743144944979
0.8313606903864801
0.21355794617913237
-0.9974941314178294
0.11389836951038079
0.8856474072210194
0.6087709886016539
0.6368643903922753
-0.946905936981725
-0.0761013011201972
-0.9330849789356799
0.29201831570609027
0.9219884451657325
-0.5185137502332589
-0.013897821967872703
-0.5792774430356002
-0.2840549876749028
0.47076798104138473
-0.45887287318995207
0.3124495064418402
-0.2846191128358144
-0.8502125784442576
0.8643795689191964
0.6916971788532413
0.5871983866595287
0.9375288928501135
-0.47558828428584654
0.396542369501808
0.23519921935843935
-0.3738699448041014
0.7443914952562198
-0.48507246178611774
-0.15644165624243955
-0.832968577539287
-0.5641327032476842
0.561322875560323
-0.8784480200105893
-0.6686148643104164
-0.2512682345294841
0.2723862381364248
0.010454539270809526
-0.130192943588195
0.14203988371612364
-0.6821271596638006
0.9493638615251871
-0.6535022133108772
0.4975064893930834
-0.05222412222892947
0.5256978350495745
-0.5935226601605126
-0.05448090816033102
-0.6296471617176387
-0.6285425087415704
0.6530817922593113
-0.372209961034357
0.4858922370369485
0.5060324106368961
0.7835258089010473
0.11052148094143766
0.9575786238477921
-0.3535306018900717
0.8937696620555455
0.7319740527239298
-0.021588404187134813
0.8863816038205816
0.4540077935426563
0.7695812172941272
0.46163687866214387
-0.19648608159793612
-0.6517386588145571
-0.8242365603800614
0.25726171439539147
0.8728736151278604
-0.8727297400862057
-0.3657598830787241
0.29009437085178114
0.6408232488053269
0.6942919012413642
-0.9968047960615043
0.4357711913085722
-0.15769184109003676
-0.02711783895799913
-0.858932191686822
-0.2745692595875602
0.3572332677085692
0.7531775914701437
-0.7707761128832347
0.9255588631782696
0.8429583151592575
-0.5093867398339051
-0.4040219407804495
-0.8323109158669915
-0.7429582258729726
-0.5725085504718346
-0.5528071099659142
0.9981913552229122
0.336743432543936
0.9006515883987372
0.42263661420814036
0.6562785837440432
-0.9480423637250155
-0.5369491528318919
-0.3756235935369454
0.33822288667052103
0.5218411678788488
-0.9618816600326296
-0.8237372278102408
0.5144376394905039
-0.8179420366760277
0.12412206524254321
0.6510404552473641
0.2791570915531929
0.6337869795068192
0.12924058425487361
0.3724700612481715
-0.17222372074170567
0.5170301123422378
-0.7241871155262227
0.09592523716693213
-0.35363809685161596
0.3728380782727265
-0.1243451798887305
0.19669951693088294
-0.6169149329077628
0.028072489541911105
0.7927457283150992
-0.9722891587592366
0.9040651611158934
-0.12593941921446095
0.5863213168365908
-0.5690695648546165
0.8150188103653722
-0.16203185560549715
0.9086722676344863
-0.8433688103549013
0.6081251719417089
0.9042881927744266
-0.48009221645020683
-0.6974794638662718
-0.20853796303992334
-0.3875529935930817
-0.49388631724830634
0.46071140048101333
0.8660470134325398
0.008785068382237915
-0.002241681871526957
0.10345342787279699
0.7602575686397615
-0.7915275033474642
0.26569342622616077
-0.18478445523180653
0.3071717971283179
-0.9498261637763712
-0.4894279164244113
-0.8156318179717508
-0.09967024582454553
0.7432783953129181
-0.04868922923956842
-0.33024613251153645
-0.30687171360865295
0.32010382069268783
-0.9663246036520339
-0.35853103835641864
-0.877639472025014
0.8475359185116094
0.49648193926262607
0.5071181782654584
-0.9193224300379299
-0.3240288566985028
-0.10629955078981101
-0.2374977645629599
0.6351542276967519
0.8014839484009955
-0.3832277048827737
-0.6683154516722956
0.47595998309818843
-0.6649728626000233
-0.8708434162286822
0.8878389103372761
-0.6276862193434654
-0.9200800151920683
0.4018632551596357
0.8564573742724801
-0.4098256183747315
-0.971026856341064
-0.8525333743033088
0.12808270952856815
-0.525152988792092
-0.7251897131971381
-0.5586004740642105
-0.7219223704886018
-0.7734568087985121
0.9470041909544951
-0.7535902521151048
0.36105228987904514
0.3507622403225692
-0.5140562111396518
0.3468577508798658
0.18249449038612142
0.7732281474108806
0.6555050075929991
0.4640706061002675
-0.021860792586475553
-0.07436772192348351
-0.8336434301229891
0.6643250458361143
-0.34690774259817303
0.4202531862033452
-0.8668218636011848
-0.8596018907878302
0.8103877402291557
0.62038893974863
0.43221516635371726
-0.8117144823332194
0.47639665085024396
-0.9707687654450781
-0.951780658727448
-0.46649559325757406
-0.459903517115301
-0.8362154193474369
-0.14671336408756974
-0.9455413014838974
0.694175922808647
-0.6358667854051705
-0.31346869437275404
0.6169157140925039
0.17598068598954741
0.4023010774670783
0.12148924329796129
0.10678154789615224
-0.7123972063038355
-0.2030498973397481
-0.9160246300617945
-0.12978938435546494
-0.275351085005352
-0.19966149082600881
0.9225462280755445
-0.9254462602874503
0.24364978727525455
0.46459274194288214
0.04992603285874142
0.2607046367410337
-0.5986805362096059
-0.12916569585902948
-0.5850319564031483
0.8412067616419294
0.688472769853915
-0.9711735559513368
-0.8816449658559085
-0.07789568807127067
-0.4596305258569924
-0.7144462037704598
0.38926508526629044
-0.5735350500093634
-0.3943373215238375
-0.6382093044653929
-0.3828174936274753
0.3863005286774508
-0.8356721146126505
0.3210320810502627
0.49983213856049713
-0.38066106267231214
0.4869829424807046
0.6983494175174394
0.8152800631280841
0.7151095139362864
-0.8487345645135593
0.6773065644994503
0.14312081147854094
0.23724507850670973
0.1800388014961607
0.12286264365021782
-0.06377697656042391
0.6833832146267609
0.870846723879827
0.5680330692614621
0.6083271742854042
-0.49733077478365506
0.5845790189799858
0.6970183708183242
-0.6109489275965239
-0.8563356436076288
-0.35171364592085963
-0.5235601691837348
-0.7710989246556599
-0.13559543641940786
-0.9698290087022219
-0.4870793395680877
-0.5505291035882365
-0.896989214771706
0.3463084862976227
-0.9046966781089156
0.8805498471551625
0.15630322304632394
0.6027155011956082
0.18599815745877302
-0.03967835503632644
0.7161231230472731
-0.7626560170784611
-0.9485673504659358
0.06623201196870654
0.9033922811541395
-0.5425055426867726
-0.9509103487801382
0.9355167981870911
0.23222643014038535
0.2393366338597911
0.41317879117710876
0.2821763294742039
-0.6779486163772672
0.7717734746402884
0.3126305237106983
-0.943909131120348
-0.4113771943546376
0.0011333523238414855
0.21346270565870928
0.8274254073216123
0.5261162805202595
0.8628632853266718
0.1899289311500858
0.3854728337793596
0.0644953007329685
0.8529575764357804
-0.5453825503333904
0.581319033775932
0.6143327903343612
-0.9008704365665468
-0.6731822126425167
0.06071568556119211
0.16212005525832485
-0.9510894390917626
0.4620227470351228
0.4077713743444622
-0.7217333218733823
0.12037019543950134
0.9099290985300443
0.3953524166685336
0.7966386902952185
-0.8462264733238891
-0.2223375271770578
0.8048611008738258
0.835843495879423
-0.21615222729293682
-0.09005369013285591
-0.19153938277167804
0.9805523436574273
0.4763985053197144
0.7274004870420885
-0.2325635832335149
0.8709844723116964
-0.042066372611871516
-0.16370563312515252
-0.12082568537025762
-0.26762943153424246
-0.22563515064120288
-0.1485308528082272
0.2141908152578007
0.25695837407578503
0.9189619504899744
-0.09798057169034324
-0.3701317232798418
0.09614530659980258
0.4073181060682167
-0.9926648342541542
0.17179708635207258
-0.6908061322287453
-0.4598885130709762
-0.1418061993938844
0.889713879436393
0.6270624905834907
-0.8245531175043788
-0.08483492786387492
-0.8208883300036471
-0.3336066798107711
-0.7041501321723767
-0.3996899978229471
0.41508090604918046
-0.38179478657312793
0.8095031183611916
-0.24191510184397225
0.9914280665948432
-0.6332168622918284
0.7748146728836973
-0.7105923419232838
0.8854517900249206
0.23090116614758083
-0.1297703676569124
0.2642556411216548
0.8411838920047132
0.8187407401777682
-0.43506305109238674
-0.17694994836254074
0.6411567928864079
0.8850599081853994
-0.9625108824846789
0.2654170809203098
0.6848334312201885
-0.5446350790900312
-0.22934454703523666
0.3016361249610189
-0.06224351854206889
-0.8331790402011703
0.12393247601424062
-0.6548958114464185
0.10686133614249038
-0.07920524314012956
-0.5786355548418749
0.38164654405994947
-0.22848701055072018
-0.09204680280458244
0.9609947243080565
-0.3615833658751404
-0.9398978763776804
-0.11078298282609977
-0.1734337753977575
0.4798677824646538
0.48316312280601337
-0.5752716443744574
0.45714098361380984
-0.561836039055605
-0.07622201296924858
-0.6506237761478719
-0.7248083814868442
-0.17062272892452102
-0.20565847110353142
-0.056767883850771694
-0.11691638768086543
-0.48654947961468564
-0.5952374539254586
-0.2144193553225242
-0.37522801690287655
0.6096618072930693
-0.4939611018455108
-0.14206583018748487
-0.5878820465732362
0.42463230323889367
-0.9453735564658097
-0.4910829218836432
-0.9545547215499142
0.18600057541520543
0.7302886110093938
-0.6510083733084204
-0.5924350333164927
-0.6336027225504091
0.08392456163798734
-0.40835473984088666
0.03193760313085203
0.7859641657780205
0.9604848918171047
-0.17902756562009725
-0.5773234406623697
-0.5365639045506532
-0.2730064778072179
0.3594221561931288
-0.9949621986318624
0.40602889256524444
0.2732173295904503
-0.4149815389773719
0.2453390627096279
0.39450053635596105
0.9636970402033125
0.1978250357422564
-0.974862735644572
-0.8497998931630009
-0.3553099880241142
-0.718395793245054
0.8216203215035405
-0.7369222467033425
-0.9942183594157084
0.012878118639994884
-0.3149545641530611
0.9077917991107098
0.02915825954843143
-0.586898857146269
0.38934470890312567
0.5669838574766506
-0.16564035318227233
0.09274071559312014
0.15568609550464974
-0.7793343579989949
-0.22074813291850037
0.12439903533982322
-0.19010573776076112
-0.740273679858118
-0.566227090518888
-0.7726622113993722
0.4595374664234715
-0.6278709445118777
0.3342480889688164
-0.5400062602775229
0.9373228073748621
0.750194244748146
-0.4063260479716444
0.9734508125092762
0.5131930662782118
-0.6982567820647438
-0.18627309543287018
-0.3039526371245407
-0.9587326987213998
0.3525322969097213
0.23840623775040704
-0.44539487920521603
0.3927665763996129
-0.7578761993687768
0.7769011098926368
0.629226768217344
-0.882570358683539
-0.2892181719598754
0.23379455376307523
-0.9407624746395593
0.9336237005908341
-0.9111097510954049
-0.10638778649523184
0.04334943105348499
0.27362574596653455
0.6836905583467812
-0.8020737343866402
-0.0476713195082612
0.08111957194777397
-0.6563520439497079
0.11150771065112397
0.23963320002092603
-0.26157105864663643
-0.06967002304110426
-0.9396055080705448
-0.668606680218
0.5072058948896223
0.17713584744541988
0.04656507334958104
-0.5292200618376415
-0.7249810728875803
-0.9239511249900914
-0.5986843774385755
0.5446667580743569
-0.19082906399628285
-0.43442137995588204
0.90091652582921
0.6594252407271481
-0.6857774573953526
0.7220212046225363
-0.5195394189034568
0.8673404790591979
0.17332999039362806
-0.8178685551896927
0.8414959407768492
0.5674115123294237
0.4322376008082982
-0.9882741790951974
-0.21987124731826024
-0.7811723989724959
-0.14333624369260756
0.6706271983476306
-0.793470895146803
0.1671395095544752
0.7575186656807293
-0.32562498391611006
0.8709258954243198
-0.6230026403329478
0.9087572676376656
0.4572091685602777
0.5300870813304293
0.6747644407988505
-0.33655018022372474
0.9603785515442127
0.5993569401318275
-0.8065419810778736
-0.8939393222766767
0.510894535958945
0.3624289461089525
-0.5135510494660456
-0.14720356354608577
0.35685423382473447
0.13842376937196788
0.028137520874235822
0.4571877853589026
0.620562289808267
0.4775274439418413
-0.19911615821631878
0.32989523535790233
0.3972196271834516
0.5996656454082088
0.5868602335872863
0.9480132794861662
-0.32988077343624833
0.02706848434260367
-0.42039790820956036
0.18101356372748967
-0.1599693830868012
-0.10059646173616832
-0.5759857242176389
-0.25898624587908525
-0.5064529081179363
-0.320276196029774
0.9622066288939455
-0.6906551814995474
0.029166281803338023
0.7497936014255886
0.05529114393550438
0.15356920486895587
-0.6521594985616348
0.8079703969366021
-0.5021188212499106
-0.691945794661234
0.8670977429209139
0.8171322343237348
-0.7583926715721967
-0.7377097452250307
0.7492395442505091
0.5847398263001067
0.44024786874079
-0.39065795464698727
0.16065083465266294
0.2905147167969895
0.8539836953313511
0.39803866153824585
0.7682192740618599
-0.15757108476429793
-0.6841562012453355
-0.3278420690152535
-0.2762222583288805
-0.9555857185056846
-0.2084775622985875
0.45296782890886567
0.5378282092041504
-0.8582329342608201
-0.8706139722800916
-0.5368513932027852
-0.9396148895644139
0.012816920479808092
-0.9559204777514174
0.7651467320385128
-0.17862977075363196
0.5187741207336598
-0.9230278130404534
-0.9849545475093555
-0.3656756830324057
0.8425872833807877
0.45114984844874884
0.2843635882816864
-0.153192987257726
-0.19226533139625546
0.2593289150914382
-0.18377079855465284
0.7794250178902322
0.8081291943888158
0.6514815062310042
0.8356097256383359
-0.9494768412666301
0.1885556439183771
0.9351574300329077
-0.047960146016867045
0.9527920421783291
-0.5869136254557268
0.8173764243356467
0.949527300488823
0.3353527168288921
0.4240418949046929
0.9856241188180754
-0.967963757672188
-0.8533565503754035
0.8585913725178449
0.6661376882202974
0.43400567480150665
-0.6753889446580046
-0.7005052785246406
0.7470706150813549
0.311234610941747
-0.6453762866942907
0.22743760833292637
-0.0067868082028299526
-0.6181524691446019
-0.5907325166512924
-0.05454868400146773
-0.5316293137385673
-0.02174397077074741
0.559526551738333
0.3533826600848542
0.25655753395511005
0.7977016072497025
-0.26809020388456184
-0.6409429438373053
-0.2156851234500119
0.012136064296156324
0.3075907790801149
0.9448650713176843
-0.9971477507668323
-0.9901507852119427
0.21489093756862498
-0.3062343766605471
0.7804019058855556
-0.8878196160543699
0.3193572957381108
-0.7829065515915146
0.4316279320804268
-0.732629715812747
-0.9468490450476543
0.9306771437737726
0.6641712935301742
0.29103569168209154
0.3341272537238795
0.7430186533125707
0.2259647328570462
-0.7334636996079562
-0.00033607094120902126
-0.287978052537635
0.05697546100733364
0.6712734332487325
-0.6903252880690498
0.7224003340986032
0.11417144712383243
0.7618163794474861
0.415541101627084
0.10160990376858003
-0.07879044715958172
0.05560258593271672
-0.7784375371009871
-0.20291014573690247
0.151574783461359
0.6541653515411403
0.31020075146120774
0.011237177881604943
-0.8620982655488592
0.3701564675450266
-0.16757675916312764
0.5997520725184566
-0.37547118474824237
-0.47303581615506607
-0.06247452344693616
-0.9010529861847065
-0.03618061123447425
-0.31988078976219003
-0.911043459103106
0.053979150539327
0.32467953158989427
-0.05743710104253519
-0.5707324227715893
0.6617296842833746
-0.23944663688456624
0.9308020635000096
0.8078854576793255
-0.04873166527066042
0.6011019776082038
-0.5451466142871704
0.5485925158900937
-0.894944431556773
0.02726376392792873
-0.1442180338055754
0.8875911344762801
-0.018017989333839024
0.936179931598164
0.08662174679236556
0.7409649432928858
-0.27008916140973294
-0.2444762633942923
-0.728691693980241
0.6158509323647663
-0.5758264122597259
-0.6345114144185175
0.10149663302572942
-0.16635350462492138
-0.2643324062694501
0.6671184839152684
-0.13976087790990332
-0.024918676037577248
0.6497818395207651
-0.41856931071437287
-0.5472965915127495
-0.08547942472843229
0.20506978044799307
-0.9320095825176946
-0.09541885891729063
-0.5819926345446231
-0.8271457360521874
0.6670374213180079
0.9378465626892794
-0.29003008475080394
-0.819540419605786
0.8042005576636739
0.5710393638072202
0.38269339885968323
-0.40228083519577607
-0.2493615822515285
0.02201860614425999
0.3721303884684195
0.861306771138459
-0.04979988107757416
0.6863446101102624
0.37165558870616566
-0.7520918423378244
0.7834399391425071
0.7219012651836259
0.949073366944363
-0.3059581631506998
0.5676716185496851
0.37087347703621587
0.8697996932718912
-0.794533253899415
-0.8163891225385735
0.4007865661964791
-0.21661708230769228
-0.623415337664625
0.8728585693310609
0.5209092405399343
0.9092553948278719
-0.06144709783879443
-0.7348580061154919
-0.36047772147833235
0.10284793206341525
0.976294132823033
-0.8551526572238168
0.07160944969982008
-0.6349498499646726
-0.9750894628144309
-0.23567779188005633
-0.5534121713179625
-0.7971958792523621
-0.5788011766715904
0.748062854844129
0.5137647321356194
-0.28995015742595065
-0.5010814900842031
0.6538877700010695
0.6606341117255283
-0.19819718845115708
0.9840357175410999
0.8281722348138452
0.45092399942660566
0.20460605479623473
-0.636882150898485
-0.1653384727671665
-0.4071805220458331
0.565976021235393
-0.3055324130150514
-0.6450172318113299
-0.3427931221066305
0.30545635342077837
-0.31171081851617277
-0.5882232095757409
-0.3391954821082417
-0.3582613819921556
-0.4621249043091178
-0.24516480320878586
0.3281400735103084
0.35362363601084335
0.604625433520849
-0.09937431540417929
-0.21254603836405828
0.8298692330320279
-0.3722071443532562
0.35316346455006475
0.5061559662483495
-0.15837739104466486
-0.7552897624054178
0.6546487868924595
-0.6883475592974482
0.5680390353634825
-0.18116201345401506
-0.22580736082849717
-0.4526402826209146
-0.5484496051462922
-0.12998118965911565
0.5499192380906861
0.4242666399707751
0.31736900568827675
-0.459280039524502
0.9253714118585858
0.2972661253379847
0.6726703670721645
-0.11602913962748285
0.09951481134045803
-0.34176727468694446
-0.7119294762405908
-0.7905908574864982
0.7225465784824558
0.05374002007315659
-0.6301280984369104
-0.7549729498197333
0.1949566088291388
-0.47483220869375264
-0.13112142755275147
-0.9244998043236543
-0.529141407707417
-0.9267722990521459
0.5473656390598851
0.71686383252571
0.6060712748338211
-0.7539569227269216
0.1595266398084696
0.5332198346988275
-0.7497573999940013
0.10688196111678527
-0.11335062571736465
0.39234387174934615
-0.9805202070694072
-0.7987989023479283
0.7348378223457912
-0.7090039859515072
0.08608019267282563
-0.020783563744940947
0.6222477993081832
-0.9212788326586621
0.024590375759007355
-0.0024619228284670225
-0.5860671909805235
0.1423575085614608
-0.5115067509112332
0.012982596032916405
0.8465425559554329
0.5707517970080036
-0.08584723543978345
0.22471324473181853
-0.8922663893694611
0.02330879108948114
-0.4932075612111906
-0.7565669217878421
-0.9289192096633205
0.5488361101622612
-0.026525960474848898
0.04685541567390805
-0.4745369323091013
-0.42959542325368294
-0.8934801602698565
0.3256867175166842
-0.760191101359579
-0.9345430179661922
0.38049169602526667
0.17758553710041625
0.38169580637825984
-0.17452585906491347
0.17451709749515643
-0.31739090931547653
-0.608276121595428
0.8940508773375164
-0.35082480544663186
0.7604019076517898
-0.13011144659213802
-0.42424976172685014
-0.8435349099929863
0.5752499517907863
0.966647541036759
-0.23022232073077542
0.10027972457391465
0.853194132172054
0.26330478099477816
-0.7533662084612691
0.046318567750867956
0.15628914471476074
-0.17561520317811774
-0.5570967971430232
0.2837388610673133
0.21438489100966351
0.8043168235467699
-0.21648217943410653
0.2343765317647808
-0.14649317815529095
0.22444202322407825
0.8518104278845333
-0.7155109708157679
-0.36965759757025296
-0.9671018612578923
-0.47044682179433184
0.9370848281921305
0.6650859993055764
0.5332550351205021
0.8266837936827607
-0.9041906868608867
-0.1550244847792106
0.10794689587316464
0.8467272499521459
0.6192976899900069
-0.28187839583325114
-0.8333836031280226
-0.7953698109059519
-0.5443044969923332
0.3889228952010082
0.6754387941517754
0.014220939572644697
0.39613117749313
-0.6746832264319997
-0.5507111155252338
0.041409624028241554
-0.07588951202012106
0.46409487805524363
0.2651150661948978
0.25933751889698686
0.9711500420542287
0.8908102302446952
-0.6628076870464241
0.7218939600516596
0.8988537962525247
-0.2319886479561779
0.9652862666996351
-0.9334365793729416
-0.7417530292611367
-0.8146863514252356
-0.7708246197368751
-0.7134889026350062
-0.5171249596305372
0.5768087644494355
-0.5134274802297494
-0.41058867220318884
-0.04227863384663366
0.05674772366589509
0.47714776915107704
0.4716385502003231
0.12049336083534268
-0.7304463717338907
-0.765934437961511
0.1560542212115974
0.40069362193350067
0.13709684379069476
0.5465518469388309
-0.8436073224188458
-0.591921553499861
0.5831787376516451
0.3831882861809728
0.8174332070710042
0.10879733526851787
-0.6813317867344013
0.9910985632727087
0.5453836592789325
0.2123163070768841
0.7279087972624296
-0.7797427059220821
-0.3896611745683136
-0.9559617730868701
0.230586303679702
-0.2547962342919263
0.39620096247922
-0.8526198103219655
-0.9688370455453099
-0.9666628268875517
0.6640761699694446
0.673180809316472
-0.34398581541696505
-0.47515104933944086
-0.07261667361044766
-0.751094030318354
-0.35947692860054925
-0.2998955297189485
-0.9715108539774031
0.60248067746923
0.4716918287345693
-0.8015104321197783
0.8210994273767762
-0.6669864989875178
-0.4676986681245614
0.5840859154326739
0.6360778199317907
0.6993434920781842
-0.7953766599389764
-0.507749636069365
-0.5609718917767712
-0.07096924236118896
-0.6779815695849498
-0.6218467661291458
0.45628974377929676
-0.10799336421193884
0.9194832964168627
0.1726312337225573
0.9940073520525095
0.6018439522284833
0.4127129234825948
-0.01863785467457668
0.6417639387940595
0.003352054161528173
0.8246793058273574
0.7239602168438504
0.3242425182359472
-0.8933948292333713
0.22644081602747557
-0.08097276431661604
0.273055582878464
-0.6267305696228984
0.8744908158804938
0.1165899590728261
-0.3146218480325107
-0.6160482945431911
0.8594092793474406
0.7119731562511227
-0.6033292742786489
0.5336793005606468
0.42862549160295815
0.05681133182656928
0.4827652945523646
-0.8671567980122157
-0.7907145257862873
0.712467551248392
-0.9973369028046297
-0.8331665679210385
-0.24849330881521814
-0.6657547976142351
0.05854450918279741
0.6447504551023786
0.8784156376187306
-0.45569981603097
0.9165465186799067
-0.306427026020611
0.5408301219404914
0.08548924455927742
0.5315252631040679
0.9537206562083218
-0.844373336389006
0.6539243584755163
0.43503655287603693
0.18291431017860083
0.3627815336845541
-0.6253873882106711
0.3723356219060887
-0.6764952138324358
0.48395407052120154
0.34063753005385955
-0.2324580007917345
-0.19364863763420992
0.5496454091706973
-0.8747906615240519
0.32522176873752473
0.2827162841804436
0.2835122300491961
0.18391784940407407
0.8962151909921643
-0.6105515103839092
0.4468112983735313
0.16949259933614713
0.9186630013203909
-0.48161525891070434
-0.44342666919000884
-0.01752108293241994
0.20372561346272922
0.03470038600355885
-0.2093139288394712
-0.5056051253856388
0.3759170028995531
0.34021063379561656
0.580944073649885
-0.650409470701867
0.9585520780527244
-0.5995478761000554
-0.1658816101203593
-0.02612167655218789
0.8375173462352186
-0.689512921214235
0.7759066122476783
0.24390891391117675
0.7060085908158913
-0.18794818096362653
-0.08053349411338795
-0.9876403685154032
-0.6177534725580678
-0.34137102523925744
-0.7745274858022149
-0.14240759369271627
-0.3986012952982032
0.5175993014049121
-0.613474311786318
0.18007822792707162
0.06854863624278895
-0.9347439903728865
-0.6466938335836712
0.13801113130160303
-0.1885169130847748
0.8667702430026183
-0.34917895342029626
0.2326418349889372
0.7256362488480672
-0.8409692020824122
-0.01580071811859529
-0.744170034243568
-0.06612744560655126
0.5418933513549682
-0.294829595612079
0.12573304917219774
0.9123667729017464
-0.6147269872973915
0.7827850047272507
-0.6721118587219661
0.16882310165433867
0.06648075900953598
-0.8185857657639715
-0.670669080996636
0.41829857198935794
0.8286078668661288
0.9876826086477055
-0.06649534309340499
-0.849211580934013
0.699892433863855
-0.11406824343549382
-0.5160963900404505
-0.8052051013966526
0.004883333301698656
0.8677679760837662
0.3265178943584983
0.9928474830444594
0.5663082619353061
-0.23388619521400966
0.446752940836304
0.19045971005065487
0.4823238859383234
-0.497451056208136
0.26548834104346763
0.5584437730047975
0.6549271705685049
-0.37475004413231305
-0.6156010204039113
0.6715583919932111
0.5430013635610471
0.7259957457572104
-0.4872318274174965
0.050055671053347295
-0.5113827092639986
0.706507675418024
0.2931473881416107
0.5482368742080006
-0.08948496849355392
-0.05086026673393462
0.017289750344708477
0.37958588934116166
0.1616345705611526
0.6935632180419327
0.15912917915509595
0.6514733548875111
-0.40415928989909045
0.33717172229792647
0.3862661036002706
-0.9359766584802482
0.09874738501634828
-0.35136159539769385
0.8796255512243865
0.4451007895392951
-0.8246578092427328
-0.6880414645969737
-0.020937766879204345
-0.22453397558721222
-0.6013382619319148
-0.8928286796246643
-0.26317382839360803
0.1570433666444151
0.7879334415465884
-0.7580552447206601
0.11337160420151049
0.7370433236427993
-0.4228323036973278
0.919181347712779
0.3733880305203803
-0.3329367708815041
-0.13226629348360852
0.17005891656370387
0.4339651568920826
0.3508334001908988
-0.0748774110083461
0.8997473148744715
-0.0826984258927026
0.5197210191217461
-0.5598298383023845
0.02934281571379249
0.32842071125114813
0.8961855947643163
0.008591802592145203
-0.5502087868458625
-0.3252885047017744
-0.7827181865710373
-0.6612144444961912
-0.23538895397640958
0.5720879404604127
0.6872986483840131
-0.8978751840554753
0.4378629758540853
-0.6086208537818762
0.9558401089494992
-0.881977851849123
0.39802015038155636
0.6122807733608686
0.8268823324836827
-0.37314057898071495
0.6889822395418135
0.35657417897062516
0.20376369970401642
-0.13855443470110673
-0.38190832599410296
0.4138986306276693
-0.4640654271175484
0.25040064958316477
-0.04217521791014467
-0.8231785314491344
0.6445884274660381
-0.7125901096826874
0.11592018905073687
0.6511394777369373
0.9623607298488601
0.4881723419307955
-0.2110942937832434
-0.9851521831049277
-0.14523770220269583
0.8544249653381477
-0.5529593816767127
-0.19911739337008938
-0.9898604134669486
-0.11547457116405413
0.32220150056683083
0.8086041631044558
-0.21460890977135216
0.17414959707348787
-0.5234053756442987
0.13192405412647368
-0.5880336623712761
0.4395062225095019
0.011936192369743859
-0.7436044309570342
0.6280010469878479
0.7948187505736901
0.8296871929888745
-0.13750821990548023
0.9916294504929788
-0.8804022158120621
-0.18618255584715593
-0.5123022367979546
-0.6191207661300224
0.5895883115213796
-0.8586664251620988
-0.002066271502779937
0.34051058729136874
0.623316602931119
-0.5202996147198797
-0.2997332274116866
-0.4178405921474231
-0.28161232544219916
-0.8797962249079738
0.2047097250148462
0.8927510073736968
0.10519088964899481
-0.12601013816703732
-0.5111980667795184
0.7311290981288363
-0.6644589257756384
-0.7622984912449244
0.16861995905500438
-0.2900742991077436
0.39399724544494674
0.21656124774471341
0.5607038168912162
-0.9768450784072007
0.6201679966509623
-0.16282721179116266
0.019312152323640586
0.2198471838297602
0.2208090859317322
-0.24060588527016136
0.5999002416278556
-0.04467644762876244
0.30184161231878925
0.7272142652193443
-0.6241970031562436
-0.6389722718706126
0.5387100896820316
0.17637697273062725
0.935915815665376
0.11225911332245597
-0.8592210126409427
0.2911802185547221
-0.7122791762202139
0.4300608682840481
0.19470465294704442
-0.08986461166789406
0.14235864981448754
-0.390780924524615
0.8456157699240536
-0.6657760552046672
0.4191543964616671
-0.6374037093073841
0.5749185304286446
0.21530420604677625
0.5981011462618941
-0.0672565814800341
-0.7461842491055839
-0.012253490809239764
0.5944199600891062
-0.2548242303090327
-0.9932377197877917
-0.7683923573530511
0.14503743397272073
0.40035136881861044
0.8104843768508612
-0.04491327633834841
-0.1433690418980582
0.8326079024959352
-0.7386195845046255
0.627541325287698
-0.6384837254648232
0.8038507379793287
0.43443047421682324
-0.7773806452784329
0.7935271853809536
-0.45054180000788024
-0.22504460245091873
-0.9199515580512394
-0.05668061078068276
-0.4378997669252398
-0.38124589906860895
-0.6947559407882464
0.3009694551205029
0.76120182866331
-0.13568071290992711
0.31975173447509975
0.7597488905326555
-0.8530365692436133
0.28476841525005625
-0.23789979077934031
0.7693418378783565
0.21190796459009853
0.9176632892840049
-0.025831775005573432
-0.9948267267482747
0.7139019606519794
-0.07690684531352598
0.6016216484039827
0.9730188346115118
0.8318956943446023
0.947478118978355
-0.22519644519554527
0.8891321887894117
0.8446849256866247
-0.12092682953722567
-0.9005622349990017
-0.6800772059470377
-0.05841044252804739
0.27792223751818623
0.9150469315315359
0.6516383912196382
-0.7833165970956231
0.5973493872624585
0.1374984174914078
-0.06604431592514959
0.2865377633661912
0.9512984480471407
0.19251856406468182
-0.23705820981521253
-0.5721864094551643
0.29103030881788006
-0.808008989108324
-0.8614284898378664
-0.6808417421777309
0.6899590702484701
-0.6531265088984648
-0.08097584833121507
-0.6600657731022841
-0.13439458119103853
-0.158311579594135
-0.8730563691306927
-0.6260094044562727
0.34160660668751186
-0.9070547147149279
0.8834123197920403
-0.7380709817397038
-0.5039244950402948
-0.38041619047884234
0.06690524889225347
-0.39500135912585366
-0.07471239255873363
-0.5676528004691652
-0.31179672102154066
0.19444932075707722
-0.4989510511303956
0.7592605463731052
-0.5447054953698971
-0.7990889675539883
-0.23050429020170649
-0.31346437152750783
-0.4365516185200613
0.7668522511341178
-0.9372302834836466
-0.9433516839439262
-0.7588073979643368
0.33030737304808366
0.5894048956039926
0.5646037948808036
0.17739684015213375
0.200978330357781
0.9533765167844235
-0.8540647712988676
-0.524300035199947
-0.35753379281618014
-0.2823552263587241
-0.10914509219029411
-0.19782290410260717
0.8084986427434415
-0.9296406294594466
0.24966277154900962
0.24907240531459074
-0.11645642276485257
-0.6021964952755972
0.022733569361401695
-0.9171314111329842
0.08866638272329808
-0.5122403726445821
-0.30414857933284245
0.07495255213369934
0.9732892723353168
-0.259670294929214
-0.20053467479844067
-0.5383987917366244
-0.009676075433845632
-0.5432814391173997
0.15642308016001838
-0.007090936362496247
-0.2805153956683446
-0.6508314224826512
0.28124774088670357
-0.7406666207789097
-0.48681701447014936
-0.43834369164577436
-0.6565699015911723
-0.8630888774820822
-0.8154377202469973
-0.7087467294742971
0.3769878622704066
-0.07967291422322731
-0.5247417515447026
0.2556845037044684
0.16725117765551323
0.5558466923579386
-0.5453871810643263
0.2866636985743556
0.7145559565349848
-0.6808114621856884
0.02202364451057859
0.7278746924166737
-0.1590097764828231
-0.33965955546264004
0.2928967198686119
-0.9097559254113776
0.22483977166063362
-0.6462530007114604
0.8308951347907754
0.25607826014541923
0.744338502222077
-0.8484993759389998
-0.13538756880069536
-0.6554346247703193
-0.7316901893496641
-0.34772956794227694
0.2719083259565922
0.2948097245586563
-0.819427985509978
0.9704291113356094
0.9785132331571356
-0.13596391460623258
0.7086831310671677
0.47848475347687347
0.7284666216671263
0.5230602276837368
-0.08557869473591762
0.430665585527676
0.7607767073263179
-0.31220424174300554
-0.20338347761384434
0.9226648683965446
0.35333899922566725
-0.9120927412531812
-0.4397593957969572
-0.6855683700422726
0.7348831899907908
0.10100117444839607
-0.7581583863784014
0.11248664956199073
-0.041259243774467214
-0.48370705468020114
-0.7405870082437662
0.25479686872884266
0.1802605779885451
-0.24552353158105555
-0.7640919706004576
0.8356516646796224
0.9988490162652783
0.19346643122660834
0.15842898221334867
-0.4694431000934227
-0.12470202026840504
0.9858156769167519
0.2544975262354683
-0.7237949556614505
-0.047932824914431515
0.05423065630853596
0.7339791818577888
-0.33952626611462833
-0.02204806107221735
0.8950065331506587
-0.6832063990647421
0.7664658502287915
-0.13150123191981167
0.453672128313408
0.2354836201753474
0.18740056915161185
0.9321023568677269
-0.014400647216617157
0.19212871209490312
-0.9473484955876394
-0.3178156620699748
-0.894875187899324
-0.12141322539275179
-0.2893657327618553
-0.7251020369319392
-0.7194435028838659
0.34974482280773844
-0.026000408655025842
-0.4596469500054512
0.4269094094092385
-0.44783373444559205
0.26372612328765155
-0.03843730571173687
0.9340433971907949
0.38619743883488256
-0.8638203065181136
-0.9647058837673153
0.5963834166481468
0.7734899795427677
-0.5787378029446384
-0.3473245032487364
-0.4144568841960492
0.06746395407186245
-0.01507049332513688
0.7551632570203213
-0.4976812796564023
0.9775732934616088
0.6326823738445662
0.6205316002653349
-0.8063183292614082
-0.22983544441019044
-0.3458843436161443
0.7576979510276389
-0.38209469877898816
-0.552263104402057
-0.8260018523387509
0.9899282532655698
0.5964362954662401
0.3263577405414555
-0.06626804204570291
-0.23697779450050693
-0.4664998320148359
0.6076644898320351
0.9271040733496176
0.7021346226725984
0.9219932581929053
-0.37829275947129526
0.8629238388318101
-0.3983434153076004
-0.5502617899771614
-0.2823503678969719
-0.5460672108345097
0.2630795358457254
-0.5040880210563419
0.5082288542423024
-0.4229920191128498
-0.02917207928616472
0.9568579771686947
-0.8639138382420586
-0.5708528248160452
0.8958309994427722
0.41291120096443734
0.4143272533331932
-0.4718889374891626
-0.3282894493313473
0.3595449316608086
-0.6952491223948127
0.7881930671275366
0.7060356332938609
-0.9263549858801812
0.13836249903716769
-0.8646282929019036
-0.31739071194806856
0.692863355995819
-0.16737247949761946
0.42458266932803923
-0.8245186861097575
-0.6369629930958525
0.8975156446440173
0.3787234778650883
-0.25745428742527987
-0.07088873251807248
0.2952313783945073
-0.02915123594834057
0.084992287663324
0.5757675748681468
0.24980883775863205
0.6926758869252894
-0.44124400320353474
-0.9317756821953576
0.9955940702332136
-0.2555454954021439
-0.3153476181342685
-0.5025378322508571
0.52226603666697
0.6895740559841248
0.930608176446716
0.6381532522274245
-0.6306253270022055
-0.2663328422811424
0.6594284365825194
0.41280167002786494
-0.6826511102364867
0.9806153193418046
0.1889443291152595
0.8543437877023814
0.9877711018667552
0.08150472879624937
-0.807193634512283
-0.8274373669426474
0.7104461397351345
0.9481549505016311
0.7685620002432225
0.3579733828426992
-0.5867804989418315
0.6266323386367765
0.3043157546051116
0.41402936831795256
-0.32001434636950843
0.36918748148848457
0.35521110793138266
0.4493336327357036
-0.9761115312682045
-0.27017854631061056
-0.9756828805270328
-0.6079630060481462
0.20953685594410443
0.5630994863470158
0.17698694639219714
0.14740373336740697
-0.12065775982785598
0.12925258610962653
0.03146453458462206
0.5348686760319741
0.3517093182788096
0.5961568868781928
0.3912378639944627
-0.6320931641300009
-0.3018947591752763
-0.6274849965347133
0.7652539290479343
-0.044399243288109735
-0.2845767357367306
-0.7173357736523407
0.7045668447979372
0.5752485189738825
-0.24298235567111504
-0.27890554009565105
0.7875297187003745
0.6705209277607054
-0.5537658442791904
-0.8548892324838151
0.8555877459242873
0.6582457641333517
0.8074017493747934
-0.03283917593496066
-0.04282045336865159
-0.5256013928998049
0.7198309423059781
-0.3357359918160012
-0.7419548723832752
-0.18424261402422015
0.6962644263485134
0.7809447148967537
0.6627705255900549
-0.5913309593956713
-0.971762515989061
-0.4449413867983596
0.38055033984357944
-0.6741460788424392
0.9159979837925531
0.19726350887197186
-0.2572024075744801
0.8170812811244894
-0.3708759779450199
0.3129877344338734
0.4360106203122507
0.46662657496342375
-0.6870518613865293
0.43382331332719115
-0.015215347992938222
0.31013065272649953
-0.05896562506672476
-0.6891159402893661
0.750933355274435
-0.38001895703317023
-0.5696929855984332
0.7918889792907093
-0.3598917165626203
0.041604100873162464
0.6032145087299889
-0.6309152323940312
0.9463973283976941
-0.8934274180381268
-0.459644407295293
-0.9427770512332745
-0.5891999432595083
0.17640234988449222
-0.6046340413077447
-0.6083151446749853
0.8937673798395194
-0.31022010477547357
-0.6678307022445926
-0.03843478899816266
-0.20745382865909812
0.568881315837485
0.07430290717826837
-0.20936871819609681
-0.843621625712742
-0.8637866340111549
-0.28361557224063083
-0.1179556800245154
-0.6765305567500091
-0.6538491736807184
0.44154826618368137
-0.0173710778652989
-0.19916066776140795
-0.5157171905745004
-0.8021642789581847
-0.043035026354629746
0.32802126110392327
0.9358216590988813
0.8930031600130992
0.37999783876714566
-0.22614368495455128
0.14863800329250876
-0.9693320584781966
-0.6772960963946544
0.8432969583439704
-0.5707924437829144
-0.499109752721419
0.3580816531738831
0.33064899192618546
0.16199197036459445
0.6552348517338198
-0.0403120971906783
0.7270486642370357
-0.0179655341289493
0.5909489496956268
-0.2775797532462325
0.7674199818504397
0.36150352013241527
0.2738506051702798
0.8740997183459485
-0.4892377028318424
-0.4849187605792764
0.9151242480773021
0.6168414620388134
-0.11815231597930809
0.21083474336343544
0.08607016600557071
-0.9470091499722879
0.5538016733748854
0.5026687597827622
-0.1504529085334434
-0.9595721823775718
-0.0647455619793127
0.6469693586126493
0.8533119305454404
-0.5540758832690336
-0.5007069196567058
0.6552189623799043
-0.12610273307976438
-0.6840398505907039
0.10491324317864792
0.6581358076109467
-0.8339784540512742
0.9400718617549115
-0.5519449415343498
-0.7148226499996719
-0.26245433682494745
-0.34860400965407035
-0.9941725333627103
-0.9628120513579979
0.14817961870347185
0.8257111815681417
0.44663170653259776
-0.5623984561588002
-0.8305605804366469
-0.6702458355142857
0.6816316575035342
0.5916702903352065
-0.3186487234659896
0.27865511230853435
0.5587379926619203
0.31010715760062024
0.26277345945129493
-0.06504038387158029
0.8140981942192591
-0.4690046466696216
0.5526351967624286
-0.08637090331219999
0.4196701893044432
-0.08904466709970027
-0.3246840679250338
-0.08228505796850727
0.3167817552836405
0.9850620208667291
0.7919229011343452
0.5828513272250087
-0.2704793713540774
0.9366156441297138
0.6406683343782191
0.42757904289524173
-0.5349237061421437
0.54695711824101
0.10829877759958517
0.6773211990454935
-0.15311167939019987
-0.10394270437656661
0.17576365811708428
-0.08716311724132608
0.6123649421250654
-0.9095977597935503
-0.21973884870828697
-0.14831584519944285
0.37234952630092955
-0.32999784227159723
0.24145036139514287
0.22703274474638757
0.1108407464803125
-0.8150453390596382
-0.8220795783143391
0.6337737208335337
0.7168594067939917
-0.5700216647456093
0.5195435373878827
0.2041026694820558
0.304629320460559
0.9689207517376235
-0.49139949441242337
-0.17505863531683197
0.1601436187690508
-0.6191503550541848
-0.08374348285453648
-0.09381232890052282
-0.5810411314105699
-0.6967894381620574
-0.6947366982009304
0.2821518823198599
-0.20288001369558173
0.34420855279826523
-0.5883815435695741
0.5819693801289765
-0.959300926384606
-0.7497683743766603
-0.4232573813172813
-0.13567958835780813
-0.17370301355992113
0.004731364148835127
-0.08238171134826211
-0.5556240421257601
0.015004445309489078
-0.21950472808447463
-0.571086400551287
0.7945315745024679
0.6106677609134064
-0.9406968815414711
0.5713299409444099
-0.5923207423658443
0.6594415578175901
0.8934965968381297
-0.20129653878155285
-0.7024122145011633
-0.14633215460337423
-0.8822522462484979
0.5697138773465604
0.7886484195038104
-0.3583446789608107
0.09405740171776422
-0.1024476910774974
-0.7505350200973895
-0.7635721409673244
-0.6510541499951736
0.6571211398749042
0.3204886918108987
0.15164503553535225
-0.09663608775188481
-0.30676636902886867
-0.26608252804511157
-0.42785572569220154
0.31856670577057833
0.37816913961993825
-0.47371734890157535
0.9261677321652868
-0.24964761221156162
-0.5613606616904816
-0.36832063326130937
0.7304863800679933
-0.3159176483477537
-0.10944746288563278
0.20151573515693877
0.923618859931268
-0.3820605991591539
0.4690293465854767
-0.7552169602963865
-0.6912245472315997
-0.5233423101178827
0.5412177401068452
0.03188422382574996
0.733803470870108
0.7452574216460728
0.8055435686934049
-0.13793292538732538
0.9189869482899098
0.651291381427964
0.7783862900008012
-0.9948791631274891
-0.30119854876017293
0.21999092100152495
0.9374138635952496
-0.9609193628355281
0.5085081823525466
0.42656690668245
-0.24009777652291509
-0.3410832140401652
0.843498239093708
0.7449421374309626
-0.5853601229479286
0.26239689794307486
0.48901233239610686
0.7765620547472891
0.9311451080030568
0.46316608361437384
0.19266121674252168
0.3504154801199617
-0.9584051156979561
-0.7505400625035414
-0.6419863800654206
0.41155396863038796
-0.5532748439016946
-0.1821427484820468
-0.8934556900908079
0.7804888765709792
0.7923715439049706
0.24499154451576843
0.7403548153693866
-0.7704124607883167
0.517733245276667
0.47658141019047484
-0.9203928288201872
-0.08345202578432964
-0.9084709693835391
-0.025009150050593787
0.6842322270802312
-0.6542569248327217
0.6707423857245371
-0.7762971879438678
0.26072989933170687
-0.9232141878914952
-0.07154216601257102
0.41285041999716454
0.44051921503573843
-0.6113527140230981
0.01913701137932633
0.5954573476369787
0.32159783045558776
-0.3104682460986192
0.4360626667868286
-0.09226054596224564
-0.3622962326360253
0.17281994039483806
-0.3371485830959984
0.5634325777107396
0.31052331611455086
-0.8594656077486316
0.21656083822315697
0.6112923106258872
0.9730479775791248
0.3915497978798399
0.6448081201754017
0.5932441803472761
0.40195809271346405
-0.6716937736706119
0.025642406438804555
-0.707350008568391
0.19350596770082973
0.8824897892272481
-0.9099783299949413
0.35656921230387506
0.6170393578923583
-0.19697470714849774
-0.17980246471441808
-0.416820690368926
-0.4984849536814193
0.21973527453563046
0.4181880761678125
-0.5155059415800767
-0.60487276924467
-0.19074852546163945
-0.1726186586398215
0.7517263629424702
-0.48101743884862924
-0.5363328905671507
-0.6661302854783924
0.7593139855305193
-0.46146197181404824
0.7723722738203931
0.6762400290219173
-0.6270190723852567
-0.39789751519038763
-0.25863582762643245
0.7351539267940053
-0.3015096292043753
-0.39949754914088187
-0.22309965322145353
-0.6335371469095714
-0.7759764578128936
-0.3996883667599447
0.9882222752775633
0.32632036000595854
-0.3123034099851638
0.24454392967203797
0.4878292994672204
0.8463602147859886
0.11273632973602643
0.05287467842379301
-0.8216515720426465
0.17546035584545594
-0.9031144879830784
0.4946820642914378
0.9844900416100364
0.02342392724811737
-0.04501824949313793
-0.16713114653434613
0.6606327178560139
-0.19871985539803028
-0.188330670600092
-0.05564550702263982
0.668236404976223
0.635995351359556
0.49227572140495046
-0.2526255937483526
0.8175130598525673
-0.1494923644964763
0.1317457444759833
0.16005663024541317
0.7578998448916114
-0.7721934297677895
-0.9375714133127391
-0.9313371710441993
0.10603962857146332
-0.40443473719057565
-0.4606703436330051
-0.5008629128731954
-0.36068991779471027
0.04654767099946211
0.9012739354095625
-0.10106316435325091
0.16417291023975578
0.30667581262915955
-0.2829433913371384
0.16449344754786166
-0.010330242922685695
0.9582839718147413
0.47031892582953083
-0.19671704087143405
-0.4295285932255519
0.27393290839884643
0.21057604543259978
-0.005877024171011325
-0.13780398660370974
-0.2237730227425887
-0.21133325633168232
0.42627188116296266
-0.0022132541930381944
-0.6105570302550656
-0.8872691543229991
0.6495218162201852
0.7715140693445766
-0.5960673185510412
0.7459159540367768
-0.5143289859030702
-0.5780670294665404
-0.898438538856722
-0.5048199043192674
0.4427097095429777
-0.6391248195197547
0.7361433292560366
0.15024540490397698
0.6320576529186019
0.35573536182031895
0.6199505885911738
-0.35907005139450665
-0.8243771814470542
-0.37035023602044825
-0.2123325105060463
0.7726568411521533
0.7779359234769707
0.3470121300050528
-0.25096156644412293
-0.6044392701467873
-0.11417004911499218
0.033675488043344526
0.16535154453004464
-0.65348063343543
0.05763703584051205
-0.09440040408610795
0.31070695825196015
-0.6101342170350055
0.4446517915663546
-0.2402439414094506
0.3302953326080622
-0.521467780025455
0.4952187138245854
-0.5388594798457695
0.986748094391914
-0.673673039287551
-0.4060385372766926
-0.8299439970963662
-0.9466419353373465
0.6973761362824062
-0.7763174381308537
0.20269831140956618
-0.8820755292672928
0.5698968204664123
-0.28444856658368467
0.8932728836489199
-0.4334456595906826
0.6387937329219062
0.7442562153747305
-0.5620912355298568
0.5190044082591179
0.45167944712265284
0.688775244505134
-0.550581700949774
0.5444902914124461
0.9451898527327827
0.7765586189614899
0.499603670185667
-0.4476560944332959
-0.06812603923583294
-0.7439799496406385
0.5150284467670387
0.08998917999613076
-0.464941065448486
0.011195135304874038
0.6252932237635385
0.6416614962586764
0.5203322452392667
0.18704706803094595
0.7622795282992711
0.8888229515021915
0.7398573438058558
0.47357423067845783
-0.7472072814080666
-0.19812668660578714
0.5464753778600739
0.8116533598519478
-0.3214580539839409
0.5357046510216348
-0.5900025400575999
-0.2499944929414728
0.9889040154116806
-0.821654369890148
0.7577703933000186
0.951774020300854
-0.8689097164111894
0.1502157032457374
-0.1429656170414153
0.36866899487673654
0.048346977070981456
0.3325138205904634
0.4410349136351721
0.45224842300581325
-0.5559128916664191
-0.004161814472620318
0.8173079374879424
-0.7125755897938064
-0.1496984817205036
0.31400898151183343
-0.7564831837971522
0.922026496599069
0.3732844686009966
0.4693650386261665
-0.2224708932647943
-0.4875700291040497
-0.23484011539108107
0.5405591556077476
0.9307374208852808
-0.8172465184892528
-0.035144790637557266
-0.6363509877428064
-0.6781590190883093
-0.23976668689259828
-0.3446581839111247
0.4001295237912783
0.7450063063758166
-0.044199284767298064
0.2998396432089714
-0.2909989359788423
0.4255047223077917
-0.8598518659011936
0.1109981472446877
-0.16454312341106658
0.8457174002902457
0.6376091857037345
0.2180374966372287
-0.9529658395547738
-0.5563606631119902
-0.6719100826225839
-0.6028952831089838
0.37545577717137824
0.8340598159062924
0.09844017702153929
0.6239820477340607
-0.27955425181909543
0.8678945955424664
0.6456177206253775
0.02464797003954944
-0.44239136567679016
-0.9030183313689746
0.8165113320761159
0.8653678729185086
-0.09980213814815286
-0.7061463899441898
0.7824511091883837
-0.6616561001526546
-0.1133181791769251
0.17070543112512904
-0.33178950156289333
0.6620697112978977
0.4195870717065835
0.7816009120761913
-0.49976981201825366
0.663917531634048
0.7772550540956054
-0.8180396048433365
0.8600211533549917
-0.4807831774149589
-0.5419686361587557
0.23988520450860662
-0.5646589161815012
0.5175583911539114
0.8550316774138065
-0.4659623567343478
-0.23770279514629444
0.4270797388886878
-0.5418888296154094
