-0.907588746714699
0.6426620708522774
-0.17661003124183217
0.5884103589969063
-0.18658413219838788
0.05661330258032704
0.8667019439677168
0.5135826770234875
0.7068645494760502
-0.05634816446100732
-0.5780317998019122
-0.6422993865492228
0.8267850917633859
-0.3338708482078152
0.1119186557831322
0.9496611500122618
0.13347818469826334
0.1540340056128222
0.4592839912309572
-0.5759177536624325
0.41661617413059293
-0.7846904300301587
0.13975713544902768
-0.9135609484482556
-0.8367851130291613
-0.7562281605417664
0.5154750740461076
-0.7877531651795089
0.3950437710114387
-0.8962185176983462
0.5544690900513916
-0.25820894780603454
-0.6013051857242444
0.43814993026200244
-0.3149815042086188
-0.2339816533184491
0.598086704617091
0.7928973337435956
-0.33909053102995346
-0.9797887948424455
0.557034015805008
-0.8602978032016668
-0.16987261170930723
-0.4176069775263842
-0.4357574859658937
0.9156872225219452
-0.6891632498417388
-0.48026798872413856
0.6576668827444405
-0.7333675988688027
0.9399490403174822
0.7343613523031611
0.6754946782493831
-0.7450726359866813
0.7082113641260042
-0.2576604256941304
-0.8473060074117891
0.17028184061545448
-0.24767062287328723
0.3240977061504424
-0.4703874054068009
-0.04371301623232959
0.9450755288967194
-0.5841474470365535
0.14175045196026925
-0.8487076491143506
0.8989109898565142
0.2322716198561734
0.8671632216741947
-0.5954963055641611
0.1869862311880066
0.4676196594825903
0.3597334372198875
-0.8747442436567769
-0.29241278039472385
-0.4012189639805037
-0.4323528527742735
0.9549068910655285
0.9776743855428891
0.749008372514762
-0.7769085411100274
-0.653524497438976
-0.5602389438502917
0.9860370058985388
0.8878668485068906
0.17470129862424777
0.6874448275134015
-0.9731792444681082
-0.18492446854324873
-0.9271076345016096
0.9882052746189547
0.45001694528361624
-0.5147457326739224
0.5088785831891969
-0.6831152343055875
0.6997210537980865
-0.8464893498402599
0.014913659915242405
-0.41812160446339597
0.6645167535696861
0.1078413554607991
0.11761520695372463
-0.2107245542951628
-0.7876085147223433
-0.7805795875711128
-0.7184309981542276
0.5476752784630705
-0.2936931770065765
-0.5534059352780349
0.960664697864599
-0.8439865350681772
-0.4062229263556032
-0.7557850758145828
0.16705353064246498
-0.7531572595026856
0.3934742809825571
-0.9209518395845917
0.8701285950457684
-0.8245240005171106
-0.576190004688728
0.19106314510670952
-0.16489222378634105
0.8894444377922337
0.7881790715412711
-0.46349012516759447
-0.6104543094010015
-0.8376189549457405
0.6116170453337992
-0.19529232837189525
0.21534935820662815
0.2355601715989577
0.2225375784454935
0.21831156876932845
-0.23645064795201032
0.6432259260418363
-0.1974101212751529
0.6962867995074988
-0.6742175419795731
0.20466660181795926
0.9272006331577758
0.28060503467639997
-0.6483560285048451
-0.9248849477447287
0.012399717829087331
0.13268053678032454
0.9253545028170875
0.8248832023374577
0.07638621392006328
0.4957048771277508
0.6077701088018763
0.7338671351425798
0.6329068273195957
0.7447069355299265
-0.2500369426369329
-0.7759231538570599
-0.4983531576514235
-0.8651006774800065
0.7852792467550067
0.7548200170159642
0.7179412325146253
0.020252899906220367
0.682243383137126
-0.5278592783065101
0.9214399007473195
0.4633410493965069
-0.9483168196952889
0.7620783236178839
0.6053159836658557
-0.8691862816594991
-0.9244665525507203
-0.8773778728175763
0.3279410952665176
0.6719788667287836
-0.24127274818715083
-0.7473953182618394
-0.8688307705880451
-0.7814587154704506
0.7575660770808987
-0.0005211869529702096
0.9167006593581721
0.021736831377572763
-0.2118918604341793
-0.1923271638256414
0.48991676889754565
-0.869031591895062
-0.40090814165525646
0.9825693740397838
-0.5155379414448586
-0.48613943663849746
0.960461459450562
-0.5816691708517827
0.8902945541446317
0.5616947841758353
-0.6926751136160296
-0.7846486482490351
0.24681037038927833
0.7218833349799765
-0.16920287389232613
0.7938417639729787
0.35304894114526486
0.19967555650337765
0.7525967865670087
0.03845191335817599
-0.1362412462471605
0.09781126029076526
-0.8683178494223966
-0.29278825803689945
-0.41432897757805187
-0.480768102927875
-0.9935246542563352
0.2987326837572888
-0.2897023016729099
0.016911895282873735
-0.2951668546267834
0.9829016935899131
-0.3305468844840078
-0.7584360177835265
0.35478136826080586
-0.495304193607752
0.08585151693384074
-0.5675631701694428
0.21438595456554843
-0.7839588882022706
0.5645844886084879
0.07274922257523708
-0.08642843675827683
-0.010719668655664316
-0.3963648026942601
-0.9806848999262929
0.20367252678534653
0.8708522830351393
0.4513754885022725
-0.01126743977036826
0.5441083910259821
0.0529054355427967
0.7920294776355663
-0.05001372380382496
-0.15018117189978963
0.8124302026877688
0.710640298040289
-0.6760981788593152
-0.18316327959560352
0.3854907301667714
0.012923293779667944
-0.5499294814595048
-0.13370145154112212
-0.31393273730013194
0.336136607134381
0.6262900536359859
-0.324979720127512
-0.2703992710265424
0.7956552612545389
-0.9632483708304269
0.23441600294525444
-0.3471638253344198
-0.1252359203099751
-0.8975844973490315
0.4205179200231588
0.434769117567837
0.824657935031256
-0.5284743893846291
-0.4649358417917242
-0.3704754679464377
0.14889281226939466
0.1029084855002329
0.8456845602349965
0.18617860086305615
-0.4462355199379393
0.4552200695402384
-0.6761784281273522
0.16226033829112718
0.5646163748192039
-0.8737613870694827
0.0755991855199416
-0.2968340727369061
0.43416358831183444
0.943879195539296
-0.5060719690448447
0.5257781312790915
-0.60045256674358
0.6615060523822713
0.8601181641901656
-0.6558569379705648
-0.6556981316969999
0.2067170792337183
-0.05805691015238512
0.7886378288756921
-0.789644680466838
-0.5216142937371135
-0.6643153217570585
-0.874262680010985
0.98858320239676
0.9307644916394413
0.576231540971446
-0.9826702435981938
-0.6890265650956537
0.4172184651582238
-0.1557501210705039
0.5213686323768651
0.40953437062591447
0.12388932414974763
-0.38063367347696064
0.1233774030907977
-0.2630423562783615
0.31082330402890634
-0.033724590122227616
0.6763758778912883
-0.5906145745991782
0.566952045387364
-0.9533085428481805
-0.44189845146530105
0.37894624318166503
0.18423433061026784
-0.5601491939948702
-0.850301523188592
-0.09232748065010532
0.011305287423405197
-0.16310325551892046
0.6106597030247696
0.3456893146860933
-0.8045210956790481
0.25951350951584584
-0.6826255301441724
-0.9514704271116445
0.5616857848024828
0.2337450430833672
0.8655357827482062
-0.2266110870997342
0.2011561883086923
0.12044319570572481
-0.06265407378200827
-0.9121759772879694
-0.1677622236375449
-0.8028117989491712
-0.8918049217281114
0.565177904511267
0.5609655293128522
-0.1234836997384039
-0.47030242406528733
0.9877482243865856
-0.19432683630541114
-0.06368244239239473
-0.5376931449534208
-0.2735975700822544
-0.3811883220577983
0.08420849487750459
-0.817369770838126
0.2319080134158884
0.8400236098565694
0.44311688930199544
-0.5487447875876954
0.8202364894014811
0.19722057835531004
0.9159040706581547
0.9635533829964684
0.6497610324076672
-0.6691032456587576
0.9892779910704543
-0.12777984305665502
-0.04027710459559142
0.5900330169970638
0.6698204635241216
-0.5575040469787085
-0.6678053267477357
-0.744353754144851
0.35220875159543796
0.957004132151317
-0.08557593265262842
-0.004593662218125516
0.76363144794047
0.5994843820124707
0.2824451772165213
0.8417245368769635
-0.34883875877491555
0.8396030661108
0.9764222873620338
0.34566708172063154
-0.005516556581945498
0.4094626114262929
0.7059835725986965
-0.8933172951678243
0.805805551329206
-0.13330067963346126
-0.6949834202311473
-0.9550230792028827
0.019874745741842448
0.3427140257448307
-0.3695269098874703
-0.46566323208348215
-0.36862691301988626
0.018150649901377935
0.5939585395511193
-0.49648800647972147
0.9606041903631388
0.007638431271190571
0.2584135688289828
-0.4501328859998708
-0.21763511370468325
0.47681054437017556
-0.7526879424980588
-0.4985358281178698
-0.662186034231304
0.8229843122830633
-0.24343670283958607
-0.22080652639154308
0.9925474273794179
0.39710312035291406
-0.8615160799118176
0.5347257345934551
-0.9427909225413662
0.05329529458013793
-0.776410767787497
0.9351889785258685
-0.20529199768897066
-0.7220390210592238
-0.1064256539773265
0.5274010962139881
-0.27766447790983917
-0.7451710830958533
0.3060238281969536
-0.5609434200860839
0.290289253340561
-0.2392554469523278
0.8918066966118499
-0.919183647505599
-0.3924215103952653
0.9039776258514272
-0.36815287406642105
-0.9018193263144938
0.6436401656871242
0.67351271402798
0.3837348962736271
0.06587484759182183
0.014094966747247195
-0.5415297407382345
0.19205454563992475
0.71912991709503
-0.9477285704891716
0.3306915796008496
0.7688377169689962
-0.6570733962445681
0.09784909306468537
-0.29239571362539185
-0.5889167370264985
0.1783017712193291
-0.8932151873567025
-0.8801937656153176
0.29111574779362703
-0.9532458288736692
-0.6912008290529799
-0.6560004183080534
0.7548068658988649
0.12763149863504575
0.9488252909236119
-0.4389446886896764
-0.14303324342666324
0.062291170757442504
0.6006223271817228
0.7709765827280641
0.024729352621740253
0.9484805953885216
0.8286935178067212
-0.9064992479118081
0.6372708958680282
0.5467794011821214
-0.5329877221985215
0.8966773653052205
-0.7677789819390313
0.016727014626315873
-0.019191340573482485
-0.17459212217122322
-0.8206678041729618
-0.8652143356040483
0.5820056120070087
0.19392724802064643
-0.10525793562918184
0.2958348671805595
0.08663668025179061
-0.14056756296829787
-0.25099675242172936
-0.6755905032119809
-0.44965684926433935
-0.32444673659140677
0.5139208222264473
-0.971889310641783
-0.7496915056123024
0.9611292911358988
0.2851952019809414
0.19254679883449
-0.1941060367427554
0.41906757504226544
-0.5534737231494409
-0.13258021592247582
0.3870368919985172
0.3440811230426608
0.113557776684027
-0.5383777250167032
-0.00249481878599922
-0.8288813262575752
0.7584717872564866
-0.645886796100134
-0.556034750342189
0.0773569600713353
0.2314684379166525
0.3347805612888042
0.448697210811428
-0.05688399016109624
0.8782832165390391
-0.10804764924186117
0.12365444333506748
-0.1816822324026015
-0.7552561636352777
0.5240135251089657
-0.11879771398374017
0.023820462232718942
0.691246171197555
-0.7909599973220285
0.11517360852947767
0.6032512171804527
0.1770417284129402
-0.7409893620166061
-0.3666104981708773
0.781403437907739
-0.4626669096917755
-0.22414966833223948
0.2883626755609925
0.6786025674462834
0.7870071975698723
0.16287578329228403
0.9232019615102478
-0.7239991608046563
0.9270316594672714
-0.4500839897568678
-0.992690926104943
-0.21425440086848502
-0.16745498496472866
0.9583842221388075
0.5031023460267057
-0.11463561525461463
-0.5368335327957987
-0.32266424269931426
-0.15031904225036774
-0.3372921371199733
0.43754933686064623
0.13421837819871496
-0.933797426614061
-0.4068011356421659
0.3817074293588911
-0.2275650959130855
0.956635125778321
-0.4306006816316881
-0.7493353491233004
-0.18375591643183609
0.6341092901461944
0.3445601932091935
0.09347115131929251
-0.48979492967116234
0.029282324342579935
0.3209674648498424
-0.669488668488516
0.952199250703069
0.25969969836598517
0.39227422537805845
-0.5846396873070865
0.01029090235598873
-0.5230367936396285
-0.8440813075242963
0.8615637350334149
-0.9141839034082047
-0.18537524154394625
0.8975246309812566
-0.6292276030944834
-0.8252267336561099
-0.34846503388979766
-0.85307217420871
0.3283918024299921
-0.048391698393289495
-0.4796940018701712
0.6082558253665737
0.8714605830343842
0.22684870355558284
-0.9765488562447959
-0.009572386436697444
0.21951175283727387
-0.4570294410594473
-0.3017243245146122
-0.8698248687153367
-0.7913036560035249
-0.2709125991785144
-0.29629916923029787
0.22980249339001735
-0.00751590751276332
0.9891361440618269
0.6583427316740722
-0.11434897568677105
0.9253201887324023
-0.07224743571794612
-0.12509046864261575
0.7500303647344333
0.15646898362050998
-0.10205914966670804
-0.7305831054113361
0.10489022215486554
-0.16565125288569815
-0.6371924770042392
-0.840866625544902
0.8303719820492357
-0.6684575656711715
-1.672917261030804e-05
0.1780915843776394
0.5154224553341082
-0.3636120023930982
-0.18014630143757793
0.4832791282168569
0.04381357735971636
-0.45825993065542625
-0.6885641501567539
0.4290300994742058
0.9508435633337551
-0.957887984780025
-0.27611185015758855
-0.8653385646456739
0.4028658548063302
-0.6109293548749712
0.9930836160697238
0.7274253892867213
0.5968403995114409
-0.885361373157362
-0.9390346217733843
0.20125123314515103
0.7566058235111903
-0.7171271791583538
-0.4803685684998913
0.7186695489952888
-0.1729024216749242
0.7500807224108377
-0.510654753495654
-0.13741970669266412
0.9837481936967685
0.20619741174091044
-0.09421813745969798
-0.8079735662710001
-0.3468204934392374
-0.5483507536349359
-0.5147260050987961
-0.6146832008063741
0.26478178858954204
-0.4298543469627234
0.3261042265076717
0.8728476581712463
-0.9508923477888849
0.4437987524554743
0.04768067758257266
-0.8178139641763025
0.9947098609023257
0.5318457511349579
0.506714401598118
0.771211907379447
-0.17904165729174237
0.9277039254381982
0.7527375760208836
0.9806558707652921
-0.29331888045088705
0.8952946286487229
0.5243929153860738
-0.1164610226283429
0.6391033184768029
-0.8723289562960073
-0.6436933902195021
0.6590021430401285
-0.146009811535325
-0.32817116236629285
-0.49563442216331666
0.5025164527638024
0.38088763024536276
-0.4048385788484532
0.551499343122724
0.38082509305871315
0.5592786203628595
-0.3940639059127078
-0.23398450695892636
-0.5993149085627234
-0.7593138497782346
0.20242895598595645
0.12060866775531953
0.97792309852748
-0.8449155160851545
0.3185636149179951
-0.5479531019109165
-0.09896121737846997
0.8478038270973787
-0.7978618348601338
-0.5401412253019902
-0.6459222707349161
0.3311385448902433
-0.8912092473041466
-0.40193396431940753
-0.6897132786838431
0.23649932918623606
0.6762147026242804
0.77822017496359
0.3025469657916433
0.8821463313455813
-0.16262596804146212
-0.13932785093643685
0.6929182066570623
0.5192025496060684
-0.7323382942917942
-0.10868633789934168
-0.842024220954958
-0.2707299704921273
-0.04889815197563285
0.5681612656064179
-0.8862272547486296
-0.7435868176703038
-0.5442494480326545
-0.8889036830467414
0.25075190742074693
0.7945064431662803
0.2536685732017796
0.16436303932184404
-0.16455751427600052
0.39826100370154305
0.8552895249689474
-0.276344510523004
0.18320864616444843
-0.18054124829229434
-0.38476879060769975
0.050579775800993154
-0.1532752286743171
0.45357887794731777
0.2250669794211586
-0.9004721920042467
-0.4228884474883168
-0.18174446544188205
-0.9125614551082677
0.9882273876782501
0.7006965677510006
-0.8962519215090579
-0.8432595614288079
0.7240143099348759
-0.8699160906799148
0.15290182499555316
0.23938873863443666
0.6794496142915123
0.22403118651042608
-0.14332078991674524
-0.2637478909063917
-0.3524932551554807
0.5817637234127315
0.5011962536185217
0.5222115706174308
-0.015669592926009113
-0.7820146497226237
0.09101846894917087
0.8863523638885769
-0.40582406419367656
-0.36054323300470426
-0.05245713099284188
-0.18272924169473326
-0.4245142146406238
0.7344824877704683
-0.062373065149068596
-0.08741665334491788
-0.4551939512938914
0.9244382851002353
-0.07174586063067578
0.4010920910398925
-0.19689005981813312
0.9211818954027651
0.1963752729766488
0.1610579181084617
0.4714478818165897
0.8586731195207917
-0.41879427235486677
-0.5068248824549155
-0.9538772213633142
0.8216872773881425
0.8885228346504532
0.026604127585877047
0.6354050615654945
0.1986357075910159
-0.877345677037922
-0.1553341404646258
0.15677317370322208
-0.5931136774513042
0.3280621691240422
-0.2787561735944144
0.6896027345023359
-0.8801801034866339
0.7861434438127617
-0.8174912326013852
0.17171507110832995
0.8184913825558502
-0.7078351936707479
0.8569684441783414
-0.4310308702967023
-0.8921768414788462
-0.9792260221987814
-0.40298647717918623
0.9226127311974053
-0.7635585674295979
0.3593651284619579
0.6305509699253902
0.05297767354236682
-0.22308286858465842
0.27084738560692845
0.06140405277608396
0.8061098197643284
0.17798925774242336
-0.7964487035966059
-0.4969784195616378
-0.7232173791847327
0.43848526821250244
-0.27209173688864374
0.8172905524731482
-0.24422315682865015
-0.8866900544509504
0.02145462158892908
0.031536328124669
0.42379408653297257
0.8650299509078963
-0.9133942744458923
-0.35906401340504623
0.9305544391465903
-0.7283030307437182
0.9078624067506611
0.13499617315054202
0.616693816274994
-0.8913724855162448
-0.29751116105418607
-0.9183675686038155
0.4553865470278231
0.2686538744955411
-0.7593921830477979
-0.5549948143024166
-0.5632662130220834
0.8280068657486508
-0.07836874781347092
0.7705520875039182
-0.9238165544012711
-0.5600589605904889
-0.9485482359932753
0.3142201759499381
0.23827563733567203
0.29984745291627735
-0.5180377548263178
-0.8291350018760382
0.14495905415376686
-0.021755806981954118
-0.9568274424210954
-0.034276623858103594
0.5749567755256639
0.9950970330341513
0.9319671500496014
-0.7191355929810854
-0.17459133189838405
0.9758719685148181
-0.431085974835568
0.9077576937135532
-0.4021442746808521
-0.7761308489773211
0.18497320854628074
0.2543204517283104
0.165488645451221
0.5185732053687966
-0.11060153424356067
-0.6309930294511179
0.23641213633700175
0.40803586322280805
-0.6139067515209593
0.6778731318504163
0.5562283871708049
0.9282213357358562
-0.9612882985642377
0.7352149425565317
-0.42616002074961656
0.5088605385881824
-0.652418502671622
-0.5066312776649324
0.9800440046173291
0.3496348616676408
0.6168996751505917
-0.4774832225918557
0.10790764147979104
-0.9801259009981307
0.255505847737481
-0.5057654327814274
-0.8670255550922275
0.6991075618528264
0.7296507313776077
0.631093314296137
-0.4663700021710331
0.8957848098657024
-0.7071191839308588
-0.19413580961487042
0.9972344931480495
0.7974926815320524
0.9468653140340353
-0.9301896799315421
0.7284903305892745
0.01984649446720166
-0.5003163923312595
0.031982880716996176
0.11097622511513094
-0.44215713973291315
-0.0430576142011192
0.007884188116051405
-0.2433054176384286
0.6585367472290378
-0.9972615729073022
0.47664517460474
0.9995412731695636
-0.2481352738518432
0.2265126578632295
-0.4397772592410538
0.5016321629102132
-0.5005773295048777
-0.5077491867017903
-0.8419663659866587
0.630510611525487
-0.4169442334016533
-0.23219382787933696
-0.11819194329994054
0.16500218657962207
0.2113787968387415
-0.6237270764017269
-0.02763966481609592
-0.39690794160655707
0.6263883176315062
0.6750662321012029
-0.9534310230055216
-0.027608421000352434
-0.26620061775775006
-0.1305869301669942
0.11748756179566433
-0.3316249477005053
0.642005972660022
-0.1521967000090314
0.5322524832959947
0.6452226861396682
-0.3023761915406835
0.6480714803176797
-0.8699650139295427
0.9092138582759497
-0.4290698891149263
-0.9796894944974053
-0.9772899928337986
0.4778419049720455
0.9762049783709452
0.19653859081362413
0.3962029601792112
0.05922897952965145
0.7128077190205182
-0.22237394728248594
-0.874795095633152
-0.5415116527765396
0.6754936072177018
0.5980236397440606
-0.8365031021683333
0.24450145911076548
-0.2331052176928592
-0.20221562912540558
0.20844787823902156
-0.08210382123775717
-0.6821232919334079
-0.06445573654027115
-0.4407996501699085
0.9714582864605612
0.14347304287664642
-0.31271554413924574
0.35826204202585443
-0.47156851863484484
0.9618675709960196
0.9166728287945585
-0.3000978138654069
-0.23634902725681228
0.3676154536583578
-0.15299397953130778
-0.4166034518945776
-0.1022640564344326
-0.7959161481279189
-0.6830338854208755
0.9916000545323187
-0.47387689737589533
-0.02177643370268001
-0.5696690158281352
-0.1537017315062359
0.4347342569465389
-0.09644450471126165
-0.5261336651894017
-0.5780352192349856
0.04230567257317297
-0.9513325728254198
-0.6030725261559384
-0.5584731667020224
-0.02736078714211665
-0.6525358143808011
-0.051170578953817936
-0.5987341058994935
-0.5422899931956755
-0.63714840829039
0.830248400734042
0.2676956420554373
0.9104516388716659
0.043368913663025976
0.13083585314209878
0.8293766670302105
0.3625333326444433
0.08892963682638477
-0.42390296599623767
-0.9875159087960217
0.04255800749871774
0.40241503808361534
-0.7884407159420315
-0.841053885585971
0.5154093017766344
0.48137976255706105
-0.3251626305956772
0.40401770231561773
0.8602972286199488
0.8225344079013339
0.3395706152985487
0.8554280089520852
-0.48904698820249126
0.15980485858556936
-0.016862808435269327
0.07306773016881829
-0.974586397481642
0.8264222059029305
-0.22877819834117763
0.3877288716119309
-0.6793979819348852
0.3699769471085863
0.17742709335016693
-0.8529533910831495
0.9883716709112877
-0.3395338198215381
-0.4642729570033792
0.11199962752900561
-0.39339563438232217
-0.9852877041609631
0.33499214698360635
0.6112049460085043
0.507120557001506
0.36519890403093047
-0.06576796282593933
0.5409361538487161
0.35126722779958586
-0.2114084017301654
0.7284410821118696
0.022247220271081725
0.924857637579716
-0.3664751193447897
0.7250849387337897
0.40917896955157973
0.3795723473186461
-0.7457842773382548
0.4956215677394451
-0.16470610947009567
-0.4162796490786309
0.14777508765707603
-0.24256141887951976
0.7402825080222117
0.8916821124686918
0.5407336543216581
0.8499660937844893
0.051634630113480684
0.3006677156233064
0.7652100573841967
0.7535800604231171
-0.1378820382765089
0.5259879224062431
0.9973920947599904
0.05177197134153766
-0.16217948976198882
-0.18876357586034254
0.15153933965037925
0.4835651494833353
0.9072711992454254
-0.33690971303090955
0.5736132932339122
-0.8091095875419405
-0.3965799992129262
-0.5770255649759684
-0.475416423877143
0.8295183460329623
0.30833633422183104
0.3306516243767115
0.4344521927572227
-0.8773594046304747
-0.8030521566217115
0.5704287837269393
-0.7496805950173258
-0.9433340900636435
0.8082711983118578
-0.5763113037982206
-0.9849278256738054
0.4779045902270025
0.8108084796327102
0.03343476632067843
-0.6148253925556824
0.48032666551007797
0.15492101220031063
0.7822846156313206
0.5609602197162569
0.6512920694191486
0.2862173732276838
0.7803979597049926
0.8684485253800642
0.026367065914757903
-0.7673000003280168
-0.2033828407938596
-0.33000612194264334
0.9520442788605357
-0.627602126006193
0.9312302180838474
-0.4075791706825427
-0.1884283692647104
0.2917509306804742
-0.20147118490476945
0.7209154826515436
-0.29069538250737303
0.43361081881120467
0.9501906502624897
-0.024888521396562835
0.05349963399630697
-0.8972463527753478
-0.7966900778618871
-0.03762267430753008
0.7330623795368425
0.8951491955364861
-0.2096078610724328
0.6193647308408201
0.7532779196651584
-0.8787170768618344
-0.4466219665306903
-0.6278356607098654
-0.5066379638406016
-0.9131791099912081
0.09594582729902057
-0.2430533566848283
0.8196111057285207
0.713500228734627
-0.1957881229937808
-0.28074527690960616
0.007472601226099718
-0.10225816331737025
0.03712849153861031
0.4530113016048727
0.10026844541222579
-0.6285809182155044
-0.11615638766742498
0.7238079375703463
0.17571361812623998
-0.9859959147609696
-0.3832572962801022
0.08535815547400438
-0.06513943428615487
-0.5514279314477666
-0.6182446339437335
0.4980293211936271
-0.23325715149579085
0.28464805208958444
0.03669049723999018
-0.8102836161681757
0.5310429714018841
0.47096089301356536
-0.7838529451295793
-0.9246810808472437
-0.162075995944015
0.45054019500321996
0.2387563718761032
0.9158534438982266
0.09484768076699779
-0.5053189035045629
0.1427018024238742
-0.12401110858512077
0.7396081692135217
0.4935412376661663
-0.6758111034962029
0.622252951960844
0.19732150992581632
-0.3523840410547503
0.2602066251135353
-0.9714229719913707
-0.5782847394579094
-0.8350319776765238
-0.5971506561838715
-0.18755965077640058
-0.4599231983882943
0.7246913225822293
0.9049038149437039
-0.7036217909111551
0.4956848068730282
-0.24576841196692123
-0.39737122396687474
0.41291730102580426
0.0008468561967607258
-0.33622077432304054
-0.20580274769694396
0.41582810116747804
-0.2635971758502107
-0.2516149119030535
-0.05367655967724949
0.5509733321916996
0.8723440400043805
-0.6722376242429609
0.3461948293182928
0.43077338607320215
-0.5785131712346872
-0.20814744726261925
0.8790097852755792
-0.7723150695750565
0.7011884024353561
-0.8980817106171124
0.2612302952341523
0.4892302074940056
0.1500925419695356
0.5057589579922064
0.09171631142586212
-0.8266176552257776
-0.2633973349755039
-0.809109479257927
0.0834140159477672
-0.9134155510698068
-0.45663339350576027
0.02983370381942385
0.21257940663673458
-0.16908931794461957
-0.9609806762270983
-0.6611008042921709
-0.41823969977625164
0.09618879751961518
0.7384659467726424
-0.6152061104074553
0.21142623630747215
-0.09446017950877095
0.5879620623341966
-0.0442076426726874
-0.1333934880248433
0.3627758604869473
-0.39809654630890945
0.8874404989664355
-0.8188755696475023
-0.19340166517665902
-0.8907395014500108
-0.46610966738431614
0.1843952889426963
0.0001986181650233121
-0.6663735340499248
-0.7304370552624644
-0.7015534622503745
0.20124991090493394
0.7731965132986152
-0.6320156417994431
-0.01722467521172999
-0.902810054464614
0.5761910531321366
-0.11207481205372183
-0.30239012478013794
0.7251269348635656
0.08734877799826246
-0.6544133276105046
-0.46271714804809094
-0.19574809752442968
-0.10376431048529144
-0.9277531609164678
-0.008771500046518055
-0.06794213474165445
0.4240129184833523
0.7817758222593318
-0.9286915300137155
0.6234222752706848
0.8746562187973155
-0.2431031126219898
0.3448823561770553
-0.8740459478172309
-0.31977321294861905
0.311681256733257
0.10807016036695916
0.2676262112007013
0.6100600761856276
0.15352564619163278
-0.23170735778268736
-0.4329279331074489
0.8434534284401543
-0.7273998195118245
0.2684372345407291
0.19948949610068012
0.49527697130084203
-0.2556201103673008
-0.22110854186702467
-0.6817499118082975
0.6317667318515248
0.9228082822151038
0.5525098196620737
-0.6397397811897334
-0.6332335254037207
-0.0911918710722921
0.5916281921357549
-0.3484613615664913
-0.20182254446566872
-0.04603764687065248
0.6606532576938362
-0.8146070643230301
-0.746022702199318
0.8172614828985942
0.6709999791340049
-0.40310167739229996
0.9630221560612688
0.3252572304231336
0.5725021106153338
0.4803885915915276
0.8174560072205836
0.8654985613690569
0.17290994336990528
0.2573694717606616
0.16048620807317437
-0.022050588481979716
-0.2644369479670685
0.9939434862167706
0.20717344842816687
0.19686571452797308
0.8393524438566833
-0.45966318913128146
0.8064046183108964
-0.1895121727929625
-0.6361311916555441
0.5305515516190611
-0.7036163784877467
-0.8422722132187419
0.09758698777977393
0.8804702350068621
0.658178667011392
0.8955915878546972
-0.14016189821645098
0.14095016609386213
-0.027820701011703308
-0.8459893622340284
0.29077429076071537
0.1520492277368073
0.1544073631769758
-0.9515581158889226
0.6549663362585447
0.6854147674390698
0.8501153339498062
0.04296535509065591
-0.6442768951860633
-0.2280584622931403
-0.1641734688101204
0.9357929868166841
0.25156619637660915
0.5403058335109523
0.7575779448543614
-0.8084548946014702
-0.16945285009540023
0.34903743451081604
-0.7812086070952982
-0.18253188332168468
0.695450931825286
-0.6809640161888668
0.9396307585235055
0.9863743567471386
-0.5161598594859469
-0.12861651709538924
-0.9577197715906347
0.9573722170433625
-0.28925626643308977
-0.22334073290477163
-0.027794640842482732
0.436260405053569
0.3877843685729825
-0.7022513356323858
-0.7362285353565743
0.8104030478286766
0.7282017049415255
-0.06704099026519361
0.7923557808410593
0.893007376598723
-0.7275790748933146
-0.2968985408835305
-0.10864603074916812
-0.8630669992865374
-0.677452035276763
0.2595210069207312
-0.4902061959053736
-0.530898913374501
-0.7034003973208103
0.31148546291069
-0.5464683150177294
-0.01688513093135313
0.3407293555249866
0.7554656335567942
0.40404543662268844
0.46055015834715163
-0.23887365218022416
0.4445217329806799
0.7313870909428086
0.6581072432013977
-0.11888644271821414
0.714408675759461
-0.9368563080365999
0.7450905165195623
0.7620283029704364
-0.29740815018397515
0.2601333053110908
-0.405546068155765
0.46971287804815054
-0.3808791289132223
-0.10238080034062813
0.009257714390718652
0.8998297410904212
0.519926735142084
-0.37762005698211687
0.9001415262300212
0.3840910744732864
-0.789060961813649
0.5393970282758702
0.9493655749370769
-0.8671517855879738
-0.9861053985538792
0.4987258629293321
-0.6948874766067779
0.8265866329794413
-0.2872727972117135
0.1124558501632611
-0.19916883805418628
-0.9950257109127647
-0.4792501480511526
0.6588356722643511
0.6998514052050024
0.44700705086366965
0.11625877915913452
-0.6940587132153326
-0.06243654606336979
0.14451718392276458
0.31127110015638926
-0.9781556305445303
-0.26628717564678683
-0.6113769976474399
-0.5271323666424272
0.5083484968294181
0.7317998189192088
-0.2652206718576029
-0.741626413972559
-0.1265380401172458
0.15330030057026556
-0.8877938353017225
-0.44194615633506595
-0.8043393551575235
-0.9884400162485341
-0.8967654790457436
-0.25045734313601664
0.4030496118432172
0.04193957333970744
-0.1878551808522022
-0.8741891714188141
0.38109932344473796
0.014376899999544834
-0.9695814082478771
0.8021643793568352
0.23463758293894732
-0.38969514124932547
0.5647253821900824
-0.47893916412705395
-0.878578538116523
-0.3074167504052028
0.21657357615320794
0.634061700936849
0.5105319522373075
0.22716260360261575
0.4653444393295538
0.7523706246009298
0.20264469151263698
-0.5163608009862906
-0.9678503997206762
-0.7326156980322227
0.09386238973776218
0.7630524894102475
0.29335974786571684
-0.8063355401151917
-0.13559542920112677
0.12780829921125725
0.3181745545611805
-0.19757054348489067
0.8787314349377964
0.1746606819237504
0.9310765204945428
0.14496938960223127
0.4649164833935937
-0.6142158604800267
0.5461619536129865
0.3602005234277752
-0.3647812750863466
-0.176543522370896
0.6841179993924875
0.951794286957782
-0.4672702001240234
0.5637255292895127
-0.4759160083984466
-0.021355632177161743
0.9091762092467843
-0.7843884722990722
0.7036235215634736
-0.4204247986739009
-0.32388349643812253
0.4850569099041375
-0.7459515655307956
0.11633768076674267
-0.3528365587532445
0.5512707904306282
-0.7579026423069442
-0.4402488329121408
0.9850874509972918
0.14518961674608755
0.20498686254428278
-0.5730039441809516
0.7020450783171523
-0.7600199376865322
-0.7847215866136439
0.5430548274643681
0.8516516308137398
-0.7161468782545435
0.8159933168147144
-0.12943078727218404
0.2877341242609479
-0.6768797637737056
0.22610443637428856
-0.4245477160864852
-0.08679286673870634
0.39108279002322766
0.04944313626125396
0.550014057719989
0.9580612019835155
0.014578790981389922
0.10322061681068173
-0.40786275357282076
-0.7545417138746389
-0.30257064210457285
0.058367315838417255
0.08200782854770594
-0.3032425538548116
-0.7902309569736388
0.5053738167771433
0.7425931358335995
-0.04216242141150395
0.6637474896800328
0.39079601947870923
0.5518056632117851
0.24338224037236644
0.6918178129669217
-0.6681052116083153
0.370353226325149
-0.6385600829269245
0.564640638026076
0.14396106161941002
0.8342343154624328
0.14059423075553523
-0.30569104880202946
-0.5645182187599889
-0.552735478775106
-0.40575721472091963
0.8693891988911995
0.33860169664478024
0.45196301499987523
-0.763507781087978
0.4015518115915522
0.13544844175603665
-0.3287480212590901
-0.4776967415292095
0.015933773177982946
0.16741774578880508
-0.492173752883484
-0.5672315430000112
-0.03488928968716132
-0.3209484491745782
0.4197058125235895
0.6710730925677793
-0.6080014555777598
0.7797553542380158
-0.11537287258099083
0.23659212368121962
-0.04291708202741007
-0.6567282203580758
-0.8611381813975001
0.3617611645510965
-0.5315377411140358
0.24140959985198363
-0.9929647838495412
-0.526860596504044
0.7114705882218981
-0.720703599097769
0.21871026266682025
0.3240241220369855
0.6386995058733131
-0.8214028359273777
-0.98762146812051
0.5494883216601152
-0.6548527473593093
0.6496537575697519
-0.1944051599915706
0.910148372592243
0.9494898097488458
0.3423851711497523
-0.9445855219874209
0.5310343499227652
0.3626359446422569
0.12123168197165612
0.5570074198208883
-0.7405636944018998
0.479361887157723
0.9840630280418707
-0.6085125161663254
-0.9044903674290521
-0.537981033027392
0.5862391756524954
0.24304987348978346
-0.1347096940601864
-0.7044921572327503
0.6517695657611626
-0.027390534492700125
0.5034476078818713
-0.6453694898245779
-0.9291225902540297
0.9245201499236357
0.4074705552677258
0.9903800396361226
-0.15437871307919782
-0.8239642816046453
0.5882490268266285
-0.7472202834320383
0.020415308355448136
-0.3347073551145474
0.2863810808860794
0.3153130387077199
-0.28409288910314223
0.697907123526657
-0.8928869209673072
0.5147625274749759
0.7462489963755718
0.4117373501939461
-0.8667885687859989
0.6395949779738643
0.9063959199823417
0.4544285636159291
0.6722694270623384
0.3745411212081009
-0.7157432856916865
0.9720270269637348
0.5568485038191837
0.11456874186388033
0.9936401966140147
0.8119657761115677
0.02607874433792423
-0.05269861838500889
0.19279543263639787
-0.3857292679035351
-0.42023373370658845
0.8952865168102138
-0.6878072862343181
0.24490706566571085
-0.7073732717974572
-0.03512043781290286
-0.5183384688991424
0.7896235197902721
0.64111547871993
-0.5026568289595668
-0.31909118065297415
-0.45186369438698537
-0.09102726327206945
-0.38006635104530373
0.7854916253873632
-0.9029345584183348
0.46193413165656505
0.15209513004215247
0.4270311660925341
-0.778067100754116
0.033296116712434376
-0.7858759922060785
0.7768935332046716
0.16830706045400623
-0.15854355738862513
-0.7821872662343681
-0.6587206116535274
0.3468751143413902
0.032814018598865236
-0.512216219462408
-0.5205886745778057
-0.779301286603092
0.2709618270080627
-0.6273784116194405
-0.4106180689282797
-0.7085443432141969
0.22516988748650624
-0.3100294352211408
0.9815300376963565
0.25850137693509345
-0.739473533353888
0.08534344074443245
0.3710263402208236
0.7032171869142805
-0.329996044083549
0.5278495194281145
-0.32158938824285266
-0.34285511274335745
-0.3443225293010561
-0.5202511339295945
-0.0657857880798538
0.6836569992859944
0.5680144149396751
0.29844263975460295
-0.08173313355153122
0.664738530353135
0.5180872839850375
0.03438214377288151
0.6307831149417906
-0.7063829471056551
-0.0407484598787613
0.6077106904183502
0.866184881558679
-0.0027545959372519135
-0.2148373161403072
0.4195726935749504
-0.3321660136333122
0.35987347747163256
0.06047587486717099
-0.8442508936266362
-0.6432391996362123
0.8312400381960721
0.8215246531794258
-0.9884110194711369
-0.6557202286547987
-0.403417026954662
0.25217763543644556
-0.5735080163727999
0.31786091694072804
-0.05274298431310953
0.4242845973873912
-0.9731000695281002
-0.20189207611355653
0.3266185888488389
0.492165076414401
0.8536011361882943
-0.030404297214100984
-0.755136659277754
-0.7042205648178135
-0.13308702210865064
-0.6048134200894073
-0.9933843382335397
0.6795244322555003
-0.4023551941267802
-0.7738260142755249
0.7564345682001512
-0.09802073994275351
-0.8026658036347727
-0.07049112048144113
0.39037698993843506
-0.38609634392056025
-0.26439307382466226
-0.4306292693007656
-0.009954862811119902
-0.9775471308432859
0.5079236182709135
-0.3183270622803902
-0.02455508918060767
0.45723724876827654
0.022708574608752308
0.9742230023866767
-0.9581483180356052
0.6450518686044551
-0.9738375152874341
-0.15933546381468933
-0.38204758941452566
0.9023606490776275
-0.6916025471864908
-0.8771565135292319
0.8882223191600871
0.9503038657506877
-0.6780446934013726
-0.5273424896956347
-0.44804118829590345
-0.6328224858259073
-0.2817418633242681
-0.44509663176560177
0.26303950610481297
0.25666022281860656
0.1294465221802219
0.8097736446504524
-0.04233737979773222
0.8021895086882449
0.1525234899653818
-0.4478889852361725
0.28235812579495745
-0.306223210784931
-0.5724637150750218
0.09768807306068128
0.992388909038622
-0.5775595325085361
0.7648848862357185
-0.5693438453127131
-0.30375974894794866
0.1596603720643237
0.0794788274525311
0.013293741108987733
0.22926364545364897
-0.0759949942090894
0.15606079209848
0.27987163570053775
0.9259063759084114
-0.4728896758111769
-0.27427127908346116
-0.3516564105006068
0.021001106756842747
-0.4859646733480856
0.5849291192335089
-0.7016547981615981
-0.15467945663389182
-0.1736409129132448
-0.8043201584991242
-0.6864829397014729
-0.45005018997054846
0.5597850024099573
-0.5149532237374197
-0.22224498206163923
0.5716621416045311
-0.5811230783879691
-0.9333151595826932
-0.15870227187135355
0.6072720318518179
-0.10311010845527857
0.5734487682907268
0.09738300929770505
-0.8039302741655556
-0.23591845264906652
-0.8339041633908204
0.6920836079762456
0.3448017421300964
0.5650283207997617
-0.21304906936774337
-0.9320728603708788
-0.10148764664673537
0.8826790626380012
0.603825790269046
-0.3909085738668501
-0.1453030001471467
-0.6815908352069748
0.0590044783026793
0.20672882786321578
-0.5116863671171077
0.2955498514494399
0.2852880207356614
0.15182422929670203
0.07024696544962272
-0.2981120031634834
-0.0994840269975874
0.6997784555749684
0.005718496163354958
0.45753570366140117
-0.3206246676161193
0.4935093543836351
0.3057519052924076
-0.7614122921298334
-0.12188223132393361
-0.019060503133043527
0.11032372150737424
0.7383889748172743
0.7433720189155217
0.9299973325630442
-0.6091508597821418
0.9809301420150736
0.9391410092638481
0.8281805816360595
0.5103051474291271
0.5522831007668108
-0.47967528010757077
-0.7880123032420188
0.6430984408898577
0.42801578047318967
0.37000210301418135
-0.13090029945167214
-0.6297960637708393
0.03450517917639062
0.46592283166961246
-0.5114742724372041
-0.07294896385519123
0.04238603934114904
-0.012364546122823894
-0.5735078684090245
-0.15932749928120682
-0.038889344718378904
-0.27158719622025207
0.5275594851065188
-0.3377851659261397
-0.5186563216578179
0.8563722683292037
-0.5384520279302865
-0.44895780277748876
0.3837194034778808
0.679478446537122
0.5015818410730375
0.4445761157219401
0.9743677919187574
-0.9880204355648039
0.6661999602100914
0.49105422324846315
-0.3989840074185167
-0.24958500499553216
0.16919388726174556
-0.8013508623998284
0.17309082693339617
0.9004272511596212
0.4932060173679116
0.49383410840375364
0.017185606170716072
0.005823452512289995
0.16300872609981543
0.9289126188784909
0.3420195976362974
0.9644474890382082
0.1464329108863578
0.16472057856157374
-0.29647489350478073
0.7250632492558102
0.7471537386740761
-0.09859926428401788
-0.04124547704116055
0.09664504966123921
-0.5960370436843418
0.6628270372902734
0.16746871366057658
-0.9333285372049571
0.2527913857786799
-0.7307602450011474
-0.3276553913211042
0.7886362756060734
-0.5074178872943307
-0.44182249271916296
-0.6023242742820876
0.5385545172340238
-0.744633656891833
0.3291413217238075
-0.1708144292813658
-0.8720750368927015
0.8859631974912163
0.4729933525421981
-0.6065607783721936
-0.39348677176964064
-0.10378046360083859
0.20019538517639424
0.9180777265997053
-0.4383453964694881
0.9804235530944241
0.3492299283096607
-0.18594235491447364
-0.6560849687504471
-0.02358442709168207
-0.4739293132812772
-0.27184866122060414
0.2208607872661401
-0.8910248269210095
0.1241698371246418
0.1287619024368778
-0.8622780987466625
0.1263614109480018
0.4595747642487398
0.7886125276082192
-0.18477405654884582
-0.7615689998516242
0.015226811141041185
-0.2563605962290283
-0.11237549687593851
0.6195672664872871
-0.05977283229764385
-0.7109661442078599
-0.015778754872947554
0.14142142948651304
-0.11023711824202365
0.8009060559797905
0.6904575127248906
-0.12082183780675115
0.4067888961031467
0.46085278075638936
-0.5086033467237834
0.7241915128005836
-0.9282516261811435
-0.7667272377592746
0.5461521948853556
0.934345581886111
0.04385634286231177
0.7012313341303842
-0.34159222816762247
-0.09319763613385468
-0.3010287274551584
-0.13084498353394025
0.7357934588981976
-0.09134293888580314
-0.426942123395456
0.4901109025228805
0.3189508352153707
0.1472232023921669
-0.9787487157350709
-0.8554290613686335
-0.740252289905502
-0.8756213080010924
-0.12608954907928283
0.10815389974819434
-0.03927498453169731
0.2870819893871135
-0.1991318560859101
0.2864423118488062
0.8556478735295476
-0.13233031036380916
0.9605451664992903
-0.744082278090312
-0.46430155017391894
0.24825463839495066
-0.17529583487675637
0.2674460766963638
0.9167579447188703
-0.0044349781062744675
-0.8682121930574653
-0.4384870354820771
-0.32419920426407733
-0.006771740946927229
0.6669898885919261
0.5313313196509128
-0.6779506964783244
0.24757905294180116
0.3695230654067341
0.258415540920955
-0.30209275097669597
-0.16746603442685193
0.5534881098453082
0.9376228182533464
0.872648235869345
0.6546290676228514
0.8149337459713215
0.7640361159868074
-0.9625312839632549
-0.9991510126044012
-0.13779848819557405
-0.32438242529858274
0.5448008446675385
-0.8436924829501462
0.23402695238368465
-0.396586602682488
-0.6708993415337237
-0.5001706949414579
-0.21837354396340714
0.8516414118960312
-0.4310194814058075
0.839091772046616
0.6324935593605898
0.6733542283284741
-0.04029742322351404
0.9130898278446407
0.9609514762962614
-0.5731131179008029
-0.5463699170850356
0.4052004881229174
-0.2244086970150252
0.9897629835797663
-0.5505867715218073
0.2767281697088664
-0.6669977451691418
-0.9601764058838804
-0.26084774039670133
0.3866272088768803
0.05186827245238801
0.3206170467383682
0.5787249787806981
0.004535042995606586
-0.6256645018542848
0.44319372404762647
0.4763559443061056
0.10191181133018046
0.9742834155583979
-0.606249088741575
0.53987595831957
-0.2970270161753794
-0.16181724873806425
-0.6092963218798744
-0.7167556028775146
-0.7757562362047765
-0.7213025370621995
0.24069007965892864
-0.5948084957361817
-0.19709432925115378
0.6374681521993293
-0.17400821464570027
-0.19470143638834014
0.7038245544362733
-0.9580802279437353
0.5067282288514088
-0.44852433333653385
0.06773452575583971
-0.6763244364323999
0.09611276554799253
-0.529137229085433
0.4222718936780423
-0.42257799799050244
0.5140940806831373
-0.03929703920010241
-0.42361274054942477
0.21197731856873103
0.20071391362225444
0.25149941586880775
-0.4732326212676785
-0.4069637013991849
-0.5830723089389696
0.8928305564834342
-0.25211941083131806
-0.8498294763670371
0.05224579020786457
0.9018638233262339
-0.5713282079073914
0.253460738509931
0.816513695903381
-0.743730748398314
-0.7828016313319015
0.3831258024928812
0.963839684305315
-0.36397400743970376
0.44436296406886155
-0.4094546051210253
-0.1973570648206604
-0.5105209933340882
0.027182570130412476
-0.11505630895221652
-0.626500717926384
-0.08399077778169217
-0.3161417772114812
-0.11469703246636387
0.3581219775456592
-0.09530434670036092
0.500740538564765
0.39450893305357115
0.08688616016103978
0.4314360844802472
0.30826101003358053
-0.4332754316072731
0.11141732222887324
-0.6211229465808878
-0.926763486921443
-0.6828889168467049
-0.5095844919020207
-0.23218106245578274
0.10902176633120897
-0.593564780655284
0.6177766887122866
0.3491015463330791
-0.3279874513950116
-0.6764194033351041
-0.6825485968514478
0.8635240250567253
0.46111023448707833
0.7836978672959578
0.2821334020143407
0.9916138025692018
0.1289000443415813
0.13601983525475325
-0.6619964300299166
0.13136876415561782
0.5455616978482807
-0.3841847578573012
0.45991963431155614
-0.910339173416147
-0.6431900125276004
0.5962515922633829
-0.7779785646565529
0.3963717242122631
-0.2857332581842589
-0.14627433669826795
0.3674711580126244
0.24372201672085314
-0.3259564296230295
-0.7012998502466468
-0.8717538108405583
0.12206472244998712
0.41208945979795364
0.03238909547300839
-0.047760388307533264
-0.31644993471695004
0.6536049614223858
0.4897976011071241
-0.3031672405320487
0.43623404543428723
-0.45166614217314716
0.1134262699921984
0.6156671595410406
-0.8098615579150132
-0.11588205556695952
-0.18877289671674546
-0.004277440993003534
-0.8310601299704488
-0.4662674572790142
0.7924210087968757
0.8939816355210202
0.11334676982067537
-0.2818330214384197
-0.4524847808123367
0.9779754249405335
-0.2399371887327042
-0.6097174593837875
-0.9231083883070526
0.5073024292183475
0.9012165196843376
-0.28011274281540777
-0.3205401887569508
-0.17214468769813895
-0.8038450311207512
0.9395917138445238
-0.5802140911380553
-0.2370251531713703
0.8387847702619482
0.32719356481291184
-0.23104860369924296
0.8878693513107938
-0.8303902615350622
0.10615468507758297
0.775030355444229
0.21651739077984944
-0.5878851719395728
-0.36328743209241243
0.6689089364673537
0.8363959249801041
0.7991318240451815
0.3235781841765468
0.32700532643346114
-0.7243396844124406
0.25875522364604664
-0.2657973060310861
-0.6413013537699663
-0.8214821571971547
0.3917292643299175
-0.6685013295975089
-0.07712014705035863
0.09252171537115306
0.10684971490346418
-0.808706923097936
-0.48730945848036256
0.573043455981731
-0.04055186740246275
-0.6151608508471209
-0.7955813371549725
0.9018536088883569
0.8025486229912548
-0.26471402348835493
0.9528957512792597
-0.4554490248436909
-0.05981090950401091
0.6646875685963345
-0.02843717814371516
-0.17270142283260692
-0.63588253136391
-0.4564757977447502
0.9862701975264943
0.9234764855634656
-0.5893929145419241
-0.8403084240883365
-0.6647790698034794
-0.7968906485453489
-0.8978340012585238
0.558900565630404
-0.7871397721421651
0.4288160511200534
0.015633046933225758
-0.6745858261731983
0.5523123072389473
-0.3761420332243355
0.3722298216048885
0.5620577998212879
0.4919568678601358
0.5404243082080495
-0.9233753547662418
-0.9159686567730203
0.2587271585185338
0.5496203062243048
0.972708442938425
0.16456790204646388
-0.550362402093955
-0.5813531023452119
-0.669618965755642
0.984646105228985
-0.5614982686423342
0.05239519568707629
0.5461231410348697
0.17350537469321758
0.21555565663255116
-0.43846442700466715
0.04337573154720453
0.3881276121018089
-0.760844685416848
-0.6160307935448386
-0.14492442848479925
0.6228161712981417
0.24193728302072115
0.19702156376620872
0.5090252085358407
-0.6278948173306089
0.9947743862019651
0.45983041403724867
-0.7001948523577193
-0.9937980889079194
0.0610945094676032
0.3409251801662929
0.9531305297617996
-0.4270082680184928
0.690352085601901
-0.2724562066006915
0.39036204593759805
0.41926950059559465
0.42797259333889714
0.6554551861743785
0.9556371927340466
-0.8384019905906295
0.6962329119442698
0.9819287584246734
-0.7751883780748743
0.8149913777117006
0.8974786458934902
-0.14641636274477476
0.0682140711756607
-0.5604871023008569
0.07347460763500413
0.36269261049363966
0.3149579353173444
-0.972993056486517
-0.13012769645264566
0.052272850391750225
-0.8133981339834366
0.8806788645758992
-0.8169954561902071
0.5683502824441444
0.5604572998946611
0.48641037415421606
0.9407159300196943
0.4624547031544457
0.43306916816106833
-0.9840139882890298
-0.9001711685475591
0.7073908286918209
0.9683718118743989
-0.8763840270373455
0.3908412844852396
-0.5675122284724945
-0.806285993031268
0.8034394027830505
0.29035742970198175
-0.13971980810230766
0.7388295586881075
-0.6878089581085407
-0.8266848551869503
-0.6393049720512507
0.4927433683425948
0.7560378305829434
-0.2037638539947031
-0.849143854534161
-0.9101169353556167
0.4978045023949722
-0.863557566479445
0.9443039940618945
-0.8464360999615006
-0.2185274571888982
-0.7442730039179031
0.33946618547062246
0.7903504849963843
-0.5379613559953489
-0.15856883597651383
-0.7030021538474713
-0.3656751562649485
-0.28052578297960107
-0.8093001530043176
0.6950148265150429
0.4232023155996687
-0.9253633129363315
-0.8372728586626277
0.5986413683726521
0.8304040837317548
0.4240894252670857
-0.2555719209351561
0.7159803981778377
-0.5947709319707257
-0.8504282889609949
0.9808995299875154
-0.46720263338054346
0.49726236272266444
0.3196125481749055
-0.5662915228976115
-0.33504328777309356
-0.8356852891811988
0.46381764993167884
0.03233013876311519
0.24986214999204392
-0.6438803484755122
-0.6536861390478195
0.10988505082041167
0.8592650952542704
0.08015998733132523
0.8650138248986228
0.6990093250451248
-0.08131978173115062
0.613288810180119
0.9217165803547644
-0.567537972523074
0.709570795009985
0.12550482820738762
-0.8233879283064964
-0.8131520583978593
-0.9089365025546545
0.6396446352602512
0.6201586839224711
-0.7023814395482268
0.9776443650316742
0.015949131737005295
0.635765371014664
0.3972952529551279
