0.5098584222461775
0.005885942396894661
0.8812745472050898
0.7528713429094467
-0.9056966196474527
0.9611005087220077
0.60010984683769
-0.7469940113860449
-0.7774532935823089
0.7329157188782458
-0.5016974713977009
0.2097327847248347
-0.34701548047290665
0.03341245636094348
-0.8657740072118456
-0.5357419847322029
-0.22746741927459713
0.5587919296644968
0.1541831462187977
0.8959388308400273
-0.4622421209729517
0.6912104609429708
-0.24139730332735043
-0.27299051491525805
-0.8946371557096764
0.02019410698804802
0.3689710746111441
0.8456305657969083
-0.5623238573911855
-0.06443942510674616
0.9809966980634404
0.35900872948226503
-0.21922320425207187
0.7352413259209243
0.42123521302507005
0.47130393149979244
0.004445771762872752
-0.7488838662479831
-0.4488982760033957
-0.3979877243382097
0.25490208882724463
0.7078121931380188
0.427268676019785
0.5031103454550367
-0.8786415011665849
0.25907658875191086
-0.33654501171391216
-0.7382997849721318
-0.19408680557282976
0.01703681464470108
-0.5851069636279005
-0.46914039497166615
0.6444445111757962
0.4992766309259731
-0.7925945683919196
0.21471845856270444
-0.5151248666390136
0.5138271215940506
-0.012265561888828325
0.5976008410296079
0.601299941583542
-0.21126071433338556
-0.4454025000610662
-0.699351004822582
0.5773947638903165
0.013800685869864271
-0.9372940303927133
0.40982486505438187
0.09072074830473897
0.6363997969881154
0.2471423291768089
0.690966415049098
-0.616019783573273
0.5145171560294484
0.714960837579423
0.5745927830859447
0.5332141682027816
-0.15492717567937753
-0.12021492832297764
-0.510116336769808
0.7109085412377674
-0.9269818435421755
0.7893517544987332
-0.3025299692540251
0.17231874503884703
-0.3094060998910406
-0.7519093967244692
-0.06552616053297178
0.95169467047056
0.5450301557004866
-0.5231021845767916
0.4740065766007273
0.5890893593977695
0.037959304042173514
-0.1056100645499578
-0.38047852169733765
0.707680519084884
-0.7463637705299051
-0.9651766714606713
0.8399448175684767
-0.014941255074713888
0.5389316047549981
0.8430603078519721
-0.3101961938937292
-0.49336570052786666
-0.44595461065707886
-0.14538721710316338
-0.04934310609520809
-0.9865572748989706
0.35056809138101275
-0.1962338002193058
-0.4391152862472145
-0.18868404854743104
0.32154799357730046
0.6422742697667765
0.8087791680883665
-0.05143452704504248
0.04551038601541624
-0.5173204138394714
-0.913138850488765
-0.9634510121213471
-0.026962515133047038
-0.4662007693547616
-0.40627538177142086
0.6182382353649436
-0.9360219972817874
-0.678614219248294
-0.7848096575023658
-0.9966518358110557
-0.5108356734369932
0.1348661849611057
0.9031480193622172
-0.8808073241592824
-0.12822603964423163
0.4664410170080209
0.26394574971376805
0.35334473625788476
0.29282933651132614
0.04195188971046804
0.550418086170162
-0.8645430631148483
0.13143832446017556
-0.47590387107035315
-0.864637876810322
-0.7827064201186564
-0.6819673514047482
0.3601439600631189
0.5903692701985661
0.3377840367869187
0.38342068809375696
-0.81039317383091
-0.6702596366919309
-0.46012614933859286
-0.3059652833226276
0.31496296678582625
0.9089835374825828
-0.00945338486724423
0.2534857079680639
0.9408159354967662
0.9143138779174127
0.4775300705513781
0.0824268610145944
-0.6388215888974664
0.7396940364064855
0.5497972148571377
-0.9596750874143389
-0.779289633842881
0.016642714714803608
0.006578047962991551
-0.7666014667939482
0.11076196926482718
-0.04808848773276786
-0.23991378564928345
0.22016986847435338
0.0871184084047758
0.4771883690862988
0.10722410279829386
-0.04685685543570406
0.8707069848801234
0.523564724978336
0.5052550791112576
0.3697458982499413
-0.8325903028153174
0.10705643082630267
-0.40818111144306557
-0.7266390579725439
-0.9976441177401234
0.3334576216337941
-0.49809191963072896
-0.9915267320650818
-0.030193434211491788
-0.3788147039592842
0.9119375690950586
0.9028630856235724
0.6826047430718349
0.31763050352878563
-0.4722259488163536
0.4518108898557476
-0.7106887754317217
-0.8867260016412619
-0.12898069316069005
-0.9481250711955933
-0.5976026081491832
0.03157316806895616
-0.013106161124511573
-0.7173034380396082
0.9118888368367517
-0.5701983111612017
0.514689191999995
0.7755387976880075
-0.2720102791698089
-0.21949987447514574
-0.6305152898722319
-0.7223410395363725
-0.21294872315785085
-0.1676249555881275
-0.9690773142637015
-0.7818464694990337
0.5747893971188616
0.7690537181982529
0.4839103180242479
-0.30799775768824666
-0.3194357094179503
-0.1360652865777332
-0.9595516075337627
0.8727960543750803
0.002715832660055595
-0.08217956024163664
-0.8993070237272252
0.037909001134275755
0.44082216326180457
0.23623751277625482
-0.5146029377617045
0.3548257303022506
-0.3440359472898742
-0.5516645765650547
-0.7665767943937496
0.2160294555576283
-0.8059438168746085
0.33702742804026387
0.7050412603200271
0.8469148126583852
0.8346114989862707
0.2291908658613424
0.2356451381157867
-0.02854255247068438
-0.7967046252139047
0.2985384268942872
0.7252272718781179
-0.9293639673521628
-0.33448944039451245
0.11713759346362251
0.62432752263227
0.2972941815054999
0.5062649159915789
0.7535051406607993
-0.8178765887104873
-0.19422502639436168
0.14747988637973153
0.6395955346840627
0.8196650196704958
-0.5973889172912525
-0.5467595993992393
0.19940741240501447
-0.8058284811165695
-0.1536948609048887
0.1723816530592024
0.2742862382122837
-0.9972793325203577
0.22182099967440938
0.050803833033773005
0.7885087695304311
-0.8919107054278255
0.12439883139854002
0.9708700155267798
0.9145773001306654
-0.44528237298282547
-0.9639530559564344
0.6782308524571576
0.18368848983209318
0.8257724353807636
0.6828863548127051
0.7720554841000558
0.8921421629774546
0.1698216445711167
-0.1294958815376972
-0.8011628663003139
-0.5581969278453209
0.08266950287382424
0.6330460752914207
0.39286912341616054
-0.7142221864378573
-0.8880091307051694
-0.1656627370617645
-0.12611284373673404
-0.18287339453463014
-0.8140874251798436
0.6871548236663385
0.4278920163266089
-0.014266862326993257
0.45221402751029816
0.14155049881579695
-0.5967984217419104
0.023042651880437415
-0.6959960310792275
0.2506223022005827
0.954564091332299
0.5406299286092373
-0.8456482644446544
0.36076360363462645
0.617034336856922
0.7558045369754491
0.601846208388612
-0.20096475083679932
-0.6043267097747518
-0.35835797572291517
0.8815246360831281
-0.2932280407555623
0.04798334269138893
0.9382940970740408
0.19956540266911005
-0.8352944406580709
0.11899367942389705
0.7192393791701848
-0.9930297723290327
-0.9317358638782252
0.2762693918548351
0.45564772779606955
0.14116450889033683
0.7547191562185258
-0.025738529369391028
-0.5660449237767069
-0.14170217303993504
0.2688533842876528
0.8641899436246987
-0.24779810900845312
0.9346517729449384
-0.22050353074170004
0.31192286884739495
-0.7078768758438667
0.523596523114644
0.1878360742890226
0.41915921585404026
0.19736456242225242
-0.8230063279740998
0.11837655614472942
0.6571979074401502
0.16280265271234362
0.9842533350709921
-0.46180447177153194
-0.9335507790990281
0.7545119188942433
-0.04358474497578424
-0.7635298542946676
0.20000461334305664
0.6198961919093262
-0.29690371334775056
-0.17672978736489164
-0.04456770752794803
-0.705475962192539
-0.882700017793931
-0.14521627516376223
0.6975170403467252
-0.9741198561994155
-0.002359853837187176
0.7746064831872048
-0.8316153836295281
-0.6877189335847758
0.4690503977909213
0.18436913830164658
-0.05357152841415558
0.5377845966551955
-0.7652170083291361
-0.39674858306639416
0.4740909279790606
-0.84052363053156
0.0836795260858767
0.23133208109623982
-0.24315125121703218
0.9783985490892415
0.270542430532442
0.9940683269756909
-0.0435841176419105
0.8400314629954577
0.40905194815813717
0.5745962651017
0.15595818257813865
-0.5704439378564914
0.5625969002418929
0.5693026842342515
0.6897450078732228
0.2781667980047051
0.6746125359013011
-0.5962983120475469
0.31305667780281565
-0.15230084774983976
0.42494311369330595
-0.5407747038381461
-0.9805502830536772
-0.02675137577408937
0.11992373864936057
-0.25364306595183916
-0.9098747857152956
0.8879956908041513
-0.08035942579257882
-0.9419550642112178
0.5354139708624865
-0.24489964210743698
0.728520974912725
-0.4397387830609969
-0.637509537879523
0.33447431678632467
0.34987533603304466
0.6947704531723
-0.6949725486036304
0.7393504187417337
0.8795112024634753
0.7602736764707279
-0.05482064339613579
0.6729334044396997
0.9195846059806931
-0.6867176950138718
-0.2815323197091346
-0.49710664828317985
0.05016245056975799
-0.8316471673524388
0.08755065194846412
-0.9516591478708791
-0.1601352740275208
-0.9453000693893525
-0.12015782929471763
0.18689550387180764
0.2575690261465806
-0.8935771246167434
-0.18302188174533573
-0.2621400767523836
-0.8607569964772144
-0.4049260911728485
0.8156652100067316
-0.8210704335153334
-0.09010191560646907
-0.27964736419252767
-0.6259227238761587
0.5805908545553329
0.14864022757397732
-0.6109699320485333
0.631963263100991
-0.21097765210984787
0.5379698099042927
0.8125745649312834
-0.3808349946499485
-0.12727402348738726
0.17990998170426886
-0.4764030852887211
-0.47374229945632074
0.4457599552704803
-0.7259882019696089
-0.47081026251575375
-0.7713896822039359
-0.9087733042556001
0.9937235947020069
0.9412252968954886
-0.4602596158042669
0.6423449256645677
-0.25227529630284984
-0.9251688145006163
-0.718445816025026
-0.8015525213088392
-0.7913673301547453
0.1595351280249122
0.07402914525651472
-0.4832760594088328
0.28657015701303834
0.7098015649069778
-0.9880412254240931
0.21292613914559588
0.4026186391377866
-0.708648381828221
0.13415162193255958
0.7182167672654893
0.24897772393599138
0.2946519734545927
0.9221142070758488
-0.6314643886793081
-0.4119268814092294
-0.7174161113172803
-0.5232772722494567
0.7266262506576067
-0.11471121774640625
-0.9109177034193483
-0.8357095196891005
-0.5856385208115649
-0.9052905580890478
0.6950356041310624
0.11121356614780487
-0.5881216517944874
0.7499661199967222
0.6594259143327479
0.3799208156755449
-0.5515772062037845
-0.14893548700063008
0.8887642966130302
0.24885165780130913
-0.3401444885716962
-0.7505910566366594
-0.47541596264440455
-0.13870548955314654
-0.3346259238154563
-0.8278544590518211
-0.37042487130724466
-0.1642441872863487
-0.485857310459229
-0.4559758838238044
-0.43551640443961226
0.39929315916638664
0.5767464357694849
0.18446043812488377
0.196180722934159
-0.9014616360918684
-0.0844706357261833
0.7991467954946663
0.6663814332362017
0.287333519243576
-0.047996527604975414
-0.805092986004216
-0.29473199202127587
-0.6387847414055046
-0.9655208245896396
0.2860766158544248
0.6064417358341829
-0.32851312027028956
-0.6577482076179544
0.2155023323359222
-0.8285306761152835
0.9132786466809606
-0.4096840866690856
0.9396428513530037
-0.8577604367617775
0.468304430897178
-0.8894623371700694
0.270506224617479
-0.9852426081740244
-0.7922198815585408
0.11377014278649744
-0.4634567808781007
0.4033535329415401
0.8436199845570576
0.6316277690898959
0.5615658216516797
0.7955359846857128
0.5207473612973981
0.1413992222570002
0.4382620025999733
-0.9420663357661838
0.26971715544796315
-0.5297430315236611
-0.33102937075032113
-0.9076047155240714
-0.6774633728118746
-0.9830443653306442
0.8966942865607415
0.2435897064030328
-0.10539948197868743
-0.7275732839428373
0.5761375245471725
-0.9375897123200874
-0.8152856951865397
0.883387931162273
0.41032702195271065
-0.6436392777237376
-0.30486539514838706
-0.9814377545418969
0.9950243226796263
0.39364605929047336
-0.7764480100718412
-0.30724773973667285
-0.6207388548853066
-0.9536014151886492
-0.9146529299510977
-0.13986582791579538
0.8950906218035333
0.5289669637381849
-0.690969547820458
-0.2066912732258781
-0.6815629092655344
0.9056813712513891
-0.7033911772948152
-0.42643866209962566
0.7664431408303736
-0.56163084879966
0.25252591888801756
-0.005462938423066888
-0.8671500610944478
0.5803380788051891
0.08445873242927537
-0.9583786846667981
-0.5558619650470129
-0.1617385578421504
-0.8863603377642024
0.8937816804409608
0.5739954288981926
0.8780504989191922
-0.7025528689267513
0.21470008465000867
-0.8910433460327871
0.4248374732442626
0.963076806871209
-0.8433516283176037
0.030818492222513205
-0.30592234338477664
-0.49644609933422346
-0.042604525292707196
-0.9705966271321014
-0.6107063713172911
0.9251175151143383
-0.7523579424617179
0.9727707530668726
-0.2288081688515058
-0.2655747343600665
-0.9319619944835935
-0.2222470349873944
0.4734542947632019
-0.17550326702222452
0.36307817367872075
0.7908854247726143
0.5463746871401052
0.4407385656911589
-0.21548271307432731
-0.7716583383237865
0.10880308855615217
0.7880300651908871
0.062033786423402404
0.9268874059632615
-0.7240882111262272
-0.7478073940812671
0.6735551465445171
0.8989842903219931
-0.7484191408592378
0.8083306814067874
0.14070570821174422
0.7917091483611434
-0.5424753581729622
0.9703022110527446
0.33398575831674604
-0.8663805473414306
0.4580294403846832
-0.1959694123089899
0.9535098731407237
-0.9722351212439964
-0.3497417957120963
-0.39205961499522246
-0.5073268267879669
0.5409967611870354
0.23480290290152084
0.1342178407463912
-0.9969808237983333
0.29211751673987973
0.21571501790233483
-0.6224997568000841
-0.9631039506920538
-0.47980106483232654
0.4888071651039274
-0.7469294048762165
-0.4868439030749008
0.25166061717797783
-0.5936064748002745
0.3801616380980066
-0.9738954747888136
0.895506394234562
-0.08696727527580794
0.20337862485133584
0.5812957387804847
-0.931719642553064
0.9541686605039763
-0.17827860789085492
-0.09506203264245672
0.2953785272816567
-0.19474470545842792
-0.6525397527246848
-0.10847745382161955
-0.8650836773313437
0.3090291558579126
0.21512430572525143
0.5602082946181852
0.2774600260926363
0.4650791746062528
0.9035283726751955
-0.9162847409294244
-0.5688886290509625
0.09294644540683006
0.7184160562472914
-0.7174292018428323
-0.23388680664629447
0.9105466883815809
-0.6364201824517484
-0.5834437624511852
-0.7017238655582767
-0.6011801737721427
0.9499791252527674
-0.2637634555844548
0.2219806492350349
0.24334142926314062
-0.3858642711675213
0.5264762702377814
0.9111641312862833
-0.1915556939999643
0.6918855647019981
-0.6739633433064589
-0.9817036185411712
-0.060686544935780073
-0.7560036861033448
0.9268743281069431
0.855192386696243
-0.7502909415164911
0.23121791175715245
0.9679110670244016
-0.8125035756395673
-0.5614942480438616
-0.24998288842914174
0.5344704008178947
0.3487231961902548
-0.5069042851168222
0.11381874598074226
0.4475760272437106
0.9467830226830989
0.792744981958591
0.7416852864462844
0.1708147973196643
0.06989683518333734
-0.41088015223334073
-0.754916719008512
0.6699080620057296
0.5546026364327994
-0.9580834027837011
-0.940400056888804
0.056541350958696945
0.7148064816562985
0.011962635829139368
-0.9905560051970326
0.7898190228468585
-0.37146119835607716
-0.14885322444851457
-0.005188499291407966
-0.1511843744946484
0.7974077125556807
-0.6072371851444236
0.4543270999975
0.3540854881695008
-0.09344315589540142
-0.7954664884931522
-0.8948934153005748
0.2501359119762283
-0.6748865038342036
0.4989748372228031
-0.380490289672903
-0.8816311056802353
-0.8054246612016518
-0.5973936569106242
-0.5411219681909547
0.1895536863006504
0.1190110117914227
0.30373824836596475
-0.3634662930656727
-0.822383182981872
0.6234341577194069
0.9400889429696779
0.8510212265982642
-0.5005866474503051
-0.42922752269997266
0.7695134223476698
-0.018793570904746426
0.0666172856606364
0.365529795686818
0.6664707523129207
0.15059881431914235
-0.8415918762900996
0.45150822233255794
0.4846793446014561
0.3471948158296225
0.6019021089881316
-0.5389298842382428
0.5341389757140234
0.7753633658463877
-0.3312328514757852
-0.8152546228927435
-0.02063899117142798
0.10043772292628494
0.1272468066579453
-0.6825632146865683
-0.29495731511959944
0.20843604817197958
0.15942251173883637
0.9553295903440358
0.4927756921612585
-0.5157583335613305
0.7577185341858839
-0.517684887026429
-0.9401746395440151
-0.3391162241071377
-0.04982160321916673
-0.5784077501511025
0.9003429075184286
-0.6255552125733526
-0.554146623726171
-0.6960954304705664
0.9737060153229602
0.12392619491025436
-0.893409486707341
0.2914643609907319
0.7796606106049424
0.6483060339882962
0.6123293695533178
0.4027309589920991
-0.3748637732642528
0.49156692363819676
0.5906077531161598
-0.8941288066061979
0.8778370421771444
-0.44799987518969164
-0.45472939869567686
-0.6198395748673988
0.32316645534437427
-0.3379444285664168
-0.9426683714113959
-0.10296478366325368
0.07688554955218807
0.23595776771837795
0.39734177608234145
-0.7907072724373856
0.10995922465628993
-0.7285440682581807
-0.7007734326835515
-0.600058323683891
0.6764730123986644
-0.4570608164779084
-0.30107931731781656
-0.6854749027768767
-0.641826155445189
0.45964117638776436
0.6613469122707571
0.9396208495603102
0.07978522485463047
0.2365888886438885
0.5800667976564178
-0.869480534496583
0.3418320674669937
-0.21234447493957354
-0.3364282757889614
0.5466728025825083
-0.07169608302040453
-0.9071824411129805
0.028094295637099975
-0.5985421203687018
-0.6320231376271621
-0.7815907552529644
-0.9345367058435965
0.31500890569567064
0.4827355304710368
0.7562984198164238
0.8434304980235015
0.594858674393298
0.9402725738658457
-0.4367733416203692
-0.14123537728816737
0.18573330317508074
-0.356217026179092
0.5897124626082686
-0.9729398946256171
0.5977147925960065
-0.5955409981984532
-0.1573633269694492
-0.024119221391154966
-0.627686341430951
0.929749199470399
-0.8836521886131108
-0.3996287860395318
-0.5944797558105568
-0.7697230680371858
0.06691429310757346
-0.440662140962337
-0.32892369881189554
0.7678348861153592
-0.3608797003907951
-0.9974716920662905
0.9304654479311416
-0.6970900979332162
0.9545563737782568
0.19929494526612257
-0.8703024385134204
0.08168050164563079
-0.4207267251304534
0.8112698807296415
-0.8710312680269743
0.02346389880350963
0.6361311200823563
-0.5161317753341217
-0.9523814435435549
-0.2883109629908125
0.6128483151639803
0.7234387757946075
0.28869412165357655
-0.8478418152609222
-0.684194972637516
0.8584682594363058
0.8875295918113695
0.7856624377407759
0.05408894347100013
-0.4027223916143552
0.5015766546905396
0.2539051610233325
0.8762181500455548
0.4093607556939012
0.6620033332330861
0.5386241344370328
0.5104925154369393
0.16247485101494719
0.3649854426201309
-0.4534297861500407
0.9218617500783151
-0.6632285701218725
0.09733532912680465
0.4833871314441569
-0.12486114697331296
-0.13859774415784232
0.760077315306187
-0.9341702044620979
0.4183822748607897
-0.2359076450001849
-0.6575702025673857
0.29475708210651974
-0.10618013281773298
-0.3395456688337062
0.964805721309905
0.5635605982711303
-0.2053427613417882
-0.5515105879958733
0.08127446533867988
-0.6396157545854129
0.285594075007523
-0.3256234487757268
-0.9223447129807245
-0.8830880866014452
-0.9278874027423343
-0.7769473000935196
0.5814761633473595
-0.8130716083648184
-0.9113016945076924
-0.4739833870960197
-0.9162619411159882
-0.8555269987691221
0.2040201957025951
-0.23617095123975074
0.41526941278041685
0.3296944290804571
0.6180100681699321
-0.8262946591370961
-0.915086182491355
-0.6519511199801642
-0.6767763735029553
-0.06708810805871601
0.553727149348235
-0.5221950454838042
0.8493873630959721
0.5049236591175581
0.8279308154952281
0.3927543856561728
0.5951472750306255
-0.2830413776325287
0.38329968970347905
0.04303186711066109
0.670559310448565
-0.5189817225649911
-0.6389484176479796
-0.34596008861697514
0.7042258194619844
0.35261910045619316
-0.9254357234604542
0.8580847507486682
0.41998539226387277
0.6141702824939921
0.3539362316904624
0.0644469150587208
0.2321298234307161
0.08032485714841542
0.94251414827493
0.17119421516551436
-0.5341040897671703
0.12026780273994797
-0.6872760409258682
-0.18625432754199012
0.43932762423593297
0.030610531426883858
0.42776664347637583
-0.933736181771821
0.46520760385693016
-0.5743174600867773
0.9907149500900301
-0.9984763504307284
-0.8164388617630154
0.5455763804197395
0.413374207810828
0.4757399545136072
-0.29086413768326813
0.42981149480281755
0.4054524671035131
-0.24070072600476378
-0.02878509172765109
-0.9751006683047083
0.8411171120646075
0.0803074101231187
-0.4565785879883941
-0.8562101387437118
-0.1293015101035977
-0.5538808120982623
0.6551323732329271
-0.7644754624328263
0.046613197696323994
-0.6671102535568325
-0.8451591775909013
0.6989917774919288
0.9795747787704838
-0.988222251915627
-0.07001123388641428
0.149712426415048
0.3640220556371865
0.2848568475482367
0.4465248384735778
0.034452490067551356
-0.2722687973526914
0.27491467947952875
-0.8103793529959715
-0.28625241023600556
0.6324709793689274
-0.620326985719696
0.35154351240154535
0.9399120329878836
0.4604847058595356
-0.04332608700793705
-0.805544077125836
0.988679720597968
-0.6677599034106796
0.20401922065479328
0.5315132636528619
0.3641267745546033
-0.6437319116835447
0.3689387483638953
0.5421962711631538
-0.45964116147488854
-0.9555806390042938
0.17943273288577632
-0.9717435417635505
-0.9468028723522051
-0.835814932543256
0.6194051697931833
0.6993574008638854
0.8385919117402156
0.10524672504641397
-0.6358830360568619
-0.7921816180315342
0.11831757539688703
-0.09619004982751811
0.48896796294069667
-0.49273027740260233
-0.2607764021973733
0.5414657377701444
0.02017771082525499
0.25603105979859486
-0.6744860035353126
-0.024242137380406925
-0.06741560275296443
0.5563969031980227
0.3537262284787239
0.20592393782954943
-0.29368983747353683
0.003612070764244857
-0.9389502852190224
0.7846845386137744
-0.7065307107792307
0.9966405996981815
0.30437902074675893
0.16837029623733857
0.542118846235923
-0.5126416742327147
-0.5834719186887991
-0.9316488917007584
-0.8407514875381348
0.9348630558684283
0.7958104683966478
-0.024887210823969275
-0.9749080447054197
0.14241555315616972
-0.18085709688871088
-0.9400989385569607
0.2658932076860201
-0.8447973755596441
0.9290148511409004
0.31626952377949036
0.7127875032742168
-0.275087592145151
-0.27545542843577864
0.38529975399646865
-0.8885548641757348
-0.6416992863743398
0.5927309329063932
0.6294644659960527
-0.08802092691070351
-0.7300875147745187
-0.2369938453521263
-0.7347217420301446
-0.15709792404323775
-0.36732247226236137
0.6788307200906338
-0.2630061696943531
0.40913061106127513
-0.6625541112558233
-0.7567980669492369
-0.7660134059195427
0.439478547155864
0.89973860428138
0.10538846045185402
-0.5710637635776572
0.7595355603855367
0.9987398339512688
0.3140060413773871
-0.3645208476320063
-0.007091155763518042
0.020832567027831095
0.11849490859645506
0.4756077151582254
0.049249546507322606
0.7022672441890616
-0.6490468470495474
0.7642439090171353
0.56465824059002
0.6596440230562692
0.9145819831299455
0.8941193567230541
-0.16877394303386617
0.12362181057229171
0.5114449910621486
0.5832588549776696
-0.9351650393790665
-0.5666175653954015
-0.31669668414919006
-0.635498093241049
-0.34267472168824953
0.8125348909817349
-0.07415053698200125
0.9530095028100238
-0.3615249526516022
0.21992238637244177
0.9473770488627054
-0.38235610525361396
0.5836873636521167
-0.6192249625510837
-0.8707189254296603
-0.31960062938254175
-0.6202481891937057
0.8238904654425057
-0.8905437365955908
0.3431161702460601
-0.515958665509507
0.4344681571626632
0.5088067961936977
0.20433075295204883
0.6142259282273588
0.1627519408840623
0.4212026392136492
0.4227754428940871
0.04098969489277393
-0.12240835869828603
0.9796986243639842
-0.9494242368274368
-0.022671204963080394
0.004553644882828056
0.06944805508878593
-0.33433177979395445
-0.7575539571976981
-0.1762927908670484
-0.6357776620610944
0.31911086033418923
-0.6530852044301485
0.1609621402217265
0.28383321124211225
-0.3412665527391845
0.9691701516903419
-0.587226763975524
0.33097832877948163
-0.09295902624167796
-0.9267601613844938
0.49839623423394497
-0.48183609529025007
0.5006134214416709
-0.01928891780313169
-0.42069179749033925
-0.5135446476660073
0.7986663188279175
-0.8767684300761618
-0.11126638419705204
0.10590040536938128
-0.7828053817604288
0.06263630916021423
-0.4453110323447713
0.6654943506365736
0.07961209837714911
0.9946089255864632
-0.4069796202063307
0.18304436799340018
0.22387879678792322
0.37439573209980925
0.45624019063392107
-0.36031857368719233
0.6144615089762098
-0.7638894290249398
0.5721594443232898
-0.6440502764862321
0.45063387494484664
0.3900609719942174
-0.25998319211922793
-0.082472521489529
-0.034079934423704605
-0.39223050473318377
-0.15966731000837542
0.23733815027261218
-0.37524847200202305
0.965414912177782
0.6763881728778665
-0.9155196573668989
-0.5874894325532274
0.30569721081883405
-0.468722903588787
0.8706857850297827
0.6472143599356228
-0.9392469015329257
-0.7403399137939035
0.9175468533111042
0.7450204535568992
-0.07729971356023047
0.11302163965723477
-0.3469414937950075
0.4484365203519167
0.16364633312945265
0.13837446005832144
0.07590362919296845
-0.1886080907332921
0.2952622124438329
-0.5063588363973881
0.7056919986514494
0.7766173282698248
0.45814411432405944
-0.415940758990649
-0.5738552238521588
-0.591023165727895
-0.2476006271852651
-0.698008891672969
0.029454551358354175
0.3779418990527206
-0.7900460597363119
0.6683573699904588
0.9899799654371322
0.7651188979073928
0.09521306419897035
-0.34001877875767805
0.3766260420566405
-0.5292501857242096
-0.3208834680942598
-0.19990762952168128
0.2722822650319341
-0.6019196363429555
0.9041788546246061
-0.7605136795613985
0.8277945127898705
-0.08969488353284416
0.9163544707088171
0.5624811152291505
0.9636726562346405
-0.41204587978692975
0.8758098803269776
-0.8485319633678858
0.8292611608262772
0.13746210584463592
-0.18575076874726104
0.5663131185722665
0.4598869859653627
-0.326434787278191
-0.135286856834131
-0.2948242441549551
0.9510871643593077
0.41107891996583446
-0.41308202798421867
0.09133479716636628
-0.683513541856331
-0.14088413427739632
0.9282215851448918
0.5919415826704635
0.5564833466914467
0.31312120009317845
-0.8287818139227578
-0.2825310800297707
-0.9786076456822208
-0.4753517450066447
-0.47652832586741667
0.9890764322271748
-0.9503246712000917
-0.4871293917586048
0.33678319811631985
0.8363751160674542
-0.9554227960136366
0.5830080094595742
0.003189126893951677
0.6863456995720743
-0.18337906846819774
-0.69896891851126
0.7845167026251672
-0.7437699751489968
-0.5667845824317796
0.5362842662232554
0.8521578566512324
0.73287147157719
0.9551184089431211
-0.228004109879411
-0.8688402525232353
-0.3171416327286187
0.8842384653041631
0.5983926247493305
0.5776263116278679
0.9268406993202827
-0.008013626345296343
-0.9939168977083022
-0.3172327434043556
-0.03886301768084177
0.10170480629648981
0.6514436076800785
0.8397251288243515
0.8364173784162905
0.6771383641300284
0.9952952643115442
0.995598746081559
0.7860963740386702
0.34763600311572196
0.5509270732229588
0.7537677079637661
0.17085223913201375
0.024034473742685636
0.09335032474613603
-0.4487418040032789
-0.0986365592043279
-0.8129284126990253
0.2832288656436306
-0.3142272561257924
-0.7718466837761744
-0.051295919802963
-0.027383123001623266
-0.5429705149852677
0.14223336931946884
-0.8624330827359552
-0.5816085098262909
0.3962733005116479
-0.3537154978040289
-0.8432116175595372
-0.3655801329811599
-0.3877309361036625
-0.9096417289670329
-0.2909815262212594
0.9290055505485495
-0.6404458884114066
-0.6064449711252458
0.2067691000479348
0.6614136999499409
-0.9232379963213198
-0.6820744063116471
-0.20681323291818554
-0.16833840991249827
0.8243309821783207
0.21127550922803362
-0.4720808258384981
-0.2330773286883301
-0.7031693943271418
0.3139356299041267
0.5456963462751951
-0.05370300924757054
-0.42782550062598257
-0.47035147783481257
-0.6796222226066757
0.9439447900050788
-0.4999192762981737
0.0562847517904812
-0.785034968307982
-0.5083040516631443
0.6149352892306945
-0.9274566082489917
0.03308448592367674
0.11956784130724696
0.4338872988201625
-0.34952576479747344
-0.9270526033653932
-0.5075320678066209
0.25736953063990886
-0.6522746446510592
-0.7361521174451053
0.5901908691843798
0.8424161325286448
0.01723979500075834
-0.5748649097593066
0.5340253144516924
-0.13616393737919474
-0.6089228526886401
-0.8079977876284412
-0.2495558092144583
-0.1376647640415274
0.250893872786238
-0.6508481870703338
-0.8055395448057419
0.41764037291740763
0.6566241800549413
0.5336546018043378
-0.9838521846815207
0.8554462246592178
0.4280907411987831
-0.27055771610424495
0.0026474943835932407
0.536767579136356
-0.3916859853686716
-0.6098963919507114
0.9674806650272001
-0.3034771702273511
0.49856018776570754
0.18407403678417134
-0.5689288261108834
-0.8957913528041437
-0.952958289417781
-0.33724248072353125
0.934911572815132
-0.5951540832552293
0.6712897779009843
0.7707361312884031
0.35360428470865934
-0.46063856639345424
0.34056569291893335
-0.3389173903064393
-0.6707624440160951
0.6762522043280883
0.253834489327009
-0.3140127767401304
-0.39217185843535907
0.24117791919095288
-0.7524830886822285
-0.733166572167147
0.06104504043014414
-0.3542341688196542
-0.4637228250994305
-0.912330626316711
-0.614782048440166
-0.6631062458124006
-0.8489599257529079
0.3767653235401236
0.48695316150285706
0.35319625852873715
0.11987912619342334
0.6547603824227981
-0.11817221211324203
-0.33576245290208107
0.2022239469459357
-0.2064758831961564
0.8223088516394579
0.18925710371790805
-0.18649768966318514
0.5938838813256013
-0.9566978606523202
-0.4839989975929644
0.8603171299631931
0.035967347589426435
0.823655924319348
-0.9009646264359708
0.9064446622097144
0.8139527970586609
0.6893946906343456
-0.43028868352112815
-0.48704032386393936
0.8648499736850719
-0.8971240035654333
-0.12340799601825125
-0.47603844675316154
-0.8170376133532822
0.5467839471257816
0.3466589377984861
0.4533328177179283
-0.22257771575625296
0.17372049097851616
0.5270701257358736
0.8724652471855125
-0.8625507707563826
-0.3626534799693699
-0.1802333360578523
0.8799600434494113
-0.12380573997400868
0.37077271348277874
-0.1894865019767913
-0.6808629844000058
0.8439666793880058
0.8689574101203617
-0.5320664280398042
-0.7620686125567508
-0.47799700689476876
0.8871085708365851
0.8270061834045961
0.018496909605631107
-0.34270685175501137
0.9165274605533131
0.9914189368447859
0.5170087191859585
-0.09209243584271909
0.7780345882553483
0.33535647588519035
0.9738787876931718
-0.21721495658433532
0.4405724881462525
0.8346246316478867
0.9468339835860098
0.5286709780664833
-0.5336624272310231
0.796539317052213
-0.697704690645738
0.43770509361629695
0.8543456033602288
-0.11055390300636025
-0.17991234036378723
0.756399854821326
0.31372335781402194
0.8268525687260713
0.029175231681392466
0.45590927990911334
0.37318564060783355
0.634868672542207
0.6061379357856367
0.8574826026056703
0.9461878161495889
0.9609617043906094
0.8930986005251627
0.8827337742229113
0.12080534633051809
-0.3776829649975413
-0.3632783796636416
0.0039886690132848734
0.5694789948221366
-0.9419511182496525
-0.10058181118150666
-0.7428097143026289
0.7488927998944765
-0.8075237215367044
-0.8401817554685667
0.0821008785809838
0.37461172538105036
-0.534159182371905
-0.24802250604273168
0.7654659576912304
0.5226178676697717
-0.46382653940095575
-0.4320743016750248
0.6505138864442015
0.44539890166898743
-0.11096712962345512
-0.14669252635246788
-0.612448138081737
0.07826194213338789
-0.3715052604518816
0.05808968150475069
-0.9526867307884819
0.3408474139325133
0.000869714044959391
0.08927112257864267
0.7523288745309058
-0.6563825496916253
-0.9099080081340938
0.5652619437773558
0.6424996479926166
0.7701674968314178
-0.20972947333557457
0.9343534994386082
0.04509215613896678
0.9795203965934951
-0.6496254723977046
0.0985185928619905
0.35052597981485234
-0.7232184414075362
0.7657543271841738
-0.5532248911447215
0.3752812823063907
0.2654421380796752
0.07000761399577216
0.6287140725598335
0.27729397513277165
0.5454144556595788
0.5972236575392642
0.1095710222256483
0.6677726518727827
0.8985072227830668
-0.8132613967865585
0.24821344477899254
-0.443124323768179
-0.9949808411121086
-0.9260570732709457
-0.19247189540065857
0.03982893182357827
-0.42848445864202134
0.1461259647536315
-0.5057589710576826
-0.8650729898395566
-0.9858953562649129
-0.1268730944991847
0.03595538710366242
0.7052738099726827
0.4680225999219587
0.408482385893127
-0.4234872223965984
-0.7914886815350817
-0.1506774234116972
0.8738883977817349
0.6554177647791972
0.6631032070594498
0.8435897264809293
-0.32995249202510357
0.06716669840085587
-0.2349501419267377
-0.5150289110698001
0.10682732680286655
-0.8734808589487602
0.5139672399404458
0.05714308164944515
0.7008777592496305
0.7233053417532815
0.5808499455560223
0.5748954677412748
-0.30710838758365133
-0.46872262773604145
-0.4314341692957875
0.9115805192394166
-0.637324792152969
0.8261365081494465
-0.14047223788247298
0.47829301833513704
0.23704206793036353
-0.3199366965549775
-0.9461110689956584
-0.7816981908857179
-0.5756485343922719
0.3512758623833312
-0.039446518109780726
-0.6005268479748902
0.41570814344875906
-0.7972851323759365
-0.45574052507928786
-0.8404113314469974
-0.21859040335194857
-0.4122826252677576
0.5156740042429684
-0.4276968239919099
0.861740763397451
-0.20856716844052703
-0.9224743463236018
-0.6119493702541627
0.9328271727940796
0.9502383602665896
0.4036882686801302
-0.8000556962430951
-0.5462359234043892
-0.8589588298977338
-0.10713404829022943
-0.3617151314340521
0.7536415464585353
-0.9056113409603916
0.9147346678060131
-0.49203040269352627
-0.6581618888705423
-0.20380893493448848
-0.3156359880367716
0.6142039293941348
-0.7311538192183209
0.1392549400095775
0.7429000396481023
-0.5815191307974552
0.429329692403968
-0.6450430905280446
0.07157634231035348
-0.8381484216717605
-0.17029570601228916
-0.8541367691211956
-0.9187993983361089
-0.06003905922581709
0.9390182587468976
-0.3650221415058519
-0.37200929622369716
0.33922526784283114
0.26446969693468203
-0.2341117850193124
-0.7845733053531885
0.9673807042965468
-0.2541842472046034
-0.47179437431590476
-0.35122504175962765
0.1654463078434978
-0.7849051505853479
-0.17495374740393377
0.7707851576197917
0.493369158808459
0.07538302589022727
-0.03968095179433595
0.7820212628708816
0.44629786543375416
0.4956478453320228
-0.9981047663047482
0.22749527516325152
0.3336186489422033
-0.20811919855632288
0.7612861829828299
-0.22267334497508173
0.6299890921210307
0.3774584932991649
-0.8280553715092507
-0.6700923859518795
0.8923575759291482
0.2106772433231514
-0.4213019435600962
-0.831505023461482
0.981807937315782
-0.2022764375832149
0.10001895708166098
0.5434545332109371
0.5492168305997931
-0.6581463966698937
0.3957088556862103
-0.9525964107561302
-0.31590421400582347
0.5027527693868934
0.30986519954386105
0.04674382390451148
-0.5722533623695594
-0.9049558164820266
-0.5685169570424959
0.8178325631161658
-0.43275638109022685
-0.05898929548046139
0.7275693389429303
-0.10919821336519808
0.8694686037677164
-0.2791585345309613
-0.32253193480588793
-0.23011116002603504
0.4655437338403692
0.3856142127277873
0.47091904158976594
0.42567004129042796
-0.458154224569441
-0.9949308593689412
0.7678821721887295
-0.8280381693678873
-0.08486853380833836
0.7880648065853315
0.9345071193702918
-0.39662903901720226
-0.44871062310281196
0.32902876461822994
0.38155193254001896
0.16517589202726812
0.13645004582244002
0.7757340968992952
-0.6314916692061228
0.5386852361240753
-0.37248746069437644
0.019131697842480033
-0.38182766813457203
0.2708888693725586
-0.7262640117191674
-0.9242795051381643
-0.5883728341810346
0.42710290983832144
0.09306046411545754
-0.7699140761808214
0.04100222836430101
-0.44031859504769333
-0.7499838383811281
0.874350784892159
0.6824861905168076
0.1855082289104859
0.3758226071156632
-0.5839850516846854
-0.4559467129248296
0.16775174417556582
-0.921236121512258
-0.3097154811478251
0.6980976000833881
0.019915855771794444
0.23084953087589488
0.7525031233188502
-0.17631894438365703
0.4708917143448581
-0.8502781101580836
0.6588275408674711
-0.3017640658052576
0.7372126412438773
0.29782431581829916
0.5683753304112031
-0.019710029156969622
0.7108272977579075
-0.44948736097654995
-0.41774590904892883
0.29666721317730205
-0.7100591335071136
0.3961658635863037
0.9233759836485627
-0.3855542659538569
-0.6059217785006907
0.4559946932884422
0.4920199118842292
-0.034635653080059114
-0.13632276984789127
0.329198360236723
0.08700683191478031
-0.6769963487582844
0.5119716441174991
-0.03926386727282449
0.8181914274472388
0.7179358512223877
-0.9307718769466657
-0.014798568664695866
0.32245445373181036
-0.7686684694087442
0.13801463827893867
-0.9788917135756046
-0.9710844255014421
-0.1127456192187597
0.796661889970967
0.07010211917837528
0.1662730170677349
-0.9191559023838263
-0.9773767338056618
0.8146167839505751
-0.37048546096161594
0.600578852329726
-0.9241634101923499
0.030885692142178733
-0.06760404485518134
0.14243879468116338
0.7319020629569379
0.13913853192913472
0.8617985175138485
-0.12469558094135169
0.07308515502541968
-0.6185105127272561
-0.9306743364529741
-0.4113873209136405
0.4081248419933996
-0.978267166956291
0.6307536130207778
-0.0388045508105237
-0.9228474448361192
-0.8699180595274347
0.6125936521870403
-0.7584785717011229
-0.13228769337746837
-0.11847056712897253
0.5818366811409206
0.46400105573248207
-0.14126496353538265
-0.8963876406830695
-0.8737593706249569
0.18990953553769652
0.708469252438968
0.6048020923706701
-0.830354638710741
-0.8832772829220863
-0.5573790833087304
0.5786164104457845
-0.09172435374719212
-0.03707764648813994
0.9955405010472216
-0.5364081198974466
-0.05658290393545462
-0.9781543343017083
-0.6288008484856025
-0.6613436398265518
0.8211688708849494
-0.7412391862305638
0.21054337736915119
-0.7199919078235562
-0.6043640039311635
-0.023816155871427602
-0.12554039562152308
0.1891977733567387
-0.9586247172467006
0.9815177232914796
-0.19261738697026431
-0.21798311250215807
-0.8709823391837841
-0.9188551808436867
-0.6281739617102251
0.7409166409187165
0.4830629179311272
0.22150821385735942
-0.4977126865511352
-0.1893412808958057
-0.6902693355684011
-0.09462342139002478
-0.5362989713523638
0.19757826370792797
0.6704170859247758
0.8393242827924392
-0.652212955817816
0.6457040237991976
-0.09812972259973174
0.37087777134901123
-0.01794061390785817
0.7708657920019675
-0.5541116679235194
0.8241426532542768
0.9787060065309565
0.20805316346358382
0.036321339717740875
-0.8038555825714171
-0.14381366999799994
-0.604559437378295
0.5131153482979214
0.5838859304812267
-0.7378324627554398
-0.16912292616444047
-0.8530992376847635
-0.30781593472764057
0.21870868047105452
0.8707008793237303
-0.930334033738432
0.047223620526468446
0.9011129379859542
-0.5890357467575393
-0.45263249341989287
-0.19875705831389734
0.04395540792959807
0.5901777710398013
0.9996711827692146
0.607428451543998
-0.4112294316589107
-0.7758730082804162
0.7869946590964003
-0.04437595103471503
-0.05441460667281084
0.5028379489011574
0.5730152032437323
-0.46792517177908266
0.6532449849768396
-0.34462805092602955
-0.4641902878657762
-0.25514238302148384
0.6813100788897022
0.7074896555168741
0.012744196359196103
0.25614221550607175
0.8445234141065612
-0.20386344459625128
0.18034939019156893
-0.23561705046718973
0.1615515033848811
-0.6948417462507632
-0.6753868844734014
-0.3840613922649756
0.5913358934666471
0.7737764334366612
0.22287589275223474
-0.6659317752396292
-0.025617017387879137
-0.19693132472384667
-0.2514378641163417
0.008249529624729801
-0.9025433559356555
-0.7481450401134295
-0.5843701705413875
0.05048618344364053
-0.9364808781762453
0.6930904522037935
-0.7828363404228995
-0.4433666879555951
0.7001185290229912
-0.982573031306208
0.7243996841601952
0.13508057443171606
0.8414563822363612
0.9873950713679649
-0.2927499030693934
-0.8821630250920613
0.7923552455828919
0.18745933784855384
-0.4074063781617918
-0.5287550565180321
-0.04364693317566948
-0.29113378722057814
0.09945121416237512
-0.614073562617069
-0.8569737505483543
-0.57510601105497
0.37134524996532936
0.8502813860396605
0.29543455458005985
-0.976797324249796
0.9267983104216659
-0.20654507207465223
-0.8057613391620224
-0.3287386898113205
0.643322993611569
-0.8845770844202867
0.3486929281516946
-0.7626435710258894
0.25642168426130296
0.6772645586319117
-0.23226545960522427
0.2721724484558481
0.330870524989358
0.40779604588922735
-0.4161188398289999
0.14816928492963632
-0.9056006919045054
-0.46557095494325385
0.3632546531013503
0.14094686729615225
0.2844712190234222
0.3020581185550377
-0.25227880663788893
-0.41312401606700466
0.008133351752128704
-0.6113364540962121
0.6823543666858787
0.4733608413433099
-0.464148658747519
0.6582514245320858
0.363821725179974
-0.5434541468282574
0.6634134905209026
-0.8780490144870423
-0.0009564972047146902
-0.1319473941937559
0.18868428909637092
-0.5047270667345607
0.6035089411351582
-0.3712185594954356
0.3164308944507621
-0.10257170999335341
0.8044840932847532
0.7594354002967099
0.3198811609566461
0.7573693460258628
0.3206960908683596
0.699205691995773
0.03140047564211956
0.021766418016903044
0.7356235012015784
0.33896859178543814
-0.29420877699557213
-0.7460139504082957
-0.00212306618699043
-0.1254145403925524
0.3757636205104886
-0.6357592320178003
-0.6460860060381539
-0.691193148401821
0.36242010550986326
-0.05470671115965087
0.029452741876680566
0.24153477416043567
0.21727479858098664
-0.45766954641214475
-0.19479544357299128
0.8232807984222159
-0.8188111326689427
0.7677483184139913
-0.4549498268846981
0.1906348733104617
-0.9420238675564756
-0.6262636423084684
-0.7815295325204135
0.8427897022290973
-0.6250327399567521
0.01800152876305927
0.8350317315656564
0.6591990273219013
-0.048737462980117385
0.8166581634643659
0.5037411731102046
0.7465303984803449
-0.8330493687759992
0.7307690586154971
-0.340797835581804
0.9530688678904347
0.07019134897387591
-0.5152092308567047
-0.879757037143952
-0.07683617285146971
0.7234304601879833
0.8594637167597465
0.9393854581301089
-0.9611294874717708
-0.07951820949410138
-0.7570209808214636
-0.2658042485376082
-0.5651278262654624
-0.9361354090877456
-0.7184540726849535
0.10415928747226433
-0.8661502169189323
-0.19617965422632144
-0.3075811654558622
-0.1301264078018043
0.5361026508648004
0.7235979683660987
-0.7791134596435949
-0.8576325389614303
-0.8907651508548224
-0.9322453512706488
-0.8331318386128648
0.9067019480383196
0.18621603512866458
-0.02264291953516606
-0.2843770429230261
0.11911049021115416
-0.6754224558487116
-0.6593204653031588
-0.8114706802219951
-0.49336966742531185
-0.8982261781934411
0.6409004650455454
-0.18171422185414854
-0.5009457462196287
0.37142586161485025
-0.9558436005143645
0.3569548403971021
-0.8542334247755488
0.426264786463602
-0.6977211438597601
0.6693401654877238
-0.8291282540901936
-0.2979047756328843
-0.4681364325993256
0.24849522113261524
0.6766971765446699
0.6443104537029329
-0.4126887073972372
0.39549851476591
0.6672523906007115
0.9042633984024009
0.7024843195513542
0.14710559760614705
0.17289667453395596
0.1656746023323814
0.9807485039334389
0.9188060087001761
-0.996112540139334
0.40582508644772064
0.9956748636474835
0.17870730838364102
0.9178328763533616
0.16582405023567515
-0.750178647147177
-0.2961000687034083
-0.3750668336539378
0.41122086296286287
0.8062088993378362
0.718255888367967
-0.22466444884226755
-0.9791016638684058
0.6831102233361148
-0.2135099379324239
-0.5469027663080148
-0.04455986862050887
0.5611650142400451
-0.060834936482928814
0.25445155014437426
0.7924286013784567
0.4493578225019288
0.8272511055690177
0.6727905850316627
0.9472417922352048
0.7072956340882353
0.5216937875391587
0.4857178491021783
-0.6967784341989267
0.6246536707804431
0.7923080728839158
0.39644671023404565
0.5275676793509267
0.8678260171998655
0.22689494756015116
0.7922538564348971
-0.973777332536834
0.22614750363107716
0.09818923243826849
0.6182688317210294
0.724951757034425
-0.68613524992664
0.8535518985115851
-0.8344097607614145
-0.9931260843252583
-0.2460549082756216
-0.3288607857316581
-0.23337157706176037
-0.612094467099837
-0.8631812204280169
-0.33917661732096116
-0.024173446081981576
-0.5731342084089108
0.25639994199940164
0.8568873808071606
0.44038496654565784
-0.23566956110483206
-0.7917994208144941
0.04687101072811051
-0.90164935535443
0.2778328020814318
0.22517563432710785
0.1396075025454604
0.10295607343498014
0.8068564327537056
-0.5501825727648366
0.5911960243525936
-0.3027054509456315
0.9540663918184649
0.7746632945716128
-0.985051258420969
0.21379855471601483
0.8128745801811073
0.3613458665965439
0.5477528225517745
-0.34696059935040835
0.6948700511159169
0.013321952000626247
-0.9261777317479152
-0.9348073004871782
-0.3257018594771375
0.1597303896711495
-0.5573646973905648
-0.9589701906832604
0.01957523277392692
-0.21703710244589902
-0.05987767865602023
-0.8720005008555116
-0.1860538468198527
-0.8528986762024013
-0.6565419386842477
-0.3454287193497052
0.5757051316180426
-0.1700736901355282
0.28477099535387973
-0.07140839110907793
0.5313858830760825
0.007956122900739437
0.4646402945941346
-0.6236788357155836
-0.31435765008058625
-0.3566995556940804
-0.6162938694735154
-0.6367529839883992
-0.8617630954664788
0.5267677878990591
0.6079134218886904
-0.1212882170056635
0.8597484562371356
-0.020386175976488508
-0.6758155120252245
-0.6706563593065102
-0.7433114539411783
0.39914455649779934
-0.3199736096371799
-0.5350520891206612
0.5780812174018666
-0.20480223435373723
0.6882031775075044
0.10516536905460439
0.3606471264214288
-0.6127787456738238
-0.40399456863979366
0.4357032458942802
0.7053803574670197
-0.14390547504761186
-0.9437572294851173
0.9532016797513154
0.160762080331746
-0.6754405175256857
0.5004831685226094
0.15888033692085868
0.7020693784992
0.38623811660176033
-0.8397196602569581
0.7784237119753716
-0.9320818885080233
-0.121812199937126
-0.24819450690814038
0.7431968626732914
-0.8628214234857026
0.6643011444412745
-0.28455373959044894
-0.011363287892572682
0.8890112901382983
-0.08607451721615988
0.8639628697387629
-0.6897400114919143
-0.3865609425829295
0.9625311473067939
-0.22060182801543626
-0.5709381010934735
0.45805449590421654
-0.5813599387301434
-0.17075463322986884
-0.5642738091427326
-0.5568125912270265
-0.8904765460884074
0.35471077973095455
-0.22839868024088594
0.01568490642114151
-0.3282217009622088
0.7548954955262792
-0.5399782038493626
0.605759103663754
0.7059719090912839
0.17476328530416452
0.5183812036430357
-0.6654728086947526
0.531018213454753
0.8514654762339093
0.8734623618470538
-0.40696415186389867
-0.39028526100981265
-0.36451898786980097
0.9207747518150984
-0.8945045305550743
-0.2444068790746512
-0.4662180407391341
-0.5605019912795668
0.6295542827389877
-0.535676548574008
0.22135449722794087
0.15763442956511198
0.4806451344169955
0.6605490698265404
0.00033274943459082884
0.6625385195168538
-0.876388060219853
0.39697559047668984
0.9032699561959159
0.42783616737639574
0.26473809225315437
-0.5511491515262019
0.15378623111588197
-0.53719615154424
0.8065083550093342
-0.39026942119865615
-0.8644141475399676
0.3675358150114154
-0.9574503371581808
0.06952201637910327
0.2586567601648255
-0.5056739089028066
0.05492543759109192
0.7423859933988175
-0.13419931386720063
-0.40033970140226516
-0.6240522184561481
0.5764187428088519
0.5596605548983351
0.047095493853969606
-0.9259386616694512
-0.08499194069504257
-0.7853460758645314
0.9421677011812224
0.6608969080143183
-0.1503510966658801
0.7197406044423704
0.11401593374636532
-0.6228537501850075
-0.34035032304439894
0.7337938776943251
0.8083759195365365
-0.21913834206991778
-0.33470287851501057
-0.8176949553690709
-0.9076622482532761
-0.4934628983179745
0.43202324624648614
0.16672083649593494
0.7102974482861495
0.2133617824310472
-0.24253586812645977
-0.19212892282358496
0.972538060618849
-0.09271338916785776
-0.8812743987608787
0.808300249741513
-0.09133545876833571
-0.7945279879397986
-0.9980020613224294
0.7161700845330978
0.8909850432136617
0.4118812161644414
0.01424248293266639
-0.8209614373889316
0.17029070597672535
-0.3244203223050721
0.09675257390025505
0.7808904982367686
-0.4798695638144439
0.39967433526359697
-0.24379554349656973
-0.27403968941261914
-0.3834200604700686
-0.7160500032023689
0.5303460460492613
0.04555913269445089
-0.41901150590050085
0.9308433950365587
0.5814938433589929
-0.3200144265864895
-0.4572183368598246
0.9285644347085638
-0.9108797483561062
