-0.6835170933311785
0.46641941599528924
0.8787831571156632
0.30413399066437563
0.8402165265176862
-0.30005977381666993
-0.7870218152705435
-0.2900482590610607
0.8270362361873502
0.6015884301278094
0.4662586186391853
-0.9584909397018506
0.2996392997817454
0.8402549722978443
-0.2545438526037429
0.8521280602452856
-0.10164653279306579
-0.03510558781979323
0.2279524724302766
-0.37558131940659245
-0.7391676757498888
0.623056143582903
0.7458054877389821
0.4472468447558222
0.9619317817191761
-0.9331617023542809
-0.9627543689400555
-0.02872799751423294
-0.6828940982085148
-0.6193646546856184
-0.7242513271085891
0.9946244739854211
0.19220099465276363
0.9309062296165207
0.08948499393734832
-0.4246741860516312
-0.41138145740832077
-0.8992648068434819
0.3205009667072234
-0.14708448154471077
-0.030394980299934815
-0.42012590023889174
0.6029555312295831
-0.2940321526472043
0.9730721306355383
0.3984018048750375
0.31302967083473066
0.6681790632764479
0.7715695412281867
-0.46492320030776013
0.2556823138537403
-0.8265137830139462
-0.8768431474396501
-0.03545916322978848
-0.9073037960558414
-0.1739265969484287
-0.7694021982729655
-0.6997994121521622
-0.5031364813455739
0.24994695025965874
-0.044691221026265326
0.6566841012302518
-0.35224618935422325
-0.19245548867953421
0.34904262197141267
-0.20486828112986744
0.9023256944583116
-0.6897213882958155
-0.12265010963027811
0.6560401716261477
0.9121959715864614
0.055910724300253234
0.9432619615903834
-0.03494280998135135
-7.299008106342875e-05
-0.5548804873471855
0.7173959579776412
-0.3521756614704954
0.8996934428030796
0.018561519972520646
-0.14993811084494202
-0.6504625052563124
0.3481816981527921
-0.9115390231948095
0.45002286561297855
0.17887313376716008
0.461264690543187
-0.23197167579184552
-0.3751053680784262
0.9336520524437013
-0.6984858108297445
0.5322348987786478
0.6542814274549005
-0.11053398314505425
0.5992323427143755
0.7118349681258218
-0.40074838061356544
0.11976722018507369
-0.4246523533705888
0.16023015458402146
-0.2199888977445157
-0.9557705885786565
0.38466624051161036
-0.6861313462317573
0.20330985850960448
0.3860751822240791
-0.8391240247101994
-0.6445367197346714
0.026167010067933205
0.9732494648410943
0.09568951726647557
-0.08034263228823546
0.7061116710099795
0.5936958674614174
0.6879181972316954
-0.7682154175009166
0.18540229504448913
-0.7763053303069614
-0.09205902110517616
0.3496181659286881
0.8481563192106885
0.9184323657300404
0.27354989558742804
0.485146206655207
-0.32225630762319435
-0.6744086359371131
0.2552539083221208
-0.2836290419000653
0.005808601347728537
-0.9099272065433801
-0.774942710616249
0.7643368140615665
0.9047804199876297
0.40464087706533003
0.01809335755752972
-0.04721452988243868
-0.879135319316132
0.8285175390816333
0.3718820427384877
-0.2361326919953135
-0.10089945572048231
0.8633007098436436
-0.009414613679260997
0.2582381124291244
-0.11778373954708643
-0.07207909403003643
0.9287442651680364
0.7305112631284685
0.614777798471636
-0.23592620870206815
-0.4766466738114874
0.5492271806784803
0.6169200325830277
0.5503050666663307
0.4158217602702794
0.7678554525468337
-0.2571498398126979
-0.061556998618308434
-0.6113820784904478
0.590152583488351
-0.8143502895832639
-0.6965885520053792
-0.7995590516133075
-0.127594816544512
-0.760735163962158
0.2572355470173777
0.9805987203254203
0.6199293529239696
-0.35675182508367986
0.8138254029604457
-0.25588572593654324
-0.6858284187490686
-0.9673616443381736
0.23555721146631559
-0.5987412737255622
-0.6899996311430887
-0.7293132386530747
-0.6887978176617751
-0.009110902743564964
0.3933171216702289
0.8072596232400648
0.5821668869031451
-0.550271128634239
0.05594503285995822
-0.20863380204896176
0.25486536321296693
0.04889308051395691
0.29027662165091495
-0.8574475996100623
0.22304759129857632
-0.03972168287922018
0.5641290661682388
0.1859400391401418
0.17506031089548602
-0.4575414821239001
-0.88270440829859
-0.3396202449443171
-0.4662747271389758
0.9642573022029761
0.5449645208164966
0.331235682953958
-0.4804339478754047
-0.7031459291670379
-0.9878582254871624
-0.026818957204297167
-0.8454669365495882
-0.6400797362095645
-0.11860878499364302
-0.8929848164889178
-0.6624410243754908
-0.7898803553663105
-0.9761679168725077
0.03638989293117523
-0.45577735895278715
0.8497027796174506
-0.29006930224267413
-0.9710205772799221
-0.2825072424295174
0.8186188871650408
0.43186716189675334
-0.9149398533408701
0.1417760612769572
-0.4129492396460117
0.5859337657462829
0.20822038265746978
-0.9230995293036253
-0.24166968782518694
-0.16871057983772042
-0.9897882008070225
0.13671850351569592
-0.8741758626266491
-0.8179432513014013
-0.007396809492466572
-0.3180610263851482
0.9744252212924507
0.534171411970984
-0.7796223329660579
-0.78017703316112
-0.06270375381677451
-0.2459172629205375
0.27267479012714757
0.3784408396223673
-0.7990943616228505
0.4741060124059804
-0.34994717331701986
-0.6280758119423582
0.4976866797796391
-0.1662489747991629
-0.8378895936016102
0.2697708015491096
0.9832761571846445
-0.6522230718400628
-0.06526970372944252
-0.0866389007830195
-0.06445096669009409
-0.9315994464678521
-0.3314894548863807
-0.634059764885543
-0.39686946894396224
0.5245017966524868
0.9194041210347841
0.365458342886825
0.10992031100952215
-0.3242118485272767
0.572133449204481
0.8820688414221596
-0.03754156867001668
-0.12751997186424724
-0.9701846587121035
0.9112566685169876
0.4080132837829855
0.8568009717506304
-0.5858476905094452
0.5689267845607655
0.8209273324557127
-0.7407912205496621
-0.16638353185606602
-0.8442531419636923
0.8772124707359885
-0.5408135723903349
0.017432490409158286
-0.2047835348115996
0.08349548436840726
-0.7651933596088794
0.5990146878345433
-0.589969259916201
0.22078623843442124
-0.6307321184376458
-0.14073343130126204
0.573481944586421
-0.9264692863445629
0.456091583177761
-0.6171982224195907
0.5193493366532658
0.04213697708306707
0.28254275825755326
-0.09537737893375708
0.7858150148901135
0.21324810257011118
0.7341983319354521
0.7267147610563289
-0.11587499273523472
0.8518769121231773
0.5185529373961306
-0.9628501594532302
-0.46181522583844403
-0.2157225119715509
-0.38055240929825596
-0.9274655928175501
0.7391052703872245
0.8972186521398366
0.40680307985598696
0.03803054331665634
-0.7815801539729081
0.39019228457494504
-0.4048500815956464
0.032430014276327634
0.4651566780981664
0.5071632068930931
0.2839861812976605
0.21720260517649748
-0.9124853303806926
-0.5986406951374594
0.10730556862310436
-0.7040866879192618
0.9578508724659907
0.6369039958387386
-0.00808154433323427
0.7045047157734576
0.21376958361080978
0.6280244553214158
-0.6713708748993197
-0.6263993776555261
-0.9814059134685329
-0.023965554648345933
-0.06560397207653712
0.16131833119497885
0.17907619743359238
0.6682955092162906
-0.05631322872496325
0.5077917640153156
-0.3565860257162834
0.16480866844026898
-0.7146136903374605
0.0883238960379118
-0.3878772312926453
-0.46932418272470233
0.731956284944322
0.9727504876213116
-0.4974585752605327
0.260789825223382
0.030919870472905675
0.9805596706895159
-0.08709423085430501
0.006203481900621144
0.15461286037316735
0.14603189859920307
0.3707501854896216
0.5233385898120662
-0.5810879451973232
-0.5610352781989303
0.896752442110933
0.8492953250503759
-0.8216960505770359
0.4193913865598984
0.6739477790513895
0.9386527966828868
-0.8086045378464788
-0.9464520696221377
0.16483531264847961
-0.3260444558603257
0.6219748770764839
-0.26925260977650933
0.362723842480803
-0.3724966910402068
0.97316608065504
0.7487557335597939
0.7503688297022477
-0.3854354264971862
0.6790759288029862
-0.9524136592598764
0.5029861872619719
-0.8837283499552
0.4139876855894269
-0.13871625643678387
0.46761561069044943
0.009376927096617305
0.7571404814176286
-0.055300319565092515
0.6913081409145212
0.3950821790487744
-0.5485363324996788
0.5720620245221513
-0.09399888220454633
-0.9043249460526677
-0.11848746122511211
0.8691358117061574
0.7896941021185468
-0.9960103147676649
0.6501159755850172
-0.19557012045101074
-0.959222677815174
0.6983061571552172
0.050742687516049045
-0.1292821082957809
0.6832612911271996
-0.9393258534707172
-0.05183383160237165
-0.5696998169276979
-0.9896173778491666
-0.17854969004117893
-0.6293844144334657
-0.16996788612540836
-0.7633545954168823
0.00245980783415356
0.11419377220515003
0.41499673240767887
0.8252554760635309
0.2253667751441395
0.48962168181819954
-0.3387856447800133
0.5066198165753164
-0.784064877849338
0.20082002844379332
0.7586337681087949
0.7496100489193043
-0.2622988523801484
-0.9269410517684551
-0.932764865698684
-0.5258318836532241
-0.48951094286114194
0.9545500818790176
0.5481726404277092
0.13441721275154528
0.847862494242031
-0.8865862089428527
-0.04005168770601797
-0.2089077429938444
-0.026417267917721254
0.07578901130249993
-0.8412692913130697
-0.7472175657211986
0.9336294483793288
0.849934246889283
0.3606867033451282
0.3903451224755976
-0.8363364496434409
0.11478716892588525
-0.5334296799158436
0.44916633205397516
0.010362290536822139
-0.6899939590336344
0.2017752656149645
-0.8920976011654429
0.49378608667476964
-0.21651941800002605
-0.6466652466056366
-0.7373552481026957
0.30317021843374503
0.2521879318022162
0.3186306214882779
-0.5954707923535256
-0.23239038557655634
-0.22674367831618514
-0.648884173661811
0.13842264199135168
0.521312207382052
0.5511397163167855
-0.4330109692152784
-0.4556935857464468
-0.763862244133954
0.9238456729248914
-0.904520221146234
-0.452906345220776
-0.48010004663944206
-0.15423037811984397
-0.889526070606766
0.9670915223794005
-0.6474104219993417
-0.12911605596724263
-0.5916222515384444
0.5807299616145605
-0.26165538024022195
-0.8865553050640886
0.8630101616940118
-0.810338680712722
0.01156191985734556
-0.22982235402161977
0.5163416859766594
-0.810994165323156
-0.41394781842050876
-0.028593490306486613
0.6868794828016132
-0.920219350581047
0.22519383404783078
0.8911949391722152
0.18062880670534232
0.19022643084649893
0.5679366328152706
0.6832436113372728
0.4354293612393181
0.5392417560613105
0.5869790929771319
-0.5488105641125394
0.45704263356085884
0.8164883334348443
0.8626027316364728
-0.01383680020514877
0.0334846396569195
-0.19566023471010596
-0.25874207337187993
0.33135351487718023
0.7413195643154722
0.472417929433131
0.5467809484666664
0.7812979335708268
-0.8799715694281376
0.8567053655365666
0.6988902917423165
0.7706373509679649
0.9677866767930348
-0.5010297991496071
-0.39489073688433596
-0.8576095556141314
0.24944082156743907
-0.41226672988435853
0.5815772451353158
0.8783412013326599
-0.4839807627347772
-0.5402670686469717
0.40303934354640747
0.7343184956272226
0.098287345965139
0.45638654592007577
-0.10328989320220194
0.43975912492488534
-0.452096683409537
0.9311258562876852
0.9796697350128871
-0.6621740889364369
-0.4374890930374975
0.2600959119224502
-0.24403075513468298
0.6862827041089412
-0.7480011805787896
0.08459115645869586
0.3140693392260987
0.9440570523974259
0.2935760206418401
-0.570787211446192
0.37847387857445525
0.8036876677000291
-0.6974284798590553
0.5059134078010104
-0.5807633437971367
0.0013661544720191543
-0.5213106914755692
0.7690315655346196
-0.6388572218156798
0.5568052194831816
0.23100251889448153
-0.8605734582834461
0.08765112451920976
0.3141804792634053
0.5072239439372601
-0.20823168294267225
0.4713422336768709
-0.657574310177989
0.5868983049466108
-0.3288860586553066
0.3173257114928456
-0.6142524719478646
0.4936662045212228
0.3213842130075253
-0.6322519125489285
0.16762478919637647
-0.5774753618717088
-0.2941200983399177
-0.011097656900975306
-0.4373650245962164
0.7303740859029466
-0.04458951940392497
0.10265760193825946
-0.2909396942210847
-0.31810420684850005
0.46382287922028076
0.8845221090205517
-0.5376291947328808
0.08084466288856884
0.24440526589378408
-0.900960862238871
-0.5671533861146201
0.30433510543299525
-0.32685214150328745
-0.36465502701612174
0.483452797356841
-0.11456075891066941
-0.00885911705329745
-0.15323614550609288
0.9206977318305536
0.5285593961945583
0.8048079342782242
-0.3945211239912836
0.8605312862544137
0.5107821835272397
-0.9286693519761067
0.6572378924578903
-0.3435009091328056
0.4491049176381052
-0.5100468250571386
-0.8976824065341829
-0.46823135460215726
-0.6535526086959611
0.9405371821878912
0.552690951033197
-0.7730555867131566
-0.936206515500297
0.7216349947538185
-0.6892507303110782
0.09783871927843002
0.8525324477861274
-0.6856804232250597
-0.03033085334081198
-0.9206434524790665
0.3031404936895068
-0.3471107630099659
-0.7670792790270236
0.12108250250411934
-0.11354811347544325
0.7772408860766424
0.7906067581115839
0.29777589722855535
-0.31151553249766617
-0.5515145640556298
0.8571590646343004
0.8308113870983511
-0.7551049953379232
-0.46607711991144285
0.4374319310864556
0.33426887854151865
0.9579664998201018
0.008376686649695486
0.12702972962351722
0.014792209830824188
0.5283029913893134
0.909377929131941
0.8133849563303541
0.9877295582164194
0.1432397105758394
-0.9590666199071982
-0.6863362656884657
-0.47715103883290944
-0.05835032367946136
0.9550086570419314
-0.5463931123667718
0.6361569614069338
-0.9512710770070296
-0.9312930191768565
0.617362547415286
0.5195453588993346
-0.11538661975718001
0.5916540114263396
0.22165343399794835
-0.6842018310027973
0.38203873121654186
-0.8522520213896745
-0.2479065051477698
0.43386440942756277
0.9384203333571921
0.09295487114191059
-0.09695018565390212
-0.401545162458685
-0.7002356159030323
0.26667387385273744
0.05020896257066565
-0.007868759806635817
0.31978765126747843
-0.11532695125341252
-0.5200839937174797
-0.8179881238428979
0.6157654939534871
0.6143398370600439
0.8976483571824727
-0.15777883355046973
-0.5308510547466283
-0.9568456869001021
0.5027350237939823
0.7459325586723258
0.3155680681397437
0.09121527822223596
-0.46951270080047003
-0.9514660652947087
0.5793555616482864
-0.8059358513514583
0.6651605842377264
0.7217331607431172
-0.09706476961214738
-0.33345837788913624
0.019062852148508336
0.6868423100624361
-0.8542983825388519
-0.3733106627999625
-0.3114958393126055
0.8832492385940902
-0.3172915009744388
0.5501344676314219
-0.5390668103458407
-0.47493847521259136
-0.5530041466495339
-0.5342645604686787
0.6207130813641208
-0.08882012048622778
0.17706434350925226
0.3057886984156364
-0.28695724636412967
0.3568011971734373
0.7722616156942308
-0.013628619387352714
-0.06828789986882877
0.1271708722325442
0.12082908355308764
-0.07023944006776195
0.6222745447370481
0.6741668389121627
0.39192965671508784
-0.6513237805276944
0.7008182261097327
-0.8390772321741384
-0.7633333667324029
0.10848511918611803
0.2668170268511496
-0.6106124729323505
-0.11085927573248999
0.3950342768438122
0.5853100748296516
-0.733949330145572
-0.2652950483704255
-0.6957939672563365
-0.6027834781482151
-0.2827535317475143
0.15531854724621397
0.5199411277295276
-0.7564100660833388
0.5077436465035041
-0.48974708812997014
0.546684725970308
0.7661483567464924
0.3784789320528563
-0.38653770121298736
0.4809195151550305
-0.873365977104007
0.07723767805885706
0.11219391560685654
0.9889582868176872
-0.4633290974825852
0.5074309192577799
-0.4561142604984547
-0.011493726846263597
0.34226304240277194
0.6893737781783691
-0.41900362711292805
0.8853825457528628
-0.9232189304154199
-0.2413538233780299
0.7462419991522862
0.14963435329717578
0.314609659318684
-0.43657396483938715
-0.5831083305658857
0.4650784407531625
0.6074396405246976
0.7146534614793212
0.06954886677528127
-0.17796027630294153
0.4980107133991194
0.381354381222895
0.00929368507182482
-0.9812621600893217
-0.4851138866807785
0.3507752817363321
-0.9029902810798323
0.03895522964466425
0.6981904509158241
-0.5869601231416122
0.34205433970355426
-0.4209400572664248
-0.830340077562707
-0.5031326520498505
0.998031694657423
0.9097946119830242
-0.5276169606406338
0.8357120375486966
-0.4585501450151934
-0.6913739614775258
-0.5727399186430708
-0.2524380919314013
0.6110171811477734
0.47016026399851385
0.350786907273535
0.09203484430969411
0.3178813721062226
0.6049627697636026
0.6209318868563973
-0.8424798945212388
-0.5975006583211413
0.7713559429101697
0.5554542033172805
-0.3625023992715133
0.30795529837872704
-0.3652706420729992
-0.5009882521946583
0.022482468213137263
-0.5147852855196946
-0.5019777655120583
0.35860673301529844
-0.4577922092829272
0.87966691061436
0.19670779453270115
-0.3838208862243999
0.29355509939735747
0.29983097754166144
-0.569251173042701
-0.5234098601054435
-0.343318420226147
-0.8621001130231953
0.5845106802404314
0.5301822051761405
0.9906103291785937
-0.8936258319870731
-0.8179281540490058
-0.7263380444572374
-0.41814196571836026
0.3290462956115645
-0.5974376711085259
-0.8210202373752924
0.08480334662326028
-0.659666348594254
-0.6887365976099618
0.28981790210516367
-0.43591959675716807
-0.0591942798653331
-0.23437484526285735
-0.2117361560946147
0.7435613835737604
0.5305525890451723
-0.1398773437403351
0.14023060861578052
-0.1526544069954192
0.7329891379498064
-0.5782279271647817
-0.5926133743118067
0.3927208645808058
0.8754885591622683
-0.5857764783660981
0.777489745941736
0.15277431788968276
0.2482930544693882
-0.27380282541419465
-0.4214159453214257
-0.6337273188140295
0.5214019431641654
0.7462691325668931
0.8145036406913062
0.2856696957337501
0.4095183641258453
0.08709273475740686
0.20589855503849352
0.11975299864230804
0.04102039375025068
-0.36166615971255545
0.6491287940972745
-0.9797861998010919
0.1423368032605843
0.8993078032385831
0.49197546699645267
-0.7212360633278712
0.5887505545693696
0.32972217734407616
-0.8582467376109959
-0.07153808371962689
0.4495676328821845
-0.31051614541361583
0.45481024436809014
-0.18095417240872513
0.9180926573547772
-0.4375463850020227
0.7695979742449328
0.7063245781709313
-0.060415568764360605
-0.774148719297945
0.8988105064449854
-0.724269229578034
0.2304770271217742
-0.49266095463479975
0.07160714169987847
-0.48842991315748896
0.4091217458132683
0.17524330392321352
-0.050451312489130595
-0.8898842541555363
0.4252437000582652
0.8883739504730044
-0.051419495350146116
0.7297088484378924
0.5079173040868175
0.9885099111124727
0.5070523490927503
-0.5285895839771122
0.19588845568486168
-0.18182669019910547
0.3583714380531955
0.3929439823877965
-0.04202424958805584
0.08629746838572294
0.6513136117619711
-0.09039294514728446
0.7218981211097222
0.9841620736183798
-0.5043765407313321
-0.4862429797828014
-0.3196801102130358
-0.6662755686484256
-0.7868656309012381
-0.07955735272078601
0.14651544647176284
-0.27376365758230725
0.5012060939315484
0.32969288370963024
0.5232357689748541
-0.2310805281098458
-0.8070832113945066
-0.46082834333295764
0.5420246049046569
0.3439077581075709
-0.2620495755425152
-0.28070373158588824
0.3306680252382166
-0.06490298881776435
-0.09856024110353157
-0.7823244385513013
-0.7878966050208656
0.606779971838594
-0.5597342338969256
0.679632773114115
0.7221522556530273
-0.08040970503871492
0.6141861294457558
-0.30952653688839615
0.897308221620734
0.4302519023084126
0.014185522006790796
-0.8609175996675944
-0.07330071179196151
0.10224042491404295
0.8476212433029684
-0.5196226220333142
-0.2538790122358363
0.48765438543114503
-0.2590745369998577
0.12905608660213774
-0.969157972583399
0.48671900516426225
0.11950674636978387
0.8362861177226613
0.35763893581184836
0.3340941015221919
0.2835829053389842
-0.05222735364061126
-0.7823601346290234
0.9126309261678784
-0.7083971881219893
-0.6539789310828645
-0.3295517302394422
-0.1594564054887586
0.08724799010066486
0.10919081786943563
-0.02156893972188545
0.2644772696419071
-0.3686515908197896
0.8698372718983671
0.08799263557318615
-0.6558815135457239
0.5905157136812444
0.6796965850112766
0.12355852439136528
0.03919902272954845
0.3456305249471745
0.6627831347218021
-0.8062397038692104
-0.7770458880508979
0.4682392707318408
-0.7644333603130402
-0.0672677216032107
0.2908607756148056
0.16835947503517334
0.39416519279164386
0.842455637858623
0.6985246662546607
-0.5036312714957878
-0.8024867630637551
0.10377257750521451
0.12821259454603107
0.9352823605363159
0.13375973652090156
-0.3151039664868609
-0.5548938192672161
-0.23498881878870548
-0.4685597050185084
-0.8200778897546506
0.1260541691357766
0.9338507221617025
0.8475723610241785
-0.32192194960627196
0.7446758417456085
0.965004636658785
-0.12704027261376316
-0.610315290029813
0.28751242449488257
-0.28005324513848584
-0.18636943354119095
-0.9454440915025482
0.669668811539317
-0.9683301162510067
-0.4226662732708495
-0.8053705969034695
0.24736220432774814
0.24255011378842095
-0.23476964187966698
-0.20514611017983375
-0.8493332016914747
0.3312792062878458
-0.7753195361423977
0.37853373619180464
0.6699628171491341
0.7865980860056512
-0.10767422662628467
-0.781798390361915
-0.9607776696026518
0.18008431113512757
0.7279072425512549
0.9237714954738703
0.8477934246947614
0.32541143651796656
0.38635375060882904
0.6763162003096197
0.8300239081914851
0.11454743782311128
-0.9482624841276994
-0.40835569066390387
-0.09709013047581094
-0.7040323943295923
0.6160239512344163
-0.4002092250039968
0.9632388615942236
0.053943644565886295
-0.5131265436232433
0.1400429842497044
-0.1453346048603683
0.1883755216207934
-0.5724357913149769
0.8627082351167727
0.1067492127323253
0.49975837279294644
0.6820734909637367
-0.3946409030521558
0.49000718440405255
-0.008377843525050555
0.13012814768593062
-0.7480869579079161
-0.4174680834360678
0.7377169848263898
0.24926242793494557
-0.6316549877434339
-0.45427700554465544
0.27048161957808436
-0.5964963839432034
-0.9786114845268534
-0.19925894134581656
0.22377611464152025
-0.5011907392962616
-0.5745532116167575
-0.13559206851367112
-0.45627256150839735
0.431670694022249
-0.06239465670695998
0.14388202878284195
0.706044976915374
0.3531064400610888
0.10196102435083554
0.46700046481070845
-0.48384483985752347
-0.026491013914875516
-0.5319589517024483
-0.02161409476151599
0.029110385719653076
-0.012826904365844216
-0.6924762047042614
-0.1463998573233165
-0.5548470895030149
-0.6747015906109455
0.16825516277056174
-0.34477884608323506
0.9158826251665191
0.5523332695240251
-0.009255321003596828
0.5798035907560517
0.3565119722768504
0.3967105471959349
-0.7197445625376278
-0.2173862047115629
0.11834166110622513
-0.18092565917555192
-0.7082602289430182
-0.09934421226324286
0.7460209993180544
0.38821706441337556
0.2295993748693621
0.18190714406952435
-0.4305114293458048
-0.4236600899487315
-0.9906717832158987
-0.8361342453364347
0.2858468557321856
-0.6420162709627895
-0.014098518975325103
0.5317587263305406
0.05158495630063986
-0.5860483339311022
0.2676631956387603
-0.5186625263851516
-0.21085099410539465
0.4898037329398446
0.4714599106047659
0.19032863032750957
0.0892481603048203
-0.11424184523942871
-0.8662796498803536
0.6418597597841711
0.12449649254916517
-0.20572987750665694
-0.6703920233021534
-0.5585469737760542
0.529026385103236
0.30972681336074226
-0.005397716592939084
-0.8472342406852573
-0.06165630670872013
0.8778594233984953
-0.7676597386690385
-0.6744090521157833
0.7523573730128517
0.413410974982106
-0.7416104067182518
0.43733636554668953
0.07602614781866146
-0.8535853968196747
-0.5017307649029448
0.42538538194469133
0.09117731821326669
0.7795296979226336
0.3821765593109929
0.1876565042780407
0.48363484465100504
-0.31832995849404244
0.6602205667577954
0.5154381517052808
-0.9550165966288315
-0.40840948427278234
-0.42675325219171656
0.6915075291302339
0.6622267416735812
0.06103041202069148
-0.05482646449410855
-0.43132859762127507
-0.38492009388398585
-0.9734956291293746
-0.4564910127544175
-0.49879098100975794
0.24098959204454728
-0.9703078527210995
0.4844840183858543
0.44541067936330125
0.8706501871681187
0.980645664428764
0.5292219055751648
0.5353192695135336
-0.41667883262461847
-0.17857096387927318
-0.6527628216822998
-0.2460739601664228
0.5926544339632545
-0.6521551617554626
-0.5853218618397502
0.6560631227145317
0.6308562436185572
0.11345540657175612
0.7628718616848191
0.02637746065812263
-0.38927957210173547
-0.006988544658482754
-0.7784833630528056
-0.49574672717917045
0.2468018645041412
-0.44918676203755226
0.6129487210830173
0.3934876604323385
0.7086127153140787
0.05926860319783356
0.5897995144256529
0.7896911866866638
0.13232823517074555
0.3651199712667881
0.49312111401202996
-0.30406532484839666
0.8287020082437144
-0.6188067001085829
-0.23280676625679386
0.6520746735597136
-0.3965539009635797
-0.15395022377083167
0.8258227260783249
-0.021032408720661033
0.5420781555166847
-0.40749745610009835
-0.6508772316032967
-0.035742183334725564
0.3444532062098218
-0.9363691649920272
0.21549456598211303
-0.47696268852669155
0.07449387059502577
0.18948580785154667
0.8065327072776491
-0.010184305755166045
0.7872353862459756
-0.4060544303105993
-0.6345726676308601
-0.49977981648055714
-0.43305124142240214
-0.2242201747340944
-0.354244521157963
-0.7940885854556763
0.6228014231229797
-0.7613894036727855
0.23768835283243117
0.6329445928502033
0.6305207870134184
0.5617601118547557
0.6510780317086495
0.508068641572524
0.12240003628262253
-0.9979629267412546
0.21553452180707966
0.29049749595807883
-0.14846928290080208
0.3981065109176485
-0.6865084404685278
-0.22321330356443014
0.9134025635680258
0.5922449015551592
-0.3133443865938146
0.5673829468623863
-0.7627045447648355
-0.791446396064257
-0.11503187955480665
-0.04887030593681385
-0.8722147436105803
-0.86858902433978
0.703824697642127
0.23318203049412878
0.3802236251032549
0.5213142299981972
0.9813756926619925
-0.5332702705741661
0.4985209170983418
0.9175366867709132
0.9810290188018007
-0.5979870165863745
-0.822265434871531
0.7642326471564813
0.481708762647137
-0.9528450576206744
-0.17619924637855067
-0.9475760382156884
0.2198050826383544
-0.2775494668750367
0.5130630511540526
0.04494656235578476
0.7885872372345555
0.43873525736233443
0.47970675700188226
-0.3596063218302006
-0.5414782339580746
0.38781820359979213
0.3889022325419478
-0.4327598497119951
-0.44729212521378714
0.21032142468402593
-0.051018859226669155
0.973197248011815
-0.7497657164803841
-0.8650460926245933
0.5569597876534649
-0.6888085141271774
-0.3924296856620202
-0.3848481177495655
-0.8614026804621697
0.5461560208555221
-0.43781610857029163
-0.7935644825788568
-0.9663804032875132
-0.4410066650539295
-0.5720928220446002
0.5081553068837894
-0.06795626942777022
0.9679436079074855
0.4720272062936999
0.562348907833162
-0.36108926021444576
0.5112148428594425
0.6003214702498549
0.2994924547782838
0.01765034411678723
0.5535466161147709
0.8354468519667824
0.02247790180681264
0.8544097207990826
-0.2204606223870793
-0.48346197292642823
-0.5440152026347145
0.17859769013029703
0.7828372473065746
0.9589950396308
-0.8902464941022297
0.6520488219628409
-0.9854768902838686
-0.9363585134459984
0.569632615123238
0.6876514496829829
-0.8502991446557833
0.384682590552371
0.6203394120684029
0.6259539145149384
0.6175952886764409
-0.9961903843410236
-0.09971715748512233
-0.023067906402901794
0.419994952281866
-0.4870056500982516
-0.8721357692255594
0.11812945641515404
-0.5923679563060695
-0.08789279367291902
-0.5974671377594625
-0.4365296376491463
-0.8379372813073591
-0.43154422706004647
0.36319506492550446
0.722719304545292
-0.25917042657812783
0.19936961343077186
-0.23320919521415706
0.4006127038873426
0.2634923427838174
-0.794073987458626
0.03570253813812263
-0.7116545197690072
-0.040262574440293575
-0.16485648716669932
-0.11208139474863255
-0.9981004225332548
0.8103465587848722
-0.697266621955694
0.21676309454761888
0.850756094872583
0.24879405864068027
0.07388319428014145
-0.5431139099558107
-0.11031202983929211
-0.3924138425319361
-0.04894211506725399
0.34587531103616453
-0.7692195023826842
-0.9428703445141537
-0.638016730656813
0.4495180726753991
-0.32557567513193697
0.7028280053490823
-0.3148164160666087
0.16737014536384898
0.26790943285331403
-0.9885914415028954
-0.882920267725005
0.04104651786077396
0.42509424532932294
0.7230036821188803
-0.5078167175418049
0.4254055376751713
-0.8784272018272477
-0.7037962746431443
0.6057924133972237
-0.16329812164796276
0.2646192859559202
0.2710493705343846
0.36476731956024566
0.21945819995552385
-0.5224490931276553
-0.5528496538102627
-0.7975184367733739
-0.29415633453780776
-0.14650268459345672
0.11212057425604405
0.7752105763358725
-0.9998597691219095
0.47632804075426693
0.3476244881670967
0.9351071457431726
0.4415439989723242
-0.6561368452851948
-0.6374129173931817
0.10218650743162105
0.49961187146725683
-0.8264268873969616
0.01755526731585144
-0.16445269864030987
0.03589854071298704
-0.5137461792331262
-0.6964208770791147
-0.26552913075105766
-0.1051244175155781
-0.9626119988959982
-0.0716972160141438
-0.9050954759537224
-0.2043125983656997
-0.6275916999161772
-0.6222424145716321
0.15670909047257697
-0.35914849460978715
-0.8793819740770172
-0.34419086098990914
-0.18819305463630198
-0.537265214685841
-0.3225196271424722
-0.017949544905270676
0.47910421622041843
-0.20455857563408464
0.3262784565293382
0.6721491282614438
0.8295563471398502
0.1272743177860085
0.9234465541170145
0.14681293260092798
-0.9964429774255619
0.7463394540637085
0.6106790083795806
-0.9534837178972511
-0.888866263872234
0.6076653878997782
-0.7993910976164083
0.33848532843976176
0.9482845116792709
0.02300272891312205
0.9513225604544464
0.480976990024772
0.28686621894894304
0.6045024216628458
-0.03814347165806398
-0.5915959963680164
0.02394681833557799
-0.10130279584061808
0.6119785003458402
0.9944605346475124
0.5883326349406153
0.0063291475691784616
-0.620306527583828
0.07471065563724211
0.4188738407689865
0.8553281776767907
-0.040198656505321395
0.3444970973797621
0.6837704519238452
0.9614282438334949
-0.7467542289598676
-0.16789488847499978
0.9410470642219577
0.10963454592207666
0.46466393644191206
0.06868677711039028
-0.713347360557427
-0.41228340206235314
0.1920653941458128
-0.17417457326792585
-0.08477978302165168
0.8176521484419577
0.3198212213014642
0.6820655321524949
0.8457885655162691
0.6551654395934059
-0.42984066145965083
-0.17011218233668912
0.25643108642753387
-0.634687311826287
-0.36787889651606087
-0.164849525914059
-0.1182739026228723
-0.7644188147557938
0.46450744059338267
-0.6262474390648054
0.7342331031442755
0.4216460488404181
-0.45320173242207895
-0.25593026383887274
-0.5061131759346349
0.9612149482646719
0.19155121290100952
0.3549627366812753
-0.1460187385120839
-0.7525866107908743
0.27814808417632997
-0.8885848708321058
-0.16832794758699432
-0.8981930805651617
-0.14497156315002724
0.10695030452962317
-0.45069341969552323
-0.4077461495366246
0.4771935112584613
0.741738500670799
0.3071380170596787
0.9594851779972928
-0.19513354946415995
-0.18031596770908287
0.04874725000493907
0.18671285223104217
-0.6831086631528789
0.27568814338249337
0.1973565590235955
0.7903463659069583
0.15095982679263464
-0.2007392479837551
0.6435210260849396
-0.06751895169870137
-0.9770507310058745
0.371560662103255
-0.21968448038167665
0.1574490209488686
0.7060738439746552
0.9082969926736009
-0.7306547053384151
-0.8505307361847836
-0.7204384003378104
0.33236665266711585
0.6135987385864912
-0.10445750058565317
0.3611031466924124
-0.8930699675476188
0.5900732724481135
-0.9571251004473347
-0.9138554540750357
-0.14945412134898373
-0.2784959566202301
-0.4723674029606799
0.8500507148871426
0.7781613884062284
-0.4943423111312166
-0.7145724491581931
-0.07588381054898585
0.7114053930565967
-0.7223306064643706
0.9204931121564073
0.7436078926484035
0.43593717638966845
0.39397809430577313
-0.20916139644419696
0.6583550418426531
0.8103940416425928
0.14905393073697293
-0.2652043904334811
-0.5565096355804027
0.9916592274437555
-0.30446939525504435
-0.4468179385048987
-0.48092430429221267
-0.10571770161719396
-0.599746853118277
-0.38372796991504177
0.10458797687221066
0.5985074897423976
0.8196026649575392
-0.20352413038758166
0.16630377744361557
0.05891638919013076
0.5615965184927907
0.33247918784684494
0.4483524577289144
-0.18738801507021696
-0.42941639086520356
0.1318047533632476
0.32338045836336105
-0.9509301157202619
0.6756642164261193
-0.5542919752375421
-0.20902432259759784
0.6003802704386949
0.4116469407943837
-0.8376583649955625
-0.003601267063481961
0.1073537133771374
-0.4321649406181862
-0.4821061061597518
0.4984339803018474
0.7639570233487378
0.4736760504082145
0.3290445344810835
0.7253279202632161
-0.7037128877727965
-0.6366150742348453
0.3407511360314137
-0.9901719196350609
0.6560641146278345
0.04733610266653665
0.06128403447162811
0.48373159672703836
-0.08364050057216765
-0.6590561420433614
-0.8552633887759153
-0.7099038483609752
0.7119673864297984
-0.6182145368007523
0.8030532000370734
0.982786894915165
0.19198182257081053
0.7999293765213498
0.886803616640091
-0.5312349045996918
0.9632055057316662
-0.3259387507541247
-0.404215860027467
-0.6532965131502524
0.8231765805449132
0.5882866231815647
-0.13230361169307114
0.8720820210710558
0.7492980519608561
-0.09213659326804757
-0.07524047427935954
0.0076813398802857424
0.24171683017989398
-0.3133524208991898
-0.2926692766633847
-0.06100782281037409
-0.22114278058704095
0.07260995413617155
-0.006674306204026426
0.9295350547391961
-0.2686044883079952
-0.9587220671602972
0.9186636287852006
0.010793670655314225
-0.97376088124421
0.45245243093607845
0.7654951505866434
0.9858136299397426
-0.23549679454263273
0.740334658765919
-0.6992727520700905
0.828716823022956
0.051766827816001504
0.24949128353373262
-0.9581232306861454
0.8726166213406623
-0.374010505834526
0.281490056746154
0.1752145518782302
-0.20115857842327767
0.5553390368069333
-0.7831359725379401
0.4797059331980995
0.9226812637611508
-0.8418358405724575
0.9598386269418493
0.7593082031914282
0.3753059484929573
0.1568456205635702
-0.3824791290875009
-0.757237898698571
0.2359676038212868
0.1242197620108143
0.5642066408470916
0.23784369463151767
-0.8967053980200121
-0.983327759401377
0.05040133273835656
0.20678770069227448
0.36799907504607243
0.5548961669427057
0.5703011550317774
-0.5272922268271834
-0.8938960948435581
0.47491679614216564
-0.34388773844641163
0.6955263387504809
0.24323090672356873
0.3365073454173182
0.7935272130530804
0.05887190301139622
0.4640998724104173
-0.37767092489385656
-0.1797102334404006
0.6556032773477187
-0.03352056280449944
0.0453333773687421
-0.028599052388579294
0.09233210224555455
0.5796699435004997
0.2767334168737461
-0.37223164360505434
-0.839392895989473
0.6334147392303029
-0.3943546344074691
0.8160526922028868
0.4499601760169347
-0.46593283860064805
-0.2548554068860591
-0.24735072509797162
-0.8247058456743916
-0.9096616496425283
-0.7175168058821257
0.22408249246579337
0.1327331816270132
0.5277955281043141
0.5111471214734924
-0.7736546543667533
0.3938151141029511
0.4266662412100204
-0.17564108014026436
-0.702037001830113
0.6470458818086229
-0.10772736952872553
-0.9988687291609313
-0.8023797077997132
0.1455009186275047
-0.6697792442322288
0.35649273783261837
0.20021014864897868
-0.6855741875623622
0.45474033258049906
0.7848750018206476
-0.7307139686660822
0.9605011077370547
0.8605576925956013
-0.3056328237469108
0.39401533621468676
0.69090639864134
-0.6490534007357591
0.9822146219396164
-0.5265148370806667
0.03061367455402908
-0.6261508757332082
0.9274442320128538
-0.8936434466779175
-0.28568826141342885
-0.7015180369556908
-0.39871394802307547
-0.5812519805173486
-0.8325086684693437
-0.37240071868536306
-0.8318906407266824
0.7442959542607281
-0.7176377312755937
-0.740835485357048
0.4024767714583344
0.06555172447661772
0.009266122285778389
0.8981855582126117
0.4045604956468769
0.7732655382749307
-0.12161517280606926
-0.8584848144408608
0.6690875257092679
-0.7812364356609702
-0.32382309370764295
-0.2532723277700131
0.5923802790935966
-0.665560986633883
-0.5633414552674805
0.9066365864249784
0.13868315312237867
0.6308944154931477
-0.953290370598578
-0.7227277156932932
0.5388675038760078
-0.20886553716641365
0.5751085675895726
0.6386564085341315
-0.2761496381265298
0.6098157011356777
-0.8984058146651328
-0.009827017399274718
0.18069961687597114
0.7720183265965723
0.15864832120239125
0.25066749992931303
0.01983042873187979
-0.898818694252733
-0.5039963228720687
-0.38909352550270926
0.1736750247795238
-0.4181238404103049
0.7655472978772848
-0.1997101604818543
0.37526248470705115
-0.6748237264527668
-0.13951029268585424
0.7623419739373458
-0.8976334330678075
0.39337740729564663
-0.29617530830661587
0.8799032537908056
0.6265433061135355
-0.8617076414328959
0.32327543030706085
0.7428870142707247
-0.9554794013067385
0.4600056710304796
-0.4912421416137196
-0.763123547722204
0.7090521988007958
0.7855659404243267
-0.6925098987312952
-0.34739845849305295
0.9465377560678625
0.8940762554126123
0.5243536802672895
-0.650140969536039
-0.8618954644442729
0.8000388812986734
0.7562059462348736
0.3320365147002031
-0.013976464071096872
-0.16919379933579437
-0.5393725096540263
0.5367080634043266
-0.05803570296173399
-0.1479724496298498
0.318896378628859
-0.3627893677797107
-0.6569615739180605
0.4656535689079513
0.8222108818142162
-0.6848870166705818
0.8036004605346676
-0.32118197632418566
0.8764625168004374
-0.3757748834450203
0.2873345586141358
0.0909116328520212
-0.06097215634168074
0.6816799080757827
0.9619543224989282
-0.0897925537920552
-0.9642633700317009
0.7457264342378069
-0.017611913829310932
-0.06482920575068052
-0.8715674581174329
0.7592132452409885
0.18219914234335177
-0.7055994389448079
0.2856864866611697
0.11864729540534213
0.6531754333752706
-0.36817779709114995
-0.5485931540225271
0.05767523429583865
-0.8969140819844648
-0.9892548755313615
0.32052357145600663
0.8928727004604773
0.7932817953403148
0.7205617029349565
-0.2718684911805387
0.34329291895920977
0.20074330868126866
0.5581395182842532
0.42683732817865216
-0.8595812782114371
0.878235924666241
0.982070968212589
-0.370174573388504
-0.170818269255558
0.9737665681725749
-0.40486074673825745
0.24947007269244015
-0.23821565419864732
0.1128220320887523
-0.8994818665904549
0.44869247297500414
-0.46313127807133214
-0.9582532454054964
0.18047064891860543
0.7134734602676442
-0.4540654641913662
0.04793200866752967
-0.29640970452902726
-0.5140213226094148
-0.07929226525029587
0.9143690489168268
-0.14797407596881995
-0.4695469281594644
0.026198352786327428
-0.9288725927532029
-0.8741225243620627
-0.888585095362638
0.02632123278804621
0.23376624067097596
-0.6689043113256776
-0.8458562882222256
0.9053313797967999
0.7556260409298585
-0.9556423943133157
-0.895165332998777
-0.16403866456393734
0.7453416866205402
0.4865750971113876
-0.3010006218118475
0.9760830288363076
-0.09608357904203535
0.2130213077164127
-0.881465638690937
0.79539402615679
0.7984582364205339
-0.10428791562720208
0.3882364004414891
0.3856138130331519
0.10449421923425462
-0.5361882520193124
-0.6925117940474994
0.09304263989098982
0.009457333542109758
-0.5806376797336965
0.38098597220077113
0.5779806410859181
-0.723719655873855
-0.09868184339556607
0.8525975530962215
-0.5654326941122001
0.5655139444034374
-0.31172898794074233
-0.7068380692912906
0.5579672329697358
-0.7945577104062442
-0.1506293027155554
0.07577759843372678
0.19558300304750786
-0.9409911886546436
0.9856765415163093
0.6429784628229449
0.694281224400165
0.6582037841040236
-0.7173061887894188
0.12437606306850313
0.9398472198725585
0.548387577825268
0.6183074073542616
-0.4542410210287937
-0.7261168789021788
0.06586745414244288
0.44896176160073775
0.00617560846846299
0.5538416552809922
0.9877555253925643
0.2094956377999435
-0.3385319557922557
-0.5719458746164268
-0.5896199280613481
0.5782376357857792
0.6803782892787311
-0.17662044302126212
-0.8740007721737371
-0.3316502402297634
0.8971468083374072
0.5876410882645484
0.20272760339048168
0.526282886951484
-0.12314380226748911
-0.6168946723104891
0.32966938843145144
0.25480259594254884
-0.06057522729251996
0.29072241578984714
0.9043991396499229
0.9053112632062001
-0.9855689068398672
-0.0408452927767462
-0.38110305700277114
-0.258986468985527
-0.17856171637117435
-0.9171454524323601
0.6192828553780292
0.8263997832675274
0.6228637582093739
0.17588756299349284
-0.17610172340381403
0.9012664837530988
-0.28508835157145906
-0.952999356030763
0.7969244501104933
0.16871616599528205
-0.19324838076526119
0.6159243362284432
0.12235301455539127
-0.9423625121007195
0.945733967662099
0.14105702097654227
0.9239729578169862
-0.6047890238044322
0.3988116013241054
0.10383011535514042
0.1714685234298734
-0.7207814109687276
-0.7023715998888294
0.3677695814086359
0.9727950818748365
-0.9469755633281187
0.19571865246598508
-0.6897592939868005
-0.6079417968926373
-0.1778119972084924
-0.38712643389653567
-0.8102584037999156
-0.028688404253462307
-0.14573423746156688
-0.9707675125819695
-0.07944844420162678
-0.2064005498304946
-0.4198314629269082
0.4233424133525592
-0.3148466249655062
0.2576871128175542
0.9742288728375952
0.7520228324362304
-0.2964364170774192
0.8903237738757679
-0.31972705722848516
0.674904897276265
-0.966227233909986
-0.5816103631971759
-0.9378544427661304
-0.4256515629627913
-0.03157932165045407
-0.12428058304669376
0.5029704159328061
0.7221985478308284
-0.8831505518687686
-0.40640504041616965
-0.9270516175235353
0.5034496210921695
-0.7578266873688397
0.17575434408306934
0.9903125631429723
-0.4305735737980678
-0.20952246481282066
0.2837752913697109
-0.4457696759665757
0.6288613669603289
-0.07641794244642619
0.16950710113535505
-0.6076245167626166
0.9289169523559717
0.4423229164762421
0.9977854358768483
-0.8851981037655077
0.23300781762908884
0.8294827249379222
0.46564466034912266
-0.9501922833961638
-0.7066435968590201
-0.4916679274434097
0.5847948608704139
-0.93192498483631
-0.4711237290707526
0.7925385440976076
0.9299005167441099
0.6731952272090671
-0.7905798100480366
-0.6475734402315265
0.7482089988959733
0.06859307709789064
-0.5360918411338966
0.34768474412527484
-0.4370998126925587
-0.016979555674622837
-0.6922371037658273
0.7108844471930427
0.08371087138466882
0.38166949733162214
0.9452633003309163
0.1976263197805519
-0.3887966580177069
-0.5838273830386915
0.8399756870975625
-0.7831816214078464
-0.18003404746942064
-0.4082082445474542
-0.5794662766569723
-0.033710347437389654
0.7113288477457362
0.725263195185176
0.20444100617153294
-0.39784400675631404
-0.7602492542317096
-0.11397039279388022
-0.7093344187892094
-0.8663324593740944
0.4739138398615468
0.5403612902133796
0.7046026148230118
-0.9285000411790831
0.924897832921695
0.20064298646476586
0.1866202374289383
0.5978956826881461
0.815745160265394
-0.918066701805061
-0.1863321687797106
0.8581867907814187
-0.7204410161575303
0.4155187757147507
-0.413922564669875
-0.17275139052279176
-0.4682477158081635
0.8535438770013264
-0.36916278447758444
-0.22633955815308515
0.5451105899317434
-0.5067629956379349
-0.7898865829157469
0.8625977141735608
-0.8492176091815145
-0.8094475209691119
-0.7940879674933099
0.26733257603805494
0.46541981855142
-0.24436969105122786
-0.7023952036904981
0.8625762129825676
0.3171548662844186
0.8304025114886058
0.6091308975237033
-0.6734935582661967
-0.538402151317668
-0.4542001744495392
0.9736445110849974
-0.11413317817711754
0.9809136939759184
0.022067607498017505
0.9604194829901356
0.5607175100381148
-0.46665716337985286
-0.7541794566682125
0.09201492275381029
0.8288585525915846
0.5393369047134575
-0.25203951545800507
-0.5565188219934789
0.6100901109398698
0.9292385582609137
-0.4578519236706402
0.9716685248954053
-0.3512902451090736
0.6524192338025423
0.9965383277924535
0.17294759315563413
0.8240099089728534
-0.8530998521338149
0.39335352721952255
0.36046123670761476
-0.3914486883644739
-0.5167080096591277
-0.37180838017839557
-0.9069649108360529
-0.0027188070560888455
-0.9864998773127247
0.4200842317056752
-0.6337280174838154
-0.13333610070413826
0.9742719998883675
0.08868295556964645
0.6111127977793107
0.6677120833062156
0.1406582797729763
0.48895784207952064
0.6487996939841738
-0.5829219860049561
0.7663555879265931
0.9982158795807483
-0.043234024068745436
0.7390263732262385
-0.5596487556761878
0.9125878010666995
0.4237783077274273
-0.3486423931492644
0.5035599866727807
-0.22504779320800927
0.9224667699183351
0.9796105559631234
-0.03467703404307154
-0.20550381390949068
-0.35738747727863185
0.41531732685562406
-0.2853404639933752
0.11779994147608308
-0.5283327330337451
0.4238865747289706
0.7545930067280182
-0.9727194038126621
-0.022752392037246327
-0.9052485546134859
-0.8752086087538868
-0.5824261748728541
0.6643312827057217
-0.07873148260682572
0.5227126584367829
-0.08592052638767611
-0.7742739095195716
0.013487047795147644
-0.01099595187429614
0.5757245658740453
-0.33927419196690534
-0.6882596814475006
-0.3055129231962135
-0.02440872273633299
0.1802469549446417
0.26269082861115756
0.8443525285069624
-0.9926321200155799
0.7087452470099995
-0.24953920168233723
-0.22470096447618215
0.9565883039597647
0.4745545652639305
0.320107414959804
0.9216680338755121
-0.35920819589099273
0.6732311648992342
0.2786068544442859
0.8869585229688988
-0.969107250306642
-0.887227234557221
0.7684909444464507
0.7209389681288099
-0.24670465869455072
-0.4655297008946766
0.6063881661245156
-0.8120656814992671
-0.870544219516524
-0.8783890346344081
-0.10258656098965835
0.4676288497350971
0.2907910855997362
0.37721121650258427
0.7236173187803068
-0.6645955026772787
-0.5925571484174079
0.26389814918823995
0.26131007420569885
-0.1967129333568316
-0.3759655235009811
0.824380608122814
-0.4472831170294307
0.5656085896700482
-0.596272690209388
-0.9801452480985109
0.0044415614887487465
-0.14413039016603646
0.9320409964840983
0.5801577093651176
-0.03506955525179323
-0.35413052500742626
0.5474694013620434
-0.15955956204550859
0.24005820928508714
-0.3757133466859388
0.2398222236066827
-0.3123392475226525
0.5771107494683096
0.22659403486473484
0.26022599463893736
0.19937785463301072
-0.3372341478823593
0.31251164024699474
0.06284562280627504
0.013929499331045037
0.2870322424060143
-0.060760963109879995
-0.9792121752157303
-0.10370157147477665
-0.7959258672949596
0.5991336066187796
-0.5142114986241357
-0.20288784694197703
0.9229677079638243
-0.7012947457289178
-0.10875865731840961
-0.3182948806724819
-0.3968162952314891
-0.03915892197976256
0.3431210184947042
-0.5083914246176793
0.2717409781085054
-0.9328966715251468
-0.04783130374960187
0.6642719262469841
-0.7433791798590468
0.04654948448106344
0.8924234294333595
0.6251636756750234
-0.08205669540830507
0.17992669043066933
0.7798480773156509
0.9213001419394851
-0.964854447103227
0.2518644797144469
-0.9340200460477517
0.33923673394841525
0.49644267573656364
0.2700916912146374
-0.9306438341317507
-0.7216154806789568
-0.28652433756758033
-0.9923745947278821
-0.1785539111250889
0.5010416200919283
0.38332469505413846
-0.4106457932886698
-0.22015263923507744
0.30891976950706934
0.821411924341602
0.10146088547811138
0.13729103587583635
0.6287794901571226
-0.5533991007221108
0.6696355455514451
-0.5429131329694239
-0.44845822756747644
-0.47719448689315724
-0.7992797877122166
0.04719243960228159
-0.20531775878958314
-0.05762755556769972
0.973245126165537
-0.03590177427414254
0.6494729341417849
0.17589533682674086
-0.42398864299799355
-0.013139401266961004
-0.024416347802281413
0.9420600516004454
0.46242857339392685
-0.42726867513914457
0.34192086661240273
0.5278166061728857
-0.1597256552604127
-0.13076527240367408
0.37482327736683474
0.662813084142424
0.08904834588897037
0.45901962269955265
0.4053347497568367
0.5054782350373905
0.14197975958857367
-0.3718411445717049
-0.10713356595169699
-0.4752307101186912
0.20013420328603315
-0.9152191236566396
-0.5936105085554664
-0.6542834933513642
0.22830602131380306
0.3518882040787257
-0.24935907224285536
0.36513622995978223
-0.06935430492745187
0.8555032814104515
0.7090212043406048
0.012939767318936868
0.6852056711798602
-0.7653957924415955
-0.5810103876696227
0.35421320398763023
0.61983591845213
0.7608209017483609
-0.4875160530887901
0.2487668189811345
0.8109546303894515
-0.6586540466342028
-0.46332296723496813
0.9139592314157117
0.45989394831526464
0.33009623458957527
0.10433082839738383
-0.5141323380019529
0.3065640732848556
-0.8476763919676389
-0.7267721054259573
0.013089033676048079
-0.7013718509096409
0.6032472761329564
0.12193908542746934
-0.15901676407178833
0.2824958461172029
0.9720328801765004
-0.06195900969869905
-0.0710711615832702
0.8508182431068092
-0.11280554658645459
-0.5986513969321148
