-0.21741938770519975
0.10251512946216157
-0.7522043913528083
0.09726738659866752
0.737420164652538
-0.9568378006482203
-0.18909243206799586
-0.5136429164376222
0.4325861035268139
-0.333465654792906
-0.6663929622782792
0.5747602481379488
0.6265388949816457
0.15868444301874352
0.6963025219513921
-0.5555951252791844
0.016171404105003617
0.8878556467252874
-0.39296100650755106
-0.8043712624326316
0.6995817417902073
0.6540937812258234
-0.19552409306575047
0.05302842409253672
-0.9716592851704919
-0.33168950496884375
0.07671619783225103
0.8430675925786031
0.4032826682972612
-0.11304002395594082
0.8142177127975412
0.719753692123352
-0.6327299266314443
-0.12619553582561105
0.6466452427802003
-0.40285141861925
0.2492981431857646
0.357169693533806
-0.2851184453548288
0.1395682272943588
-0.06135143440217439
0.25267719181980386
0.255052517584458
0.168899356851947
-0.9822621638960389
0.060591700518878744
0.9622826878550861
-0.2991829630550029
-0.7286682592073017
-0.7704372171536347
-0.4097559191210165
-0.4103269512559369
-0.6583123988366579
0.4517638263176329
0.022233499737240647
0.9051710570915166
-0.3295098739926914
0.9603566559878609
-0.9262578462311675
0.23748260741532223
0.9887371039050921
-0.0661105519276819
-0.2860279567891235
-0.7793762902324113
-0.6144243108137155
0.014689962740256357
-0.5725623637523418
0.742971722363994
0.27938307619686076
0.5698782485534444
-0.3017747148841985
-0.9361206485815217
-0.1846943368245897
-0.56316061252629
0.42011420761682805
-0.7885668696484383
-0.8694384709873468
-0.2170488011253553
0.925371635546526
-0.9386541889493325
0.34034303786600617
-0.9891669312368296
0.2789256798809665
0.22341546269224888
0.7137627631275039
-0.5540088170385848
0.30012224297310564
0.37044265677574617
-0.27929569067122917
0.9354033562149111
0.45793286868538097
0.4916259703105159
-0.6943005871924441
-0.6566875514103085
0.2980341310618351
0.005422925300642145
0.6898697156859974
-0.2148093379389504
-0.9796920913568727
-0.7845219648169819
0.8653017493415869
0.45109106216190686
0.4244319466701669
0.159385904468216
0.6344071879564654
0.5134395990554153
-0.08385863436962993
-0.5011850497463692
0.4888717925887589
-0.4047869433782163
-0.01641469776761295
0.06728833032462922
0.7730952192820344
-0.4943771470827536
0.31995458575068003
0.8506758232767975
-0.2650350995473305
-0.826979648710283
-0.26376351013268673
0.8861398152949671
0.16579705395849653
0.8988233978275888
0.4832647427710204
-0.5773388744291086
0.3764204768906765
0.6850905614676468
-0.6889236633137001
0.0038797143026176872
0.4401237352598488
0.5373447602071377
0.5430216821689553
0.3491976228906881
0.18739564127041564
-0.7425562281321181
0.49246929830711816
-0.5378169643025479
-0.435667636026031
0.5468437368789769
-0.881076969716333
-0.06643529427850758
-0.9356009688263904
0.6901942584693068
-0.48740854127008437
-0.7025797754479233
-0.8953691150731782
-0.24414621004967585
-0.3828615250546812
0.6386428834078661
-0.7272347203448055
0.9737128772231378
0.5792348838904333
-0.020093278383813917
0.7696625106114712
-0.34462537429533824
0.44274879009754
-0.3608567734521453
-0.8909461270565635
0.4304545940173512
-0.2792743636057553
-0.3253839001921026
-0.47197179407838585
-0.3924691514664731
-0.8470224473122236
-0.2894102067381119
0.5762262138924346
0.7372247099017692
0.17154655930316798
0.3311324169837555
0.4170461449122742
-0.8783124781933005
-0.9588825192282946
-0.9806913856116488
0.1803170123092308
-0.49080665582138217
0.950522226899285
0.7367960483650533
-0.013476399938672223
-0.0025387887949315235
0.6189301722429106
-0.4348532293459404
-0.2850199226362964
-0.3307668564104078
-0.22049762931661832
0.5599170800464375
-0.5259386869560077
-0.5973775785981874
-0.35784227207102703
0.21038016854412156
-0.8253467162922596
-0.38457773311224086
0.6075943772408325
-0.03490960047018188
0.7311387986310893
0.5445861277139528
-0.7444552018677526
-0.7588828366097835
0.9284867048096381
-0.3484914592829025
-0.4608131761100711
-0.3868185447784114
-0.5085612463673259
-0.466224359604378
0.83363484840306
0.33745518995997603
-0.008999040370976763
-0.5273954330513717
0.8084310860227855
-0.9245850908170048
-0.6041076032838906
0.8003208534170076
-0.4092648871300357
0.7445299186984691
0.10675639387346614
0.2063759508831735
-0.29797859734248555
0.8572814741461161
-0.5470884224725621
0.9890853863303737
0.6361059086384862
-0.7420419127744575
-0.4224150405566083
-0.09837116808880597
0.6410166385783982
-0.8577924257688307
-0.5170639117018159
0.7024190273346274
-0.38620246137655534
-0.9441391601563709
0.8170008725227631
0.9691263314838305
0.6596942611775722
0.8614890699208082
-0.16136389359709113
-0.2973075911710341
0.9237310547902116
-0.06485648779381536
0.47579861298955306
-0.4887414350547927
-0.8135455955051558
-0.6473945646174046
0.8474675914252414
-0.4166774015949759
-0.661698809989598
0.27566692640622326
-0.31600373238305535
0.5544766869063016
-0.6510567151036106
-0.8368654416380137
0.5153610738058438
0.5781541382794411
0.4067334016044981
0.1566583513532882
0.15231926860911638
0.002415308310052211
-0.9681500721515577
0.40833322717174814
-0.27157496404594794
-0.4198080742725725
0.43229211545564006
0.6316206486298512
0.49187298576003124
0.971647712514798
0.37308450842204066
0.532851273834174
-0.6817294584448086
0.7164616544643234
0.00798718882840932
0.579455242053255
-0.8845725543965555
0.15331200266701872
-0.30211034470928944
-0.04939317113254993
0.6811538462978628
0.6413408441922028
0.8023229501705553
0.309806099533553
-0.6478514554911299
0.6117971059739638
-0.9324525714786958
0.6711856802662719
-0.15402144391455508
-0.37002500819276807
0.6806384290899299
-0.10346726484497615
-0.9769819493899379
0.0889322831649586
-0.8118831305948755
0.997871250355896
0.9270321013834966
-0.9250181075682165
-0.09832754316001924
-0.18847239580778563
0.8753140921599276
0.43902818371735863
-0.7121916650380193
-0.36804037994360095
-0.05151053192666799
-0.5721677576243869
-0.0544533083715506
-0.43282635651757095
0.27078392030021514
-0.5408459415732865
0.03196397951472063
-0.827807940393531
-0.46719335878914436
-0.35313381738775607
-0.03242974329907322
0.608981606030178
0.30678498486554795
-0.4896262545426866
-0.43664122535732264
0.4556055802890775
-0.6127537635495071
-0.7866111792434654
-0.4404279317933708
-0.44103519137163416
0.8253699471849394
0.9283944482321582
0.32078380490832825
-0.012220519094169324
0.042003239475078225
0.025915439200225876
0.17359515991164987
-0.6953045641980082
-0.1575916178030632
-0.284791113633446
-0.34948603357758046
0.29500046466491536
-0.3313495053999371
-0.2903226267967438
-0.30307193401798105
0.7529127482098872
0.09412054685289983
0.7483865879599061
-0.20540843501266126
-0.06441391772777849
0.6628116559209198
-0.36231504407710813
-0.6062289340803342
0.5654827553575337
0.9850571958022836
-0.40971847055628907
-0.5374067486843321
-0.11475094608495562
0.5858273246383463
-0.531027465382685
0.5630582192144256
0.6490024341458385
0.10617207212811319
0.03955502603638572
-0.4235691888158777
-0.839274212522779
0.10158550600030236
-0.8178719844478239
-0.007614471488957442
0.2730411753365589
-0.8716310540700811
0.03586647367841311
-0.6368630211403288
0.5324675443848865
-0.02260514284283288
0.5445847400561037
-0.7947148046368842
0.5550778924163544
0.8783504636124844
-0.5263448119318546
-0.30302969227017784
0.9986308746412143
-0.12877206745554104
-0.0076114142278223
0.33776915573044297
-0.6566902946999302
0.5247489636554417
-0.9133070713382245
0.6594762401654277
-0.5513357857510246
-0.7640725829221051
0.5571259217066686
-0.987231353570521
-0.12420369872768355
0.768311538165587
-0.5284614837942572
-0.7436094878985215
-0.4629069353988864
-0.8075642759967891
-0.264873746411896
-0.8496773279005332
-0.46773070397037153
-0.3498673240710741
0.18835868651867904
0.3348024199595969
0.8758286064313319
-0.4532206005728272
-0.6003818553092579
0.5795450395522117
-0.6021079417297333
0.7266555322293862
0.14973994142755886
-0.6280557037520775
0.9137918802920977
-0.6837052978464926
0.7070554291232332
-0.6274771794196823
0.12089493131201978
-0.09403026856683261
-0.577432440068669
0.20540619785065917
0.2751220585153509
0.8132614028911938
-0.1111481925431792
0.6329602440342306
-0.6041365892277719
0.9179583973374108
-0.9620838292155518
-0.11454695978592677
0.8537925949840142
-0.10921198652754471
-0.4366121048145333
-0.010971671998708743
-0.7761207715937477
-0.146240393813462
-0.09962195034230126
0.44422984883911365
-0.5096980785587377
0.550164931843214
-0.27358107442797763
-0.5712934390425253
-0.38340915324216285
0.6208363469450351
-0.41601532687632803
-0.6463082682578931
0.5032221059626292
-0.7890886889247823
-0.328869530991339
-0.4600180730877479
0.9673059286507295
-0.34505989768393674
0.7459482054320443
-0.6316086819918225
0.7201287878012201
0.8329860211233073
-0.8772150075278844
-0.23894121693937675
-0.5484420599678155
0.7125275157674245
-0.1712846430438093
-0.937901284685122
0.6492019799261295
0.43949680093763455
-0.9260047239720011
-0.589066366966954
-0.3486175383937149
0.7256297722670213
0.5434799930237102
0.8388083345744808
-0.02409851283799802
-0.23846344972922995
-0.3446372413595873
-0.7203300329622881
-0.4775795770328597
0.47892801041935185
0.8908823904153356
0.7106132368387978
-0.5591450645475009
-0.7311884425775683
-0.925762575459887
-0.09454097239087278
-0.7413888885991411
0.9661303999687147
0.5965591129939947
-0.3559108393244126
0.9183187892327136
-0.4374286323026011
0.7422112625138215
-0.010607504110526689
-0.7729916497677383
0.6713133786123497
0.6197500473490258
-0.1232839840790807
0.1874024130134122
0.19706033148512958
0.3756679328587931
-0.2981467246044973
0.41754179161743044
0.6773114332435572
-0.2174960447286014
0.9924869161666849
0.055782308225231336
-0.9259169653153732
0.9726278914310931
-0.9538635823325028
-0.3496165370331452
0.5059167746899746
-0.5676045429829137
-0.7416142913685635
0.08598029541779151
-0.7399368959500818
-0.29186864540522506
-0.4082482932552902
-0.3875773808178362
0.8247417517632498
0.32156464213850766
0.8982813373391978
0.47440574468387764
0.034112503376337644
0.8439209166286956
0.5126988637851317
0.421944425275943
0.4530458095049994
-0.6869054481831731
0.918372928730895
0.6462516474492459
0.48644498507859435
0.8790843782504412
0.7204866404684471
-0.7660026751204636
0.9092112216490107
-0.152906819955279
0.6490489402073778
0.7579781213176946
-0.4094567730709775
-0.7929905921348324
-0.1351835109650752
-0.4402950623068971
-0.6619556632261121
0.11433031581406783
0.19611724000680653
-0.9232064153739667
0.6917403162135878
-0.12422812041500442
-0.168146400685379
-0.12150185685707271
0.9008494472347246
0.03946751177635921
0.24290134676537534
0.04400789709820119
0.662395817570488
0.35181129226180907
0.9089255843273656
0.9671023759463651
-0.47809136780989303
-0.9592304584180726
-0.1366313472049585
-0.973810128871806
0.5228835864245067
-0.8420046082434065
-0.8631573570947355
-0.07870564953103831
0.36009928310260353
-0.7701039590109326
-0.8191732866822066
-0.22214072416374497
0.4627021042485646
0.8502622756083789
0.8568831853371175
0.1654933193734982
0.8501079644732166
-0.7256745668909399
0.9021761278093612
-0.382072387547731
0.7292342777967609
0.04719113528983909
0.7605224452206638
-0.5213550868821006
-0.8123493775288995
-0.023279929403780875
-0.590081272448939
0.7529650714325329
-0.9413004293790683
-0.4515858391836354
-0.6770261716659214
-0.8099699964746341
-0.5259607790721665
-0.9686471252655744
-0.3028015112015796
0.9697211260406968
0.1746835600474359
-0.19544303749854386
0.5682063128598129
0.23296246625456396
0.9907711711450748
-0.15322774250670435
-0.32156483259414936
0.8312976902509808
0.14691686630748535
-0.8991015018733932
0.005992945893703805
-0.6410090261357608
-0.7850521798321979
0.88872634744943
0.5653416849448707
-0.05215649279921286
0.679334459310678
-0.3643047947897411
-0.004416201359531691
-0.19992847546766312
-0.4596100079229457
0.7251697029621018
-0.8184268177452678
0.4267071002936984
-0.5526921559765443
-0.11984685224781022
0.014380984605544267
-0.3587147554726453
0.8203104185082262
0.5032248957044758
-0.18902454541127756
-0.8681133546960687
-0.6984725198775255
0.8240610403771396
0.3907134034320774
-0.8545967901443465
-0.5026442817400933
0.21061441995055197
-0.5930387455164159
0.18427129537438702
-0.4473660206624175
0.5517269918420404
-0.33174797893526176
0.8828833825513838
0.8026609089936447
0.698854842578353
-0.719559054925432
0.7026651265463775
-0.8975341932245968
-0.43577151073038256
-0.6718643130085287
-0.35929443357366675
0.07470316268774546
0.7104756427736394
-0.3149343902955626
0.32115270729098544
0.5555995793743331
0.1005015129208
-0.6444932118335598
-0.11033387650694193
0.24970061764686502
0.6370110162058154
0.7546617310817934
0.6074556457108511
0.23534430979257115
0.7526362154405148
0.7674062024920452
-0.18670970536269738
0.9781838433298515
-0.3853537588962066
0.006525984390978179
0.8837798039705429
-0.3312147102045542
0.6369289616485323
0.19787250474302032
0.9670923905509345
0.442606652456089
0.7960630691799682
-0.54155579380301
0.7453601193675881
-0.8150588543717718
0.4379013427705609
0.012108121967953078
-0.4742680086502786
0.5112686594524827
0.9610172629865106
-0.6103436843119219
0.9063968476381568
0.4189335250011077
-0.46738258002555644
0.2849713170597965
-0.42295927461357485
0.1206138753529078
-0.0635822892690805
0.6794663368112173
-0.46301243431238603
-0.9074447960961414
0.6786461158589283
-0.027901744345916413
-0.548261123075092
-0.7168065273250728
0.07536818415516056
0.944650481465676
-0.9884816046399418
-0.45012546286423105
-0.696239022179018
-0.90197069875247
0.4633872558203753
-0.8194707562558101
0.9006661894847015
0.91070064768437
-0.2861629857797783
0.11888750608260423
0.6707179680428161
0.6049330518146487
0.9945976249809512
0.2573329263314288
0.34240673986261716
-0.9147740763038619
0.23291782763283653
-0.21206839708054126
0.22318263834364815
-0.23817308090568656
0.16113217860689866
-0.3504941347652857
-0.811859114143058
0.7752127060953862
-0.7432180495173111
-0.599358358149628
0.10728220893091289
0.1620073605685557
0.7251100390677963
-0.6761842332895427
0.4824978725994722
0.23533365623736002
-0.9934752278459613
0.603911117458036
-0.08196904177178932
-0.9629875764990337
-0.8894022289837848
0.3234469221135723
0.13736328497554218
-0.47578633841214524
-0.0492937883600888
-0.4762740953319302
0.08527329998484245
0.3333090721607761
-0.5919288532285814
0.9696107505325207
-0.6697177788340003
-0.012430857016577646
-0.15734012611452486
0.8950461491488939
-0.754089205547468
-0.7954972840222976
-0.72217794375866
-0.08311336134437353
-0.11244492025048625
0.47058011945466216
0.1668859572463528
-0.39094835731117716
-0.9438221969343354
0.8416128017288314
0.3557000385353992
0.5355722177012874
0.9152782579689951
0.342100262823565
-0.07384205095997687
-0.8056802757759896
0.19224491232246232
-0.019144083392433897
0.10945628149578801
-0.5082931467927536
-0.1295530143227468
0.23333053433459128
0.11975354351509271
-0.8675105803851535
-0.9478131033229815
-0.4265624582071943
-0.8120736724332962
-0.505130341820988
0.03502768617169183
-0.5168595488083056
0.15922839830173552
0.1789000734011701
-0.7078348930214091
0.40799149069874585
0.4213084444387787
-0.46207137037055657
-0.866478845746171
0.7639517724772629
0.2235700362200712
-0.3867391528299855
-0.5976774127592448
0.6472508324451023
0.9990521112513593
0.047103875910462945
-0.8727414279802759
-0.07436328079554566
0.753722424128773
-0.3818079057613184
-0.6885947197491493
-0.34510324441852047
0.14581661521529465
0.18061755624448583
0.46192891439342376
-0.445198390821971
0.0023200988664113797
0.34391819108887267
-0.12886779938278847
0.8670292489072879
0.7047713772117017
0.5699247995750925
0.9768069269367361
-0.6913810246622243
0.9209888451599626
-0.9388459648691518
-0.14990442091594192
0.3153261464376802
0.9550320902332363
0.5301245681442317
-0.5693959411049763
-0.5886341380265183
-0.12064901181149845
0.8253867421401813
0.5492303271716648
-0.9479357815151535
0.545708818202675
0.9855912890835625
-0.643121881015531
0.9232295899599312
-0.05146234260241789
0.7392190830272309
-0.5182375904964691
-0.004756571596809422
0.694831677646705
-0.7051033721963649
0.7863030246681666
-0.20944426961675755
0.1076950804216743
-0.1200772187674144
0.07250743459022124
0.19583796045206725
0.6397715204066685
-0.6737709788996502
-0.06447385315613308
0.9899952124885545
0.7432942731645655
0.6367843615298476
0.5323188257326816
0.14495787433092788
-0.8169862491079347
0.7129731644984758
-0.41525518593790833
0.7849381985731452
-0.5979554196127399
-0.4768148809173727
-0.2114842610162817
0.78919649328555
-0.3052851204722493
0.31819856293958626
-0.3689813270489346
0.5827379480006136
0.8259317730884932
-0.685133608309829
-0.8567842960770768
-0.206651477665295
-0.8854784596261329
-0.22339102286148682
0.39598452176903787
0.5953565433583443
-0.08167045447388954
0.5336038203259741
0.05283198072930517
0.8229747698705736
-0.2925402776040569
-0.17057297283539752
-0.2762912097052308
0.7721184476001728
-0.8986625444152494
-0.15456986768593817
0.558644697625349
-0.5871259774857636
0.38593491778972555
-0.5384766877930574
0.07520854968509716
-0.1933666498058242
-0.7828014963799621
0.674166802188255
0.6303643838460589
0.30086131973829344
-0.09253981922753574
-0.5891636612210134
0.9309850935549222
0.6810116193449687
0.09655494348152605
0.20447283998777066
-0.22514283742852825
-0.8758607343188949
0.03870857786204418
-0.15251639581399767
0.14499037437798656
-0.9537575852385256
0.8014843902677786
0.1623387451930023
-0.6099763374083818
-0.49363320453501425
-0.81256839031919
-0.11611197019846231
-0.814781994684455
-0.236253784537382
0.1121705933352426
-0.8807156666617697
-0.8792955170014023
0.17678814067963278
-0.3284942600251233
0.3751784452123912
0.4080483456535853
-0.02128689874114653
-0.35812531113052515
-0.29384563452499024
0.43913154855007575
-0.42398399796531994
-0.9224899185583111
0.4127465444972116
0.43879842702800653
-0.2300107733499639
-0.19310363076225356
0.6993935610743023
-0.5122458524547238
-0.21439093381130037
-0.2912584651243839
0.23981007631184803
0.9662331625739973
-0.5271315586686327
-0.9616722790170213
-0.7401888021683389
0.9851845837854396
-0.3597410788268003
-0.7434448805520089
-0.565943184932413
0.6388428026395805
0.4126961813586594
0.17996586577864937
-0.36914465070610114
-0.8474404483439455
0.9239456648094981
-0.3679831558233284
0.70144654778978
0.516714527776929
-0.864654266934245
-0.9115868470829218
0.7514451202036116
0.18493619351222468
-0.49028186183528377
0.10376694961316435
-0.9016040671116672
0.8026491970709182
-0.016499856431487325
0.9583031534722972
0.6734204661905814
0.4203777917620113
-0.5931457760436769
0.7467289596546189
0.8798097122016448
-0.07674099325914052
-0.02650614622873282
0.5291211613153144
-0.09714577013812531
-0.2518804435251163
0.04186468499908047
0.4244701851204984
0.4495642486249336
-0.6088515097302751
-0.8848950514272207
0.7969932712896679
-0.16780747665233142
0.7831765683527312
0.4984956136466885
-0.5027626034038171
0.3669582325923153
0.8783054996921285
-0.39826427479497095
0.7509143640295033
0.6521112197490122
0.012326517980225216
-0.8321215297846967
-0.5329602976608128
-0.6078637861109144
0.7840330283002745
0.9508488371628339
0.7972538361815882
0.2691061605609839
-0.5752092161255131
-0.6022417013511008
-0.5390860012165235
-0.3471744767929039
0.31350212049347825
0.7625276847234164
-0.6254748069729694
0.7682888928459306
0.5900202387223759
-0.004555933623381581
-0.3372047880001974
0.5589499104873823
0.432877104134483
-0.6676235934876269
-0.39332869473685084
0.987311872345966
0.4644653352295671
-0.04319531722962333
-0.14023101093632762
-0.5543338252558816
-0.6432603827905259
-0.9622948800292546
-0.1249383118257108
-0.3394463042172984
-0.135419296807477
-0.8083048496799545
-0.8947304511192762
0.5184507913577001
0.8925464287259639
-0.07483923554386229
0.6939794713678482
-0.3574084666079498
0.06959350438840661
0.4810785318110631
-0.8679748897799193
0.5837649940635081
0.022592770245568605
-0.36287893246694547
-0.433212798824806
-0.008730010037309555
0.24989208662370022
0.46542359773550146
-0.19563026017238738
0.23957794908445362
0.9395895761559534
-0.10279714923721772
-0.9741646839700808
0.16032923112348207
0.9261205485619468
-0.2405393652224339
-0.20845217342225708
0.928402772243065
0.3758529304580662
0.6686146180927404
0.6904175464668114
-0.9924935835151427
0.24050871684503838
0.4667657851763265
0.4604941313845927
-0.058420245178388175
0.1270923049185726
0.6807807517805888
0.522750787823546
-0.39378250222238287
-0.7314005990632788
-0.6371146887064616
0.5271697066551915
-0.08014273585180254
-0.8060446566157395
0.4100381400612183
0.2619713576734344
-0.8290034646707332
0.7981265497559653
-0.5075301287049281
0.8662209126222689
0.4442688425442105
-0.6916763503117256
-0.645334321885684
-0.043697265349199155
-0.06363310833673097
-0.34027995679780343
0.5347475971792084
0.06982423212203526
-0.12205882380597854
0.2645755127985199
0.07797963656080253
-0.5869424972878359
-0.5156706160071276
-0.8419450510339295
0.11088226469023432
0.7799534919220932
0.16046637049384516
-0.42362891364476774
0.7044619411110091
-0.053664159555829594
-0.15443533268170162
0.698392198469787
0.7278836075468311
-0.1694788582350104
0.2764772941762985
-0.13317822983564054
-0.3054610331839822
-0.008416470609559523
0.2049989429189243
-0.09886745271309261
0.3328503572948571
-0.7990402300115345
0.8928838915161321
-0.36338038590120236
0.20115382648741686
-0.9998942047529291
0.6924709131463314
0.4430638061798593
0.7578394465006926
-0.743632971152731
-0.48285331475157744
0.10361119468476154
-0.8487747185357346
0.29368894570822035
0.9707873612394287
0.26569971140942417
-0.48823755737131336
-0.9895961193466327
0.5848265575979492
-0.6585970416451004
-0.642131624724571
-0.6325955270670289
-0.9530093896377567
0.2701710720155084
0.6108968138930138
0.45611787789479563
-0.6495542228173139
-0.730109348113221
-0.44242311730897343
0.15835294019701407
-0.6898314543139736
0.8937118803218647
0.41835172003830245
-0.13715681963175985
-0.8826893162217753
-0.8717385556029082
0.27412638629181596
0.6650606308446634
-0.1788745723932046
-0.9450135255799827
-0.03033977946588906
0.8902333980646624
0.5162025572411664
0.39225985038701516
-0.40196533479060936
-0.8333170068872937
0.283866217261848
0.8605030853992606
0.41826550202277835
-0.5508321480142515
0.9079049046814218
0.3461299934282722
0.025670378215231437
-0.4913421227762407
-0.9646497851730871
0.9918351756863193
0.39313009375404473
-0.9181504834706207
-0.05398651126997822
-0.19339715288924908
-0.6515477528469675
0.11767382181000152
0.47748192282943136
0.6569822740760132
0.7469617605831849
0.4058409954305404
-0.29389140970090466
-0.009284179295870665
0.8229494654289173
0.6526081689191625
-0.5561319827044653
0.9056685456939282
-0.7389836443825581
0.8896829837938425
0.4790624567285868
0.9686010479798852
-0.23393310375398246
0.3646143435062157
0.08985556664557093
-0.6584142026984112
-0.5104003276662747
-0.41193649661993414
0.4337289525192942
-0.9448091473577742
0.49818191604314443
0.7678027364786346
-0.31831088994727397
0.16625284690295405
0.27346447996439327
0.3786798929756685
0.4083184926519463
-0.780442058720817
0.1329439899051228
-0.36058591522799044
-0.09273342441655541
-0.7658859253553303
-0.9327657611027154
-0.8808742757530796
-0.8085204750811854
-0.7789495613133741
0.5698520446041451
0.003055699542471313
0.906358551256957
0.24618278360004298
0.6693048778779132
0.5434165013784837
-0.6177714431826073
-0.5777140942716643
-0.2819082139467253
-0.14589137085393888
-0.9181318387562964
-0.972587275190899
-0.2853217094581595
0.30449782773775325
0.10210162226686226
0.04238014611261187
-0.7020734982290686
-0.2978182110016463
-0.75841385640865
0.9216155403743405
0.8642362950209292
0.690071223455244
0.13357176605225485
-0.5072468855670798
0.7289033907957139
-0.5510253123036055
0.8336397979658863
-0.8340284471003199
-0.7883573415265672
-0.5500379332187566
0.9990110227703874
0.41492159675406315
-0.9686866390289102
0.608296350830456
0.5374934885830072
-0.8961457944293532
-0.7923738712450514
-0.1285527299325533
0.2334890896879842
0.4892331743352021
0.5751326130177614
0.5903318698945705
-0.8732379327309387
0.627096583534781
-0.176645779231696
0.8160841004291988
0.0627509891318716
-0.5755828385134927
-0.31015016553868047
-0.7107656709729884
0.10045873770676716
0.6769505218512921
-0.962744752381121
0.17172172439931455
0.7122285135627784
0.13465007584796762
-0.6759628030251605
-0.15695311190449135
0.6421555049013727
0.8022964127516004
0.8350514922966641
0.47820510290325546
0.07301961294643822
-0.25847958882178657
-0.1267846855036654
0.594154611428237
0.4465654639524721
-0.19471719105034224
-0.8584728656821938
-0.41866530491470133
-0.9851383253343811
0.8209457279869341
0.47275290087766386
-0.5497694272458176
0.5959272855106879
0.3751807062090835
0.10518284451566418
-0.5037294780150445
0.06273155905064853
-0.9006237921910387
-0.27788097806316947
-0.43419627862275134
0.23888748182304664
0.6561977442685951
-0.1509710028565927
0.9685113487738564
-0.4076986737152266
-0.9897335963854283
0.0704135011026934
0.5685183176900062
0.6233413273826496
-0.7521732603241902
-0.8065923769635237
0.9185584630505765
-0.9222465429774005
-0.17631043990162087
-0.20771692135910236
-0.18819237704976666
-0.2308730229166207
-0.21995252298832324
-0.39263021939516496
-0.08671534364522282
0.13685733052011018
0.7646805655407043
0.7223255775189639
0.36910367831917923
0.43837243326713726
0.931802620212322
-0.804310818211422
0.7716723379745427
-0.30488355031211145
-0.7577869790767273
0.940343281126006
0.2917132724953029
-0.6256638480331533
0.6261818158071315
0.5821200986240866
0.12469036511055664
-0.47042322233080824
0.10493331461134536
0.8023277802205981
-0.6052681436763399
0.6072007898813305
-0.01024253446615253
-0.48725661282578403
0.7887434052935629
-0.40870104427775655
-0.5349082038861757
0.2776680166973877
0.6361339936933275
0.8630390644979886
0.4103385378086062
0.8471392051277267
-0.8026081056027445
0.27624024988081564
0.19466636545956706
-0.8013482364999915
-0.19091299760876312
-0.569670931484956
0.442600498881204
0.7705423630237611
-0.7881430161423502
0.4009733519719427
0.3749312230895585
-0.6795430291268199
-0.7987499658802681
0.15087572273573957
0.03646625114034063
-0.41164428617260596
-0.25431525364944885
0.8121688249690302
-0.9965607672726298
-0.19792979558961266
-0.5564888752041679
0.5502833417223962
-0.08907276557282517
0.08476133961665089
0.8861182960959044
0.6853857037464499
-0.6300442077950874
0.44515170122515846
-0.9362219701427028
-0.13367333579293583
0.7759972029805413
0.5023109611420795
0.6647002789921792
-0.19919462430124857
0.11580391523902778
-0.17117552032870043
0.8766999465251968
-0.7928338197584528
-0.7390110485686885
0.42509544016199685
-0.10422200487860578
-0.09035515132321237
-0.8301263486833566
-0.7918514127283147
-0.8995913035741396
-0.31871614414461535
0.27181963454614055
0.7874968031213951
-0.7534291765266863
-0.18515608101805503
-0.24286344215826916
0.5982686726275168
-0.8850417119651919
0.36083425510166833
0.9553182210938682
-0.8426086059112519
-0.6723333155319859
-0.00823593082332863
-0.5357157255885203
-0.2940385607291238
-0.2534453656412954
0.4534750254219837
0.23963457374049857
-0.5069153474117856
0.12415603439053569
0.2870419156932076
0.797161818207097
0.5295160411570989
-0.21366676045105693
-0.5605658725363376
0.6292965989624721
-0.9398435673885293
-0.03442395104231166
0.7656794092792536
-0.07606954663172827
0.1629991262801287
0.7350294166773483
-0.6389840699700366
0.8495996762041504
-0.34910192661008255
0.9501052327028956
-0.03341860469772495
0.7915795642020709
0.37558692565519536
-0.04733317745108967
0.6863174547197204
0.3748105665854251
0.325761954017026
-0.619649534739509
0.13870337882682016
0.7363539115350863
0.8876519276911734
-0.8548401446373461
-0.01009651817344337
-0.04516854444190632
-0.5508314172766433
0.1416734449469943
-0.08285937742290961
-0.6968065548483817
0.1721847151804079
0.9353721405849469
-0.6006034235607085
-0.827101808227962
-0.3977184730082022
0.539355777818536
-0.4256662440976997
-0.847887706670033
0.18924364480995304
-0.3620018996812586
-0.9118143801698231
-0.97488280762949
-0.9189827846143814
0.8236587644391631
-0.3299863939515455
0.2958221139646111
-0.9313030612259219
-0.8118654745996374
0.5209027311630434
0.33112041924099667
0.05108755850348179
0.9205955473463865
-0.650669550431074
-0.15999378822642374
-0.3470244367271844
0.4794745185249849
-0.04305001243094386
-0.558277555384409
0.9017485684037814
-0.8774512127229883
0.3047197231273999
-0.9876216652731398
-0.31294322521809437
0.7498914829716252
0.4996820535017663
0.3809711981406547
0.7227091680638429
-0.9490341533578848
-0.9424651257877024
0.5413444460222137
0.6882312438827607
0.35770968558818317
-0.9067899799028216
0.44732513651815187
0.09744130590090871
-0.38123710124744403
0.10598641913714446
0.9865068481988402
0.5128543342885301
0.7606107117536252
0.09068730679248094
0.5107081428256199
-0.3940997942572646
0.8801154400088291
0.6610541347712227
-0.7752990708695402
-0.4313980949655605
0.6541752114333201
0.9360572048594757
-0.6576209029301614
-0.10488815646798266
0.6150629285657685
-0.8736727194829936
0.08312407772915886
-0.41529512323101025
-0.5549336135578107
-0.28332496639262916
0.037116605491449794
0.8508943484259743
-0.16512706697551494
0.18280704817722393
-0.21614991086369617
0.3082312138734806
0.3070246852583989
0.33295031024056465
0.781566355589024
-0.7439693882644081
-0.2605243513443285
-0.3627582078902907
-0.9005276139657548
0.23197609280174292
0.7096843868517939
-0.175519118288193
-0.2617718790117667
0.07500677040438952
-0.9027825022342406
0.0006042856889316717
0.39336061939769884
0.5356585806542475
0.13027589618927982
-0.03338252755848248
0.12470275239701012
0.6999802381411
0.9569615952309063
0.13824400016850524
0.6132716657838386
-0.2732601030369137
0.4327007512824561
-0.9324221392006322
-0.8840270586867451
0.03074637905018829
-0.7473562042113204
0.39876646874759136
0.24187914508952724
-0.42412649045150785
0.01662568767310746
-0.43890983202539346
0.45955219079205833
-0.3363178250347847
-0.45995854004644343
0.6985740445281436
-0.28527813570489613
-0.429806228192225
-0.115792759367912
-0.7479234814617037
-0.17665889066138774
-0.2589890299069826
-0.8275876023624895
0.526277311377555
-0.943816057537564
-0.45017482454624935
0.7004137738330238
-0.8335001693084985
0.1600287804400955
-0.5925767382595952
-0.08371855491405777
0.35742563206738764
-0.9193332114968842
-0.23870797078818806
-0.22651251810599837
-0.3117344261364672
-0.7691684839774755
0.49598645478024106
0.8198526179688208
0.5610810348086881
0.7567642513934862
0.4056710853497756
0.9844188570445327
-0.679127845877894
0.6728945174659773
0.23053850888380856
-0.021925609028867754
-0.8610474658833001
-0.006663618214445943
-0.34252789095365244
-0.6859435903311057
-0.8275128206852247
-0.8591179038458019
-0.7259253189870631
0.3406795788107173
0.9307700990909322
-0.6511739030696861
0.34791457444561824
-0.8438210283697509
0.8518113591317535
0.48662759403219025
-0.8194024027326718
0.5206561206648843
-0.4588901552256268
-0.2812464221112465
0.006637488873886044
-0.341279208169045
-0.7529567753383815
-0.2078612620100242
-0.8229180121506794
0.7078037918892941
-0.3999776790173084
-0.12728584439438406
0.6954130383076043
0.035777475682274185
0.6702970323189144
-0.4558280747368695
-0.6056603450283262
0.9005633679059275
-0.04684252960854329
-0.1892653313882593
-0.6150511353124346
-0.6384484766244665
-0.48304332909598524
-0.4596104078852521
0.10851017149708952
-0.4064705530564856
-0.2863624316170921
-0.2782552619691514
0.6679022845990359
-0.3303557246302684
0.03744179826156735
-0.8539935913323369
-0.5826949891491688
0.6805666528819307
0.4996788090488793
0.9467358499041947
0.9046281347974647
0.008852043128466214
0.19999757871093715
0.5161983764416374
-0.36796465513248156
-0.9055917551470061
-0.978675371702356
-0.45492692089131426
-0.07871297549585954
0.8146382420372922
-0.14344037514500263
-0.06440128762559771
0.2802131304766491
-0.9515794819393164
-0.24236561475037277
-0.4776820147279872
0.4130481137412947
-0.8417670646386666
0.9170784691565605
-0.9244806679706268
-0.8550580635532139
0.08991721815667053
-0.32170766032384623
0.437885415015252
-0.7618076849937798
0.2185248630366048
0.35285403801563
0.7699796616408929
0.9768717024405797
-0.20776277418693856
-0.17295100718635648
0.580632065388073
0.5963381270741832
-0.12305580889560752
0.12624319484870905
-0.2975518864518827
-0.047927207424362184
0.0028629230005727813
-0.35667299471495806
0.20241680211887214
0.3781737093873403
-0.5752280190730392
-0.7676259730549813
-0.963255041021726
0.8207951815778478
0.8495909737746896
-0.0800283700852078
-0.4547938745354714
-0.28591387270294244
-0.03908735843281219
0.9376320428993206
0.7746219058457104
0.6424371482414988
-0.32541883190340637
-0.6393140069566345
-0.6858496212854543
0.4892584624142988
0.7651226008250223
0.3906394719959423
-0.8011500309852722
-0.1227091790560253
0.6668551467668182
-0.005702557805475017
-0.4167700495803166
-0.7754243893388184
-0.26799257791597797
-0.6722713990544282
0.4220847959641856
-0.2315806734034751
0.3804588849349242
-0.6697075979518763
-0.08447481223712172
-0.1233206468808683
-0.013826412027685642
-0.3590607675392343
-0.009775164628349264
-0.13367456543395462
-0.7560857045583405
0.7456701208677188
0.3010317488539984
-0.2789605402974822
-0.6482114844449991
0.9385090672172594
-0.04627617295144382
0.00030720396299588337
0.7419493381048996
-0.6223243428569853
-0.09863822652454401
0.9907142434721137
0.36495667030948287
0.5990465360928048
-0.3796553355876746
-0.7244161053471323
0.6496740576630156
-0.8970005580759755
0.7672045943219132
0.1833630374354489
-0.9860017432037638
-0.8179499382906463
0.20946770824843042
0.9579564117826025
0.3594104426854374
-0.8404425117947201
0.3605210063728277
0.7047411098211831
0.12720011839492096
0.8299287903749961
-0.6140945297300113
0.8506144100695074
0.09764566074664116
-0.22161894008331684
0.788451045289535
-0.36519379887801473
-0.3828550465289262
-0.03776933721361719
-0.5846690992078063
-0.9628146678289591
-0.3685244157699803
-0.8990139869761811
0.4418860930078752
-0.29559944028921303
0.36919313300095147
-0.7568683766985298
-0.20341024793782259
-0.26526592970236407
-0.49618464635231185
-0.9418617424529565
-0.8494667419848596
-0.7648468166442282
-0.6941175439214591
0.7357852274663936
0.10715754953958889
-0.7060659421635094
-0.029092286905789022
-0.7176433607062671
-0.6985790573181911
0.9502476375802791
-0.6335280448789218
0.8799213039258269
-0.7035891060243926
-0.8360000914609231
0.04446627056494701
0.8128731141727088
0.7277111884070719
0.8690426647700806
-0.28134624762936933
0.9691624298372332
-0.7376028876642191
0.9541559721549671
-0.8411397537578087
-0.8107909871589964
0.3511764774280417
0.18126237397269973
-0.6757683110801427
-0.20564016707017063
-0.39924145585120585
0.0068282503422261165
0.6964891608487838
-0.9043553634722943
-0.39631129746081295
-0.5276639468407442
0.31067865041746034
0.3870495588440688
-0.8176156095450029
0.01626220101847542
0.20495833853090661
-0.21059358772033776
-0.6222835775507065
-0.09253031192981531
0.9085134985603247
-0.30583526177157694
-0.48663970597823747
-0.7745479862923541
-0.23185052076520063
-0.9553448160353473
-0.04408287802538724
-0.5290929169941818
-0.7075382832445276
0.9575272869692526
-0.13946420635202195
-0.33464815773122325
-0.3987495034664743
-0.4272311578303458
-0.2637669882452027
0.4314114331190355
-0.09269952425407801
-0.5292231494835504
-0.6971755516325921
-0.1710344188301538
0.38001388124365443
0.06767424281039514
-0.4692195980399978
0.6858023091946024
0.8596617635806327
-0.2849092948905474
-0.5958541514273579
0.10098680459006126
0.5345670151243576
0.36774879466391974
-0.296123233903552
-0.016099999661123077
-0.2299812898358693
-0.3090087919910265
0.9475755403018984
0.4876628392808675
-0.40500596004726486
0.9766549945644636
0.8091437727767217
0.15426522752914007
0.18354812766576756
-0.07411464474037133
0.13881798627433972
-0.9478390204677705
0.019879609609745774
0.1022617314645422
0.6293678734709465
0.2697269539893141
0.3270279988328464
-0.24975757963303646
-0.41920791425428594
-0.496200974692953
-0.9840187242646712
0.5442216455448268
-0.44023433492640796
-0.7589497361651878
0.7857744823842092
0.9582854733901933
0.9152318970923943
-0.4303831528261255
0.5967373749964195
-0.6108418632664574
-0.7736018485693845
-0.2719611341592201
-0.4217869154041698
-0.25336573336847534
0.6044867546126791
0.8133130242021982
0.3925018084426617
0.4786092769557919
-0.09375431090951425
-0.6193740198275255
-0.2269507389468597
0.234668588983451
0.8315851353803738
-0.6965578643796946
-0.06196211199665291
-0.5306903059351806
0.9645503092948295
0.8445843582022758
0.8105117356120044
0.42452770531681416
-0.21086325605065226
-0.7816888193689009
-0.8665630100791859
0.6011246785690498
0.5750033557971526
0.5583674756453818
0.9538688242944173
0.8931428953533378
0.8399494157932363
0.14498589760082603
0.7873417001882648
-0.12227310341009545
-0.46103755877284236
-0.7714728417781942
0.916273121026189
-0.09545654023496475
-0.4311086694426014
0.5704430523652437
-0.05408362651523535
-0.579056526302631
-0.15764115677308332
0.33921491700758355
0.2542069639611282
0.5368302053077991
-0.11939005701547489
0.2506840895512379
0.5930997457414484
-0.9482231130734069
0.6783812576608257
0.15677849389494014
0.5250455833124401
0.653708431585676
-0.533521454178048
0.0754641807801566
-0.45389002871112094
0.9986363730865147
0.4761185673674877
-0.4091371022757937
0.9475399653575427
-0.4710790787306127
0.7398968865223343
-0.11940116428934888
0.3621215851800559
0.48145812288405887
-0.6768814934484777
-0.4135581667257855
-0.10448732360908619
0.5506815751697522
0.32829112663318627
-0.3538894333116891
-0.3152501370100276
0.948678719397019
-0.4737295390682388
-0.2632145427432848
0.3892106245001854
-0.7993685127427248
0.8071484815987633
0.8134546636333693
0.6609644797637091
0.11109940052336231
0.7928417906434471
0.5497548830179464
0.12304113273403194
0.3863932125930769
-0.8684171396712914
0.4307259976789872
0.580271437985096
-0.6666273814543966
0.4156445115301195
-0.7928901624043272
0.4395528083772682
0.5559848684058448
0.599954815786861
-0.17675663136763564
0.019834400295926313
0.20459862659749906
0.45729759068609366
-0.3643578992860508
-0.2711114135663113
0.44999516231254444
0.09119327396822796
0.0878022155229059
0.2820415301834649
0.9382125212856793
-0.9572877113674989
0.22490612994086545
0.9028488395710534
-0.5388688154549901
0.3129795256731731
-0.4220316902238477
-0.879035541288212
-0.060188452866429154
0.7798446955541984
-0.2681312902818793
0.9059759342024221
-0.5241650219563077
0.23179484047335852
-0.8370779453758261
-0.20117257504948216
-0.9944223665387026
0.060055136570434264
0.9105606470515595
0.7026306032660663
-0.19053057349916624
-0.35444722515781346
0.06237830799619193
-0.8506103455809049
0.48930283990837675
-0.12187823627577599
0.5601007141925982
0.060303502176085155
-0.394035311468079
-0.648011050466063
-0.7249614332961993
-0.6657011352136015
0.6518967629162304
0.3926529066872184
0.9106438368018619
-0.3703964955482353
-0.26581510179255385
0.1541028247204499
-0.8786777144368334
0.521601164453505
0.9362277375852031
-0.7701399531455801
-0.6736808576009687
-0.524633392162531
0.9679174085583804
0.11391430591449758
0.13561981633554532
0.8065034928617147
-0.7439636446736275
-0.9944432878736102
0.7384413676043264
-0.20640113179074704
0.02181958945448903
-0.039081588993302274
0.1453364318980015
-0.9295057113019438
0.281379703335755
0.514641719948508
-0.040191870925038176
-0.7024427199082255
0.6794813353911173
-0.19255873549646263
0.32691841110999054
0.7297571907369413
-0.9852582582839542
0.802824114240261
-0.7590447624014938
-0.5363765334390731
0.8599774177184516
-0.9946142643357212
-0.27899573740378325
-0.7453757393664511
-0.5188367476428337
-0.5521416761700937
0.6909382121745904
0.9476080144037415
0.7470931844588364
-0.7997212437189167
0.22267942688885367
0.10630492997206709
-0.06253392878188135
-0.12246608315033214
-0.3993428844247444
0.5016952138505271
0.9054358127346913
-0.4140521981991494
-0.2495186411209871
0.45035285781885914
0.7827790852729948
0.3530519583934906
-0.7911260198146672
-0.7181158208190859
0.5638559606351039
-0.06368483950506598
0.022560883524610276
-0.01916409321346979
-0.055751976459555985
0.19352379445541135
-0.04510263015969884
-0.918971837199019
0.49238306431360246
0.7152101553351966
0.5514724881685329
-0.6848132031790164
0.6808426786233894
-0.6168616153181874
-0.1624244691227581
-0.6798862584254417
-0.035483095522972574
0.5924330798901645
0.2673162551745867
0.9281013318350728
-0.1597998572194974
-0.27611679315410576
0.9614758301004627
-0.6702715811277864
-0.29782930139243713
-0.907389212691208
-0.7793768763593503
-0.44688127173283143
0.7083370991838263
0.858870943893292
-0.04595839257891465
0.0755713020762887
0.9454240695556226
0.8787920249401768
0.06856488915946168
-0.12761960400900563
-0.5239019780611911
0.2212588139345737
0.5409392391499892
0.6536849430800149
-0.15281929405800132
-0.6609803515021282
0.47075610514301003
-0.08894578433663969
0.1856844574933978
-0.7308653568712702
0.03470135084248227
-0.11377715455493864
-0.47783019145258887
0.3996545573058041
0.3776621505786366
0.8412960089835095
0.36540946726096823
-0.7696663699429616
0.29717196059156237
-0.7379561302915196
0.027781003732768594
-0.5437723281309941
0.32752094864148473
0.036713770394621426
-0.23843881692739521
-0.5731971966376253
-0.26383515456632844
-0.1768063642130886
0.8086044056353319
0.25222373467197157
0.6632820310122058
0.672331998497258
-0.5650165103299325
0.7704763558226357
-0.8156310428052
0.20473500131257527
0.8783806634055151
0.07116392548885986
-0.8731394681256359
-0.1983753770570016
0.7805600270281814
0.1818984049152521
0.9901602401872129
0.07914911915478062
0.06186377648071595
-0.07893099564688844
0.14709155876122448
-0.1769535933419768
0.974458424500183
0.29652588510860833
0.16637945158101752
-0.5635359650522576
-0.51801754389619
-0.8778752996884138
0.2543970259712516
0.042584128892639406
0.708377769278592
-0.5409021512906997
0.7380815182807763
0.8549879924121386
0.9987957363041122
-0.5303730496336039
-0.189474490483037
-0.43737910572742655
-0.44469581789824075
-0.5026551994722595
-0.18060242046893538
0.8742076208097327
-0.48648663057398034
-0.24259372856438577
0.04229992211762146
0.1351721488769837
0.6904325274612655
0.3011556082531204
-0.6549865396696846
-0.03038596590144249
-0.2222948386538517
0.12405106780464692
-0.11799658921286804
-0.7256455495996901
0.04749593252671214
0.044121288284192595
-0.5149455951905524
0.7942515113242343
0.2068356238506892
-0.2771199538137832
0.07526823877104549
0.11991260384576186
-0.5622976688313173
-0.4610772073130698
-0.6827008458022803
0.6186813305416852
-0.9495956372072045
-0.31616489075664345
0.8896679057311361
-0.5505042387700452
0.11156961505300922
0.9719928055292106
0.9092881630573229
0.684960085744339
-0.9698416247531192
-0.9433404465527346
0.2688425439926896
0.1637610400781495
0.3959597822868062
0.09814132215311444
0.8876164904481469
-0.5229193121855946
-0.9081538841246746
-0.8633621064981096
0.016799552323640166
-0.2492852983255498
0.6546108969412345
0.574312418521526
0.38694312727232494
-0.8817589563928676
0.26759080894894693
-0.42755570609689353
-0.5597490405947325
0.152375161578731
0.0978196984991202
0.7426849531280282
0.6202052682153314
0.8240178092847101
-0.4641964261540239
-0.8961107744317951
-0.0035702766881207104
0.4606534845841108
0.4101191973296081
-0.6757084385554046
0.4805463354003576
0.5949887994064522
-0.15484637866552897
0.8115783969975652
0.879513785803834
-0.4287431352874389
0.9093685783659928
0.9237998225623989
-0.16742222280693375
0.7899659700905246
0.9554518725334491
-0.7941006041181076
0.2416020949195523
-0.31795365522689534
0.4697469617146768
0.28258340976048113
-0.3051309527342756
-0.4901156858944071
-0.7547344265069866
-0.11560266354850768
-0.9314641466725155
0.3337606354277003
-0.6535609879445463
-0.1796068773779964
-0.9974890163109087
-0.9104510289752152
-0.1490956272738142
0.1382222042717205
0.86856109158825
0.2020707652288014
-0.1293242702108226
0.8056280559620475
-0.552543181998695
-0.5787445631344972
-0.5914950590800876
-0.11710578782608994
-0.29925049506495394
0.5548191851876041
-0.6501746892388769
-0.04028502666120781
-0.9595324460699819
0.043900632687576824
-0.979652007724708
0.7190997626380182
0.7153246457651639
-0.7137203873771416
-0.6862046863380622
-0.9772865875230323
-0.28815811189141805
-0.013950872343006848
-0.34584369347934474
-0.03890764920690004
-0.711359680124952
0.9023833090900439
-0.24679597090581562
-0.6865375531703692
0.3236088727383064
0.2501606764691595
-0.7422393042484718
-0.5676610771548001
0.2747779135315409
-0.9683325699821725
-0.16684097581843504
-0.17224711693222194
0.299850667105674
0.9655168206649083
0.5058461328116739
0.21399961757814023
-0.42998280741336803
0.3110691825792804
0.2594829318086418
-0.23313479956335503
-0.45410949750667995
-0.7059121295497148
-0.19793760847622832
-0.8892868575525221
-0.1499212068056721
-0.9148568661257637
0.14753328498006368
-0.7732304248855302
0.8804358097011507
-0.31408831347738997
-0.035169621762899395
-0.666166607317817
-0.612183209243869
-0.9104743387797329
0.3103674642144303
0.6708388851738085
0.916712543523214
-0.081813389331161
-0.6600754942753082
-0.05535507517011751
-0.1085326951158978
0.2330167724525083
-0.5912875149504875
-0.16404169641789923
0.3815180690637634
-0.4905746197417322
0.012567345967990473
-0.5490437006337328
0.9726725000605225
-0.900996520652583
-0.15636348655389765
0.8248587445248738
0.9521163671897306
-0.8493674747911075
-0.760227177274764
-0.33480571547166615
-0.06612649961241623
-0.5477232808174277
-0.7782133730170797
0.6284696173303681
0.6748674666741146
-0.7744519428821788
-0.6433259335473807
-0.3453883006384091
0.5904936739674318
-0.03207301729405887
0.9722425700199913
0.1533385404646097
0.37798179819139355
0.36047593145331547
-0.3298529926435665
-0.2995377227010749
-0.5690956512595151
-0.8522350858744225
0.12025933047845339
0.6197737975359134
0.023689597761610504
0.11993120323081086
0.5125980296317787
0.2813070028828166
0.18858664069123976
0.016962646136685855
-0.2915960364755803
0.41567010749139865
-0.348079665873372
0.982693591291818
-0.11428704367321996
0.12044314748530782
0.9225677095997789
0.13765137381200887
0.26945071610349336
-0.3705129298635239
0.1889661435322354
0.10756193699437211
0.18301247351934657
-0.182706436049495
0.31658566192717874
-0.10043820164525141
-0.39009346979340687
-0.6687086903099422
0.08101968631945478
-0.8769215515513353
0.18479626199930554
0.2842442802937297
-0.083745719343437
0.266610915296438
0.06418272052136476
-0.22403505311543825
0.7304539637530101
-0.8892618086822104
-0.324382615440012
0.8609940434290695
0.7667060061682438
-0.4024240255027012
-0.4240779096971379
-0.40225843322295884
-0.6443687401008185
-0.8116567434995821
0.23359342552465745
0.2394768215061196
0.9929473221991847
0.5387111539006677
-0.7074524587744195
0.046688681528102904
-0.9915394300946909
-0.9968008412253768
-0.8934737264893733
0.5165344786692694
-0.34152088696363325
0.5325876097983393
-0.4997542132959758
0.43126207361074664
0.06237854162743672
-0.5020886550018464
0.9265964482147002
-0.704607825451316
-0.742991695453113
-0.3024833615810081
-0.16513008285276842
0.6039291495011783
-0.2523799601165384
0.6004584775572641
-0.9896726895627534
-0.7562525684974051
0.1208275630035831
0.2990348062721122
-0.16666306057168057
-0.1230641548645246
-0.3472777780735272
0.028705157878377463
-0.5415220300096006
-0.49732295785422864
-0.24228548269440342
0.26357714531009147
-0.10046129640345014
-0.5755252936343562
0.7332191347687282
-0.5584039285371702
0.987025359481938
0.09828565919391608
0.13567369411573216
-0.6572712600774535
-0.36444909898490163
0.703584092010572
0.21610583925054905
0.965798197784077
-0.008496045996698065
0.4677279494390343
0.9961999124544347
0.6629693307787341
0.3943770152924515
-0.19933996514605212
-0.4658933218096257
-0.5200199581592582
-0.16056989125029708
0.2896807252264011
